Time,Device name,Chip Time(),Acceleration X(g),Acceleration Y(g),Acceleration Z(g),Angular velocity X(°/s),Angular velocity Y(°/s),Angular velocity Z(°/s),Angle X(°),Angle Y(°),Angle Z(°),Magnetic field X(ʯt),Magnetic field Y(ʯt),Magnetic field Z(ʯt),Temperature(℃),Quaternions 0(),Quaternions 1(),Quaternions 2(),Quaternions 3()
 15:45:42.210,ed:40:fe:65:30:6c, 2015-01-01 03:57:02.065, 0.556, 0.01, 0.837, 0.122, -0.244, 0.061, 0.879, -33.365, -121.091, -18.213, -6.787, -7.313, 28.4, 0.4729, -0.24643, -0.14725, -0.83298,
 15:45:42.211,ed:40:fe:65:30:6c, 2015-01-01 03:57:02.065, 0.555, 0.01, 0.837, 0.122, -0.183, 0.061, 0.879, -33.365, -121.086, -18.213, -6.787, -7.313, 28.4, 0.4729, -0.24643, -0.14725, -0.83298,
 15:45:42.212,f6:90:cc:01:6d:25, 2015-01-01 03:56:56.915, 0.914, 0.235, 0.293, -0.183, 0, 0.122, 38.403, -67.319, 149.37, -26.627, -15.520, -8.307, 32.31, 0.03165, 0.57709, 0.12589, 0.80624,
 15:45:42.212,f6:90:cc:01:6d:25, 2015-01-01 03:56:56.915, 0.913, 0.234, 0.294, -0.122, 0.183, 0.061, 38.392, -67.319, 149.37, -26.627, -15.520, -8.307, 32.31, 0.03165, 0.57709, 0.12589, 0.80624,
 15:45:42.233,e3:ca:2d:fd:e0:8c, 2015-01-01 03:56:56.785, 0.959, 0.087, 0.334, 0, -0.061, 0, 14.843, -70.104, 146.113, -25.793, -13.133, -12.767, 29.51, 0.16544, 0.57516, -0.06458, 0.79846,
 15:45:42.233,e3:ca:2d:fd:e0:8c, 2015-01-01 03:56:56.785, 0.958, 0.087, 0.334, 0, 0, 0, 14.843, -70.109, 146.113, -25.793, -13.133, -12.767, 29.51, 0.16544, 0.57516, -0.06458, 0.79846,
 15:45:42.236,ed:35:33:d3:6c:f8, 2015-01-01 03:56:56.885, 0.38, -0.072, 0.916, -0.244, -0.244, 0.183, -4.576, -22.165, 159.703, -10.500, -5.540, -35.173, 30.67, -0.18021, -0.1821, 0.07233, -0.96387,
 15:45:42.236,ed:35:33:d3:6c:f8, 2015-01-01 03:56:56.885, 0.379, -0.072, 0.915, -0.122, -0.183, 0.244, -4.581, -22.17, 159.697, -10.500, -5.540, -35.173, 30.67, -0.18021, -0.1821, 0.07233, -0.96387,
 15:45:42.254,ed:40:fe:65:30:6c, 2015-01-01 03:57:02.065, 0.554, 0.009, 0.836, 0.122, -0.122, 0.122, 0.879, -33.371, -121.08, -18.213, -6.787, -7.313, 28.4, 0.4729, -0.24643, -0.14725, -0.83298,
 15:45:42.254,ed:40:fe:65:30:6c, 2015-01-01 03:57:02.065, 0.552, 0.009, 0.837, 0.061, 0, 0.183, 0.879, -33.376, -121.064, -18.213, -6.787, -7.313, 28.4, 0.4729, -0.24643, -0.14725, -0.83298,
 15:45:42.256,f6:90:cc:01:6d:25, 2015-01-01 03:56:56.915, 0.912, 0.233, 0.294, -0.061, 0.244, 0.061, 38.386, -67.319, 149.381, -26.627, -15.520, -8.307, 32.31, 0.03165, 0.57709, 0.12589, 0.80624,
 15:45:42.256,f6:90:cc:01:6d:25, 2015-01-01 03:56:56.915, 0.912, 0.233, 0.295, 0, 0.122, 0.061, 38.381, -67.319, 149.381, -26.627, -15.520, -8.307, 32.31, 0.03165, 0.57709, 0.12589, 0.80624,
 15:45:42.278,e3:ca:2d:fd:e0:8c, 2015-01-01 03:56:56.785, 0.958, 0.087, 0.336, 0, 0, 0, 14.843, -70.109, 146.113, -25.793, -13.133, -12.767, 29.51, 0.16544, 0.57516, -0.06458, 0.79846,
 15:45:42.278,e3:ca:2d:fd:e0:8c, 2015-01-01 03:56:56.785, 0.958, 0.087, 0.336, 0, 0, 0, 14.837, -70.109, 146.113, -25.793, -13.133, -12.767, 29.51, 0.16544, 0.57516, -0.06458, 0.79846,
 15:45:42.282,ed:35:33:d3:6c:f8, 2015-01-01 03:56:57.200, 0.378, -0.074, 0.916, -0.122, -0.122, 0.366, -4.581, -22.176, 159.697, -10.500, -5.540, -35.173, 30.67, -0.18021, -0.1821, 0.07233, -0.96387,
 15:45:42.282,ed:35:33:d3:6c:f8, 2015-01-01 03:56:57.200, 0.378, -0.073, 0.917, -0.305, -0.061, 0.305, -4.592, -22.181, 159.708, -10.500, -5.540, -35.173, 30.67, -0.18021, -0.1821, 0.07233, -0.96387,
 15:45:42.299,ed:40:fe:65:30:6c, 2015-01-01 03:57:02.065, 0.552, 0.011, 0.838, 0.122, 0, 0.183, 0.879, -33.376, -121.047, -18.213, -6.787, -7.313, 28.4, 0.4729, -0.24643, -0.14725, -0.83298,
 15:45:42.299,ed:40:fe:65:30:6c, 2015-01-01 03:57:02.065, 0.551, 0.011, 0.839, 0.122, 0, 0.122, 0.873, -33.376, -121.042, -18.213, -6.787, -7.313, 28.4, 0.4729, -0.24643, -0.14725, -0.83298,
 15:45:42.301,e3:ca:2d:fd:e0:8c, 2015-01-01 03:56:56.785, 0.958, 0.087, 0.337, 0, 0.122, 0, 14.837, -70.109, 146.113, -25.573, -13.360, -13.173, 29.51, 0.16544, 0.57516, -0.06458, 0.79846,
 15:45:42.301,e3:ca:2d:fd:e0:8c, 2015-01-01 03:56:56.785, 0.957, 0.088, 0.337, 0, 0.061, 0, 14.832, -70.104, 146.113, -25.573, -13.360, -13.173, 29.51, 0.16544, 0.57516, -0.06458, 0.79846,
 15:45:42.302,f6:90:cc:01:6d:25, 2015-01-01 03:56:57.295, 0.911, 0.234, 0.296, 0.061, 0.183, 0, 38.375, -67.319, 149.365, -26.627, -15.520, -8.307, 32.31, 0.03165, 0.57709, 0.12589, 0.80624,
 15:45:42.302,f6:90:cc:01:6d:25, 2015-01-01 03:56:57.295, 0.911, 0.235, 0.298, 0, 0, 0, 38.375, -67.319, 149.337, -26.627, -15.520, -8.307, 32.31, 0.03165, 0.57709, 0.12589, 0.80624,
 15:45:42.321,ed:40:fe:65:30:6c, 2015-01-01 03:57:02.065, 0.551, 0.012, 0.839, 0.122, 0.061, 0.122, 0.873, -33.376, -121.058, -18.240, -6.900, -8.033, 28.4, 0.4729, -0.24643, -0.14725, -0.83298,
 15:45:42.321,ed:40:fe:65:30:6c, 2015-01-01 03:57:02.065, 0.551, 0.013, 0.838, 0.122, 0.183, 0.122, 0.873, -33.371, -121.075, -18.240, -6.900, -8.033, 28.4, 0.4729, -0.24643, -0.14725, -0.83298,
 15:45:42.325,ed:35:33:d3:6c:f8, 2015-01-01 03:56:57.200, 0.376, -0.072, 0.917, -0.244, 0, 0.244, -4.598, -22.181, 159.725, -10.500, -5.540, -35.173, 30.67, -0.18021, -0.1821, 0.07233, -0.96387,
 15:45:42.325,ed:35:33:d3:6c:f8, 2015-01-01 03:56:57.200, 0.376, -0.072, 0.917, -0.244, 0.122, 0.122, -4.603, -22.181, 159.758, -10.500, -5.540, -35.173, 30.67, -0.18021, -0.1821, 0.07233, -0.96387,
 15:45:42.345,e3:ca:2d:fd:e0:8c, 2015-01-01 03:56:56.785, 0.957, 0.089, 0.337, 0, 0.122, 0, 14.832, -70.104, 146.118, -25.573, -13.360, -13.173, 29.51, 0.16544, 0.57516, -0.06458, 0.79846,
 15:45:42.345,e3:ca:2d:fd:e0:8c, 2015-01-01 03:56:56.785, 0.958, 0.089, 0.336, 0, 0.061, 0, 14.826, -70.098, 146.118, -25.573, -13.360, -13.173, 29.51, 0.16544, 0.57516, -0.06458, 0.79846,
 15:45:42.346,f6:90:cc:01:6d:25, 2015-01-01 03:56:57.295, 0.91, 0.235, 0.299, 0, 0, 0, 38.375, -67.319, 149.337, -26.627, -15.520, -8.307, 32.31, 0.03165, 0.57709, 0.12589, 0.80624,
 15:45:42.346,f6:90:cc:01:6d:25, 2015-01-01 03:56:57.295, 0.91, 0.235, 0.298, 0, 0.061, 0, 38.375, -67.324, 149.343, -26.627, -15.520, -8.307, 32.31, 0.03165, 0.57709, 0.12589, 0.80624,
 15:45:42.347,ed:35:33:d3:6c:f8, 2015-01-01 03:56:57.200, 0.376, -0.071, 0.917, -0.122, 0.183, 0.183, -4.603, -22.176, 159.807, -10.500, -5.540, -35.173, 30.67, -0.18021, -0.1821, 0.07233, -0.96387,
 15:45:42.347,ed:35:33:d3:6c:f8, 2015-01-01 03:56:57.200, 0.375, -0.07, 0.917, -0.183, 0.305, 0.122, -4.603, -22.17, 159.857, -10.500, -5.540, -35.173, 30.67, -0.18021, -0.1821, 0.07233, -0.96387,
 15:45:42.366,ed:40:fe:65:30:6c, 2015-01-01 03:57:02.065, 0.549, 0.014, 0.84, 0.122, 0.122, 0.122, 0.873, -33.371, -121.086, -18.240, -6.900, -8.033, 28.4, 0.4729, -0.24643, -0.14725, -0.83298,
 15:45:42.366,ed:40:fe:65:30:6c, 2015-01-01 03:57:02.065, 0.549, 0.013, 0.84, 0.122, 0.122, 0.061, 0.873, -33.365, -121.102, -18.240, -6.900, -8.033, 28.4, 0.4729, -0.24643, -0.14725, -0.83298,
 15:45:42.370,f6:90:cc:01:6d:25, 2015-01-01 03:56:57.295, 0.91, 0.236, 0.298, 0.122, 0.122, 0, 38.37, -67.319, 149.354, -26.627, -15.520, -8.307, 32.31, 0.03165, 0.57709, 0.12589, 0.80624,
 15:45:42.370,f6:90:cc:01:6d:25, 2015-01-01 03:56:57.295, 0.91, 0.236, 0.299, 0.061, 0.122, 0, 38.37, -67.319, 149.359, -26.627, -15.520, -8.307, 32.31, 0.03165, 0.57709, 0.12589, 0.80624,
 15:45:42.393,ed:35:33:d3:6c:f8, 2015-01-01 03:56:57.200, 0.374, -0.071, 0.919, -0.122, 0.366, 0.061, -4.609, -22.165, 159.884, -10.500, -5.540, -35.173, 30.67, -0.18021, -0.1821, 0.07233, -0.96387,
 15:45:42.393,ed:35:33:d3:6c:f8, 2015-01-01 03:56:57.200, 0.375, -0.072, 0.919, -0.061, 0.366, 0, -4.603, -22.159, 159.901, -10.500, -5.540, -35.173, 30.67, -0.18021, -0.1821, 0.07233, -0.96387,
 15:45:42.413,e3:ca:2d:fd:e0:8c, 2015-01-01 03:56:56.785, 0.957, 0.089, 0.337, 0, 0, 0, 14.826, -70.098, 146.118, -25.573, -13.360, -13.173, 29.51, 0.16562, 0.57556, -0.06485, 0.79813,
 15:45:42.413,e3:ca:2d:fd:e0:8c, 2015-01-01 03:56:56.785, 0.958, 0.089, 0.335, -0.061, 0, 0, 14.826, -70.098, 146.118, -25.573, -13.360, -13.173, 29.51, 0.16562, 0.57556, -0.06485, 0.79813,
 15:45:42.414,f6:90:cc:01:6d:25, 2015-01-01 03:56:57.295, 0.91, 0.236, 0.296, 0.061, 0.183, 0, 38.364, -67.319, 149.37, -26.627, -15.520, -8.307, 32.31, 0.03165, 0.57709, 0.12589, 0.80624,
 15:45:42.414,f6:90:cc:01:6d:25, 2015-01-01 03:56:57.295, 0.911, 0.235, 0.298, 0.122, 0.183, 0, 38.364, -67.313, 149.381, -26.627, -15.520, -8.307, 32.31, 0.03165, 0.57709, 0.12589, 0.80624,
 15:45:42.434,ed:40:fe:65:30:6c, 2015-01-01 03:57:02.065, 0.55, 0.013, 0.84, 0.122, 0, 0, 0.879, -33.365, -121.124, -18.240, -6.900, -8.033, 28.4, 0.47284, -0.2464, -0.14752, -0.83298,
 15:45:42.434,ed:40:fe:65:30:6c, 2015-01-01 03:57:02.065, 0.551, 0.013, 0.84, 0, 0, 0, 0.879, -33.365, -121.135, -18.240, -6.900, -8.033, 28.4, 0.47284, -0.2464, -0.14752, -0.83298,
 15:45:42.435,e3:ca:2d:fd:e0:8c, 2015-01-01 03:56:57.120, 0.957, 0.088, 0.337, -0.061, -0.061, 0, 14.821, -70.098, 146.118, -25.573, -13.360, -13.173, 29.51, 0.16562, 0.57556, -0.06485, 0.79813,
 15:45:42.435,e3:ca:2d:fd:e0:8c, 2015-01-01 03:56:57.120, 0.958, 0.089, 0.336, -0.061, 0, 0, 14.821, -70.098, 146.118, -25.573, -13.360, -13.173, 29.51, 0.16562, 0.57556, -0.06485, 0.79813,
 15:45:42.437,ed:35:33:d3:6c:f8, 2015-01-01 03:56:57.200, 0.375, -0.072, 0.92, -0.061, 0.366, 0, -4.603, -22.154, 159.922, -10.500, -5.540, -35.173, 30.67, -0.18021, -0.1821, 0.07233, -0.96387,
 15:45:42.437,ed:35:33:d3:6c:f8, 2015-01-01 03:56:57.200, 0.376, -0.072, 0.92, -0.122, 0.305, -0.061, -4.603, -22.148, 159.944, -10.500, -5.540, -35.173, 30.67, -0.18021, -0.1821, 0.07233, -0.96387,
 15:45:42.456,ed:40:fe:65:30:6c, 2015-01-01 03:57:02.400, 0.552, 0.013, 0.84, 0, -0.122, 0, 0.879, -33.365, -121.146, -18.240, -6.900, -8.033, 28.4, 0.47284, -0.2464, -0.14752, -0.83298,
 15:45:42.456,ed:40:fe:65:30:6c, 2015-01-01 03:57:02.400, 0.552, 0.013, 0.841, -0.122, -0.183, -0.122, 0.879, -33.365, -121.141, -18.240, -6.900, -8.033, 28.4, 0.47284, -0.2464, -0.14752, -0.83298,
 15:45:42.458,e3:ca:2d:fd:e0:8c, 2015-01-01 03:56:57.120, 0.958, 0.088, 0.337, -0.122, -0.061, 0, 14.821, -70.098, 146.118, -25.573, -13.360, -13.173, 29.51, 0.16562, 0.57556, -0.06485, 0.79813,
 15:45:42.458,e3:ca:2d:fd:e0:8c, 2015-01-01 03:56:57.120, 0.958, 0.087, 0.336, -0.122, -0.061, 0, 14.821, -70.098, 146.113, -25.573, -13.360, -13.173, 29.51, 0.16562, 0.57556, -0.06485, 0.79813,
 15:45:42.460,f6:90:cc:01:6d:25, 2015-01-01 03:56:57.295, 0.911, 0.236, 0.297, 0.061, 0.122, 0, 38.359, -67.313, 149.387, -26.627, -15.520, -8.307, 32.31, 0.03165, 0.57709, 0.12589, 0.80624,
 15:45:42.461,f6:90:cc:01:6d:25, 2015-01-01 03:56:57.295, 0.913, 0.236, 0.298, 0, 0, 0, 38.359, -67.313, 149.392, -26.627, -15.520, -8.307, 32.31, 0.03165, 0.57709, 0.12589, 0.80624,
 15:45:42.483,ed:35:33:d3:6c:f8, 2015-01-01 03:56:57.200, 0.375, -0.071, 0.921, -0.244, 0.122, -0.183, -4.609, -22.148, 159.961, -11.193, -5.720, -35.447, 30.67, -0.18021, -0.1821, 0.07233, -0.96387,
 15:45:42.483,ed:35:33:d3:6c:f8, 2015-01-01 03:56:57.200, 0.376, -0.072, 0.918, -0.366, 0.061, -0.244, -4.609, -22.148, 159.955, -11.193, -5.720, -35.447, 30.67, -0.18021, -0.1821, 0.07233, -0.96387,
 15:45:42.501,ed:40:fe:65:30:6c, 2015-01-01 03:57:02.400, 0.551, 0.01, 0.839, -0.061, -0.061, -0.122, 0.873, -33.365, -121.141, -18.240, -6.900, -8.033, 28.4, 0.47284, -0.2464, -0.14752, -0.83298,
 15:45:42.501,ed:40:fe:65:30:6c, 2015-01-01 03:57:02.400, 0.55, 0.01, 0.837, 0, -0.061, -0.061, 0.873, -33.371, -121.135, -18.240, -6.900, -8.033, 28.4, 0.47284, -0.2464, -0.14752, -0.83298,
 15:45:42.502,e3:ca:2d:fd:e0:8c, 2015-01-01 03:56:57.120, 0.956, 0.088, 0.336, -0.061, -0.061, 0, 14.815, -70.098, 146.113, -25.573, -13.360, -13.173, 29.51, 0.16562, 0.57556, -0.06485, 0.79813,
 15:45:42.502,e3:ca:2d:fd:e0:8c, 2015-01-01 03:56:57.120, 0.956, 0.087, 0.335, 0, 0, 0, 14.815, -70.098, 146.113, -25.573, -13.360, -13.173, 29.51, 0.16562, 0.57556, -0.06485, 0.79813,
 15:45:42.506,ed:35:33:d3:6c:f8, 2015-01-01 03:56:57.200, 0.375, -0.073, 0.918, -0.122, -0.061, -0.061, -4.609, -22.148, 159.983, -11.193, -5.720, -35.447, 30.67, -0.17795, -0.18216, 0.07224, -0.96429,
 15:45:42.506,ed:35:33:d3:6c:f8, 2015-01-01 03:56:57.200, 0.376, -0.071, 0.915, -0.122, 0, 0, -4.609, -22.148, 160.027, -11.193, -5.720, -35.447, 30.67, -0.17795, -0.18216, 0.07224, -0.96429,
 15:45:42.524,ed:40:fe:65:30:6c, 2015-01-01 03:57:02.400, 0.551, 0.012, 0.836, 0.061, 0, 0, 0.879, -33.365, -121.141, -18.240, -6.900, -8.033, 28.4, 0.47284, -0.2464, -0.14752, -0.83298,
 15:45:42.524,ed:40:fe:65:30:6c, 2015-01-01 03:57:02.400, 0.551, 0.012, 0.84, 0.061, -0.061, 0, 0.879, -33.365, -121.141, -18.240, -6.900, -8.033, 28.4, 0.47284, -0.2464, -0.14752, -0.83298,
 15:45:42.527,f6:90:cc:01:6d:25, 2015-01-01 03:56:57.295, 0.909, 0.234, 0.297, 0, 0.061, 0, 38.359, -67.313, 149.398, -26.213, -15.413, -7.820, 32.31, 0.03165, 0.57709, 0.12589, 0.80624,
 15:45:42.527,f6:90:cc:01:6d:25, 2015-01-01 03:56:57.295, 0.911, 0.233, 0.295, 0.122, 0.122, 0, 38.359, -67.313, 149.403, -26.213, -15.413, -7.820, 32.31, 0.03165, 0.57709, 0.12589, 0.80624,
 15:45:42.549,f6:90:cc:01:6d:25, 2015-01-01 03:56:57.295, 0.913, 0.234, 0.297, 0.061, 0.061, 0, 38.359, -67.313, 149.414, -26.213, -15.413, -7.820, 32.31, 0.03168, 0.57703, 0.1257, 0.8063,
 15:45:42.549,f6:90:cc:01:6d:25, 2015-01-01 03:56:57.295, 0.912, 0.235, 0.299, 0, 0.061, 0, 38.359, -67.313, 149.42, -26.213, -15.413, -7.820, 32.31, 0.03168, 0.57703, 0.1257, 0.8063,
 15:45:42.549,e3:ca:2d:fd:e0:8c, 2015-01-01 03:56:57.120, 0.959, 0.087, 0.337, 0, 0, 0, 14.815, -70.098, 146.113, -25.573, -13.360, -13.173, 29.51, 0.16562, 0.57556, -0.06485, 0.79813,
 15:45:42.549,e3:ca:2d:fd:e0:8c, 2015-01-01 03:56:57.120, 0.958, 0.088, 0.337, 0, -0.122, 0, 14.815, -70.098, 146.113, -25.573, -13.360, -13.173, 29.51, 0.16562, 0.57556, -0.06485, 0.79813,
 15:45:42.550,ed:35:33:d3:6c:f8, 2015-01-01 03:56:57.200, 0.375, -0.071, 0.918, -0.061, 0.061, 0.061, -4.609, -22.148, 160.076, -11.193, -5.720, -35.447, 30.67, -0.17795, -0.18216, 0.07224, -0.96429,
 15:45:42.550,ed:35:33:d3:6c:f8, 2015-01-01 03:56:57.200, 0.376, -0.072, 0.922, -0.122, 0, 0.122, -4.614, -22.148, 160.115, -11.193, -5.720, -35.447, 30.67, -0.17795, -0.18216, 0.07224, -0.96429,
 15:45:42.569,ed:40:fe:65:30:6c, 2015-01-01 03:57:02.400, 0.551, 0.012, 0.842, 0, -0.061, 0, 0.879, -33.371, -121.146, -18.240, -6.900, -8.033, 28.4, 0.47284, -0.2464, -0.14752, -0.83298,
 15:45:42.569,ed:40:fe:65:30:6c, 2015-01-01 03:57:02.400, 0.552, 0.011, 0.841, 0.061, -0.183, 0, 0.879, -33.371, -121.146, -18.240, -6.900, -8.033, 28.4, 0.47284, -0.2464, -0.14752, -0.83298,
 15:45:42.593,e3:ca:2d:fd:e0:8c, 2015-01-01 03:56:57.120, 0.958, 0.088, 0.337, 0, -0.061, 0, 14.81, -70.098, 146.107, -25.573, -13.360, -13.173, 29.51, 0.16562, 0.57556, -0.06485, 0.79813,
 15:45:42.593,e3:ca:2d:fd:e0:8c, 2015-01-01 03:56:57.120, 0.958, 0.088, 0.336, 0, 0, 0, 14.81, -70.098, 146.107, -25.573, -13.360, -13.173, 29.51, 0.16562, 0.57556, -0.06485, 0.79813,
 15:45:42.594,f6:90:cc:01:6d:25, 2015-01-01 03:56:57.295, 0.912, 0.235, 0.297, 0.122, 0.061, 0, 38.353, -67.313, 149.425, -26.213, -15.413, -7.820, 32.31, 0.03168, 0.57703, 0.1257, 0.8063,
 15:45:42.594,f6:90:cc:01:6d:25, 2015-01-01 03:56:57.295, 0.91, 0.235, 0.298, 0, 0.122, 0, 38.353, -67.313, 149.431, -26.213, -15.413, -7.820, 32.31, 0.03168, 0.57703, 0.1257, 0.8063,
 15:45:42.595,ed:35:33:d3:6c:f8, 2015-01-01 03:56:57.490, 0.376, -0.073, 0.923, -0.061, -0.183, 0.122, -4.614, -22.154, 160.153, -11.193, -5.720, -35.447, 30.67, -0.17795, -0.18216, 0.07224, -0.96429,
 15:45:42.595,ed:35:33:d3:6c:f8, 2015-01-01 03:56:57.490, 0.377, -0.073, 0.92, -0.244, -0.366, 0.061, -4.62, -22.159, 160.164, -11.193, -5.720, -35.447, 30.67, -0.17795, -0.18216, 0.07224, -0.96429,
 15:45:42.618,f6:90:cc:01:6d:25, 2015-01-01 03:56:57.630, 0.909, 0.235, 0.297, -0.061, 0.061, 0, 38.348, -67.313, 149.436, -26.213, -15.413, -7.820, 32.31, 0.03168, 0.57703, 0.1257, 0.8063,
 15:45:42.618,f6:90:cc:01:6d:25, 2015-01-01 03:56:57.630, 0.909, 0.234, 0.297, 0, -0.122, 0, 38.348, -67.313, 149.442, -26.213, -15.413, -7.820, 32.31, 0.03168, 0.57703, 0.1257, 0.8063,
 15:45:42.637,ed:40:fe:65:30:6c, 2015-01-01 03:57:02.400, 0.552, 0.011, 0.84, 0, -0.244, 0, 0.879, -33.371, -121.146, -18.240, -6.900, -8.033, 28.4, 0.47284, -0.2464, -0.14752, -0.83298,
 15:45:42.637,ed:40:fe:65:30:6c, 2015-01-01 03:57:02.400, 0.55, 0.012, 0.837, 0, -0.244, 0, 0.873, -33.376, -121.152, -18.240, -6.900, -8.033, 28.4, 0.47284, -0.2464, -0.14752, -0.83298,
 15:45:42.639,e3:ca:2d:fd:e0:8c, 2015-01-01 03:56:57.120, 0.957, 0.088, 0.335, -0.061, -0.061, 0, 14.81, -70.098, 146.107, -25.573, -13.360, -13.173, 29.51, 0.16562, 0.57556, -0.06485, 0.79813,
 15:45:42.639,e3:ca:2d:fd:e0:8c, 2015-01-01 03:56:57.120, 0.956, 0.088, 0.335, -0.061, -0.061, 0, 14.81, -70.098, 146.107, -25.573, -13.360, -13.173, 29.51, 0.16562, 0.57556, -0.06485, 0.79813,
 15:45:42.640,ed:35:33:d3:6c:f8, 2015-01-01 03:56:57.490, 0.375, -0.073, 0.917, -0.244, -0.366, 0, -4.62, -22.165, 160.175, -11.193, -5.720, -35.447, 30.67, -0.17795, -0.18216, 0.07224, -0.96429,
 15:45:42.640,ed:35:33:d3:6c:f8, 2015-01-01 03:56:57.490, 0.375, -0.071, 0.917, -0.122, -0.305, 0, -4.625, -22.176, 160.192, -11.193, -5.720, -35.447, 30.67, -0.17795, -0.18216, 0.07224, -0.96429,
 15:45:42.659,ed:40:fe:65:30:6c, 2015-01-01 03:57:02.400, 0.55, 0.013, 0.838, 0, -0.244, 0, 0.873, -33.382, -121.152, -18.213, -6.640, -8.060, 28.4, 0.47284, -0.2464, -0.14752, -0.83298,
 15:45:42.659,ed:40:fe:65:30:6c, 2015-01-01 03:57:02.400, 0.55, 0.014, 0.837, 0, -0.244, 0, 0.873, -33.382, -121.152, -18.213, -6.640, -8.060, 28.4, 0.47284, -0.2464, -0.14752, -0.83298,
 15:45:42.662,f6:90:cc:01:6d:25, 2015-01-01 03:56:57.630, 0.909, 0.235, 0.298, 0, -0.183, 0, 38.353, -67.319, 149.442, -26.213, -15.413, -7.820, 32.31, 0.03168, 0.57703, 0.1257, 0.8063,
 15:45:42.662,f6:90:cc:01:6d:25, 2015-01-01 03:56:57.630, 0.911, 0.234, 0.299, 0.122, -0.183, 0, 38.359, -67.324, 149.442, -26.213, -15.413, -7.820, 32.31, 0.03168, 0.57703, 0.1257, 0.8063,
 15:45:42.682,e3:ca:2d:fd:e0:8c, 2015-01-01 03:56:57.120, 0.957, 0.089, 0.336, 0, -0.061, 0, 14.81, -70.098, 146.107, -25.627, -13.020, -13.440, 29.51, 0.16562, 0.57556, -0.06485, 0.79813,
 15:45:42.682,e3:ca:2d:fd:e0:8c, 2015-01-01 03:56:57.120, 0.958, 0.089, 0.337, 0, -0.122, 0, 14.81, -70.098, 146.102, -25.627, -13.020, -13.440, 29.51, 0.16562, 0.57556, -0.06485, 0.79813,
 15:45:42.685,ed:35:33:d3:6c:f8, 2015-01-01 03:56:57.490, 0.375, -0.069, 0.917, -0.122, -0.244, 0, -4.625, -22.176, 160.197, -11.193, -5.720, -35.447, 30.67, -0.17795, -0.18216, 0.07224, -0.96429,
 15:45:42.685,ed:35:33:d3:6c:f8, 2015-01-01 03:56:57.490, 0.376, -0.071, 0.917, -0.122, -0.122, 0, -4.625, -22.181, 160.203, -11.193, -5.720, -35.447, 30.67, -0.17795, -0.18216, 0.07224, -0.96429,
 15:45:42.706,f6:90:cc:01:6d:25, 2015-01-01 03:56:57.630, 0.913, 0.235, 0.299, 0.122, -0.305, 0, 38.364, -67.324, 149.436, -26.213, -15.413, -7.820, 32.31, 0.03168, 0.57703, 0.1257, 0.8063,
 15:45:42.706,f6:90:cc:01:6d:25, 2015-01-01 03:56:57.630, 0.912, 0.234, 0.299, 0, -0.122, 0, 38.37, -67.33, 149.431, -26.213, -15.413, -7.820, 32.31, 0.03168, 0.57703, 0.1257, 0.8063,
 15:45:42.708,ed:35:33:d3:6c:f8, 2015-01-01 03:56:57.490, 0.378, -0.072, 0.918, -0.183, -0.122, 0, -4.625, -22.181, 160.225, -11.193, -5.720, -35.447, 30.67, -0.17795, -0.18216, 0.07224, -0.96429,
 15:45:42.708,ed:35:33:d3:6c:f8, 2015-01-01 03:56:57.490, 0.377, -0.073, 0.918, -0.122, -0.122, 0, -4.625, -22.187, 160.214, -11.193, -5.720, -35.447, 30.67, -0.17795, -0.18216, 0.07224, -0.96429,
 15:45:42.727,ed:40:fe:65:30:6c, 2015-01-01 03:57:02.400, 0.552, 0.012, 0.839, 0, -0.183, 0, 0.873, -33.387, -121.157, -18.213, -6.640, -8.060, 28.4, 0.47284, -0.2464, -0.14752, -0.83298,
 15:45:42.727,ed:40:fe:65:30:6c, 2015-01-01 03:57:02.400, 0.553, 0.011, 0.839, 0, -0.183, 0, 0.873, -33.387, -121.157, -18.213, -6.640, -8.060, 28.4, 0.47284, -0.2464, -0.14752, -0.83298,
 15:45:42.727,e3:ca:2d:fd:e0:8c, 2015-01-01 03:56:57.120, 0.958, 0.088, 0.339, 0, -0.122, 0, 14.81, -70.098, 146.102, -25.627, -13.020, -13.440, 29.51, 0.16562, 0.57556, -0.06485, 0.79813,
 15:45:42.727,e3:ca:2d:fd:e0:8c, 2015-01-01 03:56:57.120, 0.959, 0.088, 0.338, 0, -0.122, 0, 14.81, -70.104, 146.102, -25.627, -13.020, -13.440, 29.51, 0.16562, 0.57556, -0.06485, 0.79813,
 15:45:42.750,e3:ca:2d:fd:e0:8c, 2015-01-01 03:56:57.120, 0.958, 0.088, 0.336, 0, -0.061, 0, 14.81, -70.104, 146.096, -25.627, -13.020, -13.440, 29.51, 0.1658, 0.57553, -0.06506, 0.7981,
 15:45:42.750,e3:ca:2d:fd:e0:8c, 2015-01-01 03:56:57.120, 0.958, 0.088, 0.336, 0, 0, 0, 14.81, -70.104, 146.096, -25.627, -13.020, -13.440, 29.51, 0.1658, 0.57553, -0.06506, 0.7981,
 15:45:42.750,ed:40:fe:65:30:6c, 2015-01-01 03:57:02.400, 0.553, 0.011, 0.84, 0, -0.122, 0, 0.873, -33.393, -121.157, -18.213, -6.640, -8.060, 28.4, 0.47235, -0.24661, -0.14749, -0.83319,
 15:45:42.750,ed:40:fe:65:30:6c, 2015-01-01 03:57:02.400, 0.552, 0.011, 0.839, 0, -0.122, 0, 0.873, -33.393, -121.163, -18.213, -6.640, -8.060, 28.4, 0.47235, -0.24661, -0.14749, -0.83319,
 15:45:42.752,f6:90:cc:01:6d:25, 2015-01-01 03:56:57.630, 0.91, 0.235, 0.298, 0.061, -0.061, 0, 38.375, -67.33, 149.431, -26.213, -15.413, -7.820, 32.31, 0.03168, 0.57703, 0.1257, 0.8063,
 15:45:42.752,f6:90:cc:01:6d:25, 2015-01-01 03:56:57.630, 0.909, 0.235, 0.297, 0.244, -0.061, 0, 38.375, -67.335, 149.436, -26.213, -15.413, -7.820, 32.31, 0.03168, 0.57703, 0.1257, 0.8063,
 15:45:42.753,ed:35:33:d3:6c:f8, 2015-01-01 03:56:57.490, 0.376, -0.073, 0.92, 0, -0.122, 0, -4.625, -22.192, 160.225, -11.193, -5.720, -35.447, 30.67, -0.17795, -0.18216, 0.07224, -0.96429,
 15:45:42.753,ed:35:33:d3:6c:f8, 2015-01-01 03:56:57.490, 0.378, -0.072, 0.917, 0.061, -0.305, 0, -4.62, -22.198, 160.23, -11.193, -5.720, -35.447, 30.67, -0.17795, -0.18216, 0.07224, -0.96429,
 15:45:42.794,ed:40:fe:65:30:6c, 2015-01-01 03:57:02.400, 0.552, 0.012, 0.838, 0.122, -0.122, 0, 0.873, -33.393, -121.163, -18.213, -6.640, -8.060, 28.4, 0.47235, -0.24661, -0.14749, -0.83319,
 15:45:42.794,ed:40:fe:65:30:6c, 2015-01-01 03:57:02.400, 0.553, 0.013, 0.837, 0, -0.122, 0, 0.873, -33.398, -121.163, -18.213, -6.640, -8.060, 28.4, 0.47235, -0.24661, -0.14749, -0.83319,
 15:45:42.796,f6:90:cc:01:6d:25, 2015-01-01 03:56:57.630, 0.911, 0.235, 0.296, 0.305, -0.061, 0, 38.381, -67.335, 149.436, -26.213, -15.413, -7.820, 32.31, 0.03168, 0.57703, 0.1257, 0.8063,
 15:45:42.796,f6:90:cc:01:6d:25, 2015-01-01 03:56:57.630, 0.911, 0.235, 0.295, 0.183, 0, 0, 38.386, -67.335, 149.436, -26.213, -15.413, -7.820, 32.31, 0.03168, 0.57703, 0.1257, 0.8063,
 15:45:42.797,ed:35:33:d3:6c:f8, 2015-01-01 03:56:57.490, 0.377, -0.072, 0.916, -0.183, -0.061, 0, -4.625, -22.198, 160.247, -10.987, -6.213, -35.200, 30.67, -0.17795, -0.18216, 0.07224, -0.96429,
 15:45:42.797,ed:35:33:d3:6c:f8, 2015-01-01 03:56:57.490, 0.379, -0.071, 0.916, -0.061, 0, 0, -4.625, -22.198, 160.252, -10.987, -6.213, -35.200, 30.67, -0.17795, -0.18216, 0.07224, -0.96429,
 15:45:42.817,e3:ca:2d:fd:e0:8c, 2015-01-01 03:56:57.120, 0.958, 0.088, 0.335, 0.061, 0, 0, 14.81, -70.104, 146.096, -25.627, -13.020, -13.440, 29.51, 0.1658, 0.57553, -0.06506, 0.7981,
 15:45:42.817,e3:ca:2d:fd:e0:8c, 2015-01-01 03:56:57.120, 0.958, 0.087, 0.334, 0, -0.061, 0, 14.81, -70.104, 146.096, -25.627, -13.020, -13.440, 29.51, 0.1658, 0.57553, -0.06506, 0.7981,
 15:45:42.817,ed:40:fe:65:30:6c, 2015-01-01 03:57:02.755, 0.553, 0.012, 0.837, 0, -0.122, 0, 0.873, -33.398, -121.163, -18.213, -6.640, -8.060, 28.4, 0.47235, -0.24661, -0.14749, -0.83319,
 15:45:42.817,ed:40:fe:65:30:6c, 2015-01-01 03:57:02.755, 0.556, 0.012, 0.838, 0, -0.061, 0, 0.873, -33.398, -121.168, -18.213, -6.640, -8.060, 28.4, 0.47235, -0.24661, -0.14749, -0.83319,
 15:45:42.819,f6:90:cc:01:6d:25, 2015-01-01 03:56:57.630, 0.913, 0.235, 0.296, 0.061, -0.183, 0, 38.392, -67.335, 149.442, -26.413, -15.147, -8.113, 32.31, 0.03168, 0.57703, 0.1257, 0.8063,
 15:45:42.819,f6:90:cc:01:6d:25, 2015-01-01 03:56:57.630, 0.913, 0.235, 0.295, 0, -0.122, 0, 38.397, -67.341, 149.436, -26.413, -15.147, -8.113, 32.31, 0.03168, 0.57703, 0.1257, 0.8063,
 15:45:42.840,e3:ca:2d:fd:e0:8c, 2015-01-01 03:56:57.500, 0.959, 0.087, 0.336, 0, -0.061, 0, 14.81, -70.104, 146.096, -25.627, -13.020, -13.440, 29.51, 0.1658, 0.57553, -0.06506, 0.7981,
 15:45:42.840,e3:ca:2d:fd:e0:8c, 2015-01-01 03:56:57.500, 0.959, 0.089, 0.335, 0, -0.061, 0, 14.81, -70.104, 146.096, -25.627, -13.020, -13.440, 29.51, 0.1658, 0.57553, -0.06506, 0.7981,
 15:45:42.843,ed:35:33:d3:6c:f8, 2015-01-01 03:56:57.490, 0.378, -0.072, 0.917, 0.061, 0.061, 0, -4.62, -22.198, 160.23, -10.987, -6.213, -35.200, 30.67, -0.1759, -0.18271, 0.07199, -0.96457,
 15:45:42.843,ed:35:33:d3:6c:f8, 2015-01-01 03:56:57.490, 0.378, -0.072, 0.918, 0, 0, 0, -4.62, -22.198, 160.219, -10.987, -6.213, -35.200, 30.67, -0.1759, -0.18271, 0.07199, -0.96457,
 15:45:42.861,ed:40:fe:65:30:6c, 2015-01-01 03:57:02.755, 0.555, 0.011, 0.839, 0, -0.061, 0, 0.873, -33.398, -121.168, -18.213, -6.640, -8.060, 28.4, 0.47235, -0.24661, -0.14749, -0.83319,
 15:45:42.861,ed:40:fe:65:30:6c, 2015-01-01 03:57:02.755, 0.553, 0.01, 0.839, -0.061, -0.061, 0, 0.868, -33.404, -121.168, -18.213, -6.640, -8.060, 28.4, 0.47235, -0.24661, -0.14749, -0.83319,
 15:45:42.863,e3:ca:2d:fd:e0:8c, 2015-01-01 03:56:57.500, 0.958, 0.088, 0.336, 0, 0, 0, 14.81, -70.104, 146.096, -25.627, -13.020, -13.440, 29.51, 0.1658, 0.57553, -0.06506, 0.7981,
 15:45:42.863,e3:ca:2d:fd:e0:8c, 2015-01-01 03:56:57.500, 0.958, 0.087, 0.336, 0, 0.122, 0, 14.804, -70.098, 146.096, -25.627, -13.020, -13.440, 29.51, 0.1658, 0.57553, -0.06506, 0.7981,
 15:45:42.864,f6:90:cc:01:6d:25, 2015-01-01 03:56:57.630, 0.912, 0.236, 0.295, 0.122, -0.061, 0, 38.397, -67.346, 149.436, -26.413, -15.147, -8.113, 32.31, 0.03168, 0.57703, 0.1257, 0.8063,
 15:45:42.864,f6:90:cc:01:6d:25, 2015-01-01 03:56:57.630, 0.911, 0.235, 0.296, 0, 0, 0, 38.403, -67.346, 149.442, -26.413, -15.147, -8.113, 32.31, 0.03168, 0.57703, 0.1257, 0.8063,
 15:45:42.885,ed:40:fe:65:30:6c, 2015-01-01 03:57:02.755, 0.553, 0.01, 0.839, -0.061, -0.122, 0, 0.868, -33.404, -121.174, -18.213, -6.640, -8.060, 28.4, 0.47235, -0.24661, -0.14749, -0.83319,
 15:45:42.885,ed:40:fe:65:30:6c, 2015-01-01 03:57:02.755, 0.553, 0.011, 0.838, 0, -0.183, 0, 0.868, -33.404, -121.174, -18.213, -6.640, -8.060, 28.4, 0.47235, -0.24661, -0.14749, -0.83319,
 15:45:42.887,ed:35:33:d3:6c:f8, 2015-01-01 03:56:57.800, 0.378, -0.074, 0.919, -0.061, -0.061, 0, -4.62, -22.203, 160.219, -10.987, -6.213, -35.200, 30.67, -0.1759, -0.18271, 0.07199, -0.96457,
 15:45:42.887,ed:35:33:d3:6c:f8, 2015-01-01 03:56:57.800, 0.378, -0.072, 0.919, 0, -0.122, 0, -4.62, -22.203, 160.214, -10.987, -6.213, -35.200, 30.67, -0.1759, -0.18271, 0.07199, -0.96457,
 15:45:42.908,e3:ca:2d:fd:e0:8c, 2015-01-01 03:56:57.500, 0.958, 0.087, 0.335, 0, 0.183, 0, 14.804, -70.098, 146.096, -25.627, -13.020, -13.440, 29.51, 0.1658, 0.57553, -0.06506, 0.7981,
 15:45:42.908,e3:ca:2d:fd:e0:8c, 2015-01-01 03:56:57.500, 0.957, 0.087, 0.336, 0, 0.122, 0, 14.799, -70.093, 146.096, -25.627, -13.020, -13.440, 29.51, 0.1658, 0.57553, -0.06506, 0.7981,
 15:45:42.910,ed:35:33:d3:6c:f8, 2015-01-01 03:56:57.800, 0.378, -0.072, 0.917, 0.061, -0.244, 0, -4.62, -22.209, 160.214, -10.987, -6.213, -35.200, 30.67, -0.1759, -0.18271, 0.07199, -0.96457,
 15:45:42.910,ed:35:33:d3:6c:f8, 2015-01-01 03:56:57.800, 0.377, -0.071, 0.915, 0.183, -0.183, 0, -4.614, -22.214, 160.214, -10.987, -6.213, -35.200, 30.67, -0.1759, -0.18271, 0.07199, -0.96457,
 15:45:42.930,ed:40:fe:65:30:6c, 2015-01-01 03:57:02.755, 0.553, 0.011, 0.837, 0, -0.122, 0, 0.868, -33.409, -121.174, -18.213, -6.640, -8.060, 28.4, 0.47235, -0.24661, -0.14749, -0.83319,
 15:45:42.930,ed:40:fe:65:30:6c, 2015-01-01 03:57:02.755, 0.552, 0.012, 0.837, 0, -0.061, 0, 0.868, -33.409, -121.174, -18.213, -6.640, -8.060, 28.4, 0.47235, -0.24661, -0.14749, -0.83319,
 15:45:42.931,f6:90:cc:01:6d:25, 2015-01-01 03:56:57.630, 0.911, 0.235, 0.294, 0, -0.183, 0, 38.408, -67.346, 149.442, -26.413, -15.147, -8.113, 32.31, 0.03116, 0.57721, 0.12604, 0.80615,
 15:45:42.931,f6:90:cc:01:6d:25, 2015-01-01 03:56:57.630, 0.911, 0.234, 0.296, 0, -0.061, 0, 38.408, -67.352, 149.436, -26.413, -15.147, -8.113, 32.31, 0.03116, 0.57721, 0.12604, 0.80615,
 15:45:42.953,e3:ca:2d:fd:e0:8c, 2015-01-01 03:56:57.500, 0.957, 0.088, 0.336, 0, 0.122, 0, 14.799, -70.093, 146.102, -25.627, -13.020, -13.440, 29.51, 0.1658, 0.57553, -0.06506, 0.7981,
 15:45:42.953,e3:ca:2d:fd:e0:8c, 2015-01-01 03:56:57.500, 0.957, 0.088, 0.337, 0, 0, 0, 14.793, -70.093, 146.102, -25.627, -13.020, -13.440, 29.51, 0.1658, 0.57553, -0.06506, 0.7981,
 15:45:42.954,f6:90:cc:01:6d:25, 2015-01-01 03:56:57.965, 0.911, 0.234, 0.297, 0.122, 0, 0, 38.414, -67.352, 149.442, -26.413, -15.147, -8.113, 32.31, 0.03116, 0.57721, 0.12604, 0.80615,
 15:45:42.954,f6:90:cc:01:6d:25, 2015-01-01 03:56:57.965, 0.91, 0.235, 0.298, 0.122, 0, 0, 38.414, -67.352, 149.442, -26.413, -15.147, -8.113, 32.31, 0.03116, 0.57721, 0.12604, 0.80615,
 15:45:42.955,ed:35:33:d3:6c:f8, 2015-01-01 03:56:57.800, 0.376, -0.071, 0.917, 0.122, 0, 0, -4.609, -22.22, 160.208, -10.987, -6.213, -35.200, 30.67, -0.1759, -0.18271, 0.07199, -0.96457,
 15:45:42.955,ed:35:33:d3:6c:f8, 2015-01-01 03:56:57.800, 0.376, -0.072, 0.918, 0, 0, 0, -4.609, -22.22, 160.208, -10.987, -6.213, -35.200, 30.67, -0.1759, -0.18271, 0.07199, -0.96457,
 15:45:42.978,f6:90:cc:01:6d:25, 2015-01-01 03:56:57.965, 0.912, 0.235, 0.296, 0.061, -0.061, 0, 38.419, -67.357, 149.447, -26.413, -15.147, -8.113, 32.31, 0.03116, 0.57721, 0.12604, 0.80615,
 15:45:42.978,f6:90:cc:01:6d:25, 2015-01-01 03:56:57.965, 0.911, 0.235, 0.297, 0, 0, 0, 38.419, -67.357, 149.447, -26.413, -15.147, -8.113, 32.31, 0.03116, 0.57721, 0.12604, 0.80615,
 15:45:42.998,ed:40:fe:65:30:6c, 2015-01-01 03:57:02.755, 0.551, 0.012, 0.838, 0.061, -0.061, 0, 0.868, -33.415, -121.179, -18.213, -6.640, -8.060, 28.4, 0.47235, -0.24661, -0.14749, -0.83319,
 15:45:42.998,ed:40:fe:65:30:6c, 2015-01-01 03:57:02.755, 0.552, 0.011, 0.839, 0, 0, 0, 0.862, -33.415, -121.179, -18.213, -6.640, -8.060, 28.4, 0.47235, -0.24661, -0.14749, -0.83319,
 15:45:43.001,ed:35:33:d3:6c:f8, 2015-01-01 03:56:57.800, 0.376, -0.073, 0.919, 0.061, -0.061, 0, -4.603, -22.22, 160.203, -10.987, -6.213, -35.200, 30.67, -0.1759, -0.18271, 0.07199, -0.96457,
 15:45:43.001,ed:35:33:d3:6c:f8, 2015-01-01 03:56:57.800, 0.377, -0.073, 0.918, 0.061, -0.183, 0, -4.603, -22.225, 160.203, -10.987, -6.213, -35.200, 30.67, -0.1759, -0.18271, 0.07199, -0.96457,
 15:45:43.020,ed:40:fe:65:30:6c, 2015-01-01 03:57:02.755, 0.552, 0.011, 0.839, 0.061, -0.061, 0, 0.862, -33.415, -121.179, -18.080, -6.593, -7.713, 28.4, 0.47235, -0.24661, -0.14749, -0.83319,
 15:45:43.020,ed:40:fe:65:30:6c, 2015-01-01 03:57:02.755, 0.552, 0.011, 0.839, 0.061, -0.061, 0, 0.868, -33.415, -121.179, -18.080, -6.593, -7.713, 28.4, 0.47235, -0.24661, -0.14749, -0.83319,
 15:45:43.021,e3:ca:2d:fd:e0:8c, 2015-01-01 03:56:57.500, 0.957, 0.088, 0.337, 0, 0, 0, 14.793, -70.087, 146.102, -25.627, -13.020, -13.440, 29.51, 0.1658, 0.57553, -0.06506, 0.7981,
 15:45:43.021,e3:ca:2d:fd:e0:8c, 2015-01-01 03:56:57.500, 0.958, 0.088, 0.338, 0, 0.061, 0, 14.793, -70.087, 146.102, -25.627, -13.020, -13.440, 29.51, 0.1658, 0.57553, -0.06506, 0.7981,
 15:45:43.021,f6:90:cc:01:6d:25, 2015-01-01 03:56:57.965, 0.911, 0.234, 0.297, 0, 0.061, 0, 38.419, -67.357, 149.453, -26.413, -15.147, -8.113, 32.31, 0.03116, 0.57721, 0.12604, 0.80615,
 15:45:43.021,f6:90:cc:01:6d:25, 2015-01-01 03:56:57.965, 0.911, 0.236, 0.296, 0.061, 0.183, 0, 38.414, -67.357, 149.458, -26.413, -15.147, -8.113, 32.31, 0.03116, 0.57721, 0.12604, 0.80615,
 15:45:43.042,e3:ca:2d:fd:e0:8c, 2015-01-01 03:56:57.500, 0.958, 0.089, 0.338, 0, 0.061, 0, 14.788, -70.087, 146.102, -25.800, -13.513, -13.740, 29.51, 0.1658, 0.57553, -0.06506, 0.7981,
 15:45:43.042,e3:ca:2d:fd:e0:8c, 2015-01-01 03:56:57.500, 0.958, 0.089, 0.337, 0, 0.122, 0, 14.788, -70.082, 146.102, -25.800, -13.513, -13.740, 29.51, 0.1658, 0.57553, -0.06506, 0.7981,
 15:45:43.045,ed:35:33:d3:6c:f8, 2015-01-01 03:56:57.800, 0.377, -0.073, 0.918, -0.061, -0.122, 0, -4.603, -22.231, 160.203, -10.987, -6.213, -35.200, 30.67, -0.1759, -0.18271, 0.07199, -0.96457,
 15:45:43.045,ed:35:33:d3:6c:f8, 2015-01-01 03:56:57.800, 0.377, -0.07, 0.918, -0.122, -0.122, 0, -4.603, -22.231, 160.197, -10.987, -6.213, -35.200, 30.67, -0.1759, -0.18271, 0.07199, -0.96457,
 15:45:43.064,ed:40:fe:65:30:6c, 2015-01-01 03:57:02.755, 0.552, 0.012, 0.839, 0, 0, 0, 0.862, -33.415, -121.185, -18.080, -6.593, -7.713, 28.4, 0.47235, -0.24661, -0.14749, -0.83319,
 15:45:43.064,ed:40:fe:65:30:6c, 2015-01-01 03:57:02.755, 0.552, 0.013, 0.84, 0, -0.061, 0, 0.862, -33.415, -121.185, -18.080, -6.593, -7.713, 28.4, 0.47235, -0.24661, -0.14749, -0.83319,
 15:45:43.067,f6:90:cc:01:6d:25, 2015-01-01 03:56:57.965, 0.911, 0.235, 0.297, 0, 0.305, 0, 38.408, -67.352, 149.469, -26.413, -15.147, -8.113, 32.31, 0.03116, 0.57721, 0.12604, 0.80615,
 15:45:43.067,f6:90:cc:01:6d:25, 2015-01-01 03:56:57.965, 0.911, 0.236, 0.296, 0.183, 0.183, 0, 38.403, -67.352, 149.48, -26.413, -15.147, -8.113, 32.31, 0.03116, 0.57721, 0.12604, 0.80615,
 15:45:43.087,e3:ca:2d:fd:e0:8c, 2015-01-01 03:56:57.500, 0.958, 0.089, 0.335, 0, 0.122, 0, 14.788, -70.082, 146.107, -25.800, -13.513, -13.740, 29.51, 0.1658, 0.57553, -0.06506, 0.7981,
 15:45:43.087,e3:ca:2d:fd:e0:8c, 2015-01-01 03:56:57.500, 0.958, 0.088, 0.336, 0, 0.061, 0, 14.782, -70.076, 146.107, -25.800, -13.513, -13.740, 29.51, 0.1658, 0.57553, -0.06506, 0.7981,
 15:45:43.087,ed:40:fe:65:30:6c, 2015-01-01 03:57:02.755, 0.551, 0.013, 0.839, 0, -0.061, 0, 0.862, -33.415, -121.185, -18.080, -6.593, -7.713, 28.4, 0.47214, -0.24686, -0.14746, -0.83325,
 15:45:43.087,ed:40:fe:65:30:6c, 2015-01-01 03:57:02.755, 0.551, 0.013, 0.839, 0, -0.122, 0, 0.862, -33.415, -121.185, -18.080, -6.593, -7.713, 28.4, 0.47214, -0.24686, -0.14746, -0.83325,
 15:45:43.091,ed:35:33:d3:6c:f8, 2015-01-01 03:56:57.800, 0.376, -0.07, 0.919, -0.122, -0.183, 0, -4.603, -22.236, 160.197, -10.787, -6.200, -35.033, 30.67, -0.1759, -0.18271, 0.07199, -0.96457,
 15:45:43.091,ed:35:33:d3:6c:f8, 2015-01-01 03:56:57.800, 0.376, -0.07, 0.919, -0.122, -0.244, 0, -4.603, -22.242, 160.197, -10.787, -6.200, -35.033, 30.67, -0.1759, -0.18271, 0.07199, -0.96457,
 15:45:43.111,e3:ca:2d:fd:e0:8c, 2015-01-01 03:56:57.500, 0.958, 0.088, 0.335, 0, -0.061, 0, 14.782, -70.076, 146.107, -25.800, -13.513, -13.740, 29.51, 0.16595, 0.57532, -0.06516, 0.79819,
 15:45:43.111,e3:ca:2d:fd:e0:8c, 2015-01-01 03:56:57.500, 0.958, 0.088, 0.335, 0, 0, 0, 14.782, -70.076, 146.107, -25.800, -13.513, -13.740, 29.51, 0.16595, 0.57532, -0.06516, 0.79819,
 15:45:43.113,ed:35:33:d3:6c:f8, 2015-01-01 03:56:57.800, 0.376, -0.071, 0.919, 0, -0.366, 0, -4.603, -22.247, 160.192, -10.787, -6.200, -35.033, 30.67, -0.17621, -0.18311, 0.07199, -0.96445,
 15:45:43.113,ed:35:33:d3:6c:f8, 2015-01-01 03:56:57.800, 0.378, -0.072, 0.918, 0, -0.427, 0, -4.603, -22.253, 160.192, -10.787, -6.200, -35.033, 30.67, -0.17621, -0.18311, 0.07199, -0.96445,
 15:45:43.132,ed:40:fe:65:30:6c, 2015-01-01 03:57:02.755, 0.552, 0.012, 0.839, 0, -0.183, 0, 0.862, -33.415, -121.185, -18.080, -6.593, -7.713, 28.4, 0.47214, -0.24686, -0.14746, -0.83325,
 15:45:43.132,ed:40:fe:65:30:6c, 2015-01-01 03:57:02.755, 0.553, 0.012, 0.839, 0, -0.244, 0, 0.862, -33.42, -121.19, -18.080, -6.593, -7.713, 28.4, 0.47214, -0.24686, -0.14746, -0.83325,
 15:45:43.135,f6:90:cc:01:6d:25, 2015-01-01 03:56:57.965, 0.91, 0.236, 0.296, 0, 0, 0, 38.403, -67.346, 149.485, -26.413, -15.147, -8.113, 32.31, 0.03116, 0.57721, 0.12604, 0.80615,
 15:45:43.135,f6:90:cc:01:6d:25, 2015-01-01 03:56:57.965, 0.91, 0.235, 0.296, 0, -0.122, 0, 38.403, -67.352, 149.485, -26.413, -15.147, -8.113, 32.31, 0.03116, 0.57721, 0.12604, 0.80615,
 15:45:43.156,f6:90:cc:01:6d:25, 2015-01-01 03:56:57.965, 0.911, 0.236, 0.297, 0, -0.305, 0, 38.408, -67.357, 149.485, -26.673, -15.847, -8.560, 32.31, 0.03116, 0.57721, 0.12604, 0.80615,
 15:45:43.156,f6:90:cc:01:6d:25, 2015-01-01 03:56:57.965, 0.91, 0.236, 0.295, -0.061, -0.305, 0, 38.419, -67.357, 149.474, -26.673, -15.847, -8.560, 32.31, 0.03116, 0.57721, 0.12604, 0.80615,
 15:45:43.156,e3:ca:2d:fd:e0:8c, 2015-01-01 03:56:57.500, 0.958, 0.088, 0.336, 0, 0, 0, 14.782, -70.076, 146.107, -25.800, -13.513, -13.740, 29.51, 0.16595, 0.57532, -0.06516, 0.79819,
 15:45:43.156,e3:ca:2d:fd:e0:8c, 2015-01-01 03:56:57.500, 0.958, 0.089, 0.336, 0, 0, 0, 14.782, -70.076, 146.107, -25.800, -13.513, -13.740, 29.51, 0.16595, 0.57532, -0.06516, 0.79819,
 15:45:43.158,ed:35:33:d3:6c:f8, 2015-01-01 03:56:57.800, 0.378, -0.072, 0.918, 0, -0.427, 0, -4.603, -22.264, 160.192, -10.787, -6.200, -35.033, 30.67, -0.17621, -0.18311, 0.07199, -0.96445,
 15:45:43.158,ed:35:33:d3:6c:f8, 2015-01-01 03:56:57.800, 0.378, -0.072, 0.917, -0.183, -0.366, 0, -4.603, -22.269, 160.192, -10.787, -6.200, -35.033, 30.67, -0.17621, -0.18311, 0.07199, -0.96445,
 15:45:43.199,ed:40:fe:65:30:6c, 2015-01-01 03:57:03.090, 0.553, 0.011, 0.838, -0.061, -0.305, 0, 0.862, -33.426, -121.19, -18.080, -6.593, -7.713, 28.4, 0.47214, -0.24686, -0.14746, -0.83325,
 15:45:43.199,ed:40:fe:65:30:6c, 2015-01-01 03:57:03.090, 0.553, 0.011, 0.838, -0.122, -0.305, 0, 0.857, -33.431, -121.19, -18.080, -6.593, -7.713, 28.4, 0.47214, -0.24686, -0.14746, -0.83325,
 15:45:43.200,e3:ca:2d:fd:e0:8c, 2015-01-01 03:56:57.860, 0.958, 0.088, 0.337, 0, 0, 0, 14.782, -70.076, 146.102, -25.800, -13.513, -13.740, 29.51, 0.16595, 0.57532, -0.06516, 0.79819,
 15:45:43.200,e3:ca:2d:fd:e0:8c, 2015-01-01 03:56:57.860, 0.958, 0.088, 0.337, 0, 0, 0, 14.782, -70.076, 146.102, -25.800, -13.513, -13.740, 29.51, 0.16595, 0.57532, -0.06516, 0.79819,
 15:45:43.201,f6:90:cc:01:6d:25, 2015-01-01 03:56:57.965, 0.912, 0.236, 0.297, -0.061, -0.122, 0, 38.425, -67.363, 149.474, -26.673, -15.847, -8.560, 32.31, 0.03116, 0.57721, 0.12604, 0.80615,
 15:45:43.201,f6:90:cc:01:6d:25, 2015-01-01 03:56:57.965, 0.913, 0.236, 0.297, 0, 0, 0, 38.425, -67.363, 149.474, -26.673, -15.847, -8.560, 32.31, 0.03116, 0.57721, 0.12604, 0.80615,
 15:45:43.203,ed:35:33:d3:6c:f8, 2015-01-01 03:56:58.090, 0.38, -0.073, 0.917, -0.244, -0.427, 0, -4.603, -22.275, 160.186, -10.787, -6.200, -35.033, 30.67, -0.17621, -0.18311, 0.07199, -0.96445,
 15:45:43.203,ed:35:33:d3:6c:f8, 2015-01-01 03:56:58.090, 0.378, -0.072, 0.917, 0, -0.427, 0, -4.609, -22.286, 160.186, -10.787, -6.200, -35.033, 30.67, -0.17621, -0.18311, 0.07199, -0.96445,
 15:45:43.222,ed:40:fe:65:30:6c, 2015-01-01 03:57:03.090, 0.553, 0.011, 0.839, -0.061, -0.244, 0, 0.857, -33.437, -121.19, -18.080, -6.593, -7.713, 28.4, 0.47214, -0.24686, -0.14746, -0.83325,
 15:45:43.223,ed:40:fe:65:30:6c, 2015-01-01 03:57:03.090, 0.553, 0.01, 0.836, 0, -0.183, 0, 0.857, -33.437, -121.196, -18.080, -6.593, -7.713, 28.4, 0.47214, -0.24686, -0.14746, -0.83325,
 15:45:43.223,e3:ca:2d:fd:e0:8c, 2015-01-01 03:56:57.860, 0.956, 0.088, 0.337, 0, 0, 0, 14.782, -70.076, 146.102, -25.800, -13.513, -13.740, 29.51, 0.16595, 0.57532, -0.06516, 0.79819,
 15:45:43.223,e3:ca:2d:fd:e0:8c, 2015-01-01 03:56:57.860, 0.956, 0.087, 0.336, 0, 0, 0, 14.782, -70.071, 146.102, -25.800, -13.513, -13.740, 29.51, 0.16595, 0.57532, -0.06516, 0.79819,
 15:45:43.226,f6:90:cc:01:6d:25, 2015-01-01 03:56:57.965, 0.91, 0.235, 0.296, 0.122, 0.183, 0, 38.425, -67.363, 149.48, -26.673, -15.847, -8.560, 32.31, 0.0307, 0.5773, 0.12631, 0.80606,
 15:45:43.226,f6:90:cc:01:6d:25, 2015-01-01 03:56:57.965, 0.91, 0.233, 0.296, 0.244, 0.244, 0, 38.425, -67.363, 149.491, -26.673, -15.847, -8.560, 32.31, 0.0307, 0.5773, 0.12631, 0.80606,
 15:45:43.248,ed:35:33:d3:6c:f8, 2015-01-01 03:56:58.090, 0.38, -0.072, 0.914, -0.122, -0.305, 0, -4.603, -22.297, 160.186, -10.787, -6.200, -35.033, 30.67, -0.17621, -0.18311, 0.07199, -0.96445,
 15:45:43.248,ed:35:33:d3:6c:f8, 2015-01-01 03:56:58.090, 0.379, -0.07, 0.914, 0, 0, 0, -4.609, -22.302, 160.186, -10.787, -6.200, -35.033, 30.67, -0.17621, -0.18311, 0.07199, -0.96445,
 15:45:43.267,ed:40:fe:65:30:6c, 2015-01-01 03:57:03.090, 0.553, 0.012, 0.834, 0.061, 0, 0, 0.857, -33.437, -121.196, -18.080, -6.593, -7.713, 28.4, 0.47214, -0.24686, -0.14746, -0.83325,
 15:45:43.267,ed:40:fe:65:30:6c, 2015-01-01 03:57:03.090, 0.554, 0.014, 0.838, 0.122, 0, 0, 0.857, -33.437, -121.196, -18.080, -6.593, -7.713, 28.4, 0.47214, -0.24686, -0.14746, -0.83325,
 15:45:43.268,e3:ca:2d:fd:e0:8c, 2015-01-01 03:56:57.860, 0.96, 0.088, 0.337, 0, 0, 0, 14.782, -70.071, 146.102, -25.800, -13.513, -13.740, 29.51, 0.16595, 0.57532, -0.06516, 0.79819,
 15:45:43.268,e3:ca:2d:fd:e0:8c, 2015-01-01 03:56:57.860, 0.959, 0.089, 0.337, 0, 0, 0, 14.777, -70.071, 146.102, -25.800, -13.513, -13.740, 29.51, 0.16595, 0.57532, -0.06516, 0.79819,
 15:45:43.269,f6:90:cc:01:6d:25, 2015-01-01 03:56:57.965, 0.912, 0.235, 0.294, 0, 0.061, 0, 38.419, -67.357, 149.496, -26.673, -15.847, -8.560, 32.31, 0.0307, 0.5773, 0.12631, 0.80606,
 15:45:43.269,f6:90:cc:01:6d:25, 2015-01-01 03:56:57.965, 0.913, 0.237, 0.297, -0.183, 0, 0, 38.419, -67.363, 149.502, -26.673, -15.847, -8.560, 32.31, 0.0307, 0.5773, 0.12631, 0.80606,
 15:45:43.269,ed:35:33:d3:6c:f8, 2015-01-01 03:56:58.090, 0.378, -0.071, 0.92, 0, 0, 0, -4.603, -22.302, 160.181, -10.787, -6.200, -35.033, 30.67, -0.17621, -0.18311, 0.07199, -0.96445,
 15:45:43.269,ed:35:33:d3:6c:f8, 2015-01-01 03:56:58.090, 0.378, -0.072, 0.923, 0.061, -0.122, 0, -4.603, -22.302, 160.181, -10.787, -6.200, -35.033, 30.67, -0.17621, -0.18311, 0.07199, -0.96445,
 15:45:43.289,ed:40:fe:65:30:6c, 2015-01-01 03:57:03.090, 0.553, 0.012, 0.84, 0.061, 0.061, 0, 0.857, -33.437, -121.196, -18.080, -6.593, -7.713, 28.4, 0.47214, -0.24686, -0.14746, -0.83325,
 15:45:43.289,ed:40:fe:65:30:6c, 2015-01-01 03:57:03.090, 0.553, 0.012, 0.841, 0.122, 0, 0, 0.862, -33.437, -121.196, -18.080, -6.593, -7.713, 28.4, 0.47214, -0.24686, -0.14746, -0.83325,
 15:45:43.313,e3:ca:2d:fd:e0:8c, 2015-01-01 03:56:57.860, 0.958, 0.089, 0.336, 0, 0, 0, 14.777, -70.071, 146.102, -25.800, -13.513, -13.740, 29.51, 0.16595, 0.57532, -0.06516, 0.79819,
 15:45:43.313,e3:ca:2d:fd:e0:8c, 2015-01-01 03:56:57.860, 0.959, 0.089, 0.335, 0, 0, 0, 14.777, -70.071, 146.102, -25.800, -13.513, -13.740, 29.51, 0.16595, 0.57532, -0.06516, 0.79819,
 15:45:43.314,f6:90:cc:01:6d:25, 2015-01-01 03:56:58.300, 0.912, 0.236, 0.295, -0.122, -0.122, 0, 38.419, -67.363, 149.502, -26.673, -15.847, -8.560, 32.31, 0.0307, 0.5773, 0.12631, 0.80606,
 15:45:43.314,f6:90:cc:01:6d:25, 2015-01-01 03:56:58.300, 0.912, 0.236, 0.295, -0.061, 0, 0, 38.419, -67.363, 149.502, -26.673, -15.847, -8.560, 32.31, 0.0307, 0.5773, 0.12631, 0.80606,
 15:45:43.315,ed:35:33:d3:6c:f8, 2015-01-01 03:56:58.090, 0.381, -0.071, 0.921, 0, -0.244, 0, -4.598, -22.308, 160.181, -10.787, -6.200, -35.033, 30.67, -0.17621, -0.18311, 0.07199, -0.96445,
 15:45:43.315,ed:35:33:d3:6c:f8, 2015-01-01 03:56:58.090, 0.379, -0.072, 0.917, -0.183, -0.366, 0, -4.598, -22.313, 160.175, -10.787, -6.200, -35.033, 30.67, -0.17621, -0.18311, 0.07199, -0.96445,
 15:45:43.337,f6:90:cc:01:6d:25, 2015-01-01 03:56:58.300, 0.91, 0.236, 0.295, 0, 0, 0, 38.419, -67.363, 149.502, -26.673, -15.847, -8.560, 32.31, 0.0307, 0.5773, 0.12631, 0.80606,
 15:45:43.337,f6:90:cc:01:6d:25, 2015-01-01 03:56:58.300, 0.908, 0.236, 0.295, -0.061, 0.122, 0, 38.419, -67.363, 149.507, -26.673, -15.847, -8.560, 32.31, 0.0307, 0.5773, 0.12631, 0.80606,
 15:45:43.357,ed:40:fe:65:30:6c, 2015-01-01 03:57:03.090, 0.554, 0.012, 0.839, 0.061, -0.183, 0, 0.862, -33.437, -121.201, -18.080, -6.593, -7.713, 28.4, 0.47214, -0.24686, -0.14746, -0.83325,
 15:45:43.357,ed:40:fe:65:30:6c, 2015-01-01 03:57:03.090, 0.553, 0.012, 0.837, 0, -0.122, 0, 0.862, -33.442, -121.201, -18.080, -6.593, -7.713, 28.4, 0.47214, -0.24686, -0.14746, -0.83325,
 15:45:43.361,ed:35:33:d3:6c:f8, 2015-01-01 03:56:58.090, 0.378, -0.071, 0.914, -0.061, -0.183, 0, -4.603, -22.319, 160.175, -10.787, -6.200, -35.033, 30.67, -0.17621, -0.18311, 0.07199, -0.96445,
 15:45:43.361,ed:35:33:d3:6c:f8, 2015-01-01 03:56:58.090, 0.378, -0.07, 0.915, 0, -0.122, 0, -4.603, -22.324, 160.175, -10.787, -6.200, -35.033, 30.67, -0.17621, -0.18311, 0.07199, -0.96445,
 15:45:43.379,ed:40:fe:65:30:6c, 2015-01-01 03:57:03.090, 0.552, 0.013, 0.836, 0, -0.061, 0, 0.862, -33.442, -121.201, -18.413, -6.440, -7.013, 28.4, 0.47214, -0.24686, -0.14746, -0.83325,
 15:45:43.379,ed:40:fe:65:30:6c, 2015-01-01 03:57:03.090, 0.552, 0.012, 0.836, 0, -0.061, 0, 0.862, -33.442, -121.201, -18.413, -6.440, -7.013, 28.4, 0.47214, -0.24686, -0.14746, -0.83325,
 15:45:43.380,e3:ca:2d:fd:e0:8c, 2015-01-01 03:56:57.860, 0.958, 0.089, 0.335, -0.122, 0, 0, 14.777, -70.071, 146.102, -25.800, -13.513, -13.740, 29.51, 0.16595, 0.57532, -0.06516, 0.79819,
 15:45:43.380,e3:ca:2d:fd:e0:8c, 2015-01-01 03:56:57.860, 0.956, 0.088, 0.334, 0, -0.061, 0, 14.777, -70.071, 146.102, -25.800, -13.513, -13.740, 29.51, 0.16595, 0.57532, -0.06516, 0.79819,
 15:45:43.381,f6:90:cc:01:6d:25, 2015-01-01 03:56:58.300, 0.909, 0.236, 0.295, 0, 0.061, 0, 38.419, -67.363, 149.513, -26.673, -15.847, -8.560, 32.31, 0.0307, 0.5773, 0.12631, 0.80606,
 15:45:43.381,f6:90:cc:01:6d:25, 2015-01-01 03:56:58.300, 0.911, 0.235, 0.298, 0, 0.061, 0, 38.419, -67.363, 149.518, -26.673, -15.847, -8.560, 32.31, 0.0307, 0.5773, 0.12631, 0.80606,
 15:45:43.402,e3:ca:2d:fd:e0:8c, 2015-01-01 03:56:57.860, 0.957, 0.089, 0.336, 0, 0, 0, 14.777, -70.071, 146.102, -25.913, -13.247, -12.233, 29.51, 0.16595, 0.57532, -0.06516, 0.79819,
 15:45:43.402,e3:ca:2d:fd:e0:8c, 2015-01-01 03:56:57.860, 0.957, 0.089, 0.338, -0.061, 0, 0, 14.777, -70.071, 146.102, -25.913, -13.247, -12.233, 29.51, 0.16595, 0.57532, -0.06516, 0.79819,
 15:45:43.406,ed:35:33:d3:6c:f8, 2015-01-01 03:56:58.090, 0.378, -0.072, 0.916, 0, -0.183, 0, -4.598, -22.33, 160.175, -10.853, -6.473, -34.413, 30.67, -0.17621, -0.18311, 0.07199, -0.96445,
 15:45:43.406,ed:35:33:d3:6c:f8, 2015-01-01 03:56:58.090, 0.378, -0.073, 0.918, -0.122, -0.061, 0, -4.598, -22.33, 160.17, -10.853, -6.473, -34.413, 30.67, -0.17621, -0.18311, 0.07199, -0.96445,
 15:45:43.425,ed:40:fe:65:30:6c, 2015-01-01 03:57:03.090, 0.552, 0.011, 0.838, 0.061, -0.061, 0, 0.862, -33.442, -121.201, -18.413, -6.440, -7.013, 28.4, 0.47214, -0.24686, -0.14746, -0.83325,
 15:45:43.425,ed:40:fe:65:30:6c, 2015-01-01 03:57:03.090, 0.553, 0.011, 0.839, 0.061, -0.061, 0, 0.862, -33.442, -121.207, -18.413, -6.440, -7.013, 28.4, 0.47214, -0.24686, -0.14746, -0.83325,
 15:45:43.427,f6:90:cc:01:6d:25, 2015-01-01 03:56:58.300, 0.911, 0.235, 0.297, 0.122, 0, 0, 38.419, -67.363, 149.524, -26.673, -15.847, -8.560, 32.31, 0.0307, 0.5773, 0.12631, 0.80606,
 15:45:43.427,f6:90:cc:01:6d:25, 2015-01-01 03:56:58.300, 0.913, 0.235, 0.299, 0, 0, 0, 38.419, -67.363, 149.524, -26.673, -15.847, -8.560, 32.31, 0.0307, 0.5773, 0.12631, 0.80606,
 15:45:43.446,ed:40:fe:65:30:6c, 2015-01-01 03:57:03.090, 0.552, 0.012, 0.84, 0.061, -0.061, 0, 0.862, -33.448, -121.207, -18.413, -6.440, -7.013, 28.4, 0.47192, -0.24713, -0.14752, -0.83325,
 15:45:43.446,ed:40:fe:65:30:6c, 2015-01-01 03:57:03.090, 0.552, 0.011, 0.84, 0.061, -0.061, 0, 0.862, -33.448, -121.207, -18.413, -6.440, -7.013, 28.4, 0.47192, -0.24713, -0.14752, -0.83325,
 15:45:43.448,e3:ca:2d:fd:e0:8c, 2015-01-01 03:56:57.860, 0.958, 0.088, 0.339, 0, 0, 0, 14.777, -70.071, 146.102, -25.913, -13.247, -12.233, 29.51, 0.16595, 0.57532, -0.06516, 0.79819,
 15:45:43.448,e3:ca:2d:fd:e0:8c, 2015-01-01 03:56:57.860, 0.958, 0.089, 0.338, 0, 0, 0, 14.777, -70.071, 146.102, -25.913, -13.247, -12.233, 29.51, 0.16595, 0.57532, -0.06516, 0.79819,
 15:45:43.450,ed:35:33:d3:6c:f8, 2015-01-01 03:56:58.090, 0.379, -0.071, 0.918, 0, -0.122, 0, -4.598, -22.335, 160.17, -10.853, -6.473, -34.413, 30.67, -0.17642, -0.18384, 0.07211, -0.96426,
 15:45:43.450,ed:35:33:d3:6c:f8, 2015-01-01 03:56:58.090, 0.378, -0.072, 0.919, 0, 0, 0, -4.598, -22.335, 160.17, -10.853, -6.473, -34.413, 30.67, -0.17642, -0.18384, 0.07211, -0.96426,
 15:45:43.471,e3:ca:2d:fd:e0:8c, 2015-01-01 03:56:57.860, 0.958, 0.089, 0.337, -0.122, 0, 0, 14.777, -70.065, 146.102, -25.913, -13.247, -12.233, 29.51, 0.16605, 0.57526, -0.06522, 0.79822,
 15:45:43.471,e3:ca:2d:fd:e0:8c, 2015-01-01 03:56:57.860, 0.956, 0.089, 0.336, -0.061, -0.122, 0, 14.777, -70.071, 146.102, -25.913, -13.247, -12.233, 29.51, 0.16605, 0.57526, -0.06522, 0.79822,
 15:45:43.472,f6:90:cc:01:6d:25, 2015-01-01 03:56:58.300, 0.911, 0.236, 0.297, 0, -0.122, 0, 38.425, -67.368, 149.524, -26.673, -15.847, -8.560, 32.31, 0.0307, 0.5773, 0.12631, 0.80606,
 15:45:43.472,f6:90:cc:01:6d:25, 2015-01-01 03:56:58.300, 0.91, 0.236, 0.298, 0.061, -0.061, 0, 38.425, -67.368, 149.524, -26.673, -15.847, -8.560, 32.31, 0.0307, 0.5773, 0.12631, 0.80606,
 15:45:43.475,ed:35:33:d3:6c:f8, 2015-01-01 03:56:58.405, 0.38, -0.072, 0.917, -0.122, -0.183, 0, -4.598, -22.335, 160.164, -10.853, -6.473, -34.413, 30.67, -0.17642, -0.18384, 0.07211, -0.96426,
 15:45:43.475,ed:35:33:d3:6c:f8, 2015-01-01 03:56:58.405, 0.378, -0.071, 0.914, -0.122, 0.061, 0, -4.598, -22.341, 160.164, -10.853, -6.473, -34.413, 30.67, -0.17642, -0.18384, 0.07211, -0.96426,
 15:45:43.493,ed:40:fe:65:30:6c, 2015-01-01 03:57:03.090, 0.553, 0.011, 0.837, 0.061, -0.061, 0, 0.862, -33.448, -121.207, -18.413, -6.440, -7.013, 28.4, 0.47192, -0.24713, -0.14752, -0.83325,
 15:45:43.493,ed:40:fe:65:30:6c, 2015-01-01 03:57:03.090, 0.552, 0.013, 0.837, 0.061, 0, 0, 0.862, -33.448, -121.207, -18.413, -6.440, -7.013, 28.4, 0.47192, -0.24713, -0.14752, -0.83325,
 15:45:43.516,e3:ca:2d:fd:e0:8c, 2015-01-01 03:56:57.860, 0.957, 0.088, 0.336, 0, -0.122, 0, 14.777, -70.071, 146.096, -25.913, -13.247, -12.233, 29.51, 0.16605, 0.57526, -0.06522, 0.79822,
 15:45:43.516,e3:ca:2d:fd:e0:8c, 2015-01-01 03:56:57.860, 0.957, 0.088, 0.336, 0, -0.183, 0, 14.777, -70.071, 146.096, -25.913, -13.247, -12.233, 29.51, 0.16605, 0.57526, -0.06522, 0.79822,
 15:45:43.517,ed:35:33:d3:6c:f8, 2015-01-01 03:56:58.405, 0.38, -0.071, 0.915, -0.061, 0.305, 0, -4.598, -22.335, 160.164, -10.853, -6.473, -34.413, 30.67, -0.17642, -0.18384, 0.07211, -0.96426,
 15:45:43.517,ed:35:33:d3:6c:f8, 2015-01-01 03:56:58.405, 0.38, -0.071, 0.916, 0.122, 0.366, 0, -4.598, -22.33, 160.159, -10.853, -6.473, -34.413, 30.67, -0.17642, -0.18384, 0.07211, -0.96426,
 15:45:43.536,ed:40:fe:65:30:6c, 2015-01-01 03:57:03.450, 0.553, 0.012, 0.836, 0.061, 0.061, 0, 0.862, -33.442, -121.212, -18.413, -6.440, -7.013, 28.4, 0.47192, -0.24713, -0.14752, -0.83325,
 15:45:43.536,ed:40:fe:65:30:6c, 2015-01-01 03:57:03.450, 0.554, 0.012, 0.837, 0.122, 0, 0, 0.868, -33.442, -121.212, -18.413, -6.440, -7.013, 28.4, 0.47192, -0.24713, -0.14752, -0.83325,
 15:45:43.539,f6:90:cc:01:6d:25, 2015-01-01 03:56:58.300, 0.909, 0.235, 0.296, 0.183, 0, 0, 38.43, -67.368, 149.524, -26.373, -15.320, -8.593, 32.31, 0.0307, 0.5773, 0.12631, 0.80606,
 15:45:43.539,f6:90:cc:01:6d:25, 2015-01-01 03:56:58.300, 0.909, 0.236, 0.296, 0.244, 0.061, 0, 38.436, -67.368, 149.529, -26.373, -15.320, -8.593, 32.31, 0.0307, 0.5773, 0.12631, 0.80606,
 15:45:43.560,e3:ca:2d:fd:e0:8c, 2015-01-01 03:56:58.215, 0.959, 0.088, 0.336, -0.122, -0.183, 0, 14.777, -70.076, 146.091, -25.913, -13.247, -12.233, 29.51, 0.16605, 0.57526, -0.06522, 0.79822,
 15:45:43.560,e3:ca:2d:fd:e0:8c, 2015-01-01 03:56:58.215, 0.959, 0.089, 0.336, 0, -0.061, 0, 14.782, -70.076, 146.091, -25.913, -13.247, -12.233, 29.51, 0.16605, 0.57526, -0.06522, 0.79822,
 15:45:43.561,f6:90:cc:01:6d:25, 2015-01-01 03:56:58.300, 0.911, 0.236, 0.294, 0.122, 0.061, 0, 38.436, -67.368, 149.535, -26.373, -15.320, -8.593, 32.31, 0.03024, 0.57724, 0.12668, 0.80606,
 15:45:43.561,f6:90:cc:01:6d:25, 2015-01-01 03:56:58.300, 0.913, 0.237, 0.296, 0.061, 0.061, 0, 38.436, -67.368, 149.535, -26.373, -15.320, -8.593, 32.31, 0.03024, 0.57724, 0.12668, 0.80606,
 15:45:43.562,ed:35:33:d3:6c:f8, 2015-01-01 03:56:58.405, 0.382, -0.07, 0.918, 0, 0.122, 0, -4.592, -22.324, 160.159, -10.853, -6.473, -34.413, 30.67, -0.17642, -0.18384, 0.07211, -0.96426,
 15:45:43.562,ed:35:33:d3:6c:f8, 2015-01-01 03:56:58.405, 0.382, -0.073, 0.918, 0, 0.122, 0, -4.592, -22.324, 160.159, -10.853, -6.473, -34.413, 30.67, -0.17642, -0.18384, 0.07211, -0.96426,
 15:45:43.582,ed:40:fe:65:30:6c, 2015-01-01 03:57:03.450, 0.556, 0.012, 0.838, 0.122, 0, 0, 0.868, -33.442, -121.212, -18.413, -6.440, -7.013, 28.4, 0.47192, -0.24713, -0.14752, -0.83325,
 15:45:43.582,ed:40:fe:65:30:6c, 2015-01-01 03:57:03.450, 0.556, 0.011, 0.838, 0.061, 0, 0, 0.868, -33.442, -121.212, -18.413, -6.440, -7.013, 28.4, 0.47192, -0.24713, -0.14752, -0.83325,
 15:45:43.605,e3:ca:2d:fd:e0:8c, 2015-01-01 03:56:58.215, 0.959, 0.089, 0.336, -0.122, 0, 0, 14.777, -70.076, 146.091, -25.913, -13.247, -12.233, 29.51, 0.16605, 0.57526, -0.06522, 0.79822,
 15:45:43.605,e3:ca:2d:fd:e0:8c, 2015-01-01 03:56:58.215, 0.958, 0.088, 0.336, -0.061, 0, 0, 14.777, -70.076, 146.091, -25.913, -13.247, -12.233, 29.51, 0.16605, 0.57526, -0.06522, 0.79822,
 15:45:43.608,ed:35:33:d3:6c:f8, 2015-01-01 03:56:58.405, 0.381, -0.072, 0.917, 0, 0.244, 0, -4.592, -22.324, 160.153, -10.853, -6.473, -34.413, 30.67, -0.17642, -0.18384, 0.07211, -0.96426,
 15:45:43.608,ed:35:33:d3:6c:f8, 2015-01-01 03:56:58.405, 0.38, -0.071, 0.916, 0, 0.244, 0, -4.587, -22.319, 160.153, -10.853, -6.473, -34.413, 30.67, -0.17642, -0.18384, 0.07211, -0.96426,
 15:45:43.608,f6:90:cc:01:6d:25, 2015-01-01 03:56:58.300, 0.914, 0.236, 0.296, 0, 0.122, 0, 38.436, -67.363, 149.54, -26.373, -15.320, -8.593, 32.31, 0.03024, 0.57724, 0.12668, 0.80606,
 15:45:43.608,f6:90:cc:01:6d:25, 2015-01-01 03:56:58.300, 0.913, 0.236, 0.296, 0, 0.122, 0, 38.43, -67.363, 149.551, -26.373, -15.320, -8.593, 32.31, 0.03024, 0.57724, 0.12668, 0.80606,
 15:45:43.627,ed:40:fe:65:30:6c, 2015-01-01 03:57:03.450, 0.555, 0.011, 0.838, 0.122, 0.061, 0, 0.873, -33.442, -121.212, -18.413, -6.440, -7.013, 28.4, 0.47192, -0.24713, -0.14752, -0.83325,
 15:45:43.627,ed:40:fe:65:30:6c, 2015-01-01 03:57:03.450, 0.554, 0.012, 0.837, 0.061, 0.061, 0, 0.873, -33.442, -121.212, -18.413, -6.440, -7.013, 28.4, 0.47192, -0.24713, -0.14752, -0.83325,
 15:45:43.628,e3:ca:2d:fd:e0:8c, 2015-01-01 03:56:58.215, 0.957, 0.088, 0.335, -0.061, 0, 0, 14.777, -70.076, 146.091, -25.913, -13.247, -12.233, 29.51, 0.16605, 0.57526, -0.06522, 0.79822,
 15:45:43.628,e3:ca:2d:fd:e0:8c, 2015-01-01 03:56:58.215, 0.958, 0.089, 0.335, 0, 0, 0, 14.777, -70.071, 146.091, -25.913, -13.247, -12.233, 29.51, 0.16605, 0.57526, -0.06522, 0.79822,
 15:45:43.629,f6:90:cc:01:6d:25, 2015-01-01 03:56:58.635, 0.911, 0.236, 0.295, 0, 0.122, 0, 38.43, -67.363, 149.557, -26.373, -15.320, -8.593, 32.31, 0.03024, 0.57724, 0.12668, 0.80606,
 15:45:43.629,f6:90:cc:01:6d:25, 2015-01-01 03:56:58.635, 0.91, 0.236, 0.294, 0, 0.122, 0, 38.43, -67.363, 149.562, -26.373, -15.320, -8.593, 32.31, 0.03024, 0.57724, 0.12668, 0.80606,
 15:45:43.649,ed:40:fe:65:30:6c, 2015-01-01 03:57:03.450, 0.552, 0.012, 0.836, 0.061, 0.061, 0, 0.873, -33.442, -121.218, -18.413, -6.440, -7.013, 28.4, 0.47192, -0.24713, -0.14752, -0.83325,
 15:45:43.649,ed:40:fe:65:30:6c, 2015-01-01 03:57:03.450, 0.551, 0.012, 0.837, 0.061, 0.061, 0, 0.873, -33.437, -121.218, -18.413, -6.440, -7.013, 28.4, 0.47192, -0.24713, -0.14752, -0.83325,
 15:45:43.653,ed:35:33:d3:6c:f8, 2015-01-01 03:56:58.405, 0.379, -0.071, 0.917, -0.061, 0.244, 0, -4.587, -22.319, 160.153, -10.853, -6.473, -34.413, 30.67, -0.17642, -0.18384, 0.07211, -0.96426,
 15:45:43.653,ed:35:33:d3:6c:f8, 2015-01-01 03:56:58.405, 0.378, -0.072, 0.916, -0.122, 0.183, 0, -4.587, -22.313, 160.148, -10.853, -6.473, -34.413, 30.67, -0.17642, -0.18384, 0.07211, -0.96426,
 15:45:43.675,e3:ca:2d:fd:e0:8c, 2015-01-01 03:56:58.215, 0.958, 0.089, 0.335, -0.061, 0, 0, 14.777, -70.071, 146.091, -25.913, -13.247, -12.233, 29.51, 0.16605, 0.57526, -0.06522, 0.79822,
 15:45:43.675,e3:ca:2d:fd:e0:8c, 2015-01-01 03:56:58.215, 0.958, 0.088, 0.336, -0.061, 0, 0, 14.777, -70.071, 146.091, -25.913, -13.247, -12.233, 29.51, 0.16605, 0.57526, -0.06522, 0.79822,
 15:45:43.675,ed:35:33:d3:6c:f8, 2015-01-01 03:56:58.405, 0.378, -0.072, 0.917, -0.122, 0.122, 0, -4.587, -22.313, 160.148, -10.567, -6.013, -34.487, 30.67, -0.17642, -0.18384, 0.07211, -0.96426,
 15:45:43.675,ed:35:33:d3:6c:f8, 2015-01-01 03:56:58.405, 0.378, -0.073, 0.919, 0, 0.183, 0, -4.587, -22.313, 160.148, -10.567, -6.013, -34.487, 30.67, -0.17642, -0.18384, 0.07211, -0.96426,
 15:45:43.675,f6:90:cc:01:6d:25, 2015-01-01 03:56:58.635, 0.91, 0.236, 0.295, 0.061, 0.122, 0, 38.43, -67.363, 149.568, -26.373, -15.320, -8.593, 32.31, 0.03024, 0.57724, 0.12668, 0.80606,
 15:45:43.676,f6:90:cc:01:6d:25, 2015-01-01 03:56:58.635, 0.911, 0.235, 0.295, 0, 0.122, 0, 38.425, -67.363, 149.573, -26.373, -15.320, -8.593, 32.31, 0.03024, 0.57724, 0.12668, 0.80606,
 15:45:43.697,f6:90:cc:01:6d:25, 2015-01-01 03:56:58.635, 0.912, 0.234, 0.297, -0.061, 0.122, 0, 38.425, -67.357, 149.579, -26.373, -15.320, -8.593, 32.31, 0.03024, 0.57724, 0.12668, 0.80606,
 15:45:43.697,f6:90:cc:01:6d:25, 2015-01-01 03:56:58.635, 0.911, 0.234, 0.296, -0.061, 0.244, 0, 38.414, -67.357, 149.59, -26.373, -15.320, -8.593, 32.31, 0.03024, 0.57724, 0.12668, 0.80606,
 15:45:43.717,ed:40:fe:65:30:6c, 2015-01-01 03:57:03.450, 0.552, 0.011, 0.838, 0.061, 0.122, 0, 0.873, -33.437, -121.218, -18.413, -6.440, -7.013, 28.4, 0.47192, -0.24713, -0.14752, -0.83325,
 15:45:43.717,ed:40:fe:65:30:6c, 2015-01-01 03:57:03.450, 0.552, 0.01, 0.839, 0.183, 0.061, 0, 0.873, -33.437, -121.218, -18.413, -6.440, -7.013, 28.4, 0.47192, -0.24713, -0.14752, -0.83325,
 15:45:43.721,ed:35:33:d3:6c:f8, 2015-01-01 03:56:58.405, 0.378, -0.071, 0.918, 0, 0.061, 0, -4.587, -22.313, 160.142, -10.567, -6.013, -34.487, 30.67, -0.17642, -0.18384, 0.07211, -0.96426,
 15:45:43.721,ed:35:33:d3:6c:f8, 2015-01-01 03:56:58.405, 0.378, -0.071, 0.918, -0.122, 0.122, 0, -4.587, -22.308, 160.142, -10.567, -6.013, -34.487, 30.67, -0.17642, -0.18384, 0.07211, -0.96426,
 15:45:43.739,ed:40:fe:65:30:6c, 2015-01-01 03:57:03.450, 0.552, 0.012, 0.84, 0.122, 0, 0, 0.879, -33.437, -121.218, -18.407, -6.500, -7.967, 28.4, 0.47192, -0.24713, -0.14752, -0.83325,
 15:45:43.739,ed:40:fe:65:30:6c, 2015-01-01 03:57:03.450, 0.552, 0.013, 0.839, 0.122, 0.061, 0, 0.879, -33.431, -121.218, -18.407, -6.500, -7.967, 28.4, 0.47192, -0.24713, -0.14752, -0.83325,
 15:45:43.740,e3:ca:2d:fd:e0:8c, 2015-01-01 03:56:58.215, 0.958, 0.087, 0.337, -0.061, 0, 0, 14.771, -70.071, 146.091, -25.913, -13.247, -12.233, 29.51, 0.16605, 0.57526, -0.06522, 0.79822,
 15:45:43.740,e3:ca:2d:fd:e0:8c, 2015-01-01 03:56:58.215, 0.957, 0.088, 0.338, -0.061, 0, 0, 14.771, -70.071, 146.091, -25.913, -13.247, -12.233, 29.51, 0.16605, 0.57526, -0.06522, 0.79822,
 15:45:43.742,f6:90:cc:01:6d:25, 2015-01-01 03:56:58.635, 0.911, 0.235, 0.299, 0, 0.244, 0, 38.408, -67.352, 149.601, -26.373, -15.320, -8.593, 32.31, 0.03024, 0.57724, 0.12668, 0.80606,
 15:45:43.742,f6:90:cc:01:6d:25, 2015-01-01 03:56:58.635, 0.91, 0.236, 0.299, 0.122, 0.183, 0, 38.408, -67.352, 149.606, -26.373, -15.320, -8.593, 32.31, 0.03024, 0.57724, 0.12668, 0.80606,
 15:45:43.763,e3:ca:2d:fd:e0:8c, 2015-01-01 03:56:58.215, 0.957, 0.089, 0.338, -0.122, 0, 0, 14.771, -70.071, 146.091, -25.887, -13.567, -13.487, 29.51, 0.16605, 0.57526, -0.06522, 0.79822,
 15:45:43.763,e3:ca:2d:fd:e0:8c, 2015-01-01 03:56:58.215, 0.957, 0.088, 0.338, -0.122, 0, 0, 14.766, -70.071, 146.091, -25.887, -13.567, -13.487, 29.51, 0.16605, 0.57526, -0.06522, 0.79822,
 15:45:43.765,ed:35:33:d3:6c:f8, 2015-01-01 03:56:58.405, 0.378, -0.073, 0.917, -0.061, 0.122, 0, -4.587, -22.308, 160.142, -10.567, -6.013, -34.487, 30.67, -0.17661, -0.18365, 0.07199, -0.96426,
 15:45:43.765,ed:35:33:d3:6c:f8, 2015-01-01 03:56:58.405, 0.376, -0.073, 0.916, -0.061, 0.305, 0, -4.587, -22.308, 160.137, -10.567, -6.013, -34.487, 30.67, -0.17661, -0.18365, 0.07199, -0.96426,
 15:45:43.784,ed:40:fe:65:30:6c, 2015-01-01 03:57:03.450, 0.551, 0.01, 0.838, 0.061, 0.061, 0, 0.879, -33.431, -121.218, -18.407, -6.500, -7.967, 28.4, 0.47192, -0.24713, -0.14752, -0.83325,
 15:45:43.784,ed:40:fe:65:30:6c, 2015-01-01 03:57:03.450, 0.55, 0.011, 0.838, 0.122, 0.122, 0, 0.879, -33.426, -121.223, -18.407, -6.500, -7.967, 28.4, 0.47192, -0.24713, -0.14752, -0.83325,
 15:45:43.809,f6:90:cc:01:6d:25, 2015-01-01 03:56:58.635, 0.91, 0.235, 0.299, 0.061, 0.183, 0, 38.403, -67.346, 149.617, -26.373, -15.320, -8.593, 32.31, 0.03024, 0.57724, 0.12668, 0.80606,
 15:45:43.809,f6:90:cc:01:6d:25, 2015-01-01 03:56:58.635, 0.91, 0.235, 0.297, 0.122, 0.122, 0, 38.403, -67.346, 149.623, -26.373, -15.320, -8.593, 32.31, 0.03024, 0.57724, 0.12668, 0.80606,
 15:45:43.809,e3:ca:2d:fd:e0:8c, 2015-01-01 03:56:58.215, 0.957, 0.088, 0.337, -0.061, -0.061, 0, 14.766, -70.071, 146.091, -25.887, -13.567, -13.487, 29.51, 0.16605, 0.57526, -0.06522, 0.79822,
 15:45:43.809,e3:ca:2d:fd:e0:8c, 2015-01-01 03:56:58.215, 0.957, 0.088, 0.337, -0.061, -0.122, 0, 14.766, -70.071, 146.085, -25.887, -13.567, -13.487, 29.51, 0.16605, 0.57526, -0.06522, 0.79822,
 15:45:43.810,ed:35:33:d3:6c:f8, 2015-01-01 03:56:58.715, 0.376, -0.071, 0.917, -0.061, 0.305, 0, -4.587, -22.302, 160.137, -10.567, -6.013, -34.487, 30.67, -0.17661, -0.18365, 0.07199, -0.96426,
 15:45:43.810,ed:35:33:d3:6c:f8, 2015-01-01 03:56:58.715, 0.377, -0.07, 0.918, 0, 0.122, 0, -4.587, -22.297, 160.137, -10.567, -6.013, -34.487, 30.67, -0.17661, -0.18365, 0.07199, -0.96426,
 15:45:43.831,e3:ca:2d:fd:e0:8c, 2015-01-01 03:56:58.215, 0.958, 0.089, 0.336, -0.061, -0.122, 0, 14.766, -70.071, 146.085, -25.887, -13.567, -13.487, 29.51, 0.1662, 0.57526, -0.06537, 0.79816,
 15:45:43.831,e3:ca:2d:fd:e0:8c, 2015-01-01 03:56:58.215, 0.959, 0.088, 0.336, -0.061, -0.122, 0, 14.766, -70.076, 146.085, -25.887, -13.567, -13.487, 29.51, 0.1662, 0.57526, -0.06537, 0.79816,
 15:45:43.852,ed:40:fe:65:30:6c, 2015-01-01 03:57:03.450, 0.55, 0.012, 0.838, 0.122, 0.122, 0, 0.879, -33.426, -121.223, -18.407, -6.500, -7.967, 28.4, 0.47186, -0.24695, -0.14755, -0.83334,
 15:45:43.852,ed:40:fe:65:30:6c, 2015-01-01 03:57:03.450, 0.552, 0.013, 0.839, 0.122, 0.122, 0, 0.884, -33.42, -121.223, -18.407, -6.500, -7.967, 28.4, 0.47186, -0.24695, -0.14755, -0.83334,
 15:45:43.854,f6:90:cc:01:6d:25, 2015-01-01 03:56:58.635, 0.91, 0.234, 0.297, 0.183, 0.183, 0, 38.397, -67.346, 149.628, -26.373, -15.320, -8.593, 32.31, 0.03024, 0.57724, 0.12668, 0.80606,
 15:45:43.854,f6:90:cc:01:6d:25, 2015-01-01 03:56:58.635, 0.911, 0.235, 0.295, 0.122, 0.183, 0, 38.397, -67.341, 149.634, -26.373, -15.320, -8.593, 32.31, 0.03024, 0.57724, 0.12668, 0.80606,
 15:45:43.855,ed:35:33:d3:6c:f8, 2015-01-01 03:56:58.715, 0.379, -0.071, 0.92, 0, 0.061, 0, -4.587, -22.297, 160.131, -10.567, -6.013, -34.487, 30.67, -0.17661, -0.18365, 0.07199, -0.96426,
 15:45:43.855,ed:35:33:d3:6c:f8, 2015-01-01 03:56:58.715, 0.38, -0.072, 0.92, 0, -0.061, 0, -4.581, -22.297, 160.131, -10.567, -6.013, -34.487, 30.67, -0.17661, -0.18365, 0.07199, -0.96426,
 15:45:43.875,ed:40:fe:65:30:6c, 2015-01-01 03:57:03.805, 0.554, 0.014, 0.839, 0.122, 0, 0, 0.884, -33.42, -121.223, -18.407, -6.500, -7.967, 28.4, 0.47186, -0.24695, -0.14755, -0.83334,
 15:45:43.875,ed:40:fe:65:30:6c, 2015-01-01 03:57:03.805, 0.555, 0.013, 0.84, 0.122, -0.061, 0, 0.884, -33.42, -121.223, -18.407, -6.500, -7.967, 28.4, 0.47186, -0.24695, -0.14755, -0.83334,
 15:45:43.875,e3:ca:2d:fd:e0:8c, 2015-01-01 03:56:58.215, 0.959, 0.088, 0.336, -0.122, -0.061, 0, 14.766, -70.076, 146.08, -25.887, -13.567, -13.487, 29.51, 0.1662, 0.57526, -0.06537, 0.79816,
 15:45:43.875,e3:ca:2d:fd:e0:8c, 2015-01-01 03:56:58.215, 0.959, 0.089, 0.335, -0.122, -0.183, 0, 14.766, -70.076, 146.08, -25.887, -13.567, -13.487, 29.51, 0.1662, 0.57526, -0.06537, 0.79816,
 15:45:43.876,f6:90:cc:01:6d:25, 2015-01-01 03:56:58.635, 0.912, 0.235, 0.296, 0.061, 0.183, 0, 38.392, -67.341, 149.645, -26.467, -15.400, -7.580, 32.31, 0.03024, 0.57724, 0.12668, 0.80606,
 15:45:43.876,f6:90:cc:01:6d:25, 2015-01-01 03:56:58.635, 0.913, 0.236, 0.298, 0, 0.061, 0, 38.386, -67.341, 149.65, -26.467, -15.400, -7.580, 32.31, 0.03024, 0.57724, 0.12668, 0.80606,
 15:45:43.877,ed:35:33:d3:6c:f8, 2015-01-01 03:56:58.715, 0.38, -0.071, 0.918, -0.122, 0, 0, -4.581, -22.297, 160.131, -10.567, -6.013, -34.487, 30.67, -0.17661, -0.18365, 0.07199, -0.96426,
 15:45:43.877,ed:35:33:d3:6c:f8, 2015-01-01 03:56:58.715, 0.38, -0.072, 0.918, -0.183, -0.244, 0, -4.581, -22.297, 160.131, -10.567, -6.013, -34.487, 30.67, -0.17661, -0.18365, 0.07199, -0.96426,
 15:45:43.897,ed:40:fe:65:30:6c, 2015-01-01 03:57:03.805, 0.554, 0.012, 0.839, 0.061, -0.061, 0, 0.89, -33.42, -121.223, -18.407, -6.500, -7.967, 28.4, 0.47186, -0.24695, -0.14755, -0.83334,
 15:45:43.897,ed:40:fe:65:30:6c, 2015-01-01 03:57:03.805, 0.554, 0.012, 0.84, 0, -0.122, 0, 0.884, -33.426, -121.223, -18.407, -6.500, -7.967, 28.4, 0.47186, -0.24695, -0.14755, -0.83334,
 15:45:43.921,e3:ca:2d:fd:e0:8c, 2015-01-01 03:56:58.575, 0.959, 0.089, 0.336, -0.122, -0.122, 0, 14.76, -70.082, 146.074, -25.887, -13.567, -13.487, 29.51, 0.1662, 0.57526, -0.06537, 0.79816,
 15:45:43.921,e3:ca:2d:fd:e0:8c, 2015-01-01 03:56:58.575, 0.956, 0.088, 0.336, -0.061, -0.122, 0, 14.766, -70.082, 146.074, -25.887, -13.567, -13.487, 29.51, 0.1662, 0.57526, -0.06537, 0.79816,
 15:45:43.922,f6:90:cc:01:6d:25, 2015-01-01 03:56:58.635, 0.912, 0.236, 0.297, 0, 0.061, 0, 38.386, -67.341, 149.65, -26.467, -15.400, -7.580, 32.31, 0.03024, 0.57724, 0.12668, 0.80606,
 15:45:43.922,f6:90:cc:01:6d:25, 2015-01-01 03:56:58.635, 0.911, 0.235, 0.297, 0, 0.122, 0, 38.386, -67.341, 149.656, -26.467, -15.400, -7.580, 32.31, 0.03024, 0.57724, 0.12668, 0.80606,
 15:45:43.923,ed:35:33:d3:6c:f8, 2015-01-01 03:56:58.715, 0.377, -0.072, 0.916, -0.061, 0.061, 0, -4.587, -22.302, 160.126, -10.567, -6.013, -34.487, 30.67, -0.17661, -0.18365, 0.07199, -0.96426,
 15:45:43.923,ed:35:33:d3:6c:f8, 2015-01-01 03:56:58.715, 0.378, -0.071, 0.915, -0.183, 0, 0, -4.587, -22.302, 160.126, -10.567, -6.013, -34.487, 30.67, -0.17661, -0.18365, 0.07199, -0.96426,
 15:45:43.943,ed:40:fe:65:30:6c, 2015-01-01 03:57:03.805, 0.551, 0.011, 0.836, 0.122, -0.061, 0, 0.89, -33.426, -121.229, -18.407, -6.500, -7.967, 28.4, 0.47186, -0.24695, -0.14755, -0.83334,
 15:45:43.943,ed:40:fe:65:30:6c, 2015-01-01 03:57:03.805, 0.551, 0.012, 0.836, 0.061, 0, 0, 0.89, -33.426, -121.229, -18.407, -6.500, -7.967, 28.4, 0.47186, -0.24695, -0.14755, -0.83334,
 15:45:43.944,f6:90:cc:01:6d:25, 2015-01-01 03:56:58.635, 0.908, 0.234, 0.295, 0.244, 0.244, 0, 38.381, -67.335, 149.667, -26.467, -15.400, -7.580, 32.31, 0.02972, 0.5769, 0.12704, 0.80624,
 15:45:43.944,f6:90:cc:01:6d:25, 2015-01-01 03:56:58.635, 0.909, 0.234, 0.296, 0.122, 0.305, 0, 38.375, -67.33, 149.678, -26.467, -15.400, -7.580, 32.31, 0.02972, 0.5769, 0.12704, 0.80624,
 15:45:43.965,e3:ca:2d:fd:e0:8c, 2015-01-01 03:56:58.575, 0.955, 0.088, 0.336, -0.061, -0.061, 0, 14.766, -70.082, 146.074, -25.887, -13.567, -13.487, 29.51, 0.1662, 0.57526, -0.06537, 0.79816,
 15:45:43.965,e3:ca:2d:fd:e0:8c, 2015-01-01 03:56:58.575, 0.957, 0.087, 0.337, 0, 0, 0, 14.766, -70.082, 146.074, -25.887, -13.567, -13.487, 29.51, 0.1662, 0.57526, -0.06537, 0.79816,
 15:45:43.968,ed:35:33:d3:6c:f8, 2015-01-01 03:56:58.715, 0.38, -0.07, 0.914, -0.061, 0.122, 0, -4.587, -22.302, 160.126, -10.567, -6.013, -34.487, 30.67, -0.17661, -0.18365, 0.07199, -0.96426,
 15:45:43.968,ed:35:33:d3:6c:f8, 2015-01-01 03:56:58.715, 0.379, -0.071, 0.917, 0, 0.305, 0, -4.587, -22.302, 160.126, -10.567, -6.013, -34.487, 30.67, -0.17661, -0.18365, 0.07199, -0.96426,
 15:45:43.986,ed:40:fe:65:30:6c, 2015-01-01 03:57:03.805, 0.552, 0.013, 0.837, 0.122, 0, 0, 0.89, -33.426, -121.229, -18.407, -6.500, -7.967, 28.4, 0.47186, -0.24695, -0.14755, -0.83334,
 15:45:43.986,ed:40:fe:65:30:6c, 2015-01-01 03:57:03.805, 0.554, 0.012, 0.84, 0.183, 0, 0, 0.895, -33.426, -121.229, -18.407, -6.500, -7.967, 28.4, 0.47186, -0.24695, -0.14755, -0.83334,
 15:45:43.987,e3:ca:2d:fd:e0:8c, 2015-01-01 03:56:58.575, 0.96, 0.088, 0.337, 0, -0.061, 0, 14.766, -70.082, 146.074, -25.887, -13.567, -13.487, 29.51, 0.1662, 0.57526, -0.06537, 0.79816,
 15:45:43.987,e3:ca:2d:fd:e0:8c, 2015-01-01 03:56:58.575, 0.958, 0.089, 0.337, -0.061, -0.122, 0, 14.766, -70.082, 146.069, -25.887, -13.567, -13.487, 29.51, 0.1662, 0.57526, -0.06537, 0.79816,
 15:45:43.988,f6:90:cc:01:6d:25, 2015-01-01 03:56:58.635, 0.914, 0.235, 0.298, 0, 0.183, 0, 38.37, -67.33, 149.689, -26.467, -15.400, -7.580, 32.31, 0.02972, 0.5769, 0.12704, 0.80624,
 15:45:43.988,f6:90:cc:01:6d:25, 2015-01-01 03:56:58.635, 0.912, 0.235, 0.299, 0, 0.122, 0, 38.37, -67.33, 149.694, -26.467, -15.400, -7.580, 32.31, 0.02972, 0.5769, 0.12704, 0.80624,
 15:45:44.032,e3:ca:2d:fd:e0:8c, 2015-01-01 03:56:58.575, 0.958, 0.088, 0.337, -0.061, -0.061, 0, 14.766, -70.082, 146.069, -25.887, -13.567, -13.487, 29.51, 0.1662, 0.57526, -0.06537, 0.79816,
 15:45:44.032,e3:ca:2d:fd:e0:8c, 2015-01-01 03:56:58.575, 0.958, 0.088, 0.336, -0.061, 0, 0, 14.76, -70.082, 146.069, -25.887, -13.567, -13.487, 29.51, 0.1662, 0.57526, -0.06537, 0.79816,
 15:45:44.033,f6:90:cc:01:6d:25, 2015-01-01 03:56:59.015, 0.911, 0.235, 0.298, 0, 0.061, 0, 38.364, -67.33, 149.7, -26.467, -15.400, -7.580, 32.31, 0.02972, 0.5769, 0.12704, 0.80624,
 15:45:44.033,f6:90:cc:01:6d:25, 2015-01-01 03:56:59.015, 0.909, 0.235, 0.297, -0.061, 0.122, 0, 38.359, -67.324, 149.7, -26.467, -15.400, -7.580, 32.31, 0.02972, 0.5769, 0.12704, 0.80624,
 15:45:44.035,ed:35:33:d3:6c:f8, 2015-01-01 03:56:58.715, 0.379, -0.072, 0.922, 0.183, 0.244, 0, -4.581, -22.297, 160.12, -10.847, -6.273, -34.867, 30.67, -0.17661, -0.18365, 0.07199, -0.96426,
 15:45:44.035,ed:35:33:d3:6c:f8, 2015-01-01 03:56:58.715, 0.378, -0.073, 0.92, 0.183, 0.244, 0, -4.576, -22.291, 160.12, -10.847, -6.273, -34.867, 30.67, -0.17661, -0.18365, 0.07199, -0.96426,
 15:45:44.054,ed:40:fe:65:30:6c, 2015-01-01 03:57:03.805, 0.553, 0.012, 0.842, 0.244, 0, 0, 0.901, -33.42, -121.229, -18.407, -6.500, -7.967, 28.4, 0.47186, -0.24695, -0.14755, -0.83334,
 15:45:44.054,ed:40:fe:65:30:6c, 2015-01-01 03:57:03.805, 0.553, 0.011, 0.841, 0.305, 0, 0, 0.906, -33.42, -121.229, -18.407, -6.500, -7.967, 28.4, 0.47186, -0.24695, -0.14755, -0.83334,
 15:45:44.058,ed:35:33:d3:6c:f8, 2015-01-01 03:56:58.715, 0.377, -0.073, 0.919, 0, 0.122, 0, -4.576, -22.286, 160.12, -10.847, -6.273, -34.867, 30.67, -0.17679, -0.18347, 0.0719, -0.96426,
 15:45:44.058,ed:35:33:d3:6c:f8, 2015-01-01 03:56:58.715, 0.377, -0.072, 0.917, 0, 0.244, 0, -4.57, -22.286, 160.115, -10.847, -6.273, -34.867, 30.67, -0.17679, -0.18347, 0.0719, -0.96426,
 15:45:44.078,ed:40:fe:65:30:6c, 2015-01-01 03:57:03.805, 0.551, 0.011, 0.839, 0.183, -0.122, 0, 0.906, -33.426, -121.229, -18.533, -6.787, -6.987, 28.4, 0.47186, -0.24695, -0.14755, -0.83334,
 15:45:44.078,ed:40:fe:65:30:6c, 2015-01-01 03:57:03.805, 0.551, 0.013, 0.838, 0.122, -0.061, 0, 0.906, -33.426, -121.234, -18.533, -6.787, -6.987, 28.4, 0.47186, -0.24695, -0.14755, -0.83334,
 15:45:44.078,e3:ca:2d:fd:e0:8c, 2015-01-01 03:56:58.575, 0.957, 0.088, 0.335, -0.122, 0, 0, 14.76, -70.082, 146.069, -25.887, -13.567, -13.487, 29.51, 0.1662, 0.57526, -0.06537, 0.79816,
 15:45:44.078,e3:ca:2d:fd:e0:8c, 2015-01-01 03:56:58.575, 0.956, 0.087, 0.336, -0.061, -0.122, 0, 14.76, -70.082, 146.069, -25.887, -13.567, -13.487, 29.51, 0.1662, 0.57526, -0.06537, 0.79816,
 15:45:44.080,f6:90:cc:01:6d:25, 2015-01-01 03:56:59.015, 0.908, 0.235, 0.298, 0, -0.061, 0, 38.359, -67.324, 149.705, -26.467, -15.400, -7.580, 32.31, 0.02972, 0.5769, 0.12704, 0.80624,
 15:45:44.080,f6:90:cc:01:6d:25, 2015-01-01 03:56:59.015, 0.909, 0.234, 0.297, 0, -0.061, 0, 38.359, -67.33, 149.705, -26.467, -15.400, -7.580, 32.31, 0.02972, 0.5769, 0.12704, 0.80624,
 15:45:44.080,ed:35:33:d3:6c:f8, 2015-01-01 03:56:58.715, 0.377, -0.069, 0.915, 0.061, 0.244, 0, -4.57, -22.28, 160.115, -10.847, -6.273, -34.867, 30.67, -0.17679, -0.18347, 0.0719, -0.96426,
 15:45:44.080,ed:35:33:d3:6c:f8, 2015-01-01 03:56:58.715, 0.378, -0.068, 0.916, -0.061, 0.366, 0, -4.57, -22.275, 160.115, -10.847, -6.273, -34.867, 30.67, -0.17679, -0.18347, 0.0719, -0.96426,
 15:45:44.102,f6:90:cc:01:6d:25, 2015-01-01 03:56:59.015, 0.911, 0.235, 0.297, 0.061, 0, 0, 38.359, -67.33, 149.705, -26.467, -15.400, -7.580, 32.31, 0.02972, 0.5769, 0.12704, 0.80624,
 15:45:44.102,f6:90:cc:01:6d:25, 2015-01-01 03:56:59.015, 0.912, 0.234, 0.298, 0.122, 0.122, 0, 38.359, -67.33, 149.705, -26.467, -15.400, -7.580, 32.31, 0.02972, 0.5769, 0.12704, 0.80624,
 15:45:44.122,ed:40:fe:65:30:6c, 2015-01-01 03:57:03.805, 0.551, 0.014, 0.836, 0.183, -0.061, 0, 0.912, -33.426, -121.234, -18.533, -6.787, -6.987, 28.4, 0.47186, -0.24695, -0.14755, -0.83334,
 15:45:44.122,ed:40:fe:65:30:6c, 2015-01-01 03:57:03.805, 0.552, 0.013, 0.836, 0.122, 0, 0, 0.912, -33.426, -121.234, -18.533, -6.787, -6.987, 28.4, 0.47186, -0.24695, -0.14755, -0.83334,
 15:45:44.125,ed:35:33:d3:6c:f8, 2015-01-01 03:56:59.030, 0.378, -0.071, 0.917, -0.061, 0.366, 0, -4.57, -22.269, 160.115, -10.847, -6.273, -34.867, 30.67, -0.17679, -0.18347, 0.0719, -0.96426,
 15:45:44.125,ed:35:33:d3:6c:f8, 2015-01-01 03:56:59.030, 0.378, -0.073, 0.918, -0.061, 0.366, 0, -4.57, -22.264, 160.109, -10.847, -6.273, -34.867, 30.67, -0.17679, -0.18347, 0.0719, -0.96426,
 15:45:44.144,ed:40:fe:65:30:6c, 2015-01-01 03:57:03.805, 0.553, 0.012, 0.837, 0.122, 0, 0, 0.917, -33.42, -121.234, -18.533, -6.787, -6.987, 28.4, 0.47186, -0.2468, -0.14774, -0.83337,
 15:45:44.144,ed:40:fe:65:30:6c, 2015-01-01 03:57:03.805, 0.553, 0.012, 0.84, 0.122, 0, 0, 0.917, -33.42, -121.234, -18.533, -6.787, -6.987, 28.4, 0.47186, -0.2468, -0.14774, -0.83337,
 15:45:44.146,e3:ca:2d:fd:e0:8c, 2015-01-01 03:56:58.575, 0.957, 0.088, 0.337, -0.061, -0.183, 0, 14.76, -70.087, 146.063, -25.520, -13.373, -13.233, 29.51, 0.1662, 0.57526, -0.06537, 0.79816,
 15:45:44.146,e3:ca:2d:fd:e0:8c, 2015-01-01 03:56:58.575, 0.958, 0.088, 0.337, 0, -0.122, 0, 14.76, -70.087, 146.063, -25.520, -13.373, -13.233, 29.51, 0.1662, 0.57526, -0.06537, 0.79816,
 15:45:44.146,f6:90:cc:01:6d:25, 2015-01-01 03:56:59.015, 0.913, 0.234, 0.298, 0, 0, 0, 38.359, -67.33, 149.711, -26.467, -15.400, -7.580, 32.31, 0.02972, 0.5769, 0.12704, 0.80624,
 15:45:44.146,f6:90:cc:01:6d:25, 2015-01-01 03:56:59.015, 0.912, 0.235, 0.299, -0.061, -0.061, 0, 38.359, -67.33, 149.716, -26.467, -15.400, -7.580, 32.31, 0.02972, 0.5769, 0.12704, 0.80624,
 15:45:44.167,e3:ca:2d:fd:e0:8c, 2015-01-01 03:56:58.575, 0.958, 0.088, 0.338, 0, -0.061, 0, 14.76, -70.087, 146.063, -25.520, -13.373, -13.233, 29.51, 0.16635, 0.57535, -0.06555, 0.79807,
 15:45:44.167,e3:ca:2d:fd:e0:8c, 2015-01-01 03:56:58.575, 0.958, 0.088, 0.338, -0.122, -0.061, 0, 14.76, -70.087, 146.063, -25.520, -13.373, -13.233, 29.51, 0.16635, 0.57535, -0.06555, 0.79807,
 15:45:44.170,ed:35:33:d3:6c:f8, 2015-01-01 03:56:59.030, 0.378, -0.073, 0.92, 0, 0.305, 0, -4.565, -22.258, 160.109, -10.847, -6.273, -34.867, 30.67, -0.17679, -0.18347, 0.0719, -0.96426,
 15:45:44.170,ed:35:33:d3:6c:f8, 2015-01-01 03:56:59.030, 0.377, -0.073, 0.919, 0.061, 0, 0, -4.565, -22.253, 160.109, -10.847, -6.273, -34.867, 30.67, -0.17679, -0.18347, 0.0719, -0.96426,
 15:45:44.191,f6:90:cc:01:6d:25, 2015-01-01 03:56:59.015, 0.909, 0.235, 0.298, 0.061, 0, 0, 38.359, -67.33, 149.716, -26.467, -15.400, -7.580, 32.31, 0.02972, 0.5769, 0.12704, 0.80624,
 15:45:44.191,f6:90:cc:01:6d:25, 2015-01-01 03:56:59.015, 0.909, 0.235, 0.296, 0.122, 0, 0, 38.359, -67.33, 149.716, -26.467, -15.400, -7.580, 32.31, 0.02972, 0.5769, 0.12704, 0.80624,
 15:45:44.191,ed:40:fe:65:30:6c, 2015-01-01 03:57:03.805, 0.552, 0.011, 0.839, 0.122, -0.061, 0, 0.917, -33.42, -121.234, -18.533, -6.787, -6.987, 28.4, 0.47186, -0.2468, -0.14774, -0.83337,
 15:45:44.191,ed:40:fe:65:30:6c, 2015-01-01 03:57:03.805, 0.551, 0.013, 0.838, 0.061, 0, 0, 0.923, -33.42, -121.234, -18.533, -6.787, -6.987, 28.4, 0.47186, -0.2468, -0.14774, -0.83337,
 15:45:44.211,ed:40:fe:65:30:6c, 2015-01-01 03:57:04.140, 0.552, 0.014, 0.837, 0, -0.061, 0, 0.923, -33.42, -121.234, -18.533, -6.787, -6.987, 28.4, 0.47186, -0.2468, -0.14774, -0.83337,
 15:45:44.211,ed:40:fe:65:30:6c, 2015-01-01 03:57:04.140, 0.552, 0.012, 0.836, 0.061, 0, 0, 0.917, -33.42, -121.24, -18.533, -6.787, -6.987, 28.4, 0.47186, -0.2468, -0.14774, -0.83337,
 15:45:44.212,e3:ca:2d:fd:e0:8c, 2015-01-01 03:56:58.575, 0.958, 0.09, 0.336, -0.061, 0, 0, 14.755, -70.087, 146.063, -25.520, -13.373, -13.233, 29.51, 0.16635, 0.57535, -0.06555, 0.79807,
 15:45:44.212,e3:ca:2d:fd:e0:8c, 2015-01-01 03:56:58.575, 0.957, 0.089, 0.335, -0.061, -0.061, 0, 14.755, -70.087, 146.058, -25.520, -13.373, -13.233, 29.51, 0.16635, 0.57535, -0.06555, 0.79807,
 15:45:44.214,ed:35:33:d3:6c:f8, 2015-01-01 03:56:59.030, 0.377, -0.073, 0.918, -0.305, 0, 0, -4.565, -22.258, 160.104, -10.847, -6.273, -34.867, 30.67, -0.17679, -0.18347, 0.0719, -0.96426,
 15:45:44.214,ed:35:33:d3:6c:f8, 2015-01-01 03:56:59.030, 0.378, -0.07, 0.916, -0.366, -0.061, 0, -4.57, -22.258, 160.104, -10.847, -6.273, -34.867, 30.67, -0.17679, -0.18347, 0.0719, -0.96426,
 15:45:44.235,e3:ca:2d:fd:e0:8c, 2015-01-01 03:56:58.910, 0.957, 0.088, 0.335, 0, -0.122, 0, 14.76, -70.087, 146.058, -25.520, -13.373, -13.233, 29.51, 0.16635, 0.57535, -0.06555, 0.79807,
 15:45:44.235,e3:ca:2d:fd:e0:8c, 2015-01-01 03:56:58.910, 0.958, 0.087, 0.335, 0, -0.244, 0, 14.76, -70.093, 146.052, -25.520, -13.373, -13.233, 29.51, 0.16635, 0.57535, -0.06555, 0.79807,
 15:45:44.238,ed:35:33:d3:6c:f8, 2015-01-01 03:56:59.030, 0.378, -0.071, 0.916, -0.244, 0.183, 0, -4.576, -22.258, 160.104, -10.847, -6.273, -34.867, 30.67, -0.17679, -0.18347, 0.0719, -0.96426,
 15:45:44.238,ed:35:33:d3:6c:f8, 2015-01-01 03:56:59.030, 0.378, -0.07, 0.918, 0, 0.183, 0, -4.581, -22.253, 160.104, -10.847, -6.273, -34.867, 30.67, -0.17679, -0.18347, 0.0719, -0.96426,
 15:45:44.257,ed:40:fe:65:30:6c, 2015-01-01 03:57:04.140, 0.554, 0.013, 0.838, 0.122, 0, 0, 0.923, -33.42, -121.24, -18.533, -6.787, -6.987, 28.4, 0.47186, -0.2468, -0.14774, -0.83337,
 15:45:44.257,ed:40:fe:65:30:6c, 2015-01-01 03:57:04.140, 0.554, 0.013, 0.838, 0.122, -0.061, 0, 0.923, -33.42, -121.24, -18.533, -6.787, -6.987, 28.4, 0.47186, -0.2468, -0.14774, -0.83337,
 15:45:44.259,f6:90:cc:01:6d:25, 2015-01-01 03:56:59.015, 0.91, 0.235, 0.298, 0.061, 0, 0, 38.359, -67.33, 149.716, -26.560, -15.547, -8.053, 32.31, 0.02972, 0.5769, 0.12704, 0.80624,
 15:45:44.259,f6:90:cc:01:6d:25, 2015-01-01 03:56:59.015, 0.911, 0.234, 0.296, 0, 0.061, 0, 38.359, -67.33, 149.716, -26.560, -15.547, -8.053, 32.31, 0.02972, 0.5769, 0.12704, 0.80624,
 15:45:44.281,e3:ca:2d:fd:e0:8c, 2015-01-01 03:56:58.910, 0.958, 0.087, 0.336, 0, -0.183, 0, 14.766, -70.098, 146.052, -25.520, -13.373, -13.233, 29.51, 0.16635, 0.57535, -0.06555, 0.79807,
 15:45:44.281,e3:ca:2d:fd:e0:8c, 2015-01-01 03:56:58.910, 0.958, 0.088, 0.337, 0, -0.122, 0, 14.766, -70.098, 146.047, -25.520, -13.373, -13.233, 29.51, 0.16635, 0.57535, -0.06555, 0.79807,
 15:45:44.281,f6:90:cc:01:6d:25, 2015-01-01 03:56:59.015, 0.912, 0.235, 0.295, 0.122, 0, 0, 38.359, -67.33, 149.722, -26.560, -15.547, -8.053, 32.31, 0.02945, 0.57678, 0.1272, 0.8063,
 15:45:44.281,f6:90:cc:01:6d:25, 2015-01-01 03:56:59.015, 0.913, 0.235, 0.299, 0, -0.061, 0, 38.359, -67.33, 149.722, -26.560, -15.547, -8.053, 32.31, 0.02945, 0.57678, 0.1272, 0.8063,
 15:45:44.282,ed:35:33:d3:6c:f8, 2015-01-01 03:56:59.030, 0.379, -0.071, 0.918, 0, 0.122, 0, -4.576, -22.253, 160.104, -10.847, -6.273, -34.867, 30.67, -0.17679, -0.18347, 0.0719, -0.96426,
 15:45:44.282,ed:35:33:d3:6c:f8, 2015-01-01 03:56:59.030, 0.379, -0.073, 0.919, -0.122, 0, 0, -4.576, -22.253, 160.098, -10.847, -6.273, -34.867, 30.67, -0.17679, -0.18347, 0.0719, -0.96426,
 15:45:44.301,ed:40:fe:65:30:6c, 2015-01-01 03:57:04.140, 0.554, 0.012, 0.839, 0, -0.122, 0, 0.923, -33.426, -121.24, -18.533, -6.787, -6.987, 28.4, 0.47186, -0.2468, -0.14774, -0.83337,
 15:45:44.301,ed:40:fe:65:30:6c, 2015-01-01 03:57:04.140, 0.553, 0.013, 0.838, 0, -0.061, 0, 0.923, -33.426, -121.24, -18.533, -6.787, -6.987, 28.4, 0.47186, -0.2468, -0.14774, -0.83337,
 15:45:44.305,f6:90:cc:01:6d:25, 2015-01-01 03:56:59.015, 0.912, 0.235, 0.298, 0, 0, 0, 38.359, -67.335, 149.722, -26.560, -15.547, -8.053, 32.31, 0.02945, 0.57678, 0.1272, 0.8063,
 15:45:44.305,f6:90:cc:01:6d:25, 2015-01-01 03:56:59.015, 0.911, 0.234, 0.298, -0.183, 0, 0, 38.359, -67.335, 149.722, -26.560, -15.547, -8.053, 32.31, 0.02945, 0.57678, 0.1272, 0.8063,
 15:45:44.325,e3:ca:2d:fd:e0:8c, 2015-01-01 03:56:58.910, 0.958, 0.088, 0.337, -0.061, -0.061, 0, 14.766, -70.098, 146.047, -25.520, -13.373, -13.233, 29.51, 0.16635, 0.57535, -0.06555, 0.79807,
 15:45:44.325,e3:ca:2d:fd:e0:8c, 2015-01-01 03:56:58.910, 0.958, 0.088, 0.337, -0.061, 0, 0, 14.76, -70.098, 146.047, -25.520, -13.373, -13.233, 29.51, 0.16635, 0.57535, -0.06555, 0.79807,
 15:45:44.327,ed:35:33:d3:6c:f8, 2015-01-01 03:56:59.030, 0.379, -0.072, 0.917, -0.305, 0, 0, -4.581, -22.253, 160.098, -10.980, -6.060, -35.033, 30.67, -0.17679, -0.18347, 0.0719, -0.96426,
 15:45:44.327,ed:35:33:d3:6c:f8, 2015-01-01 03:56:59.030, 0.377, -0.072, 0.917, -0.305, 0.061, 0, -4.587, -22.253, 160.098, -10.980, -6.060, -35.033, 30.67, -0.17679, -0.18347, 0.0719, -0.96426,
 15:45:44.347,ed:40:fe:65:30:6c, 2015-01-01 03:57:04.140, 0.552, 0.013, 0.837, -0.061, 0, 0, 0.923, -33.426, -121.24, -18.533, -6.787, -6.987, 28.4, 0.47186, -0.2468, -0.14774, -0.83337,
 15:45:44.347,ed:40:fe:65:30:6c, 2015-01-01 03:57:04.140, 0.551, 0.012, 0.837, 0, 0, 0, 0.923, -33.426, -121.24, -18.533, -6.787, -6.987, 28.4, 0.47186, -0.2468, -0.14774, -0.83337,
 15:45:44.348,f6:90:cc:01:6d:25, 2015-01-01 03:56:59.015, 0.911, 0.235, 0.296, -0.122, 0, 0, 38.353, -67.335, 149.727, -26.560, -15.547, -8.053, 32.31, 0.02945, 0.57678, 0.1272, 0.8063,
 15:45:44.348,f6:90:cc:01:6d:25, 2015-01-01 03:56:59.015, 0.91, 0.234, 0.297, 0, 0.061, 0, 38.353, -67.335, 149.727, -26.560, -15.547, -8.053, 32.31, 0.02945, 0.57678, 0.1272, 0.8063,
 15:45:44.370,e3:ca:2d:fd:e0:8c, 2015-01-01 03:56:58.910, 0.957, 0.088, 0.335, -0.061, 0, 0, 14.76, -70.098, 146.047, -25.520, -13.373, -13.233, 29.51, 0.16635, 0.57535, -0.06555, 0.79807,
 15:45:44.370,e3:ca:2d:fd:e0:8c, 2015-01-01 03:56:58.910, 0.958, 0.087, 0.335, 0, 0, 0, 14.76, -70.093, 146.047, -25.520, -13.373, -13.233, 29.51, 0.16635, 0.57535, -0.06555, 0.79807,
 15:45:44.373,ed:35:33:d3:6c:f8, 2015-01-01 03:56:59.030, 0.376, -0.072, 0.916, -0.122, 0.122, 0, -4.587, -22.253, 160.098, -10.980, -6.060, -35.033, 30.67, -0.177, -0.18314, 0.07202, -0.96429,
 15:45:44.373,ed:35:33:d3:6c:f8, 2015-01-01 03:56:59.030, 0.376, -0.072, 0.917, -0.122, 0.122, 0, -4.587, -22.253, 160.093, -10.980, -6.060, -35.033, 30.67, -0.177, -0.18314, 0.07202, -0.96429,
 15:45:44.394,f6:90:cc:01:6d:25, 2015-01-01 03:56:59.370, 0.911, 0.233, 0.297, 0.061, 0.122, 0, 38.348, -67.335, 149.733, -26.560, -15.547, -8.053, 32.31, 0.02945, 0.57678, 0.1272, 0.8063,
 15:45:44.394,f6:90:cc:01:6d:25, 2015-01-01 03:56:59.370, 0.911, 0.234, 0.298, 0.122, 0.122, 0, 38.348, -67.335, 149.738, -26.560, -15.547, -8.053, 32.31, 0.02945, 0.57678, 0.1272, 0.8063,
 15:45:44.415,ed:40:fe:65:30:6c, 2015-01-01 03:57:04.140, 0.551, 0.011, 0.838, 0, 0, 0, 0.917, -33.426, -121.24, -18.533, -6.787, -6.987, 28.4, 0.47186, -0.2468, -0.14774, -0.83337,
 15:45:44.415,ed:40:fe:65:30:6c, 2015-01-01 03:57:04.140, 0.552, 0.012, 0.838, 0, 0, 0, 0.917, -33.426, -121.24, -18.533, -6.787, -6.987, 28.4, 0.47186, -0.2468, -0.14774, -0.83337,
 15:45:44.416,e3:ca:2d:fd:e0:8c, 2015-01-01 03:56:58.910, 0.958, 0.087, 0.336, 0, 0, 0, 14.76, -70.093, 146.047, -25.520, -13.373, -13.233, 29.51, 0.16635, 0.57535, -0.06555, 0.79807,
 15:45:44.416,e3:ca:2d:fd:e0:8c, 2015-01-01 03:56:58.910, 0.958, 0.087, 0.336, 0, 0, 0, 14.755, -70.093, 146.047, -25.520, -13.373, -13.233, 29.51, 0.16635, 0.57535, -0.06555, 0.79807,
 15:45:44.417,ed:35:33:d3:6c:f8, 2015-01-01 03:56:59.320, 0.378, -0.072, 0.917, -0.122, 0.061, 0, -4.592, -22.253, 160.093, -10.980, -6.060, -35.033, 30.67, -0.177, -0.18314, 0.07202, -0.96429,
 15:45:44.417,ed:35:33:d3:6c:f8, 2015-01-01 03:56:59.320, 0.377, -0.071, 0.918, 0, 0.183, 0, -4.592, -22.247, 160.093, -10.980, -6.060, -35.033, 30.67, -0.177, -0.18314, 0.07202, -0.96429,
 15:45:44.437,ed:40:fe:65:30:6c, 2015-01-01 03:57:04.140, 0.553, 0.013, 0.839, 0.061, 0, 0, 0.917, -33.426, -121.245, -18.360, -6.913, -7.260, 28.4, 0.47186, -0.2468, -0.14774, -0.83337,
 15:45:44.437,ed:40:fe:65:30:6c, 2015-01-01 03:57:04.140, 0.552, 0.012, 0.839, 0.061, 0, 0, 0.917, -33.426, -121.245, -18.360, -6.913, -7.260, 28.4, 0.47186, -0.2468, -0.14774, -0.83337,
 15:45:44.438,e3:ca:2d:fd:e0:8c, 2015-01-01 03:56:58.910, 0.958, 0.088, 0.337, 0, 0, 0, 14.755, -70.093, 146.047, -25.840, -13.793, -13.173, 29.51, 0.16635, 0.57535, -0.06555, 0.79807,
 15:45:44.439,e3:ca:2d:fd:e0:8c, 2015-01-01 03:56:58.910, 0.958, 0.088, 0.336, 0, -0.061, 0, 14.755, -70.093, 146.047, -25.840, -13.793, -13.173, 29.51, 0.16635, 0.57535, -0.06555, 0.79807,
 15:45:44.441,ed:35:33:d3:6c:f8, 2015-01-01 03:56:59.320, 0.377, -0.072, 0.918, -0.122, 0.183, 0, -4.592, -22.247, 160.093, -10.980, -6.060, -35.033, 30.67, -0.177, -0.18314, 0.07202, -0.96429,
 15:45:44.441,ed:35:33:d3:6c:f8, 2015-01-01 03:56:59.320, 0.377, -0.073, 0.919, -0.061, 0.183, 0, -4.592, -22.242, 160.093, -10.980, -6.060, -35.033, 30.67, -0.177, -0.18314, 0.07202, -0.96429,
 15:45:44.441,f6:90:cc:01:6d:25, 2015-01-01 03:56:59.370, 0.911, 0.235, 0.298, 0.244, 0.061, 0, 38.348, -67.335, 149.744, -26.560, -15.547, -8.053, 32.31, 0.02945, 0.57678, 0.1272, 0.8063,
 15:45:44.441,f6:90:cc:01:6d:25, 2015-01-01 03:56:59.370, 0.911, 0.235, 0.298, 0.122, 0.061, 0, 38.348, -67.335, 149.744, -26.560, -15.547, -8.053, 32.31, 0.02945, 0.57678, 0.1272, 0.8063,
 15:45:44.461,f6:90:cc:01:6d:25, 2015-01-01 03:56:59.370, 0.911, 0.235, 0.297, 0.122, 0.122, 0, 38.348, -67.335, 149.749, -26.560, -15.547, -8.053, 32.31, 0.02945, 0.57678, 0.1272, 0.8063,
 15:45:44.461,f6:90:cc:01:6d:25, 2015-01-01 03:56:59.370, 0.911, 0.235, 0.299, 0.122, 0.122, 0, 38.342, -67.33, 149.755, -26.560, -15.547, -8.053, 32.31, 0.02945, 0.57678, 0.1272, 0.8063,
 15:45:44.482,ed:40:fe:65:30:6c, 2015-01-01 03:57:04.140, 0.552, 0.012, 0.839, 0, 0, 0, 0.917, -33.426, -121.245, -18.360, -6.913, -7.260, 28.4, 0.47186, -0.2468, -0.14774, -0.83337,
 15:45:44.482,ed:40:fe:65:30:6c, 2015-01-01 03:57:04.140, 0.553, 0.013, 0.838, 0, 0, 0, 0.917, -33.426, -121.245, -18.360, -6.913, -7.260, 28.4, 0.47186, -0.2468, -0.14774, -0.83337,
 15:45:44.483,e3:ca:2d:fd:e0:8c, 2015-01-01 03:56:58.910, 0.958, 0.088, 0.337, 0, 0, 0, 14.755, -70.093, 146.047, -25.840, -13.793, -13.173, 29.51, 0.16635, 0.57535, -0.06555, 0.79807,
 15:45:44.483,e3:ca:2d:fd:e0:8c, 2015-01-01 03:56:58.910, 0.958, 0.089, 0.336, 0, 0, 0, 14.755, -70.093, 146.047, -25.840, -13.793, -13.173, 29.51, 0.16635, 0.57535, -0.06555, 0.79807,
 15:45:44.485,ed:35:33:d3:6c:f8, 2015-01-01 03:56:59.320, 0.378, -0.072, 0.917, -0.061, 0.122, 0, -4.592, -22.242, 160.087, -10.980, -6.060, -35.033, 30.67, -0.177, -0.18314, 0.07202, -0.96429,
 15:45:44.485,ed:35:33:d3:6c:f8, 2015-01-01 03:56:59.320, 0.377, -0.071, 0.917, -0.061, 0.305, 0, -4.592, -22.236, 160.087, -10.980, -6.060, -35.033, 30.67, -0.177, -0.18314, 0.07202, -0.96429,
 15:45:44.503,ed:40:fe:65:30:6c, 2015-01-01 03:57:04.140, 0.552, 0.013, 0.838, 0, 0, 0, 0.917, -33.42, -121.245, -18.360, -6.913, -7.260, 28.4, 0.4718, -0.2468, -0.14774, -0.8334,
 15:45:44.503,ed:40:fe:65:30:6c, 2015-01-01 03:57:04.140, 0.551, 0.013, 0.838, 0, 0, 0, 0.917, -33.42, -121.245, -18.360, -6.913, -7.260, 28.4, 0.4718, -0.2468, -0.14774, -0.8334,
 15:45:44.507,f6:90:cc:01:6d:25, 2015-01-01 03:56:59.370, 0.91, 0.235, 0.297, 0.122, 0.122, 0, 38.342, -67.33, 149.76, -26.560, -15.547, -8.053, 32.31, 0.02945, 0.57678, 0.1272, 0.8063,
 15:45:44.507,f6:90:cc:01:6d:25, 2015-01-01 03:56:59.370, 0.91, 0.234, 0.297, 0, 0, 0, 38.337, -67.33, 149.76, -26.560, -15.547, -8.053, 32.31, 0.02945, 0.57678, 0.1272, 0.8063,
 15:45:44.530,ed:35:33:d3:6c:f8, 2015-01-01 03:56:59.320, 0.375, -0.071, 0.917, -0.183, 0.244, 0, -4.592, -22.236, 160.087, -10.980, -6.060, -35.033, 30.67, -0.177, -0.18314, 0.07202, -0.96429,
 15:45:44.530,ed:35:33:d3:6c:f8, 2015-01-01 03:56:59.320, 0.376, -0.071, 0.919, -0.061, 0.183, 0, -4.592, -22.231, 160.087, -10.980, -6.060, -35.033, 30.67, -0.177, -0.18314, 0.07202, -0.96429,
 15:45:44.550,e3:ca:2d:fd:e0:8c, 2015-01-01 03:56:58.910, 0.958, 0.088, 0.336, 0, 0, 0, 14.749, -70.093, 146.047, -25.840, -13.793, -13.173, 29.51, 0.1665, 0.57535, -0.0657, 0.798,
 15:45:44.550,e3:ca:2d:fd:e0:8c, 2015-01-01 03:56:58.910, 0.958, 0.088, 0.336, 0, 0, 0, 14.749, -70.093, 146.047, -25.840, -13.793, -13.173, 29.51, 0.1665, 0.57535, -0.0657, 0.798,
 15:45:44.550,ed:40:fe:65:30:6c, 2015-01-01 03:57:04.140, 0.551, 0.013, 0.839, 0, 0, 0, 0.917, -33.42, -121.245, -18.360, -6.913, -7.260, 28.4, 0.4718, -0.2468, -0.14774, -0.8334,
 15:45:44.550,ed:40:fe:65:30:6c, 2015-01-01 03:57:04.140, 0.553, 0.011, 0.839, 0, -0.122, 0, 0.917, -33.42, -121.245, -18.360, -6.913, -7.260, 28.4, 0.4718, -0.2468, -0.14774, -0.8334,
 15:45:44.552,f6:90:cc:01:6d:25, 2015-01-01 03:56:59.370, 0.911, 0.235, 0.297, 0, 0, 0, 38.337, -67.33, 149.766, -26.560, -15.547, -8.053, 32.31, 0.02945, 0.57678, 0.1272, 0.8063,
 15:45:44.552,f6:90:cc:01:6d:25, 2015-01-01 03:56:59.370, 0.911, 0.235, 0.298, 0.122, 0, 0, 38.337, -67.33, 149.766, -26.560, -15.547, -8.053, 32.31, 0.02945, 0.57678, 0.1272, 0.8063,
 15:45:44.573,e3:ca:2d:fd:e0:8c, 2015-01-01 03:56:59.245, 0.958, 0.088, 0.336, 0, 0, 0, 14.749, -70.093, 146.047, -25.840, -13.793, -13.173, 29.51, 0.1665, 0.57535, -0.0657, 0.798,
 15:45:44.573,e3:ca:2d:fd:e0:8c, 2015-01-01 03:56:59.245, 0.958, 0.088, 0.336, 0, 0, 0, 14.749, -70.093, 146.047, -25.840, -13.793, -13.173, 29.51, 0.1665, 0.57535, -0.0657, 0.798,
 15:45:44.576,ed:35:33:d3:6c:f8, 2015-01-01 03:56:59.320, 0.377, -0.073, 0.919, 0, 0, 0, -4.592, -22.231, 160.082, -10.980, -6.060, -35.033, 30.67, -0.177, -0.18314, 0.07202, -0.96429,
 15:45:44.576,ed:35:33:d3:6c:f8, 2015-01-01 03:56:59.320, 0.379, -0.072, 0.918, 0, -0.061, 0, -4.592, -22.231, 160.082, -10.980, -6.060, -35.033, 30.67, -0.177, -0.18314, 0.07202, -0.96429,
 15:45:44.594,ed:40:fe:65:30:6c, 2015-01-01 03:57:04.500, 0.554, 0.012, 0.839, 0, -0.122, 0, 0.917, -33.42, -121.245, -18.360, -6.913, -7.260, 28.4, 0.4718, -0.2468, -0.14774, -0.8334,
 15:45:44.594,ed:40:fe:65:30:6c, 2015-01-01 03:57:04.500, 0.553, 0.014, 0.838, -0.061, -0.122, 0, 0.912, -33.426, -121.245, -18.360, -6.913, -7.260, 28.4, 0.4718, -0.2468, -0.14774, -0.8334,
 15:45:44.596,e3:ca:2d:fd:e0:8c, 2015-01-01 03:56:59.245, 0.959, 0.088, 0.336, 0, 0, 0, 14.749, -70.087, 146.047, -25.840, -13.793, -13.173, 29.51, 0.1665, 0.57535, -0.0657, 0.798,
 15:45:44.596,e3:ca:2d:fd:e0:8c, 2015-01-01 03:56:59.245, 0.958, 0.088, 0.336, 0, 0, 0, 14.749, -70.087, 146.047, -25.840, -13.793, -13.173, 29.51, 0.1665, 0.57535, -0.0657, 0.798,
 15:45:44.617,ed:40:fe:65:30:6c, 2015-01-01 03:57:04.500, 0.555, 0.013, 0.839, -0.122, -0.244, 0, 0.912, -33.426, -121.251, -18.360, -6.913, -7.260, 28.4, 0.4718, -0.2468, -0.14774, -0.8334,
 15:45:44.617,ed:40:fe:65:30:6c, 2015-01-01 03:57:04.500, 0.552, 0.01, 0.837, 0, -0.122, 0, 0.912, -33.431, -121.251, -18.360, -6.913, -7.260, 28.4, 0.4718, -0.2468, -0.14774, -0.8334,
 15:45:44.619,f6:90:cc:01:6d:25, 2015-01-01 03:56:59.370, 0.911, 0.235, 0.297, 0.061, 0, 0, 38.337, -67.33, 149.766, -26.333, -15.580, -7.720, 32.31, 0.02945, 0.57678, 0.1272, 0.8063,
 15:45:44.619,f6:90:cc:01:6d:25, 2015-01-01 03:56:59.370, 0.912, 0.235, 0.298, 0.122, 0.122, 0, 38.337, -67.33, 149.771, -26.333, -15.580, -7.720, 32.31, 0.02945, 0.57678, 0.1272, 0.8063,
 15:45:44.620,ed:35:33:d3:6c:f8, 2015-01-01 03:56:59.320, 0.377, -0.07, 0.918, -0.122, -0.122, 0, -4.592, -22.231, 160.082, -10.860, -6.127, -34.860, 30.67, -0.177, -0.18314, 0.07202, -0.96429,
 15:45:44.620,ed:35:33:d3:6c:f8, 2015-01-01 03:56:59.320, 0.38, -0.073, 0.918, -0.244, -0.366, 0, -4.592, -22.236, 160.082, -10.860, -6.127, -34.860, 30.67, -0.177, -0.18314, 0.07202, -0.96429,
 15:45:44.641,e3:ca:2d:fd:e0:8c, 2015-01-01 03:56:59.245, 0.957, 0.088, 0.336, 0, 0, 0, 14.749, -70.087, 146.047, -25.840, -13.793, -13.173, 29.51, 0.1665, 0.57535, -0.0657, 0.798,
 15:45:44.641,e3:ca:2d:fd:e0:8c, 2015-01-01 03:56:59.245, 0.956, 0.088, 0.337, 0, 0, 0, 14.749, -70.087, 146.047, -25.840, -13.793, -13.173, 29.51, 0.1665, 0.57535, -0.0657, 0.798,
 15:45:44.643,ed:35:33:d3:6c:f8, 2015-01-01 03:56:59.320, 0.376, -0.073, 0.916, -0.061, -0.244, 0, -4.592, -22.247, 160.082, -10.860, -6.127, -34.860, 30.67, -0.17712, -0.18304, 0.07208, -0.96426,
 15:45:44.643,ed:35:33:d3:6c:f8, 2015-01-01 03:56:59.320, 0.378, -0.071, 0.916, -0.122, -0.122, 0, -4.592, -22.247, 160.082, -10.860, -6.127, -34.860, 30.67, -0.17712, -0.18304, 0.07208, -0.96426,
 15:45:44.643,f6:90:cc:01:6d:25, 2015-01-01 03:56:59.370, 0.912, 0.235, 0.299, 0.183, 0, 0, 38.337, -67.33, 149.771, -26.333, -15.580, -7.720, 32.31, 0.02917, 0.57675, 0.12732, 0.80637,
 15:45:44.643,f6:90:cc:01:6d:25, 2015-01-01 03:56:59.370, 0.909, 0.234, 0.297, 0.244, 0, 0, 38.342, -67.33, 149.771, -26.333, -15.580, -7.720, 32.31, 0.02917, 0.57675, 0.12732, 0.80637,
 15:45:44.663,ed:40:fe:65:30:6c, 2015-01-01 03:57:04.500, 0.552, 0.011, 0.836, 0, -0.122, 0, 0.906, -33.431, -121.251, -18.360, -6.913, -7.260, 28.4, 0.4718, -0.2468, -0.14774, -0.8334,
 15:45:44.663,ed:40:fe:65:30:6c, 2015-01-01 03:57:04.500, 0.553, 0.013, 0.837, 0.061, -0.122, 0, 0.906, -33.437, -121.251, -18.360, -6.913, -7.260, 28.4, 0.4718, -0.2468, -0.14774, -0.8334,
 15:45:44.685,e3:ca:2d:fd:e0:8c, 2015-01-01 03:56:59.245, 0.958, 0.087, 0.336, 0, 0, 0, 14.749, -70.087, 146.047, -25.840, -13.793, -13.173, 29.51, 0.1665, 0.57535, -0.0657, 0.798,
 15:45:44.685,e3:ca:2d:fd:e0:8c, 2015-01-01 03:56:59.245, 0.959, 0.088, 0.336, 0, 0, 0, 14.744, -70.087, 146.047, -25.840, -13.793, -13.173, 29.51, 0.1665, 0.57535, -0.0657, 0.798,
 15:45:44.687,f6:90:cc:01:6d:25, 2015-01-01 03:56:59.370, 0.91, 0.233, 0.297, 0, 0, 0, 38.342, -67.335, 149.777, -26.333, -15.580, -7.720, 32.31, 0.02917, 0.57675, 0.12732, 0.80637,
 15:45:44.687,f6:90:cc:01:6d:25, 2015-01-01 03:56:59.370, 0.913, 0.234, 0.297, 0, 0, 0, 38.342, -67.335, 149.777, -26.333, -15.580, -7.720, 32.31, 0.02917, 0.57675, 0.12732, 0.80637,
 15:45:44.688,ed:35:33:d3:6c:f8, 2015-01-01 03:56:59.320, 0.378, -0.071, 0.916, 0.061, -0.122, 0, -4.592, -22.253, 160.082, -10.860, -6.127, -34.860, 30.67, -0.17712, -0.18304, 0.07208, -0.96426,
 15:45:44.688,ed:35:33:d3:6c:f8, 2015-01-01 03:56:59.320, 0.378, -0.072, 0.919, 0.183, -0.061, 0, -4.592, -22.253, 160.082, -10.860, -6.127, -34.860, 30.67, -0.17712, -0.18304, 0.07208, -0.96426,
 15:45:44.707,ed:40:fe:65:30:6c, 2015-01-01 03:57:04.500, 0.554, 0.012, 0.84, 0.061, -0.061, 0, 0.906, -33.437, -121.251, -18.360, -6.913, -7.260, 28.4, 0.4718, -0.2468, -0.14774, -0.8334,
 15:45:44.707,ed:40:fe:65:30:6c, 2015-01-01 03:57:04.500, 0.553, 0.013, 0.841, 0.122, -0.061, 0, 0.906, -33.437, -121.251, -18.360, -6.913, -7.260, 28.4, 0.4718, -0.2468, -0.14774, -0.8334,
 15:45:44.709,f6:90:cc:01:6d:25, 2015-01-01 03:56:59.705, 0.913, 0.235, 0.297, 0.122, -0.122, 0, 38.342, -67.335, 149.777, -26.333, -15.580, -7.720, 32.31, 0.02917, 0.57675, 0.12732, 0.80637,
 15:45:44.709,f6:90:cc:01:6d:25, 2015-01-01 03:56:59.705, 0.912, 0.237, 0.299, 0.122, -0.122, 0, 38.348, -67.335, 149.771, -26.333, -15.580, -7.720, 32.31, 0.02917, 0.57675, 0.12732, 0.80637,
 15:45:44.734,ed:35:33:d3:6c:f8, 2015-01-01 03:56:59.610, 0.378, -0.072, 0.921, 0.122, -0.366, 0, -4.587, -22.258, 160.082, -10.860, -6.127, -34.860, 30.67, -0.17712, -0.18304, 0.07208, -0.96426,
 15:45:44.734,ed:35:33:d3:6c:f8, 2015-01-01 03:56:59.610, 0.379, -0.075, 0.922, 0.061, -0.366, 0, -4.581, -22.269, 160.082, -10.860, -6.127, -34.860, 30.67, -0.17712, -0.18304, 0.07208, -0.96426,
 15:45:44.755,e3:ca:2d:fd:e0:8c, 2015-01-01 03:56:59.245, 0.958, 0.089, 0.337, 0, 0, 0, 14.744, -70.087, 146.047, -25.840, -13.793, -13.173, 29.51, 0.1665, 0.57535, -0.0657, 0.798,
 15:45:44.755,e3:ca:2d:fd:e0:8c, 2015-01-01 03:56:59.245, 0.958, 0.089, 0.336, 0, 0, 0, 14.744, -70.087, 146.047, -25.840, -13.793, -13.173, 29.51, 0.1665, 0.57535, -0.0657, 0.798,
 15:45:44.755,f6:90:cc:01:6d:25, 2015-01-01 03:56:59.705, 0.912, 0.236, 0.298, 0.122, -0.122, 0, 38.353, -67.341, 149.771, -26.333, -15.580, -7.720, 32.31, 0.02917, 0.57675, 0.12732, 0.80637,
 15:45:44.755,f6:90:cc:01:6d:25, 2015-01-01 03:56:59.705, 0.91, 0.236, 0.296, -0.061, -0.122, 0, 38.359, -67.341, 149.766, -26.333, -15.580, -7.720, 32.31, 0.02917, 0.57675, 0.12732, 0.80637,
 15:45:44.775,ed:40:fe:65:30:6c, 2015-01-01 03:57:04.500, 0.554, 0.012, 0.84, 0.061, -0.244, 0, 0.912, -33.437, -121.251, -18.360, -6.913, -7.260, 28.4, 0.4718, -0.2468, -0.14774, -0.8334,
 15:45:44.775,ed:40:fe:65:30:6c, 2015-01-01 03:57:04.500, 0.553, 0.011, 0.838, 0, -0.305, 0, 0.912, -33.442, -121.251, -18.360, -6.913, -7.260, 28.4, 0.4718, -0.2468, -0.14774, -0.8334,
 15:45:44.776,e3:ca:2d:fd:e0:8c, 2015-01-01 03:56:59.245, 0.958, 0.089, 0.335, 0, 0, 0, 14.744, -70.087, 146.047, -25.847, -13.373, -13.000, 29.51, 0.1665, 0.57535, -0.0657, 0.798,
 15:45:44.776,e3:ca:2d:fd:e0:8c, 2015-01-01 03:56:59.245, 0.957, 0.088, 0.335, 0, 0, 0, 14.744, -70.087, 146.047, -25.847, -13.373, -13.000, 29.51, 0.1665, 0.57535, -0.0657, 0.798,
 15:45:44.778,ed:35:33:d3:6c:f8, 2015-01-01 03:56:59.610, 0.378, -0.074, 0.918, -0.122, -0.488, 0, -4.587, -22.275, 160.082, -10.860, -6.127, -34.860, 30.67, -0.17712, -0.18304, 0.07208, -0.96426,
 15:45:44.778,ed:35:33:d3:6c:f8, 2015-01-01 03:56:59.610, 0.376, -0.071, 0.916, -0.183, -0.488, 0, -4.587, -22.286, 160.082, -10.860, -6.127, -34.860, 30.67, -0.17712, -0.18304, 0.07208, -0.96426,
 15:45:44.798,ed:40:fe:65:30:6c, 2015-01-01 03:57:04.500, 0.551, 0.013, 0.837, -0.183, -0.244, 0, 0.906, -33.448, -121.251, -18.020, -6.840, -8.320, 28.4, 0.4718, -0.2468, -0.14774, -0.8334,
 15:45:44.798,ed:40:fe:65:30:6c, 2015-01-01 03:57:04.500, 0.55, 0.014, 0.836, -0.183, -0.183, 0, 0.906, -33.453, -121.251, -18.020, -6.840, -8.320, 28.4, 0.4718, -0.2468, -0.14774, -0.8334,
 15:45:44.799,f6:90:cc:01:6d:25, 2015-01-01 03:56:59.705, 0.909, 0.235, 0.296, -0.061, -0.244, 0, 38.364, -67.346, 149.76, -26.333, -15.580, -7.720, 32.31, 0.02917, 0.57675, 0.12732, 0.80637,
 15:45:44.799,f6:90:cc:01:6d:25, 2015-01-01 03:56:59.705, 0.909, 0.234, 0.296, 0, -0.244, 0, 38.37, -67.352, 149.755, -26.333, -15.580, -7.720, 32.31, 0.02917, 0.57675, 0.12732, 0.80637,
 15:45:44.820,e3:ca:2d:fd:e0:8c, 2015-01-01 03:56:59.245, 0.956, 0.087, 0.336, 0, 0, 0, 14.744, -70.087, 146.047, -25.847, -13.373, -13.000, 29.51, 0.1665, 0.57535, -0.0657, 0.798,
 15:45:44.820,e3:ca:2d:fd:e0:8c, 2015-01-01 03:56:59.245, 0.956, 0.087, 0.337, 0, 0, 0, 14.744, -70.082, 146.047, -25.847, -13.373, -13.000, 29.51, 0.1665, 0.57535, -0.0657, 0.798,
 15:45:44.824,ed:35:33:d3:6c:f8, 2015-01-01 03:56:59.610, 0.377, -0.069, 0.915, -0.183, -0.427, 0, -4.592, -22.297, 160.082, -10.860, -6.127, -34.860, 30.67, -0.17712, -0.18304, 0.07208, -0.96426,
 15:45:44.824,ed:35:33:d3:6c:f8, 2015-01-01 03:56:59.610, 0.376, -0.072, 0.917, -0.183, -0.366, 0, -4.592, -22.302, 160.082, -10.860, -6.127, -34.860, 30.67, -0.17712, -0.18304, 0.07208, -0.96426,
 15:45:44.841,ed:40:fe:65:30:6c, 2015-01-01 03:57:04.500, 0.551, 0.012, 0.837, -0.183, -0.183, 0, 0.901, -33.453, -121.256, -18.020, -6.840, -8.320, 28.4, 0.4718, -0.2468, -0.14774, -0.8334,
 15:45:44.841,ed:40:fe:65:30:6c, 2015-01-01 03:57:04.500, 0.552, 0.01, 0.839, -0.061, -0.244, 0, 0.895, -33.459, -121.256, -18.020, -6.840, -8.320, 28.4, 0.4718, -0.2468, -0.14774, -0.8334,
 15:45:44.843,e3:ca:2d:fd:e0:8c, 2015-01-01 03:56:59.245, 0.957, 0.088, 0.338, 0, 0, 0, 14.744, -70.082, 146.047, -25.847, -13.373, -13.000, 29.51, 0.16656, 0.57529, -0.06577, 0.79803,
 15:45:44.843,e3:ca:2d:fd:e0:8c, 2015-01-01 03:56:59.245, 0.959, 0.088, 0.339, 0, 0, 0, 14.744, -70.082, 146.047, -25.847, -13.373, -13.000, 29.51, 0.16656, 0.57529, -0.06577, 0.79803,
 15:45:44.843,f6:90:cc:01:6d:25, 2015-01-01 03:56:59.705, 0.91, 0.233, 0.296, 0.061, -0.244, 0, 38.375, -67.357, 149.749, -26.333, -15.580, -7.720, 32.31, 0.02917, 0.57675, 0.12732, 0.80637,
 15:45:44.843,f6:90:cc:01:6d:25, 2015-01-01 03:56:59.705, 0.912, 0.234, 0.299, 0.122, -0.305, 0, 38.386, -67.363, 149.738, -26.333, -15.580, -7.720, 32.31, 0.02917, 0.57675, 0.12732, 0.80637,
 15:45:44.847,ed:35:33:d3:6c:f8, 2015-01-01 03:56:59.610, 0.378, -0.074, 0.918, -0.061, -0.427, 0, -4.592, -22.313, 160.082, -10.860, -6.127, -34.860, 30.67, -0.17712, -0.18304, 0.07208, -0.96426,
 15:45:44.847,ed:35:33:d3:6c:f8, 2015-01-01 03:56:59.610, 0.38, -0.074, 0.919, 0.061, -0.549, 0, -4.592, -22.319, 160.082, -10.860, -6.127, -34.860, 30.67, -0.17712, -0.18304, 0.07208, -0.96426,
 15:45:44.866,ed:40:fe:65:30:6c, 2015-01-01 03:57:04.500, 0.555, 0.011, 0.84, 0, -0.305, 0, 0.895, -33.464, -121.256, -18.020, -6.840, -8.320, 28.4, 0.47162, -0.24716, -0.14771, -0.8334,
 15:45:44.866,ed:40:fe:65:30:6c, 2015-01-01 03:57:04.500, 0.555, 0.012, 0.84, 0, -0.244, 0, 0.895, -33.464, -121.256, -18.020, -6.840, -8.320, 28.4, 0.47162, -0.24716, -0.14771, -0.8334,
 15:45:44.888,e3:ca:2d:fd:e0:8c, 2015-01-01 03:56:59.245, 0.958, 0.088, 0.338, 0, 0, 0, 14.744, -70.082, 146.047, -25.847, -13.373, -13.000, 29.51, 0.16656, 0.57529, -0.06577, 0.79803,
 15:45:44.888,e3:ca:2d:fd:e0:8c, 2015-01-01 03:56:59.245, 0.957, 0.088, 0.337, 0, 0, 0, 14.738, -70.082, 146.047, -25.847, -13.373, -13.000, 29.51, 0.16656, 0.57529, -0.06577, 0.79803,
 15:45:44.889,f6:90:cc:01:6d:25, 2015-01-01 03:56:59.705, 0.914, 0.234, 0.299, 0.122, -0.183, 0, 38.392, -67.363, 149.733, -26.333, -15.580, -7.720, 32.31, 0.02917, 0.57675, 0.12732, 0.80637,
 15:45:44.889,f6:90:cc:01:6d:25, 2015-01-01 03:56:59.705, 0.912, 0.235, 0.298, 0.061, -0.244, 0, 38.397, -67.368, 149.727, -26.333, -15.580, -7.720, 32.31, 0.02917, 0.57675, 0.12732, 0.80637,
 15:45:44.890,ed:35:33:d3:6c:f8, 2015-01-01 03:56:59.610, 0.38, -0.072, 0.919, -0.061, -0.61, 0, -4.592, -22.33, 160.082, -10.860, -6.127, -34.860, 30.67, -0.17712, -0.18304, 0.07208, -0.96426,
 15:45:44.890,ed:35:33:d3:6c:f8, 2015-01-01 03:56:59.610, 0.38, -0.07, 0.918, -0.061, -0.732, 0, -4.592, -22.346, 160.082, -10.860, -6.127, -34.860, 30.67, -0.17712, -0.18304, 0.07208, -0.96426,
 15:45:44.909,ed:40:fe:65:30:6c, 2015-01-01 03:57:04.500, 0.553, 0.013, 0.838, -0.061, -0.244, 0, 0.895, -33.47, -121.256, -18.020, -6.840, -8.320, 28.4, 0.47162, -0.24716, -0.14771, -0.8334,
 15:45:44.909,ed:40:fe:65:30:6c, 2015-01-01 03:57:04.500, 0.553, 0.013, 0.837, -0.061, -0.244, 0, 0.89, -33.475, -121.256, -18.020, -6.840, -8.320, 28.4, 0.47162, -0.24716, -0.14771, -0.8334,
 15:45:44.913,f6:90:cc:01:6d:25, 2015-01-01 03:56:59.705, 0.91, 0.236, 0.296, 0, -0.183, 0, 38.403, -67.374, 149.722, -26.233, -15.153, -7.433, 32.31, 0.02917, 0.57675, 0.12732, 0.80637,
 15:45:44.913,f6:90:cc:01:6d:25, 2015-01-01 03:56:59.705, 0.909, 0.236, 0.295, 0, -0.244, 0, 38.408, -67.374, 149.716, -26.233, -15.153, -7.433, 32.31, 0.02917, 0.57675, 0.12732, 0.80637,
 15:45:44.933,e3:ca:2d:fd:e0:8c, 2015-01-01 03:56:59.580, 0.957, 0.088, 0.335, 0, 0, 0, 14.738, -70.082, 146.047, -25.847, -13.373, -13.000, 29.51, 0.16656, 0.57529, -0.06577, 0.79803,
 15:45:44.933,e3:ca:2d:fd:e0:8c, 2015-01-01 03:56:59.580, 0.958, 0.089, 0.334, 0, 0, 0, 14.738, -70.076, 146.047, -25.847, -13.373, -13.000, 29.51, 0.16656, 0.57529, -0.06577, 0.79803,
 15:45:44.936,ed:35:33:d3:6c:f8, 2015-01-01 03:56:59.610, 0.379, -0.071, 0.916, -0.305, -0.549, 0, -4.598, -22.357, 160.082, -10.793, -5.800, -35.313, 30.67, -0.17712, -0.18304, 0.07208, -0.96426,
 15:45:44.936,ed:35:33:d3:6c:f8, 2015-01-01 03:56:59.610, 0.381, -0.07, 0.915, -0.183, -0.61, 0, -4.598, -22.368, 160.082, -10.793, -5.800, -35.313, 30.67, -0.17712, -0.18304, 0.07208, -0.96426,
 15:45:44.954,ed:40:fe:65:30:6c, 2015-01-01 03:57:04.855, 0.553, 0.012, 0.836, -0.122, -0.244, 0, 0.89, -33.475, -121.256, -18.020, -6.840, -8.320, 28.4, 0.47162, -0.24716, -0.14771, -0.8334,
 15:45:44.954,ed:40:fe:65:30:6c, 2015-01-01 03:57:04.855, 0.553, 0.013, 0.836, -0.061, -0.183, 0, 0.884, -33.481, -121.256, -18.020, -6.840, -8.320, 28.4, 0.47162, -0.24716, -0.14771, -0.8334,
 15:45:44.956,e3:ca:2d:fd:e0:8c, 2015-01-01 03:56:59.580, 0.958, 0.088, 0.336, 0, 0, 0, 14.738, -70.076, 146.047, -25.847, -13.373, -13.000, 29.51, 0.16656, 0.57529, -0.06577, 0.79803,
 15:45:44.956,e3:ca:2d:fd:e0:8c, 2015-01-01 03:56:59.580, 0.958, 0.088, 0.335, 0, 0, 0, 14.738, -70.076, 146.047, -25.847, -13.373, -13.000, 29.51, 0.16656, 0.57529, -0.06577, 0.79803,
 15:45:44.957,f6:90:cc:01:6d:25, 2015-01-01 03:56:59.705, 0.91, 0.236, 0.296, 0.061, -0.122, 0, 38.414, -67.379, 149.711, -26.233, -15.153, -7.433, 32.31, 0.02917, 0.57675, 0.12732, 0.80637,
 15:45:44.957,f6:90:cc:01:6d:25, 2015-01-01 03:56:59.705, 0.911, 0.235, 0.294, 0, -0.244, 0, 38.419, -67.379, 149.705, -26.233, -15.153, -7.433, 32.31, 0.02917, 0.57675, 0.12732, 0.80637,
 15:45:44.976,ed:40:fe:65:30:6c, 2015-01-01 03:57:04.855, 0.554, 0.012, 0.838, 0, -0.244, 0, 0.884, -33.486, -121.256, -18.020, -6.840, -8.320, 28.4, 0.47162, -0.24716, -0.14771, -0.8334,
 15:45:44.976,ed:40:fe:65:30:6c, 2015-01-01 03:57:04.855, 0.556, 0.012, 0.839, 0, -0.244, 0, 0.884, -33.486, -121.256, -18.020, -6.840, -8.320, 28.4, 0.47162, -0.24716, -0.14771, -0.8334,
 15:45:44.981,ed:35:33:d3:6c:f8, 2015-01-01 03:56:59.610, 0.38, -0.071, 0.916, 0, -0.427, 0, -4.598, -22.379, 160.082, -10.793, -5.800, -35.313, 30.67, -0.17715, -0.18417, 0.07233, -0.96402,
 15:45:44.981,ed:35:33:d3:6c:f8, 2015-01-01 03:56:59.610, 0.382, -0.07, 0.917, 0.061, -0.61, 0, -4.598, -22.39, 160.082, -10.793, -5.800, -35.313, 30.67, -0.17715, -0.18417, 0.07233, -0.96402,
 15:45:45.001,e3:ca:2d:fd:e0:8c, 2015-01-01 03:56:59.580, 0.959, 0.089, 0.336, 0, 0, 0, 14.738, -70.076, 146.047, -25.847, -13.373, -13.000, 29.51, 0.16656, 0.57529, -0.06577, 0.79803,
 15:45:45.001,e3:ca:2d:fd:e0:8c, 2015-01-01 03:56:59.580, 0.958, 0.088, 0.336, 0, 0, 0, 14.738, -70.076, 146.047, -25.847, -13.373, -13.000, 29.51, 0.16656, 0.57529, -0.06577, 0.79803,
 15:45:45.003,ed:35:33:d3:6c:f8, 2015-01-01 03:56:59.925, 0.382, -0.071, 0.918, 0, -0.488, 0, -4.598, -22.401, 160.082, -10.793, -5.800, -35.313, 30.67, -0.17715, -0.18417, 0.07233, -0.96402,
 15:45:45.003,ed:35:33:d3:6c:f8, 2015-01-01 03:56:59.925, 0.383, -0.073, 0.918, 0, -0.61, 0, -4.592, -22.412, 160.082, -10.793, -5.800, -35.313, 30.67, -0.17715, -0.18417, 0.07233, -0.96402,
 15:45:45.022,ed:40:fe:65:30:6c, 2015-01-01 03:57:04.855, 0.557, 0.012, 0.838, 0, -0.305, 0, 0.884, -33.492, -121.262, -18.020, -6.840, -8.320, 28.4, 0.47162, -0.24716, -0.14771, -0.8334,
 15:45:45.022,ed:40:fe:65:30:6c, 2015-01-01 03:57:04.855, 0.556, 0.012, 0.837, 0, -0.305, 0, 0.884, -33.497, -121.262, -18.020, -6.840, -8.320, 28.4, 0.47162, -0.24716, -0.14771, -0.8334,
 15:45:45.024,f6:90:cc:01:6d:25, 2015-01-01 03:56:59.705, 0.912, 0.234, 0.295, 0, -0.183, 0, 38.43, -67.385, 149.7, -26.233, -15.153, -7.433, 32.31, 0.02908, 0.57715, 0.12738, 0.80606,
 15:45:45.024,f6:90:cc:01:6d:25, 2015-01-01 03:56:59.705, 0.914, 0.235, 0.295, 0, -0.122, 0, 38.43, -67.39, 149.694, -26.233, -15.153, -7.433, 32.31, 0.02908, 0.57715, 0.12738, 0.80606,
 15:45:45.045,e3:ca:2d:fd:e0:8c, 2015-01-01 03:56:59.580, 0.958, 0.089, 0.337, 0, 0, 0, 14.738, -70.076, 146.047, -25.847, -13.373, -13.000, 29.51, 0.16656, 0.57529, -0.06577, 0.79803,
 15:45:45.045,e3:ca:2d:fd:e0:8c, 2015-01-01 03:56:59.580, 0.957, 0.089, 0.336, 0, 0, 0, 14.738, -70.076, 146.047, -25.847, -13.373, -13.000, 29.51, 0.16656, 0.57529, -0.06577, 0.79803,
 15:45:45.047,f6:90:cc:01:6d:25, 2015-01-01 03:57:00.040, 0.913, 0.236, 0.296, 0, -0.183, 0, 38.436, -67.39, 149.689, -26.233, -15.153, -7.433, 32.31, 0.02908, 0.57715, 0.12738, 0.80606,
 15:45:45.047,f6:90:cc:01:6d:25, 2015-01-01 03:57:00.040, 0.912, 0.236, 0.295, -0.061, -0.244, 0, 38.447, -67.396, 149.683, -26.233, -15.153, -7.433, 32.31, 0.02908, 0.57715, 0.12738, 0.80606,
 15:45:45.048,ed:35:33:d3:6c:f8, 2015-01-01 03:56:59.925, 0.383, -0.072, 0.916, -0.061, -0.671, 0, -4.592, -22.429, 160.082, -10.793, -5.800, -35.313, 30.67, -0.17715, -0.18417, 0.07233, -0.96402,
 15:45:45.048,ed:35:33:d3:6c:f8, 2015-01-01 03:56:59.925, 0.381, -0.071, 0.915, 0.061, -0.732, 0, -4.592, -22.44, 160.082, -10.793, -5.800, -35.313, 30.67, -0.17715, -0.18417, 0.07233, -0.96402,
 15:45:45.066,ed:40:fe:65:30:6c, 2015-01-01 03:57:04.855, 0.554, 0.012, 0.836, 0.061, -0.244, 0, 0.884, -33.503, -121.262, -18.020, -6.840, -8.320, 28.4, 0.47162, -0.24716, -0.14771, -0.8334,
 15:45:45.066,ed:40:fe:65:30:6c, 2015-01-01 03:57:04.855, 0.552, 0.013, 0.836, 0, -0.244, 0, 0.884, -33.508, -121.262, -18.020, -6.840, -8.320, 28.4, 0.47162, -0.24716, -0.14771, -0.8334,
 15:45:45.068,f6:90:cc:01:6d:25, 2015-01-01 03:57:00.040, 0.91, 0.236, 0.295, 0, -0.122, 0, 38.452, -67.401, 149.683, -26.233, -15.153, -7.433, 32.31, 0.02908, 0.57715, 0.12738, 0.80606,
 15:45:45.068,f6:90:cc:01:6d:25, 2015-01-01 03:57:00.040, 0.91, 0.235, 0.295, 0, 0, 0, 38.452, -67.401, 149.683, -26.233, -15.153, -7.433, 32.31, 0.02908, 0.57715, 0.12738, 0.80606,
 15:45:45.093,ed:35:33:d3:6c:f8, 2015-01-01 03:56:59.925, 0.379, -0.07, 0.915, 0, -0.427, 0, -4.592, -22.456, 160.082, -10.793, -5.800, -35.313, 30.67, -0.17715, -0.18417, 0.07233, -0.96402,
 15:45:45.093,ed:35:33:d3:6c:f8, 2015-01-01 03:56:59.925, 0.381, -0.071, 0.916, 0, -0.488, 0, -4.592, -22.462, 160.082, -10.793, -5.800, -35.313, 30.67, -0.17715, -0.18417, 0.07233, -0.96402,
 15:45:45.112,ed:40:fe:65:30:6c, 2015-01-01 03:57:04.855, 0.552, 0.013, 0.837, 0, -0.183, 0, 0.884, -33.514, -121.262, -18.020, -6.840, -8.320, 28.4, 0.47162, -0.24716, -0.14771, -0.8334,
 15:45:45.112,ed:40:fe:65:30:6c, 2015-01-01 03:57:04.855, 0.554, 0.012, 0.836, 0.061, -0.183, 0, 0.884, -33.519, -121.262, -18.020, -6.840, -8.320, 28.4, 0.47162, -0.24716, -0.14771, -0.8334,
 15:45:45.113,e3:ca:2d:fd:e0:8c, 2015-01-01 03:56:59.580, 0.957, 0.089, 0.337, 0, 0, 0, 14.738, -70.076, 146.047, -25.847, -13.373, -13.000, 29.51, 0.16656, 0.57529, -0.06577, 0.79803,
 15:45:45.113,e3:ca:2d:fd:e0:8c, 2015-01-01 03:56:59.580, 0.957, 0.088, 0.336, 0, 0, 0, 14.738, -70.076, 146.047, -25.847, -13.373, -13.000, 29.51, 0.16656, 0.57529, -0.06577, 0.79803,
 15:45:45.114,f6:90:cc:01:6d:25, 2015-01-01 03:57:00.040, 0.91, 0.234, 0.295, 0, 0.061, 0, 38.452, -67.401, 149.683, -26.233, -15.153, -7.433, 32.31, 0.02908, 0.57715, 0.12738, 0.80606,
 15:45:45.114,f6:90:cc:01:6d:25, 2015-01-01 03:57:00.040, 0.912, 0.234, 0.297, 0, 0.061, 0, 38.452, -67.401, 149.683, -26.233, -15.153, -7.433, 32.31, 0.02908, 0.57715, 0.12738, 0.80606,
 15:45:45.136,e3:ca:2d:fd:e0:8c, 2015-01-01 03:56:59.580, 0.958, 0.088, 0.337, 0, 0, 0, 14.738, -70.076, 146.047, -25.627, -13.820, -13.487, 29.51, 0.16656, 0.57529, -0.06577, 0.79803,
 15:45:45.136,e3:ca:2d:fd:e0:8c, 2015-01-01 03:56:59.580, 0.958, 0.088, 0.337, 0, 0, 0, 14.738, -70.071, 146.047, -25.627, -13.820, -13.487, 29.51, 0.16656, 0.57529, -0.06577, 0.79803,
 15:45:45.139,ed:35:33:d3:6c:f8, 2015-01-01 03:56:59.925, 0.383, -0.071, 0.915, 0, -0.366, 0, -4.587, -22.473, 160.082, -10.793, -5.800, -35.313, 30.67, -0.17715, -0.18417, 0.07233, -0.96402,
 15:45:45.139,ed:35:33:d3:6c:f8, 2015-01-01 03:56:59.925, 0.382, -0.071, 0.916, 0, -0.305, 0, -4.587, -22.478, 160.082, -10.793, -5.800, -35.313, 30.67, -0.17715, -0.18417, 0.07233, -0.96402,
 15:45:45.159,f6:90:cc:01:6d:25, 2015-01-01 03:57:00.040, 0.912, 0.235, 0.295, 0.061, 0, 0, 38.452, -67.401, 149.689, -26.233, -15.153, -7.433, 32.31, 0.02908, 0.57715, 0.12738, 0.80606,
 15:45:45.159,f6:90:cc:01:6d:25, 2015-01-01 03:57:00.040, 0.912, 0.233, 0.295, 0.061, 0, 0, 38.452, -67.401, 149.689, -26.233, -15.153, -7.433, 32.31, 0.02908, 0.57715, 0.12738, 0.80606,
 15:45:45.178,ed:40:fe:65:30:6c, 2015-01-01 03:57:04.855, 0.554, 0.012, 0.837, 0.061, -0.061, 0, 0.884, -33.519, -121.262, -18.400, -6.660, -8.067, 28.4, 0.47162, -0.24716, -0.14771, -0.8334,
 15:45:45.178,ed:40:fe:65:30:6c, 2015-01-01 03:57:04.855, 0.554, 0.011, 0.838, 0.061, -0.122, 0, 0.884, -33.519, -121.262, -18.400, -6.660, -8.067, 28.4, 0.47162, -0.24716, -0.14771, -0.8334,
 15:45:45.183,ed:35:33:d3:6c:f8, 2015-01-01 03:56:59.925, 0.382, -0.072, 0.917, 0.061, -0.122, 0, -4.587, -22.484, 160.082, -10.793, -5.800, -35.313, 30.67, -0.17715, -0.18417, 0.07233, -0.96402,
 15:45:45.183,ed:35:33:d3:6c:f8, 2015-01-01 03:56:59.925, 0.381, -0.072, 0.917, 0.122, -0.122, 0, -4.581, -22.489, 160.082, -10.793, -5.800, -35.313, 30.67, -0.17715, -0.18417, 0.07233, -0.96402,
 15:45:45.202,ed:40:fe:65:30:6c, 2015-01-01 03:57:04.855, 0.554, 0.011, 0.838, 0.122, -0.122, 0, 0.884, -33.525, -121.262, -18.400, -6.660, -8.067, 28.4, 0.47147, -0.24768, -0.14789, -0.83331,
 15:45:45.202,ed:40:fe:65:30:6c, 2015-01-01 03:57:04.855, 0.554, 0.012, 0.838, 0.122, -0.122, 0, 0.89, -33.525, -121.262, -18.400, -6.660, -8.067, 28.4, 0.47147, -0.24768, -0.14789, -0.83331,
 15:45:45.202,e3:ca:2d:fd:e0:8c, 2015-01-01 03:56:59.580, 0.958, 0.088, 0.337, 0, 0, 0, 14.738, -70.071, 146.047, -25.627, -13.820, -13.487, 29.51, 0.16656, 0.57529, -0.06577, 0.79803,
 15:45:45.202,e3:ca:2d:fd:e0:8c, 2015-01-01 03:56:59.580, 0.957, 0.089, 0.338, 0, 0, 0, 14.738, -70.071, 146.047, -25.627, -13.820, -13.487, 29.51, 0.16656, 0.57529, -0.06577, 0.79803,
 15:45:45.205,ed:35:33:d3:6c:f8, 2015-01-01 03:56:59.925, 0.381, -0.071, 0.917, 0.061, -0.122, 0, -4.581, -22.489, 160.082, -10.727, -6.360, -34.633, 30.67, -0.17715, -0.18417, 0.07233, -0.96402,
 15:45:45.205,ed:35:33:d3:6c:f8, 2015-01-01 03:56:59.925, 0.381, -0.071, 0.916, 0, 0, 0, -4.576, -22.495, 160.082, -10.727, -6.360, -34.633, 30.67, -0.17715, -0.18417, 0.07233, -0.96402,
 15:45:45.226,e3:ca:2d:fd:e0:8c, 2015-01-01 03:56:59.580, 0.957, 0.088, 0.337, 0, 0, 0, 14.738, -70.071, 146.047, -25.627, -13.820, -13.487, 29.51, 0.16663, 0.5752, -0.06577, 0.7981,
 15:45:45.226,e3:ca:2d:fd:e0:8c, 2015-01-01 03:56:59.580, 0.956, 0.088, 0.337, 0, 0, 0, 14.738, -70.071, 146.047, -25.627, -13.820, -13.487, 29.51, 0.16663, 0.5752, -0.06577, 0.7981,
 15:45:45.227,f6:90:cc:01:6d:25, 2015-01-01 03:57:00.040, 0.912, 0.235, 0.297, 0, -0.061, 0, 38.458, -67.401, 149.689, -26.233, -15.153, -7.433, 32.31, 0.02908, 0.57715, 0.12738, 0.80606,
 15:45:45.227,f6:90:cc:01:6d:25, 2015-01-01 03:57:00.040, 0.911, 0.235, 0.295, 0.061, 0, 0, 38.458, -67.401, 149.689, -26.233, -15.153, -7.433, 32.31, 0.02908, 0.57715, 0.12738, 0.80606,
 15:45:45.246,ed:40:fe:65:30:6c, 2015-01-01 03:57:04.855, 0.553, 0.012, 0.836, 0.122, -0.122, 0, 0.89, -33.525, -121.262, -18.400, -6.660, -8.067, 28.4, 0.47147, -0.24768, -0.14789, -0.83331,
 15:45:45.246,ed:40:fe:65:30:6c, 2015-01-01 03:57:04.855, 0.553, 0.013, 0.837, 0.122, -0.122, 0, 0.89, -33.53, -121.262, -18.400, -6.660, -8.067, 28.4, 0.47147, -0.24768, -0.14789, -0.83331,
 15:45:45.250,f6:90:cc:01:6d:25, 2015-01-01 03:57:00.040, 0.91, 0.235, 0.296, 0.122, 0.061, 0, 38.458, -67.401, 149.689, -26.587, -15.367, -8.087, 32.31, 0.02908, 0.57715, 0.12738, 0.80606,
 15:45:45.250,f6:90:cc:01:6d:25, 2015-01-01 03:57:00.040, 0.91, 0.235, 0.296, 0.061, 0.183, 0, 38.452, -67.401, 149.694, -26.587, -15.367, -8.087, 32.31, 0.02908, 0.57715, 0.12738, 0.80606,
 15:45:45.250,ed:35:33:d3:6c:f8, 2015-01-01 03:56:59.925, 0.379, -0.07, 0.916, 0, 0.122, 0, -4.576, -22.495, 160.082, -10.727, -6.360, -34.633, 30.67, -0.17715, -0.18417, 0.07233, -0.96402,
 15:45:45.250,ed:35:33:d3:6c:f8, 2015-01-01 03:56:59.925, 0.381, -0.07, 0.918, -0.061, 0.061, 0, -4.576, -22.495, 160.082, -10.727, -6.360, -34.633, 30.67, -0.17715, -0.18417, 0.07233, -0.96402,
 15:45:45.269,ed:40:fe:65:30:6c, 2015-01-01 03:57:05.190, 0.553, 0.013, 0.838, 0.061, -0.122, 0, 0.89, -33.53, -121.262, -18.400, -6.660, -8.067, 28.4, 0.47147, -0.24768, -0.14789, -0.83331,
 15:45:45.269,ed:40:fe:65:30:6c, 2015-01-01 03:57:05.190, 0.555, 0.013, 0.838, 0.061, -0.183, 0, 0.895, -33.53, -121.267, -18.400, -6.660, -8.067, 28.4, 0.47147, -0.24768, -0.14789, -0.83331,
 15:45:45.271,e3:ca:2d:fd:e0:8c, 2015-01-01 03:56:59.580, 0.957, 0.088, 0.337, 0, 0, 0, 14.738, -70.071, 146.047, -25.627, -13.820, -13.487, 29.51, 0.16663, 0.5752, -0.06577, 0.7981,
 15:45:45.271,e3:ca:2d:fd:e0:8c, 2015-01-01 03:56:59.580, 0.958, 0.088, 0.336, 0, 0, 0, 14.738, -70.071, 146.047, -25.627, -13.820, -13.487, 29.51, 0.16663, 0.5752, -0.06577, 0.7981,
 15:45:45.293,e3:ca:2d:fd:e0:8c, 2015-01-01 03:56:59.960, 0.958, 0.088, 0.337, -0.061, -0.183, 0, 14.738, -70.071, 146.041, -25.627, -13.820, -13.487, 29.51, 0.16663, 0.5752, -0.06577, 0.7981,
 15:45:45.293,e3:ca:2d:fd:e0:8c, 2015-01-01 03:56:59.960, 0.958, 0.089, 0.336, 0, -0.183, 0, 14.738, -70.071, 146.041, -25.627, -13.820, -13.487, 29.51, 0.16663, 0.5752, -0.06577, 0.7981,
 15:45:45.295,ed:35:33:d3:6c:f8, 2015-01-01 03:56:59.925, 0.383, -0.071, 0.918, -0.061, -0.122, 0, -4.576, -22.495, 160.082, -10.727, -6.360, -34.633, 30.67, -0.17712, -0.18515, 0.07227, -0.96387,
 15:45:45.295,ed:35:33:d3:6c:f8, 2015-01-01 03:56:59.925, 0.385, -0.071, 0.916, -0.244, -0.183, 0, -4.576, -22.495, 160.082, -10.727, -6.360, -34.633, 30.67, -0.17712, -0.18515, 0.07227, -0.96387,
 15:45:45.295,f6:90:cc:01:6d:25, 2015-01-01 03:57:00.040, 0.91, 0.235, 0.295, 0, 0.183, 0, 38.447, -67.401, 149.705, -26.587, -15.367, -8.087, 32.31, 0.02908, 0.57715, 0.12738, 0.80606,
 15:45:45.295,f6:90:cc:01:6d:25, 2015-01-01 03:57:00.040, 0.912, 0.235, 0.296, 0, 0, 0, 38.447, -67.401, 149.705, -26.587, -15.367, -8.087, 32.31, 0.02908, 0.57715, 0.12738, 0.80606,
 15:45:45.314,ed:40:fe:65:30:6c, 2015-01-01 03:57:05.190, 0.557, 0.012, 0.838, 0, -0.244, 0, 0.895, -33.536, -121.267, -18.400, -6.660, -8.067, 28.4, 0.47147, -0.24768, -0.14789, -0.83331,
 15:45:45.314,ed:40:fe:65:30:6c, 2015-01-01 03:57:05.190, 0.557, 0.015, 0.836, -0.061, -0.183, 0, 0.89, -33.541, -121.267, -18.400, -6.660, -8.067, 28.4, 0.47147, -0.24768, -0.14789, -0.83331,
 15:45:45.317,f6:90:cc:01:6d:25, 2015-01-01 03:57:00.040, 0.912, 0.236, 0.295, 0.122, 0, 0, 38.452, -67.401, 149.705, -26.587, -15.367, -8.087, 32.31, 0.02887, 0.57727, 0.12753, 0.80594,
 15:45:45.317,f6:90:cc:01:6d:25, 2015-01-01 03:57:00.040, 0.912, 0.237, 0.296, 0.061, 0, 0, 38.452, -67.401, 149.705, -26.587, -15.367, -8.087, 32.31, 0.02887, 0.57727, 0.12753, 0.80594,
 15:45:45.340,e3:ca:2d:fd:e0:8c, 2015-01-01 03:56:59.960, 0.957, 0.089, 0.336, 0, -0.122, 0, 14.744, -70.076, 146.036, -25.627, -13.820, -13.487, 29.51, 0.16663, 0.5752, -0.06577, 0.7981,
 15:45:45.340,e3:ca:2d:fd:e0:8c, 2015-01-01 03:56:59.960, 0.959, 0.089, 0.337, -0.061, -0.061, 0, 14.744, -70.076, 146.036, -25.627, -13.820, -13.487, 29.51, 0.16663, 0.5752, -0.06577, 0.7981,
 15:45:45.340,ed:35:33:d3:6c:f8, 2015-01-01 03:57:00.235, 0.384, -0.069, 0.916, -0.488, -0.061, 0, -4.581, -22.5, 160.076, -10.727, -6.360, -34.633, 30.67, -0.17712, -0.18515, 0.07227, -0.96387,
 15:45:45.340,ed:35:33:d3:6c:f8, 2015-01-01 03:57:00.235, 0.383, -0.072, 0.914, -0.183, 0.427, 0, -4.587, -22.495, 160.076, -10.727, -6.360, -34.633, 30.67, -0.17712, -0.18515, 0.07227, -0.96387,
 15:45:45.360,e3:ca:2d:fd:e0:8c, 2015-01-01 03:56:59.960, 0.956, 0.088, 0.337, -0.061, 0, 0, 14.744, -70.076, 146.036, -25.627, -13.820, -13.487, 29.51, 0.16663, 0.5752, -0.06577, 0.7981,
 15:45:45.360,e3:ca:2d:fd:e0:8c, 2015-01-01 03:56:59.960, 0.956, 0.087, 0.336, 0, 0, 0, 14.744, -70.076, 146.036, -25.627, -13.820, -13.487, 29.51, 0.16663, 0.5752, -0.06577, 0.7981,
 15:45:45.360,ed:40:fe:65:30:6c, 2015-01-01 03:57:05.190, 0.557, 0.013, 0.836, 0, -0.305, 0, 0.89, -33.541, -121.267, -18.400, -6.660, -8.067, 28.4, 0.47147, -0.24768, -0.14789, -0.83331,
 15:45:45.360,ed:40:fe:65:30:6c, 2015-01-01 03:57:05.190, 0.553, 0.008, 0.835, 0.061, -0.244, 0, 0.89, -33.547, -121.267, -18.400, -6.660, -8.067, 28.4, 0.47147, -0.24768, -0.14789, -0.83331,
 15:45:45.362,f6:90:cc:01:6d:25, 2015-01-01 03:57:00.040, 0.913, 0.236, 0.296, 0, 0.183, 0, 38.452, -67.401, 149.711, -26.587, -15.367, -8.087, 32.31, 0.02887, 0.57727, 0.12753, 0.80594,
 15:45:45.362,f6:90:cc:01:6d:25, 2015-01-01 03:57:00.040, 0.909, 0.233, 0.295, 0, 0.427, 0, 38.436, -67.39, 149.727, -26.587, -15.367, -8.087, 32.31, 0.02887, 0.57727, 0.12753, 0.80594,
 15:45:45.383,ed:40:fe:65:30:6c, 2015-01-01 03:57:05.190, 0.552, 0.012, 0.835, 0.183, -0.122, 0, 0.895, -33.552, -121.267, -18.400, -6.660, -8.067, 28.4, 0.47147, -0.24768, -0.14789, -0.83331,
 15:45:45.383,ed:40:fe:65:30:6c, 2015-01-01 03:57:05.190, 0.556, 0.014, 0.838, 0.305, -0.244, 0, 0.895, -33.558, -121.267, -18.400, -6.660, -8.067, 28.4, 0.47147, -0.24768, -0.14789, -0.83331,
 15:45:45.385,ed:35:33:d3:6c:f8, 2015-01-01 03:57:00.235, 0.38, -0.073, 0.913, -0.488, 1.038, 0, -4.592, -22.484, 160.076, -10.727, -6.360, -34.633, 30.67, -0.17712, -0.18515, 0.07227, -0.96387,
 15:45:45.385,ed:35:33:d3:6c:f8, 2015-01-01 03:57:00.235, 0.382, -0.071, 0.913, -0.427, 1.77, 0, -4.598, -22.456, 160.071, -10.727, -6.360, -34.633, 30.67, -0.17712, -0.18515, 0.07227, -0.96387,
 15:45:45.405,e3:ca:2d:fd:e0:8c, 2015-01-01 03:56:59.960, 0.959, 0.088, 0.336, 0, -0.061, 0, 14.744, -70.076, 146.036, -25.627, -13.820, -13.487, 29.51, 0.16663, 0.5752, -0.06577, 0.7981,
 15:45:45.405,e3:ca:2d:fd:e0:8c, 2015-01-01 03:56:59.960, 0.96, 0.089, 0.338, 0.061, -0.244, 0, 14.744, -70.076, 146.03, -25.627, -13.820, -13.487, 29.51, 0.16663, 0.5752, -0.06577, 0.7981,
 15:45:45.407,f6:90:cc:01:6d:25, 2015-01-01 03:57:00.375, 0.909, 0.233, 0.294, -0.183, 0.549, 0, 38.419, -67.385, 149.744, -26.587, -15.367, -8.087, 32.31, 0.02887, 0.57727, 0.12753, 0.80594,
 15:45:45.407,f6:90:cc:01:6d:25, 2015-01-01 03:57:00.375, 0.914, 0.234, 0.298, -0.305, 0.305, 0, 38.403, -67.379, 149.755, -26.587, -15.367, -8.087, 32.31, 0.02887, 0.57727, 0.12753, 0.80594,
 15:45:45.408,ed:35:33:d3:6c:f8, 2015-01-01 03:57:00.235, 0.381, -0.071, 0.917, -0.549, 3.296, 0, -4.603, -22.407, 160.065, -10.727, -6.360, -34.633, 30.67, -0.17712, -0.18515, 0.07227, -0.96387,
 15:45:45.408,ed:35:33:d3:6c:f8, 2015-01-01 03:57:00.235, 0.376, -0.074, 0.922, -0.305, 4.639, -1.77, -4.603, -22.335, 160.038, -10.727, -6.360, -34.633, 30.67, -0.17712, -0.18515, 0.07227, -0.96387,
 15:45:45.429,f6:90:cc:01:6d:25, 2015-01-01 03:57:00.375, 0.914, 0.237, 0.3, 0, 0.366, 0, 38.392, -67.374, 149.771, -26.587, -15.367, -8.087, 32.31, 0.02887, 0.57727, 0.12753, 0.80594,
 15:45:45.429,f6:90:cc:01:6d:25, 2015-01-01 03:57:00.375, 0.912, 0.235, 0.299, 0.183, 0.366, 0, 38.386, -67.368, 149.782, -26.587, -15.367, -8.087, 32.31, 0.02887, 0.57727, 0.12753, 0.80594,
 15:45:45.450,ed:40:fe:65:30:6c, 2015-01-01 03:57:05.190, 0.554, 0.013, 0.842, 0.122, -0.244, 0, 0.901, -33.558, -121.267, -18.400, -6.660, -8.067, 28.4, 0.47147, -0.24768, -0.14789, -0.83331,
 15:45:45.450,ed:40:fe:65:30:6c, 2015-01-01 03:57:05.190, 0.555, 0.011, 0.843, 0.061, -0.244, 0, 0.901, -33.563, -121.267, -18.400, -6.660, -8.067, 28.4, 0.47147, -0.24768, -0.14789, -0.83331,
 15:45:45.454,ed:35:33:d3:6c:f8, 2015-01-01 03:57:00.235, 0.38, -0.073, 0.925, -0.854, 2.991, -1.831, -4.592, -22.264, 159.983, -10.727, -6.360, -34.633, 30.67, -0.17712, -0.18515, 0.07227, -0.96387,
 15:45:45.454,ed:35:33:d3:6c:f8, 2015-01-01 03:57:00.235, 0.377, -0.069, 0.916, -0.488, 3.235, -3.54, -4.581, -22.209, 159.917, -10.727, -6.360, -34.633, 30.67, -0.17712, -0.18515, 0.07227, -0.96387,
 15:45:45.472,ed:40:fe:65:30:6c, 2015-01-01 03:57:05.190, 0.555, 0.013, 0.836, 0.122, -0.366, 0, 0.906, -33.569, -121.267, -18.427, -6.780, -7.840, 28.4, 0.47147, -0.24768, -0.14789, -0.83331,
 15:45:45.472,ed:40:fe:65:30:6c, 2015-01-01 03:57:05.190, 0.557, 0.015, 0.834, 0, -0.244, 0, 0.906, -33.574, -121.267, -18.427, -6.780, -7.840, 28.4, 0.47147, -0.24768, -0.14789, -0.83331,
 15:45:45.474,f6:90:cc:01:6d:25, 2015-01-01 03:57:00.375, 0.91, 0.233, 0.295, 0.122, 0.183, 0, 38.381, -67.368, 149.788, -26.587, -15.367, -8.087, 32.31, 0.02887, 0.57727, 0.12753, 0.80594,
 15:45:45.474,f6:90:cc:01:6d:25, 2015-01-01 03:57:00.375, 0.911, 0.235, 0.295, -0.061, 0.061, 0, 38.381, -67.368, 149.793, -26.587, -15.367, -8.087, 32.31, 0.02887, 0.57727, 0.12753, 0.80594,
 15:45:45.474,e3:ca:2d:fd:e0:8c, 2015-01-01 03:56:59.960, 0.957, 0.089, 0.339, 0.061, -0.183, 0, 14.749, -70.082, 146.03, -25.627, -13.820, -13.487, 29.51, 0.16663, 0.5752, -0.06577, 0.7981,
 15:45:45.474,e3:ca:2d:fd:e0:8c, 2015-01-01 03:56:59.960, 0.956, 0.088, 0.337, 0.061, 0, 0, 14.755, -70.082, 146.03, -25.627, -13.820, -13.487, 29.51, 0.16663, 0.5752, -0.06577, 0.7981,
 15:45:45.495,e3:ca:2d:fd:e0:8c, 2015-01-01 03:56:59.960, 0.958, 0.087, 0.336, 0, 0.061, 0, 14.749, -70.076, 146.03, -26.033, -13.513, -13.207, 29.51, 0.16663, 0.5752, -0.06577, 0.7981,
 15:45:45.495,e3:ca:2d:fd:e0:8c, 2015-01-01 03:56:59.960, 0.958, 0.087, 0.335, 0, 0, 0, 14.749, -70.076, 146.03, -26.033, -13.513, -13.207, 29.51, 0.16663, 0.5752, -0.06577, 0.7981,
 15:45:45.497,ed:35:33:d3:6c:f8, 2015-01-01 03:57:00.235, 0.374, -0.069, 0.916, -0.977, 3.784, -4.456, -4.559, -22.148, 159.818, -10.727, -6.360, -34.633, 30.67, -0.17712, -0.18515, 0.07227, -0.96387,
 15:45:45.497,ed:35:33:d3:6c:f8, 2015-01-01 03:57:00.235, 0.377, -0.068, 0.916, -1.221, 0.854, -2.869, -4.548, -22.115, 159.747, -10.727, -6.360, -34.633, 30.67, -0.17712, -0.18515, 0.07227, -0.96387,
 15:45:45.517,ed:40:fe:65:30:6c, 2015-01-01 03:57:05.190, 0.558, 0.012, 0.833, 0, -0.183, 0, 0.906, -33.58, -121.267, -18.427, -6.780, -7.840, 28.4, 0.47147, -0.24768, -0.14789, -0.83331,
 15:45:45.517,ed:40:fe:65:30:6c, 2015-01-01 03:57:05.190, 0.559, 0.01, 0.833, 0.122, 0, 0, 0.906, -33.58, -121.267, -18.427, -6.780, -7.840, 28.4, 0.47147, -0.24768, -0.14789, -0.83331,
 15:45:45.519,f6:90:cc:01:6d:25, 2015-01-01 03:57:00.375, 0.914, 0.235, 0.295, -0.061, 0.122, 0, 38.375, -67.368, 149.793, -26.587, -15.367, -8.087, 32.31, 0.02887, 0.57727, 0.12753, 0.80594,
 15:45:45.519,f6:90:cc:01:6d:25, 2015-01-01 03:57:00.375, 0.914, 0.233, 0.297, -0.122, 0.427, 0, 38.37, -67.368, 149.799, -26.587, -15.367, -8.087, 32.31, 0.02887, 0.57727, 0.12753, 0.80594,
 15:45:45.541,e3:ca:2d:fd:e0:8c, 2015-01-01 03:56:59.960, 0.958, 0.088, 0.336, 0, 0, 0, 14.749, -70.076, 146.03, -26.033, -13.513, -13.207, 29.51, 0.16663, 0.5752, -0.06577, 0.7981,
 15:45:45.541,e3:ca:2d:fd:e0:8c, 2015-01-01 03:56:59.960, 0.958, 0.087, 0.337, 0, 0.061, 0, 14.749, -70.076, 146.03, -26.033, -13.513, -13.207, 29.51, 0.16663, 0.5752, -0.06577, 0.7981,
 15:45:45.543,ed:35:33:d3:6c:f8, 2015-01-01 03:57:00.235, 0.38, -0.073, 0.916, -0.244, 0.305, -1.221, -4.548, -22.11, 159.703, -10.567, -6.320, -34.747, 30.67, -0.17712, -0.18515, 0.07227, -0.96387,
 15:45:45.543,ed:35:33:d3:6c:f8, 2015-01-01 03:57:00.235, 0.379, -0.075, 0.919, 0.122, 0.854, -1.343, -4.537, -22.104, 159.686, -10.567, -6.320, -34.747, 30.67, -0.17712, -0.18515, 0.07227, -0.96387,
 15:45:45.563,e3:ca:2d:fd:e0:8c, 2015-01-01 03:56:59.960, 0.959, 0.087, 0.335, 0, 0.183, 0, 14.744, -70.071, 146.03, -26.033, -13.513, -13.207, 29.51, 0.16669, 0.57523, -0.06577, 0.79807,
 15:45:45.563,e3:ca:2d:fd:e0:8c, 2015-01-01 03:56:59.960, 0.963, 0.086, 0.331, 0, 0.366, 0, 14.744, -70.065, 146.036, -26.033, -13.513, -13.207, 29.51, 0.16669, 0.57523, -0.06577, 0.79807,
 15:45:45.585,ed:40:fe:65:30:6c, 2015-01-01 03:57:05.190, 0.557, 0.009, 0.834, 0.366, 0, 0, 0.912, -33.58, -121.267, -18.427, -6.780, -7.840, 28.4, 0.47141, -0.24802, -0.14822, -0.83319,
 15:45:45.585,ed:40:fe:65:30:6c, 2015-01-01 03:57:05.190, 0.558, 0.011, 0.835, 0.366, 0, 0, 0.917, -33.58, -121.273, -18.427, -6.780, -7.840, 28.4, 0.47141, -0.24802, -0.14822, -0.83319,
 15:45:45.588,ed:35:33:d3:6c:f8, 2015-01-01 03:57:00.235, 0.378, -0.072, 0.919, 0, 1.709, -2.686, -4.515, -22.083, 159.659, -10.567, -6.320, -34.747, 30.67, -0.18057, -0.18155, 0.07187, -0.96393,
 15:45:45.588,ed:35:33:d3:6c:f8, 2015-01-01 03:57:00.235, 0.374, -0.068, 0.923, -0.671, 2.441, -3.235, -4.499, -22.05, 159.637, -10.567, -6.320, -34.747, 30.67, -0.18057, -0.18155, 0.07187, -0.96393,
 15:45:45.588,f6:90:cc:01:6d:25, 2015-01-01 03:57:00.375, 0.912, 0.234, 0.294, -0.183, 0.793, 0, 38.353, -67.357, 149.815, -26.587, -15.367, -8.087, 32.31, 0.02887, 0.57727, 0.12753, 0.80594,
 15:45:45.588,f6:90:cc:01:6d:25, 2015-01-01 03:57:00.375, 0.915, 0.233, 0.289, -0.61, 0.977, 0, 38.32, -67.346, 149.843, -26.587, -15.367, -8.087, 32.31, 0.02887, 0.57727, 0.12753, 0.80594,
 15:45:45.608,ed:40:fe:65:30:6c, 2015-01-01 03:57:05.525, 0.557, 0.014, 0.836, 0.244, 0.061, 0, 0.923, -33.58, -121.273, -18.427, -6.780, -7.840, 28.4, 0.47141, -0.24802, -0.14822, -0.83319,
 15:45:45.608,ed:40:fe:65:30:6c, 2015-01-01 03:57:05.525, 0.56, 0.013, 0.846, 0.061, -0.488, 0, 0.923, -33.585, -121.273, -18.427, -6.780, -7.840, 28.4, 0.47141, -0.24802, -0.14822, -0.83319,
 15:45:45.609,e3:ca:2d:fd:e0:8c, 2015-01-01 03:56:59.960, 0.966, 0.087, 0.333, 0, 0.061, 0, 14.738, -70.065, 146.041, -26.033, -13.513, -13.207, 29.51, 0.16669, 0.57523, -0.06577, 0.79807,
 15:45:45.609,e3:ca:2d:fd:e0:8c, 2015-01-01 03:56:59.960, 0.958, 0.085, 0.329, 0.488, -0.305, 0, 14.744, -70.065, 146.036, -26.033, -13.513, -13.207, 29.51, 0.16669, 0.57523, -0.06577, 0.79807,
 15:45:45.609,f6:90:cc:01:6d:25, 2015-01-01 03:57:00.375, 0.918, 0.235, 0.302, -0.427, 0.61, 0, 38.287, -67.335, 149.875, -26.467, -14.793, -7.947, 32.31, 0.02887, 0.57727, 0.12753, 0.80594,
 15:45:45.609,f6:90:cc:01:6d:25, 2015-01-01 03:57:00.375, 0.912, 0.235, 0.292, 0.061, 0.61, 0, 38.265, -67.33, 149.892, -26.467, -14.793, -7.947, 32.31, 0.02887, 0.57727, 0.12753, 0.80594,
 15:45:45.610,ed:35:33:d3:6c:f8, 2015-01-01 03:57:00.525, 0.374, -0.072, 0.929, -0.183, 3.235, -2.869, -4.477, -22, 159.615, -10.567, -6.320, -34.747, 30.67, -0.18057, -0.18155, 0.07187, -0.96393,
 15:45:45.610,ed:35:33:d3:6c:f8, 2015-01-01 03:57:00.525, 0.371, -0.076, 0.928, -0.244, 0.671, -2.014, -4.46, -21.973, 159.582, -10.567, -6.320, -34.747, 30.67, -0.18057, -0.18155, 0.07187, -0.96393,
 15:45:45.629,ed:40:fe:65:30:6c, 2015-01-01 03:57:05.525, 0.557, 0.009, 0.839, 0.244, -0.488, 0, 0.923, -33.596, -121.273, -18.427, -6.780, -7.840, 28.4, 0.47141, -0.24802, -0.14822, -0.83319,
 15:45:45.629,ed:40:fe:65:30:6c, 2015-01-01 03:57:05.525, 0.552, 0.007, 0.836, 0.244, -0.854, 0, 0.928, -33.613, -121.273, -18.427, -6.780, -7.840, 28.4, 0.47141, -0.24802, -0.14822, -0.83319,
 15:45:45.654,f6:90:cc:01:6d:25, 2015-01-01 03:57:00.375, 0.908, 0.232, 0.287, 0.244, 0.61, 0, 38.249, -67.324, 149.914, -26.467, -14.793, -7.947, 32.31, 0.02887, 0.57727, 0.12753, 0.80594,
 15:45:45.654,f6:90:cc:01:6d:25, 2015-01-01 03:57:00.375, 0.907, 0.234, 0.286, -0.122, 0.427, 0, 38.238, -67.319, 149.936, -26.467, -14.793, -7.947, 32.31, 0.02887, 0.57727, 0.12753, 0.80594,
 15:45:45.656,ed:35:33:d3:6c:f8, 2015-01-01 03:57:00.525, 0.372, -0.074, 0.923, -0.305, -0.671, -0.488, -4.46, -21.973, 159.565, -10.567, -6.320, -34.747, 30.67, -0.18057, -0.18155, 0.07187, -0.96393,
 15:45:45.656,ed:35:33:d3:6c:f8, 2015-01-01 03:57:00.525, 0.378, -0.067, 0.915, 0.122, -0.244, -1.16, -4.455, -21.989, 159.56, -10.567, -6.320, -34.747, 30.67, -0.18057, -0.18155, 0.07187, -0.96393,
 15:45:45.675,e3:ca:2d:fd:e0:8c, 2015-01-01 03:57:00.295, 0.958, 0.082, 0.333, 0.488, -0.061, 0, 14.755, -70.071, 146.036, -26.033, -13.513, -13.207, 29.51, 0.16669, 0.57523, -0.06577, 0.79807,
 15:45:45.675,e3:ca:2d:fd:e0:8c, 2015-01-01 03:57:00.295, 0.955, 0.085, 0.328, 0.427, 0, 0, 14.76, -70.076, 146.036, -26.033, -13.513, -13.207, 29.51, 0.16669, 0.57523, -0.06577, 0.79807,
 15:45:45.675,ed:40:fe:65:30:6c, 2015-01-01 03:57:05.525, 0.558, 0.011, 0.832, 0.366, -1.099, 0, 0.934, -33.635, -121.273, -18.427, -6.780, -7.840, 28.4, 0.47141, -0.24802, -0.14822, -0.83319,
 15:45:45.675,ed:40:fe:65:30:6c, 2015-01-01 03:57:05.525, 0.561, 0.014, 0.826, 0.61, -0.977, 0, 0.939, -33.651, -121.273, -18.427, -6.780, -7.840, 28.4, 0.47141, -0.24802, -0.14822, -0.83319,
 15:45:45.677,f6:90:cc:01:6d:25, 2015-01-01 03:57:00.375, 0.911, 0.233, 0.29, -0.488, 0.305, 0.305, 38.227, -67.319, 149.952, -26.467, -14.793, -7.947, 32.31, 0.02859, 0.57642, 0.12747, 0.80658,
 15:45:45.677,f6:90:cc:01:6d:25, 2015-01-01 03:57:00.375, 0.915, 0.233, 0.3, -0.671, 0.305, 0.183, 38.205, -67.319, 149.969, -26.467, -14.793, -7.947, 32.31, 0.02859, 0.57642, 0.12747, 0.80658,
 15:45:45.699,e3:ca:2d:fd:e0:8c, 2015-01-01 03:57:00.295, 0.954, 0.089, 0.335, 0.183, 0.122, 0, 14.766, -70.076, 146.036, -26.033, -13.513, -13.207, 29.51, 0.16669, 0.57523, -0.06577, 0.79807,
 15:45:45.699,e3:ca:2d:fd:e0:8c, 2015-01-01 03:57:00.295, 0.952, 0.093, 0.347, 0.061, 0.183, 0, 14.76, -70.076, 146.036, -26.033, -13.513, -13.207, 29.51, 0.16669, 0.57523, -0.06577, 0.79807,
 15:45:45.700,ed:35:33:d3:6c:f8, 2015-01-01 03:57:00.525, 0.38, -0.063, 0.913, 0.244, 0.183, -1.404, -4.438, -21.989, 159.538, -10.567, -6.320, -34.747, 30.67, -0.18057, -0.18155, 0.07187, -0.96393,
 15:45:45.700,ed:35:33:d3:6c:f8, 2015-01-01 03:57:00.525, 0.375, -0.066, 0.915, -0.305, 0.549, -0.244, -4.438, -21.984, 159.532, -10.567, -6.320, -34.747, 30.67, -0.18057, -0.18155, 0.07187, -0.96393,
 15:45:45.720,e3:ca:2d:fd:e0:8c, 2015-01-01 03:57:00.295, 0.954, 0.098, 0.354, -0.183, 0.366, -0.305, 14.766, -70.071, 146.03, -26.033, -13.513, -13.207, 29.51, 0.16669, 0.57523, -0.06577, 0.79807,
 15:45:45.720,e3:ca:2d:fd:e0:8c, 2015-01-01 03:57:00.295, 0.952, 0.094, 0.353, -0.488, 0.427, -0.488, 14.777, -70.054, 146.014, -26.033, -13.513, -13.207, 29.51, 0.16669, 0.57523, -0.06577, 0.79807,
 15:45:45.720,ed:40:fe:65:30:6c, 2015-01-01 03:57:05.525, 0.562, 0.013, 0.832, 0.427, -0.977, 0.427, 0.945, -33.673, -121.267, -18.427, -6.780, -7.840, 28.4, 0.47141, -0.24802, -0.14822, -0.83319,
 15:45:45.720,ed:40:fe:65:30:6c, 2015-01-01 03:57:05.525, 0.556, 0.012, 0.839, 0.183, -0.61, 0.61, 0.939, -33.69, -121.251, -18.427, -6.780, -7.840, 28.4, 0.47141, -0.24802, -0.14822, -0.83319,
 15:45:45.721,f6:90:cc:01:6d:25, 2015-01-01 03:57:00.375, 0.913, 0.236, 0.313, -0.854, 0.488, 0, 38.177, -67.319, 149.991, -26.467, -14.793, -7.947, 32.31, 0.02859, 0.57642, 0.12747, 0.80658,
 15:45:45.721,f6:90:cc:01:6d:25, 2015-01-01 03:57:00.375, 0.904, 0.239, 0.319, -0.244, 0.977, -0.061, 38.15, -67.313, 150.007, -26.467, -14.793, -7.947, 32.31, 0.02859, 0.57642, 0.12747, 0.80658,
 15:45:45.745,ed:35:33:d3:6c:f8, 2015-01-01 03:57:00.525, 0.367, -0.072, 0.921, -0.671, 0.366, 0.244, -4.449, -21.978, 159.543, -10.567, -6.320, -34.747, 30.67, -0.18057, -0.18155, 0.07187, -0.96393,
 15:45:45.745,ed:35:33:d3:6c:f8, 2015-01-01 03:57:00.525, 0.363, -0.075, 0.917, -0.244, 1.099, 0.305, -4.455, -21.962, 159.576, -10.567, -6.320, -34.747, 30.67, -0.18057, -0.18155, 0.07187, -0.96393,
 15:45:45.765,e3:ca:2d:fd:e0:8c, 2015-01-01 03:57:00.295, 0.947, 0.087, 0.34, -0.549, 0.671, -0.549, 14.782, -70.038, 145.992, -26.033, -13.513, -13.207, 29.51, 0.16669, 0.57523, -0.06577, 0.79807,
 15:45:45.765,e3:ca:2d:fd:e0:8c, 2015-01-01 03:57:00.295, 0.952, 0.086, 0.34, -0.183, 0.916, -0.061, 14.777, -70.016, 145.997, -26.033, -13.513, -13.207, 29.51, 0.16669, 0.57523, -0.06577, 0.79807,
 15:45:45.767,f6:90:cc:01:6d:25, 2015-01-01 03:57:00.735, 0.893, 0.235, 0.301, 0.061, 1.282, -0.061, 38.112, -67.291, 150.035, -26.467, -14.793, -7.947, 32.31, 0.02859, 0.57642, 0.12747, 0.80658,
 15:45:45.767,f6:90:cc:01:6d:25, 2015-01-01 03:57:00.735, 0.9, 0.233, 0.304, 0.061, 0.854, 0, 38.079, -67.275, 150.046, -26.467, -14.793, -7.947, 32.31, 0.02859, 0.57642, 0.12747, 0.80658,
 15:45:45.768,ed:35:33:d3:6c:f8, 2015-01-01 03:57:00.525, 0.362, -0.074, 0.911, 0.122, 1.404, -0.366, -4.449, -21.94, 159.598, -10.567, -6.320, -34.747, 30.67, -0.18057, -0.18155, 0.07187, -0.96393,
 15:45:45.768,ed:35:33:d3:6c:f8, 2015-01-01 03:57:00.525, 0.361, -0.067, 0.913, 1.038, 2.502, -3.418, -4.411, -21.901, 159.56, -10.567, -6.320, -34.747, 30.67, -0.18057, -0.18155, 0.07187, -0.96393,
 15:45:45.786,ed:40:fe:65:30:6c, 2015-01-01 03:57:05.525, 0.55, 0.01, 0.839, 0.183, -0.366, 0.366, 0.939, -33.701, -121.245, -18.427, -6.780, -7.840, 28.4, 0.47141, -0.24802, -0.14822, -0.83319,
 15:45:45.786,ed:40:fe:65:30:6c, 2015-01-01 03:57:05.525, 0.54, 0.012, 0.83, 0.244, 0.183, 0, 0.939, -33.695, -121.24, -18.427, -6.780, -7.840, 28.4, 0.47141, -0.24802, -0.14822, -0.83319,
 15:45:45.809,ed:40:fe:65:30:6c, 2015-01-01 03:57:05.525, 0.542, 0.015, 0.83, 0.183, 0, -0.549, 0.945, -33.695, -121.251, -18.207, -6.407, -7.507, 28.4, 0.47141, -0.24802, -0.14822, -0.83319,
 15:45:45.809,ed:40:fe:65:30:6c, 2015-01-01 03:57:05.525, 0.551, 0.021, 0.836, 0.122, 0, -0.488, 0.956, -33.695, -121.262, -18.207, -6.407, -7.507, 28.4, 0.47141, -0.24802, -0.14822, -0.83319,
 15:45:45.810,e3:ca:2d:fd:e0:8c, 2015-01-01 03:57:00.295, 0.955, 0.088, 0.336, -0.061, 0.061, 0.305, 14.76, -70.01, 146.014, -26.033, -13.513, -13.207, 29.51, 0.16669, 0.57523, -0.06577, 0.79807,
 15:45:45.810,e3:ca:2d:fd:e0:8c, 2015-01-01 03:57:00.295, 0.956, 0.094, 0.341, -0.122, -0.305, 0.305, 14.744, -70.01, 146.025, -26.033, -13.513, -13.207, 29.51, 0.16669, 0.57523, -0.06577, 0.79807,
 15:45:45.811,f6:90:cc:01:6d:25, 2015-01-01 03:57:00.735, 0.906, 0.231, 0.307, -0.488, 0.244, 0.061, 38.057, -67.264, 150.024, -26.467, -14.793, -7.947, 32.31, 0.02859, 0.57642, 0.12747, 0.80658,
 15:45:45.811,f6:90:cc:01:6d:25, 2015-01-01 03:57:00.735, 0.909, 0.236, 0.309, 0.183, -0.244, 0.122, 38.04, -67.258, 149.985, -26.467, -14.793, -7.947, 32.31, 0.02859, 0.57642, 0.12747, 0.80658,
 15:45:45.813,ed:35:33:d3:6c:f8, 2015-01-01 03:57:00.525, 0.369, -0.055, 0.918, 0.793, 2.563, -3.235, -4.367, -21.857, 159.521, -10.567, -6.320, -34.747, 30.67, -0.18057, -0.18155, 0.07187, -0.96393,
 15:45:45.813,ed:35:33:d3:6c:f8, 2015-01-01 03:57:00.525, 0.365, -0.059, 0.92, 0.671, 2.808, -3.418, -4.323, -21.808, 159.478, -10.567, -6.320, -34.747, 30.67, -0.18057, -0.18155, 0.07187, -0.96393,
 15:45:45.834,f6:90:cc:01:6d:25, 2015-01-01 03:57:00.735, 0.911, 0.236, 0.308, 0.366, -0.488, 0.061, 38.046, -67.264, 149.98, -26.467, -14.793, -7.947, 32.31, 0.02859, 0.57642, 0.12747, 0.80658,
 15:45:45.834,f6:90:cc:01:6d:25, 2015-01-01 03:57:00.735, 0.911, 0.235, 0.304, 0.61, -0.549, 0.061, 38.062, -67.269, 149.98, -26.467, -14.793, -7.947, 32.31, 0.02859, 0.57642, 0.12747, 0.80658,
 15:45:45.854,ed:40:fe:65:30:6c, 2015-01-01 03:57:05.525, 0.553, 0.02, 0.837, 0.122, 0.305, -0.122, 0.961, -33.684, -121.267, -18.207, -6.407, -7.507, 28.4, 0.47141, -0.24802, -0.14822, -0.83319,
 15:45:45.854,ed:40:fe:65:30:6c, 2015-01-01 03:57:05.525, 0.553, 0.016, 0.841, 0.244, 0.427, 0.061, 0.967, -33.673, -121.267, -18.207, -6.407, -7.507, 28.4, 0.47141, -0.24802, -0.14822, -0.83319,
 15:45:45.858,ed:35:33:d3:6c:f8, 2015-01-01 03:57:00.525, 0.364, -0.066, 0.928, 0.671, 2.747, -2.136, -4.285, -21.753, 159.439, -10.560, -5.800, -33.813, 30.67, -0.18057, -0.18155, 0.07187, -0.96393,
 15:45:45.858,ed:35:33:d3:6c:f8, 2015-01-01 03:57:00.525, 0.369, -0.07, 0.931, 1.221, 2.625, -2.563, -4.241, -21.703, 159.423, -10.560, -5.800, -33.813, 30.67, -0.18057, -0.18155, 0.07187, -0.96393,
 15:45:45.876,ed:40:fe:65:30:6c, 2015-01-01 03:57:05.525, 0.551, 0.013, 0.843, 0.244, 0.183, 0.061, 0.972, -33.668, -121.267, -18.207, -6.407, -7.507, 28.4, 0.47144, -0.24838, -0.14908, -0.83289,
 15:45:45.876,ed:40:fe:65:30:6c, 2015-01-01 03:57:05.525, 0.563, 0.014, 0.846, 0.061, -0.183, -0.122, 0.972, -33.662, -121.267, -18.207, -6.407, -7.507, 28.4, 0.47144, -0.24838, -0.14908, -0.83289,
 15:45:45.878,e3:ca:2d:fd:e0:8c, 2015-01-01 03:57:00.295, 0.958, 0.092, 0.341, -0.366, -0.671, 0.244, 14.733, -70.021, 146.03, -25.853, -13.487, -12.507, 29.51, 0.16669, 0.57523, -0.06577, 0.79807,
 15:45:45.878,e3:ca:2d:fd:e0:8c, 2015-01-01 03:57:00.295, 0.962, 0.088, 0.336, -0.427, -0.916, 0.366, 14.722, -70.038, 146.041, -25.853, -13.487, -12.507, 29.51, 0.16669, 0.57523, -0.06577, 0.79807,
 15:45:45.879,f6:90:cc:01:6d:25, 2015-01-01 03:57:00.735, 0.916, 0.229, 0.297, 0.427, -0.977, 0.122, 38.084, -67.275, 149.98, -26.467, -14.793, -7.947, 32.31, 0.02859, 0.57642, 0.12747, 0.80658,
 15:45:45.879,f6:90:cc:01:6d:25, 2015-01-01 03:57:00.735, 0.919, 0.235, 0.298, 0.366, -0.793, 0.244, 38.106, -67.291, 149.969, -26.467, -14.793, -7.947, 32.31, 0.02859, 0.57642, 0.12747, 0.80658,
 15:45:45.901,e3:ca:2d:fd:e0:8c, 2015-01-01 03:57:00.295, 0.957, 0.078, 0.328, 0.122, -1.587, 0.61, 14.711, -70.065, 146.047, -25.853, -13.487, -12.507, 29.51, 0.16678, 0.5751, -0.06595, 0.79813,
 15:45:45.901,e3:ca:2d:fd:e0:8c, 2015-01-01 03:57:00.295, 0.959, 0.093, 0.357, 0.427, -0.61, 0.549, 14.7, -70.082, 146.069, -25.853, -13.487, -12.507, 29.51, 0.16678, 0.5751, -0.06595, 0.79813,
 15:45:45.903,ed:35:33:d3:6c:f8, 2015-01-01 03:57:00.525, 0.377, -0.07, 0.932, 2.93, 3.296, -1.404, -4.175, -21.649, 159.401, -10.560, -5.800, -33.813, 30.67, -0.18219, -0.17834, 0.06894, -0.96445,
 15:45:45.903,ed:35:33:d3:6c:f8, 2015-01-01 03:57:00.525, 0.375, -0.065, 0.926, 3.906, 2.808, -0.977, -4.092, -21.588, 159.362, -10.560, -5.800, -33.813, 30.67, -0.18219, -0.17834, 0.06894, -0.96445,
 15:45:45.923,ed:40:fe:65:30:6c, 2015-01-01 03:57:05.525, 0.567, 0.014, 0.836, 0, -0.549, -0.061, 0.978, -33.668, -121.273, -18.207, -6.407, -7.507, 28.4, 0.47144, -0.24838, -0.14908, -0.83289,
 15:45:45.923,ed:40:fe:65:30:6c, 2015-01-01 03:57:05.525, 0.56, 0.011, 0.836, -0.305, -0.488, -0.122, 0.972, -33.679, -121.273, -18.207, -6.407, -7.507, 28.4, 0.47144, -0.24838, -0.14908, -0.83289,
 15:45:45.943,ed:40:fe:65:30:6c, 2015-01-01 03:57:05.860, 0.548, 0.011, 0.834, -0.366, 0, -0.244, 0.967, -33.679, -121.278, -18.207, -6.407, -7.507, 28.4, 0.47144, -0.24838, -0.14908, -0.83289,
 15:45:45.943,ed:40:fe:65:30:6c, 2015-01-01 03:57:05.860, 0.547, 0.012, 0.833, -0.183, 0, -0.366, 0.967, -33.679, -121.289, -18.207, -6.407, -7.507, 28.4, 0.47144, -0.24838, -0.14908, -0.83289,
 15:45:45.945,e3:ca:2d:fd:e0:8c, 2015-01-01 03:57:00.295, 0.957, 0.094, 0.346, -0.061, 0.244, 0, 14.689, -70.076, 146.107, -25.853, -13.487, -12.507, 29.51, 0.16678, 0.5751, -0.06595, 0.79813,
 15:45:45.945,e3:ca:2d:fd:e0:8c, 2015-01-01 03:57:00.295, 0.953, 0.09, 0.335, -0.793, 0.183, -0.488, 14.694, -70.071, 146.118, -25.853, -13.487, -12.507, 29.51, 0.16678, 0.5751, -0.06595, 0.79813,
 15:45:45.947,f6:90:cc:01:6d:25, 2015-01-01 03:57:00.735, 0.915, 0.237, 0.305, -0.488, 0, 0.183, 38.101, -67.297, 149.963, -26.467, -14.793, -7.947, 32.31, 0.02859, 0.57642, 0.12747, 0.80658,
 15:45:45.947,f6:90:cc:01:6d:25, 2015-01-01 03:57:00.735, 0.902, 0.235, 0.303, -0.183, 0.183, 0, 38.084, -67.297, 149.985, -26.467, -14.793, -7.947, 32.31, 0.02859, 0.57642, 0.12747, 0.80658,
 15:45:45.947,ed:35:33:d3:6c:f8, 2015-01-01 03:57:00.840, 0.369, -0.064, 0.918, 0.427, 1.282, -2.319, -4.054, -21.561, 159.296, -10.560, -5.800, -33.813, 30.67, -0.18219, -0.17834, 0.06894, -0.96445,
 15:45:45.947,ed:35:33:d3:6c:f8, 2015-01-01 03:57:00.840, 0.361, -0.066, 0.914, 1.587, 4.272, -2.258, -4.01, -21.5, 159.23, -10.560, -5.800, -33.813, 30.67, -0.18219, -0.17834, 0.06894, -0.96445,
 15:45:45.969,e3:ca:2d:fd:e0:8c, 2015-01-01 03:57:00.630, 0.961, 0.086, 0.326, -0.488, -0.244, -0.061, 14.694, -70.065, 146.118, -25.853, -13.487, -12.507, 29.51, 0.16678, 0.5751, -0.06595, 0.79813,
 15:45:45.969,e3:ca:2d:fd:e0:8c, 2015-01-01 03:57:00.630, 0.959, 0.078, 0.327, 0.488, -0.732, 0.61, 14.689, -70.082, 146.168, -25.853, -13.487, -12.507, 29.51, 0.16678, 0.5751, -0.06595, 0.79813,
 15:45:45.969,f6:90:cc:01:6d:25, 2015-01-01 03:57:00.735, 0.904, 0.231, 0.296, 0.061, -0.061, -0.183, 38.084, -67.291, 149.991, -26.080, -15.513, -7.880, 32.31, 0.02859, 0.57642, 0.12747, 0.80658,
 15:45:45.969,f6:90:cc:01:6d:25, 2015-01-01 03:57:00.735, 0.91, 0.229, 0.293, 0.488, -0.305, -0.122, 38.095, -67.291, 149.969, -26.080, -15.513, -7.880, 32.31, 0.02859, 0.57642, 0.12747, 0.80658,
 15:45:45.970,ed:35:33:d3:6c:f8, 2015-01-01 03:57:00.840, 0.357, -0.064, 0.919, 2.991, 6.775, -2.441, -3.933, -21.385, 159.159, -10.560, -5.800, -33.813, 30.67, -0.18219, -0.17834, 0.06894, -0.96445,
 15:45:45.970,ed:35:33:d3:6c:f8, 2015-01-01 03:57:00.840, 0.345, -0.061, 0.933, 4.395, 8.606, -2.014, -3.834, -21.231, 159.099, -10.560, -5.800, -33.813, 30.67, -0.18219, -0.17834, 0.06894, -0.96445,
 15:45:45.990,ed:40:fe:65:30:6c, 2015-01-01 03:57:05.860, 0.554, 0.012, 0.838, 0, -0.305, -0.305, 0.972, -33.679, -121.295, -18.207, -6.407, -7.507, 28.4, 0.47144, -0.24838, -0.14908, -0.83289,
 15:45:45.990,ed:40:fe:65:30:6c, 2015-01-01 03:57:05.860, 0.563, 0.014, 0.838, 0.061, -0.61, -0.183, 0.972, -33.69, -121.3, -18.207, -6.407, -7.507, 28.4, 0.47144, -0.24838, -0.14908, -0.83289,
 15:45:46.015,ed:35:33:d3:6c:f8, 2015-01-01 03:57:00.840, 0.373, -0.049, 0.935, 1.16, -0.122, -2.869, -3.779, -21.198, 159.033, -10.560, -5.800, -33.813, 30.67, -0.18219, -0.17834, 0.06894, -0.96445,
 15:45:46.015,ed:35:33:d3:6c:f8, 2015-01-01 03:57:00.840, 0.378, -0.06, 0.916, 2.93, -0.549, 0.732, -3.73, -21.209, 159.027, -10.560, -5.800, -33.813, 30.67, -0.18219, -0.17834, 0.06894, -0.96445,
 15:45:46.015,e3:ca:2d:fd:e0:8c, 2015-01-01 03:57:00.630, 0.96, 0.085, 0.329, 0.061, -0.916, 0.488, 14.672, -70.098, 146.239, -25.853, -13.487, -12.507, 29.51, 0.16678, 0.5751, -0.06595, 0.79813,
 15:45:46.015,e3:ca:2d:fd:e0:8c, 2015-01-01 03:57:00.630, 0.961, 0.089, 0.334, -0.427, -1.099, 0.305, 14.661, -70.12, 146.266, -25.853, -13.487, -12.507, 29.51, 0.16678, 0.5751, -0.06595, 0.79813,
 15:45:46.016,f6:90:cc:01:6d:25, 2015-01-01 03:57:00.735, 0.913, 0.231, 0.292, 0.488, -0.854, -0.061, 38.123, -67.302, 149.93, -26.080, -15.513, -7.880, 32.31, 0.02859, 0.57642, 0.12747, 0.80658,
 15:45:46.016,f6:90:cc:01:6d:25, 2015-01-01 03:57:00.735, 0.917, 0.235, 0.295, 0.366, -1.099, -0.061, 38.161, -67.319, 149.892, -26.080, -15.513, -7.880, 32.31, 0.02859, 0.57642, 0.12747, 0.80658,
 15:45:46.034,ed:40:fe:65:30:6c, 2015-01-01 03:57:05.860, 0.573, 0.015, 0.831, 0.305, -0.427, 0, 0.978, -33.695, -121.306, -18.207, -6.407, -7.507, 28.4, 0.47144, -0.24838, -0.14908, -0.83289,
 15:45:46.034,ed:40:fe:65:30:6c, 2015-01-01 03:57:05.860, 0.577, 0.014, 0.826, 0.366, 0, 0.061, 0.983, -33.701, -121.3, -18.207, -6.407, -7.507, 28.4, 0.47144, -0.24838, -0.14908, -0.83289,
 15:45:46.036,f6:90:cc:01:6d:25, 2015-01-01 03:57:00.735, 0.923, 0.234, 0.294, 0.549, -0.793, 0, 38.199, -67.33, 149.865, -26.080, -15.513, -7.880, 32.31, 0.02927, 0.57651, 0.12674, 0.80661,
 15:45:46.036,f6:90:cc:01:6d:25, 2015-01-01 03:57:00.735, 0.919, 0.232, 0.292, 0.488, -0.061, 0.183, 38.216, -67.341, 149.854, -26.080, -15.513, -7.880, 32.31, 0.02927, 0.57651, 0.12674, 0.80661,
 15:45:46.058,e3:ca:2d:fd:e0:8c, 2015-01-01 03:57:00.630, 0.963, 0.084, 0.339, 0, -0.671, 0.305, 14.656, -70.137, 146.266, -25.853, -13.487, -12.507, 29.51, 0.16678, 0.5751, -0.06595, 0.79813,
 15:45:46.058,e3:ca:2d:fd:e0:8c, 2015-01-01 03:57:00.630, 0.96, 0.081, 0.339, 0.244, 0, 0.122, 14.65, -70.142, 146.288, -25.853, -13.487, -12.507, 29.51, 0.16678, 0.5751, -0.06595, 0.79813,
 15:45:46.061,ed:35:33:d3:6c:f8, 2015-01-01 03:57:00.840, 0.377, -0.052, 0.913, 2.136, 1.221, -1.099, -3.675, -21.198, 158.994, -10.560, -5.800, -33.813, 30.67, -0.18219, -0.17834, 0.06894, -0.96445,
 15:45:46.061,ed:35:33:d3:6c:f8, 2015-01-01 03:57:00.840, 0.364, -0.058, 0.918, 1.953, 3.235, -0.122, -3.631, -21.149, 158.956, -10.560, -5.800, -33.813, 30.67, -0.18219, -0.17834, 0.06894, -0.96445,
 15:45:46.080,ed:40:fe:65:30:6c, 2015-01-01 03:57:05.860, 0.571, 0.01, 0.825, 0.183, 0.549, 0.122, 0.989, -33.695, -121.3, -18.207, -6.407, -7.507, 28.4, 0.47144, -0.24838, -0.14908, -0.83289,
 15:45:46.080,ed:40:fe:65:30:6c, 2015-01-01 03:57:05.860, 0.563, 0.004, 0.826, 0.061, 0.854, 0.183, 0.983, -33.679, -121.295, -18.207, -6.407, -7.507, 28.4, 0.47144, -0.24838, -0.14908, -0.83289,
 15:45:46.082,f6:90:cc:01:6d:25, 2015-01-01 03:57:00.735, 0.916, 0.23, 0.292, 0.061, 0.427, 0.305, 38.205, -67.346, 149.854, -26.080, -15.513, -7.880, 32.31, 0.02927, 0.57651, 0.12674, 0.80661,
 15:45:46.082,f6:90:cc:01:6d:25, 2015-01-01 03:57:00.735, 0.913, 0.23, 0.292, -0.305, 0.854, 0.122, 38.177, -67.341, 149.843, -26.080, -15.513, -7.880, 32.31, 0.02927, 0.57651, 0.12674, 0.80661,
 15:45:46.103,e3:ca:2d:fd:e0:8c, 2015-01-01 03:57:00.630, 0.959, 0.084, 0.336, 0, 0.305, -0.122, 14.645, -70.137, 146.343, -25.853, -13.487, -12.507, 29.51, 0.16678, 0.5751, -0.06595, 0.79813,
 15:45:46.103,e3:ca:2d:fd:e0:8c, 2015-01-01 03:57:00.630, 0.96, 0.086, 0.333, 0, 0.488, -0.305, 14.65, -70.126, 146.382, -25.853, -13.487, -12.507, 29.51, 0.16678, 0.5751, -0.06595, 0.79813,
 15:45:46.105,ed:35:33:d3:6c:f8, 2015-01-01 03:57:00.840, 0.363, -0.062, 0.921, -0.183, 1.953, -1.038, -3.62, -21.116, 158.912, -10.560, -5.800, -33.813, 30.67, -0.18219, -0.17834, 0.06894, -0.96445,
 15:45:46.105,ed:35:33:d3:6c:f8, 2015-01-01 03:57:00.840, 0.361, -0.06, 0.923, 0.122, 1.404, 0.488, -3.62, -21.088, 158.884, -10.560, -5.800, -33.813, 30.67, -0.18219, -0.17834, 0.06894, -0.96445,
 15:45:46.125,ed:40:fe:65:30:6c, 2015-01-01 03:57:05.860, 0.561, 0.006, 0.829, 0.122, 1.038, 0.183, 0.978, -33.668, -121.289, -18.207, -6.407, -7.507, 28.4, 0.47144, -0.24838, -0.14908, -0.83289,
 15:45:46.125,ed:40:fe:65:30:6c, 2015-01-01 03:57:05.860, 0.558, 0.01, 0.834, 0.427, 1.16, 0.122, 0.983, -33.646, -121.284, -18.207, -6.407, -7.507, 28.4, 0.47144, -0.24838, -0.14908, -0.83289,
 15:45:46.127,f6:90:cc:01:6d:25, 2015-01-01 03:57:01.090, 0.913, 0.233, 0.293, -0.183, 1.099, 0, 38.145, -67.33, 149.843, -26.080, -15.513, -7.880, 32.31, 0.02927, 0.57651, 0.12674, 0.80661,
 15:45:46.127,f6:90:cc:01:6d:25, 2015-01-01 03:57:01.090, 0.912, 0.235, 0.293, 0.305, 1.221, -0.061, 38.112, -67.313, 149.87, -26.080, -15.513, -7.880, 32.31, 0.02927, 0.57651, 0.12674, 0.80661,
 15:45:46.148,ed:40:fe:65:30:6c, 2015-01-01 03:57:05.860, 0.553, 0.013, 0.837, 0.61, 1.099, 0.244, 0.989, -33.629, -121.284, -18.253, -6.740, -7.493, 28.4, 0.47144, -0.24838, -0.14908, -0.83289,
 15:45:46.148,ed:40:fe:65:30:6c, 2015-01-01 03:57:05.860, 0.551, 0.014, 0.84, 0.549, 0.854, 0.305, 0.994, -33.618, -121.289, -18.253, -6.740, -7.493, 28.4, 0.47144, -0.24838, -0.14908, -0.83289,
 15:45:46.148,e3:ca:2d:fd:e0:8c, 2015-01-01 03:57:00.630, 0.962, 0.087, 0.331, 0.183, 0.671, -0.305, 14.656, -70.115, 146.415, -25.853, -13.487, -12.507, 29.51, 0.16678, 0.5751, -0.06595, 0.79813,
 15:45:46.148,e3:ca:2d:fd:e0:8c, 2015-01-01 03:57:00.630, 0.96, 0.089, 0.331, 0.061, 0.549, -0.244, 14.661, -70.104, 146.448, -25.853, -13.487, -12.507, 29.51, 0.16678, 0.5751, -0.06595, 0.79813,
 15:45:46.150,ed:35:33:d3:6c:f8, 2015-01-01 03:57:00.840, 0.356, -0.056, 0.928, 0.122, 1.648, 0.366, -3.62, -21.066, 158.895, -10.087, -6.487, -35.620, 30.67, -0.18219, -0.17834, 0.06894, -0.96445,
 15:45:46.150,ed:35:33:d3:6c:f8, 2015-01-01 03:57:00.840, 0.352, -0.056, 0.934, 0.061, 1.343, 0.488, -3.625, -21.044, 158.917, -10.087, -6.487, -35.620, 30.67, -0.18219, -0.17834, 0.06894, -0.96445,
 15:45:46.170,e3:ca:2d:fd:e0:8c, 2015-01-01 03:57:00.630, 0.959, 0.089, 0.333, 0, 0.427, -0.244, 14.667, -70.093, 146.459, -25.747, -13.627, -12.760, 29.51, 0.16678, 0.5751, -0.06595, 0.79813,
 15:45:46.170,e3:ca:2d:fd:e0:8c, 2015-01-01 03:57:00.630, 0.958, 0.088, 0.335, 0, 0.488, -0.244, 14.672, -70.087, 146.475, -25.747, -13.627, -12.760, 29.51, 0.16678, 0.5751, -0.06595, 0.79813,
 15:45:46.171,f6:90:cc:01:6d:25, 2015-01-01 03:57:01.090, 0.91, 0.235, 0.294, 0.549, 1.099, -0.183, 38.095, -67.297, 149.903, -26.080, -15.513, -7.880, 32.31, 0.02927, 0.57651, 0.12674, 0.80661,
 15:45:46.171,f6:90:cc:01:6d:25, 2015-01-01 03:57:01.090, 0.909, 0.235, 0.299, 0.366, 0.977, -0.183, 38.084, -67.286, 149.908, -26.080, -15.513, -7.880, 32.31, 0.02927, 0.57651, 0.12674, 0.80661,
 15:45:46.173,ed:35:33:d3:6c:f8, 2015-01-01 03:57:00.840, 0.353, -0.057, 0.935, 0, 0.732, 0.366, -3.625, -21.028, 158.95, -10.087, -6.487, -35.620, 30.67, -0.18506, -0.17361, 0.0639, -0.96509,
 15:45:46.173,ed:35:33:d3:6c:f8, 2015-01-01 03:57:00.840, 0.352, -0.057, 0.933, -0.244, 0.061, 0, -3.631, -21.028, 158.961, -10.087, -6.487, -35.620, 30.67, -0.18506, -0.17361, 0.0639, -0.96509,
 15:45:46.192,ed:40:fe:65:30:6c, 2015-01-01 03:57:05.860, 0.552, 0.016, 0.841, 0.305, 0.61, 0.122, 0.994, -33.607, -121.3, -18.253, -6.740, -7.493, 28.4, 0.47144, -0.24838, -0.14908, -0.83289,
 15:45:46.192,ed:40:fe:65:30:6c, 2015-01-01 03:57:05.860, 0.55, 0.017, 0.839, 0.183, 0.488, -0.122, 1, -33.596, -121.317, -18.253, -6.740, -7.493, 28.4, 0.47144, -0.24838, -0.14908, -0.83289,
 15:45:46.194,f6:90:cc:01:6d:25, 2015-01-01 03:57:01.090, 0.907, 0.236, 0.302, 0.061, 0.549, -0.183, 38.073, -67.275, 149.903, -26.080, -15.513, -7.880, 32.31, 0.02927, 0.57651, 0.12674, 0.80661,
 15:45:46.194,f6:90:cc:01:6d:25, 2015-01-01 03:57:01.090, 0.906, 0.235, 0.303, 0, 0.427, -0.061, 38.068, -67.269, 149.881, -26.080, -15.513, -7.880, 32.31, 0.02927, 0.57651, 0.12674, 0.80661,
 15:45:46.216,e3:ca:2d:fd:e0:8c, 2015-01-01 03:57:00.630, 0.954, 0.088, 0.338, -0.122, 0.427, -0.244, 14.678, -70.076, 146.503, -25.747, -13.627, -12.760, 29.51, 0.16678, 0.5751, -0.06595, 0.79813,
 15:45:46.216,e3:ca:2d:fd:e0:8c, 2015-01-01 03:57:00.630, 0.952, 0.088, 0.339, -0.061, 0.244, -0.183, 14.683, -70.071, 146.541, -25.747, -13.627, -12.760, 29.51, 0.16678, 0.5751, -0.06595, 0.79813,
 15:45:46.218,ed:35:33:d3:6c:f8, 2015-01-01 03:57:00.840, 0.35, -0.054, 0.929, -0.305, -0.122, -0.244, -3.636, -21.028, 158.956, -10.087, -6.487, -35.620, 30.67, -0.18506, -0.17361, 0.0639, -0.96509,
 15:45:46.218,ed:35:33:d3:6c:f8, 2015-01-01 03:57:00.840, 0.349, -0.05, 0.928, 0, -0.061, -0.244, -3.631, -21.033, 158.945, -10.087, -6.487, -35.620, 30.67, -0.18506, -0.17361, 0.0639, -0.96509,
 15:45:46.239,f6:90:cc:01:6d:25, 2015-01-01 03:57:01.090, 0.906, 0.233, 0.306, -0.183, 0.244, 0, 38.062, -67.264, 149.865, -26.080, -15.513, -7.880, 32.31, 0.02927, 0.57651, 0.12674, 0.80661,
 15:45:46.239,f6:90:cc:01:6d:25, 2015-01-01 03:57:01.090, 0.907, 0.232, 0.307, -0.244, 0.122, 0, 38.051, -67.264, 149.821, -26.080, -15.513, -7.880, 32.31, 0.02927, 0.57651, 0.12674, 0.80661,
 15:45:46.262,ed:40:fe:65:30:6c, 2015-01-01 03:57:05.860, 0.547, 0.019, 0.838, 0.122, 0.366, -0.183, 1.005, -33.591, -121.339, -18.253, -6.740, -7.493, 28.4, 0.47128, -0.24786, -0.14893, -0.83316,
 15:45:46.262,ed:40:fe:65:30:6c, 2015-01-01 03:57:05.860, 0.546, 0.018, 0.838, 0.061, 0.244, -0.122, 1.005, -33.585, -121.355, -18.253, -6.740, -7.493, 28.4, 0.47128, -0.24786, -0.14893, -0.83316,
 15:45:46.263,ed:35:33:d3:6c:f8, 2015-01-01 03:57:01.130, 0.347, -0.051, 0.928, 0, 0.061, 0, -3.631, -21.033, 158.934, -10.087, -6.487, -35.620, 30.67, -0.18506, -0.17361, 0.0639, -0.96509,
 15:45:46.263,ed:35:33:d3:6c:f8, 2015-01-01 03:57:01.130, 0.346, -0.055, 0.931, -0.061, 0.183, 0, -3.625, -21.028, 158.956, -10.087, -6.487, -35.620, 30.67, -0.18506, -0.17361, 0.0639, -0.96509,
 15:45:46.283,ed:40:fe:65:30:6c, 2015-01-01 03:57:06.195, 0.545, 0.016, 0.84, 0.061, 0.305, 0, 1.011, -33.58, -121.366, -18.253, -6.740, -7.493, 28.4, 0.47128, -0.24786, -0.14893, -0.83316,
 15:45:46.283,ed:40:fe:65:30:6c, 2015-01-01 03:57:06.195, 0.545, 0.014, 0.842, 0, 0.183, 0, 1.011, -33.574, -121.371, -18.253, -6.740, -7.493, 28.4, 0.47128, -0.24786, -0.14893, -0.83316,
 15:45:46.283,e3:ca:2d:fd:e0:8c, 2015-01-01 03:57:00.630, 0.953, 0.089, 0.343, 0, 0.122, -0.061, 14.689, -70.071, 146.569, -25.747, -13.627, -12.760, 29.51, 0.16348, 0.57541, -0.06369, 0.79877,
 15:45:46.283,e3:ca:2d:fd:e0:8c, 2015-01-01 03:57:00.630, 0.954, 0.087, 0.344, 0, 0.183, 0, 14.683, -70.065, 146.596, -25.747, -13.627, -12.760, 29.51, 0.16348, 0.57541, -0.06369, 0.79877,
 15:45:46.284,f6:90:cc:01:6d:25, 2015-01-01 03:57:01.090, 0.907, 0.23, 0.305, -0.061, 0.305, 0.122, 38.035, -67.258, 149.782, -26.080, -15.513, -7.880, 32.31, 0.02927, 0.57651, 0.12674, 0.80661,
 15:45:46.284,f6:90:cc:01:6d:25, 2015-01-01 03:57:01.090, 0.908, 0.232, 0.307, 0, 0.183, 0.061, 38.024, -67.258, 149.788, -26.080, -15.513, -7.880, 32.31, 0.02927, 0.57651, 0.12674, 0.80661,
 15:45:46.305,e3:ca:2d:fd:e0:8c, 2015-01-01 03:57:00.965, 0.954, 0.086, 0.342, 0, 0.122, -0.061, 14.683, -70.06, 146.613, -25.747, -13.627, -12.760, 29.51, 0.16348, 0.57541, -0.06369, 0.79877,
 15:45:46.305,e3:ca:2d:fd:e0:8c, 2015-01-01 03:57:00.965, 0.956, 0.088, 0.341, 0, 0, 0, 14.683, -70.054, 146.618, -25.747, -13.627, -12.760, 29.51, 0.16348, 0.57541, -0.06369, 0.79877,
 15:45:46.309,ed:35:33:d3:6c:f8, 2015-01-01 03:57:01.130, 0.347, -0.056, 0.932, 0, -0.061, 0.061, -3.625, -21.022, 158.994, -10.087, -6.487, -35.620, 30.67, -0.18506, -0.17361, 0.0639, -0.96509,
 15:45:46.309,ed:35:33:d3:6c:f8, 2015-01-01 03:57:01.130, 0.35, -0.058, 0.933, 0, -0.061, 0.061, -3.625, -21.022, 159.044, -10.087, -6.487, -35.620, 30.67, -0.18506, -0.17361, 0.0639, -0.96509,
 15:45:46.327,ed:40:fe:65:30:6c, 2015-01-01 03:57:06.195, 0.547, 0.013, 0.843, 0.122, 0.061, 0.061, 1.011, -33.569, -121.377, -18.253, -6.740, -7.493, 28.4, 0.47128, -0.24786, -0.14893, -0.83316,
 15:45:46.327,ed:40:fe:65:30:6c, 2015-01-01 03:57:06.195, 0.549, 0.014, 0.843, 0.061, 0, 0, 1.011, -33.563, -121.382, -18.253, -6.740, -7.493, 28.4, 0.47128, -0.24786, -0.14893, -0.83316,
 15:45:46.327,e3:ca:2d:fd:e0:8c, 2015-01-01 03:57:00.965, 0.957, 0.09, 0.339, 0.061, -0.244, 0.061, 14.683, -70.06, 146.613, -25.747, -13.627, -12.760, 29.51, 0.16348, 0.57541, -0.06369, 0.79877,
 15:45:46.327,e3:ca:2d:fd:e0:8c, 2015-01-01 03:57:00.965, 0.957, 0.089, 0.337, 0, -0.427, 0.122, 14.678, -70.065, 146.596, -25.747, -13.627, -12.760, 29.51, 0.16348, 0.57541, -0.06369, 0.79877,
 15:45:46.328,f6:90:cc:01:6d:25, 2015-01-01 03:57:01.090, 0.908, 0.233, 0.306, 0.122, 0, 0, 38.018, -67.253, 149.859, -26.080, -15.513, -7.880, 32.31, 0.02927, 0.57651, 0.12674, 0.80661,
 15:45:46.328,f6:90:cc:01:6d:25, 2015-01-01 03:57:01.090, 0.908, 0.233, 0.303, 0.305, -0.122, -0.061, 38.018, -67.253, 149.914, -26.080, -15.513, -7.880, 32.31, 0.02927, 0.57651, 0.12674, 0.80661,
 15:45:46.350,ed:40:fe:65:30:6c, 2015-01-01 03:57:06.195, 0.552, 0.014, 0.841, 0.122, -0.183, 0, 1.016, -33.563, -121.393, -18.253, -6.740, -7.493, 28.4, 0.47128, -0.24786, -0.14893, -0.83316,
 15:45:46.350,ed:40:fe:65:30:6c, 2015-01-01 03:57:06.195, 0.555, 0.016, 0.839, 0.061, -0.244, 0, 1.016, -33.563, -121.404, -18.253, -6.740, -7.493, 28.4, 0.47128, -0.24786, -0.14893, -0.83316,
 15:45:46.352,ed:35:33:d3:6c:f8, 2015-01-01 03:57:01.130, 0.353, -0.056, 0.932, 0.061, -0.244, 0, -3.62, -21.022, 159.088, -10.087, -6.487, -35.620, 30.67, -0.18506, -0.17361, 0.0639, -0.96509,
 15:45:46.352,ed:35:33:d3:6c:f8, 2015-01-01 03:57:01.130, 0.356, -0.056, 0.929, -0.183, -0.427, -0.061, -3.62, -21.022, 159.126, -10.087, -6.487, -35.620, 30.67, -0.18506, -0.17361, 0.0639, -0.96509,
 15:45:46.373,e3:ca:2d:fd:e0:8c, 2015-01-01 03:57:00.965, 0.958, 0.087, 0.336, 0, -0.61, 0.183, 14.678, -70.071, 146.585, -25.747, -13.627, -12.760, 29.51, 0.16348, 0.57541, -0.06369, 0.79877,
 15:45:46.373,e3:ca:2d:fd:e0:8c, 2015-01-01 03:57:00.965, 0.958, 0.087, 0.336, 0, -0.671, 0.244, 14.672, -70.082, 146.602, -25.747, -13.627, -12.760, 29.51, 0.16348, 0.57541, -0.06369, 0.79877,
 15:45:46.375,ed:35:33:d3:6c:f8, 2015-01-01 03:57:01.130, 0.357, -0.054, 0.927, -0.061, -0.549, -0.122, -3.62, -21.028, 159.148, -10.087, -6.487, -35.620, 30.67, -0.18506, -0.17361, 0.0639, -0.96509,
 15:45:46.375,ed:35:33:d3:6c:f8, 2015-01-01 03:57:01.130, 0.361, -0.052, 0.928, 0, -0.549, 0, -3.62, -21.039, 159.175, -10.087, -6.487, -35.620, 30.67, -0.18506, -0.17361, 0.0639, -0.96509,
 15:45:46.394,ed:40:fe:65:30:6c, 2015-01-01 03:57:06.195, 0.557, 0.017, 0.835, 0, -0.305, -0.061, 1.016, -33.569, -121.41, -18.253, -6.740, -7.493, 28.4, 0.47128, -0.24786, -0.14893, -0.83316,
 15:45:46.394,ed:40:fe:65:30:6c, 2015-01-01 03:57:06.195, 0.559, 0.016, 0.835, 0, -0.366, 0, 1.016, -33.569, -121.426, -18.253, -6.740, -7.493, 28.4, 0.47128, -0.24786, -0.14893, -0.83316,
 15:45:46.396,f6:90:cc:01:6d:25, 2015-01-01 03:57:01.090, 0.909, 0.233, 0.301, 0.488, -0.366, -0.061, 38.035, -67.258, 149.93, -26.527, -15.580, -7.613, 32.31, 0.02927, 0.57651, 0.12674, 0.80661,
 15:45:46.396,f6:90:cc:01:6d:25, 2015-01-01 03:57:01.090, 0.91, 0.234, 0.298, 0.488, -0.427, 0, 38.051, -67.264, 149.925, -26.527, -15.580, -7.613, 32.31, 0.02927, 0.57651, 0.12674, 0.80661,
 15:45:46.418,e3:ca:2d:fd:e0:8c, 2015-01-01 03:57:00.965, 0.959, 0.088, 0.336, 0, -0.61, 0.244, 14.667, -70.093, 146.618, -25.747, -13.627, -12.760, 29.51, 0.16348, 0.57541, -0.06369, 0.79877,
 15:45:46.418,e3:ca:2d:fd:e0:8c, 2015-01-01 03:57:00.965, 0.96, 0.087, 0.335, 0, -0.488, 0.244, 14.661, -70.104, 146.64, -25.747, -13.627, -12.760, 29.51, 0.16348, 0.57541, -0.06369, 0.79877,
 15:45:46.419,f6:90:cc:01:6d:25, 2015-01-01 03:57:01.090, 0.912, 0.234, 0.298, 0.183, -0.488, 0.061, 38.068, -67.269, 149.925, -26.527, -15.580, -7.613, 32.31, 0.02966, 0.57614, 0.12637, 0.80692,
 15:45:46.419,f6:90:cc:01:6d:25, 2015-01-01 03:57:01.090, 0.913, 0.235, 0.297, 0, -0.427, 0.122, 38.073, -67.28, 149.919, -26.527, -15.580, -7.613, 32.31, 0.02966, 0.57614, 0.12637, 0.80692,
 15:45:46.421,ed:35:33:d3:6c:f8, 2015-01-01 03:57:01.130, 0.363, -0.054, 0.927, 0, -0.427, 0.061, -3.615, -21.044, 159.186, -10.087, -6.487, -35.620, 30.67, -0.18506, -0.17361, 0.0639, -0.96509,
 15:45:46.421,ed:35:33:d3:6c:f8, 2015-01-01 03:57:01.130, 0.363, -0.056, 0.926, 0, -0.61, 0.183, -3.615, -21.055, 159.208, -10.087, -6.487, -35.620, 30.67, -0.18506, -0.17361, 0.0639, -0.96509,
 15:45:46.439,ed:40:fe:65:30:6c, 2015-01-01 03:57:06.195, 0.56, 0.014, 0.835, 0, -0.366, 0, 1.016, -33.574, -121.432, -18.253, -6.740, -7.493, 28.4, 0.47128, -0.24786, -0.14893, -0.83316,
 15:45:46.439,ed:40:fe:65:30:6c, 2015-01-01 03:57:06.195, 0.56, 0.012, 0.835, -0.061, -0.366, 0.122, 1.016, -33.58, -121.437, -18.253, -6.740, -7.493, 28.4, 0.47128, -0.24786, -0.14893, -0.83316,
 15:45:46.464,f6:90:cc:01:6d:25, 2015-01-01 03:57:01.090, 0.915, 0.233, 0.297, -0.183, -0.427, 0.061, 38.079, -67.286, 149.952, -26.527, -15.580, -7.613, 32.31, 0.02966, 0.57614, 0.12637, 0.80692,
 15:45:46.464,f6:90:cc:01:6d:25, 2015-01-01 03:57:01.090, 0.913, 0.233, 0.297, -0.122, -0.366, 0.061, 38.084, -67.291, 149.974, -26.527, -15.580, -7.613, 32.31, 0.02966, 0.57614, 0.12637, 0.80692,
 15:45:46.466,ed:35:33:d3:6c:f8, 2015-01-01 03:57:01.130, 0.363, -0.058, 0.926, -0.061, -0.793, 0.183, -3.615, -21.066, 159.241, -10.180, -6.580, -34.733, 30.67, -0.18506, -0.17361, 0.0639, -0.96509,
 15:45:46.466,ed:35:33:d3:6c:f8, 2015-01-01 03:57:01.130, 0.363, -0.058, 0.924, -0.061, -0.61, 0.122, -3.615, -21.083, 159.274, -10.180, -6.580, -34.733, 30.67, -0.18506, -0.17361, 0.0639, -0.96509,
 15:45:46.485,ed:40:fe:65:30:6c, 2015-01-01 03:57:06.195, 0.56, 0.011, 0.834, -0.061, -0.305, 0, 1.011, -33.585, -121.454, -18.253, -6.740, -7.493, 28.4, 0.47128, -0.24786, -0.14893, -0.83316,
 15:45:46.485,ed:40:fe:65:30:6c, 2015-01-01 03:57:06.195, 0.56, 0.012, 0.833, 0, -0.183, 0, 1.011, -33.591, -121.465, -18.253, -6.740, -7.493, 28.4, 0.47128, -0.24786, -0.14893, -0.83316,
 15:45:46.486,f6:90:cc:01:6d:25, 2015-01-01 03:57:01.470, 0.912, 0.234, 0.296, 0.183, -0.183, 0, 38.09, -67.297, 149.952, -26.527, -15.580, -7.613, 32.31, 0.02966, 0.57614, 0.12637, 0.80692,
 15:45:46.486,f6:90:cc:01:6d:25, 2015-01-01 03:57:01.470, 0.912, 0.233, 0.295, 0.305, -0.061, 0, 38.101, -67.302, 149.93, -26.527, -15.580, -7.613, 32.31, 0.02966, 0.57614, 0.12637, 0.80692,
 15:45:46.486,e3:ca:2d:fd:e0:8c, 2015-01-01 03:57:00.965, 0.96, 0.087, 0.336, 0, -0.427, 0.183, 14.656, -70.115, 146.651, -25.747, -13.627, -12.760, 29.51, 0.16348, 0.57541, -0.06369, 0.79877,
 15:45:46.486,e3:ca:2d:fd:e0:8c, 2015-01-01 03:57:00.965, 0.96, 0.086, 0.335, 0.061, -0.244, 0.061, 14.656, -70.115, 146.64, -25.747, -13.627, -12.760, 29.51, 0.16348, 0.57541, -0.06369, 0.79877,
 15:45:46.508,e3:ca:2d:fd:e0:8c, 2015-01-01 03:57:00.965, 0.959, 0.088, 0.334, 0.061, -0.183, 0.061, 14.656, -70.12, 146.651, -25.853, -13.233, -12.660, 29.51, 0.16348, 0.57541, -0.06369, 0.79877,
 15:45:46.508,e3:ca:2d:fd:e0:8c, 2015-01-01 03:57:00.965, 0.959, 0.087, 0.335, 0.122, -0.061, 0, 14.661, -70.12, 146.684, -25.853, -13.233, -12.660, 29.51, 0.16348, 0.57541, -0.06369, 0.79877,
 15:45:46.510,ed:35:33:d3:6c:f8, 2015-01-01 03:57:01.130, 0.364, -0.057, 0.924, -0.061, -0.671, 0.061, -3.615, -21.094, 159.291, -10.180, -6.580, -34.733, 30.67, -0.18225, -0.17441, 0.06339, -0.96555,
 15:45:46.510,ed:35:33:d3:6c:f8, 2015-01-01 03:57:01.130, 0.362, -0.055, 0.923, 0, -0.671, 0.122, -3.615, -21.11, 159.302, -10.180, -6.580, -34.733, 30.67, -0.18225, -0.17441, 0.06339, -0.96555,
 15:45:46.531,f6:90:cc:01:6d:25, 2015-01-01 03:57:01.470, 0.912, 0.234, 0.297, 0.183, 0, -0.061, 38.106, -67.302, 149.919, -26.527, -15.580, -7.613, 32.31, 0.02966, 0.57614, 0.12637, 0.80692,
 15:45:46.531,f6:90:cc:01:6d:25, 2015-01-01 03:57:01.470, 0.912, 0.233, 0.298, 0.122, 0, 0, 38.106, -67.302, 149.886, -26.527, -15.580, -7.613, 32.31, 0.02966, 0.57614, 0.12637, 0.80692,
 15:45:46.553,e3:ca:2d:fd:e0:8c, 2015-01-01 03:57:00.965, 0.959, 0.087, 0.335, 0.183, 0, 0, 14.661, -70.12, 146.706, -25.853, -13.233, -12.660, 29.51, 0.16348, 0.57541, -0.06369, 0.79877,
 15:45:46.553,e3:ca:2d:fd:e0:8c, 2015-01-01 03:57:00.965, 0.958, 0.086, 0.335, 0.122, 0, 0, 14.661, -70.12, 146.717, -25.853, -13.233, -12.660, 29.51, 0.16348, 0.57541, -0.06369, 0.79877,
 15:45:46.553,ed:40:fe:65:30:6c, 2015-01-01 03:57:06.195, 0.559, 0.013, 0.833, 0, -0.244, 0, 1.011, -33.596, -121.47, -18.420, -6.880, -7.900, 28.4, 0.47128, -0.24786, -0.14893, -0.83316,
 15:45:46.553,ed:40:fe:65:30:6c, 2015-01-01 03:57:06.195, 0.558, 0.013, 0.833, 0, -0.122, 0, 1.011, -33.602, -121.476, -18.420, -6.880, -7.900, 28.4, 0.47128, -0.24786, -0.14893, -0.83316,
 15:45:46.556,ed:35:33:d3:6c:f8, 2015-01-01 03:57:01.445, 0.362, -0.055, 0.923, -0.061, -0.61, 0, -3.615, -21.121, 159.291, -10.180, -6.580, -34.733, 30.67, -0.18225, -0.17441, 0.06339, -0.96555,
 15:45:46.556,ed:35:33:d3:6c:f8, 2015-01-01 03:57:01.445, 0.362, -0.056, 0.922, -0.122, -0.427, 0, -3.615, -21.132, 159.302, -10.180, -6.580, -34.733, 30.67, -0.18225, -0.17441, 0.06339, -0.96555,
 15:45:46.574,ed:40:fe:65:30:6c, 2015-01-01 03:57:06.195, 0.558, 0.014, 0.833, 0, 0, 0, 1.011, -33.602, -121.498, -18.420, -6.880, -7.900, 28.4, 0.46988, -0.24808, -0.14856, -0.83395,
 15:45:46.574,ed:40:fe:65:30:6c, 2015-01-01 03:57:06.195, 0.557, 0.012, 0.834, 0, 0.122, 0.061, 1.005, -33.602, -121.52, -18.420, -6.880, -7.900, 28.4, 0.46988, -0.24808, -0.14856, -0.83395,
 15:45:46.576,f6:90:cc:01:6d:25, 2015-01-01 03:57:01.470, 0.912, 0.234, 0.297, 0.122, 0, 0, 38.112, -67.308, 149.892, -26.527, -15.580, -7.613, 32.31, 0.02966, 0.57614, 0.12637, 0.80692,
 15:45:46.576,f6:90:cc:01:6d:25, 2015-01-01 03:57:01.470, 0.911, 0.233, 0.297, 0.183, 0.061, -0.061, 38.117, -67.308, 149.903, -26.527, -15.580, -7.613, 32.31, 0.02966, 0.57614, 0.12637, 0.80692,
 15:45:46.576,e3:ca:2d:fd:e0:8c, 2015-01-01 03:57:00.965, 0.958, 0.087, 0.335, 0.183, 0.122, 0, 14.667, -70.115, 146.739, -25.853, -13.233, -12.660, 29.51, 0.16211, 0.57578, -0.06296, 0.79883,
 15:45:46.576,e3:ca:2d:fd:e0:8c, 2015-01-01 03:57:00.965, 0.958, 0.087, 0.337, 0.122, 0.183, -0.061, 14.667, -70.115, 146.75, -25.853, -13.233, -12.660, 29.51, 0.16211, 0.57578, -0.06296, 0.79883,
 15:45:46.578,ed:35:33:d3:6c:f8, 2015-01-01 03:57:01.445, 0.359, -0.056, 0.925, -0.244, -0.183, 0, -3.62, -21.138, 159.313, -10.180, -6.580, -34.733, 30.67, -0.18225, -0.17441, 0.06339, -0.96555,
 15:45:46.578,ed:35:33:d3:6c:f8, 2015-01-01 03:57:01.445, 0.36, -0.057, 0.925, -0.122, -0.061, 0.061, -3.62, -21.143, 159.324, -10.180, -6.580, -34.733, 30.67, -0.18225, -0.17441, 0.06339, -0.96555,
 15:45:46.600,f6:90:cc:01:6d:25, 2015-01-01 03:57:01.470, 0.911, 0.233, 0.299, 0.122, 0.061, 0, 38.117, -67.308, 149.897, -26.527, -15.580, -7.613, 32.31, 0.02966, 0.57614, 0.12637, 0.80692,
 15:45:46.600,f6:90:cc:01:6d:25, 2015-01-01 03:57:01.470, 0.91, 0.234, 0.299, 0.366, 0.244, 0, 38.117, -67.302, 149.914, -26.527, -15.580, -7.613, 32.31, 0.02966, 0.57614, 0.12637, 0.80692,
 15:45:46.620,ed:40:fe:65:30:6c, 2015-01-01 03:57:06.195, 0.556, 0.011, 0.835, 0, 0.122, 0.061, 1.005, -33.602, -121.542, -18.420, -6.880, -7.900, 28.4, 0.46988, -0.24808, -0.14856, -0.83395,
 15:45:46.620,ed:40:fe:65:30:6c, 2015-01-01 03:57:06.195, 0.555, 0.012, 0.836, 0.061, 0.183, 0.061, 1.005, -33.596, -121.564, -18.420, -6.880, -7.900, 28.4, 0.46988, -0.24808, -0.14856, -0.83395,
 15:45:46.622,ed:35:33:d3:6c:f8, 2015-01-01 03:57:01.445, 0.359, -0.057, 0.926, -0.061, 0.244, 0, -3.62, -21.143, 159.34, -10.180, -6.580, -34.733, 30.67, -0.18225, -0.17441, 0.06339, -0.96555,
 15:45:46.622,ed:35:33:d3:6c:f8, 2015-01-01 03:57:01.445, 0.358, -0.056, 0.926, -0.183, 0.061, 0, -3.62, -21.143, 159.362, -10.180, -6.580, -34.733, 30.67, -0.18225, -0.17441, 0.06339, -0.96555,
 15:45:46.641,ed:40:fe:65:30:6c, 2015-01-01 03:57:06.555, 0.554, 0.013, 0.836, 0.061, 0.244, 0.061, 1, -33.596, -121.575, -18.420, -6.880, -7.900, 28.4, 0.46988, -0.24808, -0.14856, -0.83395,
 15:45:46.641,ed:40:fe:65:30:6c, 2015-01-01 03:57:06.555, 0.553, 0.014, 0.837, 0, 0.244, 0, 1, -33.591, -121.58, -18.420, -6.880, -7.900, 28.4, 0.46988, -0.24808, -0.14856, -0.83395,
 15:45:46.643,e3:ca:2d:fd:e0:8c, 2015-01-01 03:57:00.965, 0.957, 0.088, 0.337, 0.122, 0.244, -0.122, 14.672, -70.109, 146.75, -25.853, -13.233, -12.660, 29.51, 0.16211, 0.57578, -0.06296, 0.79883,
 15:45:46.643,e3:ca:2d:fd:e0:8c, 2015-01-01 03:57:00.965, 0.957, 0.088, 0.338, 0.122, 0.305, -0.122, 14.672, -70.098, 146.766, -25.853, -13.233, -12.660, 29.51, 0.16211, 0.57578, -0.06296, 0.79883,
 15:45:46.645,f6:90:cc:01:6d:25, 2015-01-01 03:57:01.470, 0.91, 0.233, 0.3, 0.366, 0.305, 0, 38.112, -67.302, 149.914, -26.527, -15.580, -7.613, 32.31, 0.02966, 0.57614, 0.12637, 0.80692,
 15:45:46.645,f6:90:cc:01:6d:25, 2015-01-01 03:57:01.470, 0.909, 0.234, 0.3, 0.305, 0.244, 0, 38.112, -67.297, 149.897, -26.527, -15.580, -7.613, 32.31, 0.02966, 0.57614, 0.12637, 0.80692,
 15:45:46.665,e3:ca:2d:fd:e0:8c, 2015-01-01 03:57:01.300, 0.957, 0.088, 0.337, 0.061, 0.183, 0, 14.672, -70.093, 146.794, -25.853, -13.233, -12.660, 29.51, 0.16211, 0.57578, -0.06296, 0.79883,
 15:45:46.665,e3:ca:2d:fd:e0:8c, 2015-01-01 03:57:01.300, 0.957, 0.088, 0.337, 0, 0.122, 0, 14.667, -70.093, 146.816, -25.853, -13.233, -12.660, 29.51, 0.16211, 0.57578, -0.06296, 0.79883,
 15:45:46.669,ed:35:33:d3:6c:f8, 2015-01-01 03:57:01.445, 0.356, -0.055, 0.927, -0.122, 0.122, 0, -3.62, -21.138, 159.384, -10.180, -6.580, -34.733, 30.67, -0.18225, -0.17441, 0.06339, -0.96555,
 15:45:46.669,ed:35:33:d3:6c:f8, 2015-01-01 03:57:01.445, 0.356, -0.055, 0.928, -0.122, 0.183, 0, -3.62, -21.138, 159.39, -10.180, -6.580, -34.733, 30.67, -0.18225, -0.17441, 0.06339, -0.96555,
 15:45:46.687,ed:40:fe:65:30:6c, 2015-01-01 03:57:06.555, 0.552, 0.015, 0.838, 0, 0.305, 0, 1, -33.585, -121.58, -18.420, -6.880, -7.900, 28.4, 0.46988, -0.24808, -0.14856, -0.83395,
 15:45:46.687,ed:40:fe:65:30:6c, 2015-01-01 03:57:06.555, 0.553, 0.011, 0.839, 0.549, 0.366, 0, 1, -33.58, -121.575, -18.420, -6.880, -7.900, 28.4, 0.46988, -0.24808, -0.14856, -0.83395,
 15:45:46.688,e3:ca:2d:fd:e0:8c, 2015-01-01 03:57:01.300, 0.958, 0.087, 0.337, 0, 0.061, 0, 14.667, -70.087, 146.849, -25.853, -13.233, -12.660, 29.51, 0.16211, 0.57578, -0.06296, 0.79883,
 15:45:46.688,e3:ca:2d:fd:e0:8c, 2015-01-01 03:57:01.300, 0.958, 0.088, 0.337, 0, 0.061, 0, 14.667, -70.087, 146.882, -25.853, -13.233, -12.660, 29.51, 0.16211, 0.57578, -0.06296, 0.79883,
 15:45:46.689,f6:90:cc:01:6d:25, 2015-01-01 03:57:01.470, 0.91, 0.233, 0.299, 0.061, 0, 0, 38.112, -67.302, 149.859, -26.527, -15.580, -7.613, 32.31, 0.02966, 0.57614, 0.12637, 0.80692,
 15:45:46.689,f6:90:cc:01:6d:25, 2015-01-01 03:57:01.470, 0.911, 0.234, 0.298, -0.122, -0.122, 0, 38.112, -67.302, 149.804, -26.527, -15.580, -7.613, 32.31, 0.02966, 0.57614, 0.12637, 0.80692,
 15:45:46.710,ed:40:fe:65:30:6c, 2015-01-01 03:57:06.555, 0.553, 0.01, 0.839, 1.221, 0.366, 0, 1.016, -33.569, -121.558, -18.420, -6.880, -7.900, 28.4, 0.46988, -0.24808, -0.14856, -0.83395,
 15:45:46.710,ed:40:fe:65:30:6c, 2015-01-01 03:57:06.555, 0.555, 0.012, 0.84, 1.953, 0.305, 0, 1.038, -33.563, -121.547, -18.420, -6.880, -7.900, 28.4, 0.46988, -0.24808, -0.14856, -0.83395,
 15:45:46.714,ed:35:33:d3:6c:f8, 2015-01-01 03:57:01.445, 0.358, -0.057, 0.926, -0.061, 0.305, 0, -3.62, -21.132, 159.39, -10.180, -6.580, -34.733, 30.67, -0.18225, -0.17441, 0.06339, -0.96555,
 15:45:46.714,ed:35:33:d3:6c:f8, 2015-01-01 03:57:01.445, 0.356, -0.059, 0.928, 0.061, 0.366, 0, -3.62, -21.127, 159.395, -10.180, -6.580, -34.733, 30.67, -0.18225, -0.17441, 0.06339, -0.96555,
 15:45:46.733,e3:ca:2d:fd:e0:8c, 2015-01-01 03:57:01.300, 0.958, 0.088, 0.337, -0.061, 0, -0.305, 14.678, -70.087, 146.898, -25.853, -13.233, -12.660, 29.51, 0.16211, 0.57578, -0.06296, 0.79883,
 15:45:46.733,e3:ca:2d:fd:e0:8c, 2015-01-01 03:57:01.300, 0.959, 0.089, 0.336, 0, 0.183, -0.305, 14.694, -70.082, 146.909, -25.853, -13.233, -12.660, 29.51, 0.16211, 0.57578, -0.06296, 0.79883,
 15:45:46.736,ed:35:33:d3:6c:f8, 2015-01-01 03:57:01.445, 0.358, -0.059, 0.929, 0.61, 0.305, 0.366, -3.609, -21.116, 159.406, -9.980, -6.153, -34.687, 30.67, -0.18225, -0.17441, 0.06339, -0.96555,
 15:45:46.736,ed:35:33:d3:6c:f8, 2015-01-01 03:57:01.445, 0.36, -0.058, 0.931, 1.465, 0.305, 0.549, -3.587, -21.11, 159.423, -9.980, -6.153, -34.687, 30.67, -0.18225, -0.17441, 0.06339, -0.96555,
 15:45:46.755,ed:40:fe:65:30:6c, 2015-01-01 03:57:06.555, 0.56, 0.013, 0.842, 2.686, 0.122, 0, 1.082, -33.558, -121.542, -18.420, -6.880, -7.900, 28.4, 0.46988, -0.24808, -0.14856, -0.83395,
 15:45:46.755,ed:40:fe:65:30:6c, 2015-01-01 03:57:06.555, 0.558, 0.015, 0.836, 3.052, 0.366, -0.366, 1.137, -33.552, -121.542, -18.420, -6.880, -7.900, 28.4, 0.46988, -0.24808, -0.14856, -0.83395,
 15:45:46.756,f6:90:cc:01:6d:25, 2015-01-01 03:57:01.470, 0.911, 0.235, 0.3, -0.427, -0.244, 0, 38.112, -67.308, 149.744, -26.480, -15.720, -8.280, 32.31, 0.02966, 0.57614, 0.12637, 0.80692,
 15:45:46.756,f6:90:cc:01:6d:25, 2015-01-01 03:57:01.470, 0.912, 0.237, 0.298, -0.488, -0.122, 0, 38.106, -67.308, 149.7, -26.480, -15.720, -8.280, 32.31, 0.02966, 0.57614, 0.12637, 0.80692,
 15:45:46.778,e3:ca:2d:fd:e0:8c, 2015-01-01 03:57:01.300, 0.96, 0.089, 0.336, 0, 0.244, -0.366, 14.711, -70.071, 146.898, -25.853, -13.233, -12.660, 29.51, 0.16211, 0.57578, -0.06296, 0.79883,
 15:45:46.778,e3:ca:2d:fd:e0:8c, 2015-01-01 03:57:01.300, 0.958, 0.09, 0.337, -0.061, 0.305, -0.549, 14.733, -70.065, 146.86, -25.853, -13.233, -12.660, 29.51, 0.16211, 0.57578, -0.06296, 0.79883,
 15:45:46.779,f6:90:cc:01:6d:25, 2015-01-01 03:57:01.470, 0.915, 0.239, 0.301, -0.793, -0.305, 0, 38.101, -67.313, 149.656, -26.480, -15.720, -8.280, 32.31, 0.03125, 0.57669, 0.12512, 0.80664,
 15:45:46.779,f6:90:cc:01:6d:25, 2015-01-01 03:57:01.470, 0.913, 0.239, 0.298, -0.854, -0.549, 0, 38.101, -67.324, 149.623, -26.480, -15.720, -8.280, 32.31, 0.03125, 0.57669, 0.12512, 0.80664,
 15:45:46.781,ed:35:33:d3:6c:f8, 2015-01-01 03:57:01.445, 0.364, -0.06, 0.93, 2.563, 0.366, 0.122, -3.543, -21.105, 159.423, -9.980, -6.153, -34.687, 30.67, -0.18225, -0.17441, 0.06339, -0.96555,
 15:45:46.781,ed:35:33:d3:6c:f8, 2015-01-01 03:57:01.445, 0.365, -0.056, 0.923, 3.296, 0.366, -0.427, -3.483, -21.099, 159.412, -9.980, -6.153, -34.687, 30.67, -0.18225, -0.17441, 0.06339, -0.96555,
 15:45:46.799,ed:40:fe:65:30:6c, 2015-01-01 03:57:06.555, 0.561, 0.017, 0.832, 3.357, 0.671, -0.549, 1.198, -33.541, -121.553, -18.420, -6.880, -7.900, 28.4, 0.46988, -0.24808, -0.14856, -0.83395,
 15:45:46.799,ed:40:fe:65:30:6c, 2015-01-01 03:57:06.555, 0.569, 0.024, 0.826, 2.747, 0.488, -0.61, 1.269, -33.53, -121.58, -18.420, -6.880, -7.900, 28.4, 0.46988, -0.24808, -0.14856, -0.83395,
 15:45:46.823,e3:ca:2d:fd:e0:8c, 2015-01-01 03:57:01.300, 0.956, 0.092, 0.336, 0, 0.305, -0.671, 14.766, -70.054, 146.805, -25.853, -13.233, -12.660, 29.51, 0.16211, 0.57578, -0.06296, 0.79883,
 15:45:46.823,e3:ca:2d:fd:e0:8c, 2015-01-01 03:57:01.300, 0.958, 0.09, 0.335, 0, 0.366, -0.671, 14.799, -70.043, 146.761, -25.853, -13.233, -12.660, 29.51, 0.16211, 0.57578, -0.06296, 0.79883,
 15:45:46.825,ed:35:33:d3:6c:f8, 2015-01-01 03:57:01.445, 0.375, -0.049, 0.916, 2.747, 0.549, -0.61, -3.417, -21.088, 159.39, -9.980, -6.153, -34.687, 30.67, -0.181, -0.17468, 0.06235, -0.96579,
 15:45:46.825,ed:35:33:d3:6c:f8, 2015-01-01 03:57:01.445, 0.376, -0.046, 0.912, 0.977, 1.587, -0.732, -3.384, -21.066, 159.351, -9.980, -6.153, -34.687, 30.67, -0.181, -0.17468, 0.06235, -0.96579,
 15:45:46.825,f6:90:cc:01:6d:25, 2015-01-01 03:57:01.470, 0.91, 0.239, 0.298, -1.099, -0.732, -0.305, 38.112, -67.33, 149.551, -26.480, -15.720, -8.280, 32.31, 0.03125, 0.57669, 0.12512, 0.80664,
 15:45:46.825,f6:90:cc:01:6d:25, 2015-01-01 03:57:01.470, 0.913, 0.234, 0.295, -0.916, -0.671, -0.366, 38.134, -67.335, 149.491, -26.480, -15.720, -8.280, 32.31, 0.03125, 0.57669, 0.12512, 0.80664,
 15:45:46.846,ed:40:fe:65:30:6c, 2015-01-01 03:57:06.555, 0.564, 0.025, 0.825, 0.61, 1.16, -0.732, 1.318, -33.519, -121.613, -18.420, -6.880, -7.900, 28.4, 0.46988, -0.24808, -0.14856, -0.83395,
 15:45:46.846,ed:40:fe:65:30:6c, 2015-01-01 03:57:06.555, 0.552, 0.021, 0.829, -0.732, 2.258, -0.732, 1.329, -33.492, -121.641, -18.420, -6.880, -7.900, 28.4, 0.46988, -0.24808, -0.14856, -0.83395,
 15:45:46.847,f6:90:cc:01:6d:25, 2015-01-01 03:57:01.830, 0.917, 0.236, 0.296, -0.488, -0.305, -0.244, 38.145, -67.335, 149.425, -26.480, -15.720, -8.280, 32.31, 0.03125, 0.57669, 0.12512, 0.80664,
 15:45:46.847,f6:90:cc:01:6d:25, 2015-01-01 03:57:01.830, 0.913, 0.237, 0.292, -0.732, 0.061, -0.366, 38.145, -67.335, 149.359, -26.480, -15.720, -8.280, 32.31, 0.03125, 0.57669, 0.12512, 0.80664,
 15:45:46.868,e3:ca:2d:fd:e0:8c, 2015-01-01 03:57:01.300, 0.96, 0.091, 0.338, -0.122, 0.366, -0.671, 14.826, -70.032, 146.728, -25.853, -13.233, -12.660, 29.51, 0.16211, 0.57578, -0.06296, 0.79883,
 15:45:46.868,e3:ca:2d:fd:e0:8c, 2015-01-01 03:57:01.300, 0.957, 0.09, 0.337, -0.183, 0.61, -0.977, 14.865, -70.016, 146.678, -25.853, -13.233, -12.660, 29.51, 0.16211, 0.57578, -0.06296, 0.79883,
 15:45:46.871,ed:35:33:d3:6c:f8, 2015-01-01 03:57:01.755, 0.362, -0.046, 0.913, -1.648, 1.831, -1.221, -3.395, -21.039, 159.291, -9.980, -6.153, -34.687, 30.67, -0.181, -0.17468, 0.06235, -0.96579,
 15:45:46.871,ed:35:33:d3:6c:f8, 2015-01-01 03:57:01.755, 0.352, -0.05, 0.922, -1.953, 1.831, -1.099, -3.422, -21.011, 159.225, -9.980, -6.153, -34.687, 30.67, -0.181, -0.17468, 0.06235, -0.96579,
 15:45:46.891,f6:90:cc:01:6d:25, 2015-01-01 03:57:01.830, 0.909, 0.228, 0.295, -1.038, 0.488, -0.366, 38.128, -67.324, 149.299, -26.480, -15.720, -8.280, 32.31, 0.03125, 0.57669, 0.12512, 0.80664,
 15:45:46.891,f6:90:cc:01:6d:25, 2015-01-01 03:57:01.830, 0.911, 0.22, 0.293, -0.793, 0.488, -0.366, 38.112, -67.313, 149.244, -26.480, -15.720, -8.280, 32.31, 0.03125, 0.57669, 0.12512, 0.80664,
 15:45:46.891,e3:ca:2d:fd:e0:8c, 2015-01-01 03:57:01.300, 0.956, 0.084, 0.336, -0.183, 0.854, -1.16, 14.914, -69.994, 146.635, -25.607, -13.867, -13.193, 29.51, 0.16211, 0.57578, -0.06296, 0.79883,
 15:45:46.891,e3:ca:2d:fd:e0:8c, 2015-01-01 03:57:01.300, 0.957, 0.081, 0.337, -0.122, 0.793, -0.916, 14.941, -69.972, 146.602, -25.607, -13.867, -13.193, 29.51, 0.16211, 0.57578, -0.06296, 0.79883,
 15:45:46.912,ed:40:fe:65:30:6c, 2015-01-01 03:57:06.555, 0.547, 0.013, 0.835, -0.305, 2.502, -0.427, 1.324, -33.453, -121.674, -18.347, -7.113, -8.207, 28.4, 0.46988, -0.24808, -0.14856, -0.83395,
 15:45:46.912,ed:40:fe:65:30:6c, 2015-01-01 03:57:06.555, 0.547, 0.008, 0.84, 0.854, 1.831, 0.061, 1.324, -33.409, -121.685, -18.347, -7.113, -8.207, 28.4, 0.46988, -0.24808, -0.14856, -0.83395,
 15:45:46.917,ed:35:33:d3:6c:f8, 2015-01-01 03:57:01.755, 0.352, -0.055, 0.932, -0.366, 1.892, -0.305, -3.428, -20.978, 159.17, -9.980, -6.153, -34.687, 30.67, -0.181, -0.17468, 0.06235, -0.96579,
 15:45:46.917,ed:35:33:d3:6c:f8, 2015-01-01 03:57:01.755, 0.352, -0.055, 0.931, 1.465, 1.77, 0.61, -3.411, -20.945, 159.148, -9.980, -6.153, -34.687, 30.67, -0.181, -0.17468, 0.06235, -0.96579,
 15:45:46.934,ed:40:fe:65:30:6c, 2015-01-01 03:57:06.555, 0.548, 0.011, 0.842, 1.953, 1.465, 0.793, 1.34, -33.376, -121.69, -18.347, -7.113, -8.207, 28.4, 0.46954, -0.24524, -0.14972, -0.83478,
 15:45:46.934,ed:40:fe:65:30:6c, 2015-01-01 03:57:06.555, 0.551, 0.017, 0.841, 2.502, 1.343, 1.099, 1.368, -33.354, -121.668, -18.347, -7.113, -8.207, 28.4, 0.46954, -0.24524, -0.14972, -0.83478,
 15:45:46.935,e3:ca:2d:fd:e0:8c, 2015-01-01 03:57:01.300, 0.955, 0.081, 0.338, 0.122, 0.488, -0.549, 14.963, -69.961, 146.591, -25.607, -13.867, -13.193, 29.51, 0.16211, 0.57578, -0.06296, 0.79883,
 15:45:46.935,e3:ca:2d:fd:e0:8c, 2015-01-01 03:57:01.300, 0.955, 0.085, 0.338, 0.427, 0.366, -0.427, 14.98, -69.95, 146.558, -25.607, -13.867, -13.193, 29.51, 0.16211, 0.57578, -0.06296, 0.79883,
 15:45:46.936,f6:90:cc:01:6d:25, 2015-01-01 03:57:01.830, 0.911, 0.22, 0.3, 0, 0.366, -0.366, 38.112, -67.308, 149.222, -26.480, -15.720, -8.280, 32.31, 0.03125, 0.57669, 0.12512, 0.80664,
 15:45:46.936,f6:90:cc:01:6d:25, 2015-01-01 03:57:01.830, 0.909, 0.227, 0.297, 1.038, 0.61, -0.305, 38.123, -67.297, 149.238, -26.480, -15.720, -8.280, 32.31, 0.03125, 0.57669, 0.12512, 0.80664,
 15:45:46.937,ed:35:33:d3:6c:f8, 2015-01-01 03:57:01.755, 0.358, -0.055, 0.93, 2.38, 1.709, 0.916, -3.373, -20.918, 159.131, -9.980, -6.153, -34.687, 30.67, -0.181, -0.17468, 0.06235, -0.96579,
 15:45:46.937,ed:35:33:d3:6c:f8, 2015-01-01 03:57:01.755, 0.362, -0.056, 0.923, 5.737, 1.282, 5.615, -3.307, -20.885, 159.197, -9.980, -6.153, -34.687, 30.67, -0.181, -0.17468, 0.06235, -0.96579,
 15:45:46.959,f6:90:cc:01:6d:25, 2015-01-01 03:57:01.830, 0.91, 0.231, 0.299, 1.587, 0.671, -0.183, 38.134, -67.286, 149.244, -26.480, -15.720, -8.280, 32.31, 0.03125, 0.57669, 0.12512, 0.80664,
 15:45:46.959,f6:90:cc:01:6d:25, 2015-01-01 03:57:01.830, 0.909, 0.233, 0.302, 1.221, 0.61, -0.122, 38.139, -67.28, 149.249, -26.480, -15.720, -8.280, 32.31, 0.03125, 0.57669, 0.12512, 0.80664,
 15:45:46.983,ed:35:33:d3:6c:f8, 2015-01-01 03:57:01.755, 0.372, -0.048, 0.917, 2.93, -1.038, 2.991, -3.263, -20.896, 159.263, -9.980, -6.153, -34.687, 30.67, -0.181, -0.17468, 0.06235, -0.96579,
 15:45:46.983,ed:35:33:d3:6c:f8, 2015-01-01 03:57:01.755, 0.332, -0.061, 0.928, 4.639, -6.165, 6.775, -3.224, -20.989, 159.384, -9.980, -6.153, -34.687, 30.67, -0.181, -0.17468, 0.06235, -0.96579,
 15:45:47.002,ed:40:fe:65:30:6c, 2015-01-01 03:57:06.555, 0.554, 0.019, 0.837, 2.197, 1.282, 1.099, 1.395, -33.327, -121.657, -18.347, -7.113, -8.207, 28.4, 0.46954, -0.24524, -0.14972, -0.83478,
 15:45:47.002,ed:40:fe:65:30:6c, 2015-01-01 03:57:06.555, 0.549, 0.015, 0.836, 2.136, 1.709, 0.916, 1.423, -33.305, -121.641, -18.347, -7.113, -8.207, 28.4, 0.46954, -0.24524, -0.14972, -0.83478,
 15:45:47.003,e3:ca:2d:fd:e0:8c, 2015-01-01 03:57:01.300, 0.955, 0.088, 0.339, 0.305, 0.366, -0.427, 14.996, -69.944, 146.541, -25.607, -13.867, -13.193, 29.51, 0.16202, 0.57504, -0.06116, 0.7995,
 15:45:47.003,e3:ca:2d:fd:e0:8c, 2015-01-01 03:57:01.300, 0.955, 0.089, 0.342, 0, 0.427, -0.61, 15.013, -69.933, 146.503, -25.607, -13.867, -13.193, 29.51, 0.16202, 0.57504, -0.06116, 0.7995,
 15:45:47.004,f6:90:cc:01:6d:25, 2015-01-01 03:57:01.830, 0.905, 0.227, 0.308, 1.587, 0.854, -0.366, 38.145, -67.264, 149.277, -26.480, -15.720, -8.280, 32.31, 0.03125, 0.57669, 0.12512, 0.80664,
 15:45:47.004,f6:90:cc:01:6d:25, 2015-01-01 03:57:01.830, 0.906, 0.225, 0.303, 2.686, 0.122, -0.793, 38.167, -67.253, 149.299, -26.480, -15.720, -8.280, 32.31, 0.03125, 0.57669, 0.12512, 0.80664,
 15:45:47.024,ed:40:fe:65:30:6c, 2015-01-01 03:57:06.910, 0.534, 0.008, 0.842, 4.7, 1.465, 0.977, 1.461, -33.272, -121.619, -18.347, -7.113, -8.207, 28.4, 0.46954, -0.24524, -0.14972, -0.83478,
 15:45:47.024,ed:40:fe:65:30:6c, 2015-01-01 03:57:06.910, 0.534, 0.007, 0.86, 4.822, -0.427, 1.282, 1.533, -33.256, -121.586, -18.347, -7.113, -8.207, 28.4, 0.46954, -0.24524, -0.14972, -0.83478,
 15:45:47.026,e3:ca:2d:fd:e0:8c, 2015-01-01 03:57:01.680, 0.955, 0.089, 0.342, -0.122, 0.305, -0.793, 15.04, -69.922, 146.459, -25.607, -13.867, -13.193, 29.51, 0.16202, 0.57504, -0.06116, 0.7995,
 15:45:47.026,e3:ca:2d:fd:e0:8c, 2015-01-01 03:57:01.680, 0.954, 0.088, 0.34, -0.183, 0.061, -0.854, 15.073, -69.917, 146.382, -25.607, -13.867, -13.193, 29.51, 0.16202, 0.57504, -0.06116, 0.7995,
 15:45:47.028,ed:35:33:d3:6c:f8, 2015-01-01 03:57:01.755, 0.337, -0.062, 0.945, 5.92, -6.958, 7.202, -3.175, -21.116, 159.549, -9.980, -6.153, -34.687, 30.67, -0.181, -0.17468, 0.06235, -0.96579,
 15:45:47.028,ed:35:33:d3:6c:f8, 2015-01-01 03:57:01.755, 0.351, -0.063, 0.94, 6.104, -3.845, 5.859, -3.109, -21.198, 159.708, -9.980, -6.153, -34.687, 30.67, -0.181, -0.17468, 0.06235, -0.96579,
 15:45:47.046,ed:40:fe:65:30:6c, 2015-01-01 03:57:06.910, 0.538, 0.006, 0.854, 3.235, -0.916, 1.282, 1.599, -33.267, -121.547, -18.347, -7.113, -8.207, 28.4, 0.46954, -0.24524, -0.14972, -0.83478,
 15:45:47.046,ed:40:fe:65:30:6c, 2015-01-01 03:57:06.910, 0.537, 0.02, 0.85, 1.16, -1.282, 0.977, 1.626, -33.283, -121.514, -18.347, -7.113, -8.207, 28.4, 0.46954, -0.24524, -0.14972, -0.83478,
 15:45:47.051,f6:90:cc:01:6d:25, 2015-01-01 03:57:01.830, 0.905, 0.225, 0.299, 3.479, -1.831, -1.404, 38.26, -67.247, 149.277, -26.480, -15.720, -8.280, 32.31, 0.03125, 0.57669, 0.12512, 0.80664,
 15:45:47.051,f6:90:cc:01:6d:25, 2015-01-01 03:57:01.830, 0.906, 0.229, 0.304, 3.174, -2.869, -1.709, 38.43, -67.264, 149.106, -26.480, -15.720, -8.280, 32.31, 0.03125, 0.57669, 0.12512, 0.80664,
 15:45:47.070,e3:ca:2d:fd:e0:8c, 2015-01-01 03:57:01.680, 0.952, 0.084, 0.335, -0.427, 0.061, -1.038, 15.106, -69.911, 146.299, -25.607, -13.867, -13.193, 29.51, 0.16202, 0.57504, -0.06116, 0.7995,
 15:45:47.070,e3:ca:2d:fd:e0:8c, 2015-01-01 03:57:01.680, 0.956, 0.093, 0.341, -0.061, 0, -1.221, 15.145, -69.901, 146.228, -25.607, -13.867, -13.193, 29.51, 0.16202, 0.57504, -0.06116, 0.7995,
 15:45:47.073,ed:35:33:d3:6c:f8, 2015-01-01 03:57:01.755, 0.335, -0.059, 0.93, 6.836, -7.019, 6.531, -3.032, -21.313, 159.906, -10.013, -6.707, -35.053, 30.67, -0.181, -0.17468, 0.06235, -0.96579,
 15:45:47.073,ed:35:33:d3:6c:f8, 2015-01-01 03:57:01.755, 0.357, -0.058, 0.936, 4.15, -7.812, 3.601, -2.988, -21.456, 160.06, -10.013, -6.707, -35.053, 30.67, -0.181, -0.17468, 0.06235, -0.96579,
 15:45:47.092,e3:ca:2d:fd:e0:8c, 2015-01-01 03:57:01.680, 0.958, 0.101, 0.346, 0.061, -0.427, -1.038, 15.205, -69.901, 146.168, -25.607, -13.867, -13.193, 29.51, 0.16202, 0.57504, -0.06116, 0.7995,
 15:45:47.092,e3:ca:2d:fd:e0:8c, 2015-01-01 03:57:01.680, 0.957, 0.103, 0.347, -0.366, -0.793, -0.732, 15.255, -69.901, 146.113, -25.607, -13.867, -13.193, 29.51, 0.16202, 0.57504, -0.06116, 0.7995,
 15:45:47.092,ed:40:fe:65:30:6c, 2015-01-01 03:57:06.910, 0.549, 0.026, 0.845, -2.014, -1.404, -0.122, 1.62, -33.305, -121.492, -18.347, -7.113, -8.207, 28.4, 0.46954, -0.24524, -0.14972, -0.83478,
 15:45:47.092,ed:40:fe:65:30:6c, 2015-01-01 03:57:06.910, 0.553, 0.032, 0.842, -3.479, -1.038, -0.61, 1.566, -33.322, -121.487, -18.347, -7.113, -8.207, 28.4, 0.46954, -0.24524, -0.14972, -0.83478,
 15:45:47.115,ed:40:fe:65:30:6c, 2015-01-01 03:57:06.910, 0.558, 0.034, 0.84, -4.395, -0.427, -1.16, 1.5, -33.333, -121.487, -18.347, -7.113, -8.207, 28.4, 0.46954, -0.24524, -0.14972, -0.83478,
 15:45:47.115,ed:40:fe:65:30:6c, 2015-01-01 03:57:06.910, 0.56, 0.023, 0.839, -4.272, -0.183, -1.282, 1.428, -33.333, -121.503, -18.347, -7.113, -8.207, 28.4, 0.46954, -0.24524, -0.14972, -0.83478,
 15:45:47.117,f6:90:cc:01:6d:25, 2015-01-01 03:57:01.830, 0.913, 0.24, 0.301, 2.563, -3.174, -1.77, 38.628, -67.291, 148.865, -25.720, -15.440, -8.607, 32.31, 0.03125, 0.57669, 0.12512, 0.80664,
 15:45:47.117,f6:90:cc:01:6d:25, 2015-01-01 03:57:01.830, 0.913, 0.248, 0.305, 2.197, -3.479, -1.77, 38.826, -67.319, 148.678, -25.720, -15.440, -8.607, 32.31, 0.03125, 0.57669, 0.12512, 0.80664,
 15:45:47.119,ed:35:33:d3:6c:f8, 2015-01-01 03:57:01.755, 0.367, -0.044, 0.929, 1.709, -5.432, 1.465, -2.972, -21.55, 160.164, -10.013, -6.707, -35.053, 30.67, -0.17386, -0.17972, 0.05731, -0.96649,
 15:45:47.119,ed:35:33:d3:6c:f8, 2015-01-01 03:57:01.755, 0.37, -0.037, 0.928, 0.732, -3.235, 0.122, -2.966, -21.605, 160.247, -10.013, -6.707, -35.053, 30.67, -0.17386, -0.17972, 0.05731, -0.96649,
 15:45:47.138,e3:ca:2d:fd:e0:8c, 2015-01-01 03:57:01.680, 0.958, 0.097, 0.34, -0.671, -0.977, -0.488, 15.293, -69.911, 146.08, -25.607, -13.867, -13.193, 29.51, 0.16202, 0.57504, -0.06116, 0.7995,
 15:45:47.138,e3:ca:2d:fd:e0:8c, 2015-01-01 03:57:01.680, 0.959, 0.086, 0.34, -0.366, -1.221, -0.366, 15.32, -69.928, 146.036, -25.607, -13.867, -13.193, 29.51, 0.16202, 0.57504, -0.06116, 0.7995,
 15:45:47.140,ed:35:33:d3:6c:f8, 2015-01-01 03:57:02.045, 0.378, -0.037, 0.931, -0.427, -1.709, -1.099, -2.966, -21.632, 160.291, -10.013, -6.707, -35.053, 30.67, -0.17386, -0.17972, 0.05731, -0.96649,
 15:45:47.140,ed:35:33:d3:6c:f8, 2015-01-01 03:57:02.045, 0.376, -0.037, 0.928, -0.427, -1.587, -1.221, -2.966, -21.66, 160.318, -10.013, -6.707, -35.053, 30.67, -0.17386, -0.17972, 0.05731, -0.96649,
 15:45:47.160,ed:40:fe:65:30:6c, 2015-01-01 03:57:06.910, 0.56, 0.015, 0.837, -2.869, -0.122, -0.427, 1.362, -33.333, -121.536, -18.347, -7.113, -8.207, 28.4, 0.46954, -0.24524, -0.14972, -0.83478,
 15:45:47.160,ed:40:fe:65:30:6c, 2015-01-01 03:57:06.910, 0.564, 0.014, 0.834, -2.136, 0, 0.183, 1.318, -33.333, -121.553, -18.347, -7.113, -8.207, 28.4, 0.46954, -0.24524, -0.14972, -0.83478,
 15:45:47.161,f6:90:cc:01:6d:25, 2015-01-01 03:57:01.830, 0.92, 0.248, 0.298, 1.831, -3.113, -1.587, 39.018, -67.346, 148.469, -25.720, -15.440, -8.607, 32.31, 0.03485, 0.57846, 0.12549, 0.80518,
 15:45:47.161,f6:90:cc:01:6d:25, 2015-01-01 03:57:01.830, 0.92, 0.234, 0.291, 1.892, -2.38, -1.587, 39.188, -67.368, 148.271, -25.720, -15.440, -8.607, 32.31, 0.03485, 0.57846, 0.12549, 0.80518,
 15:45:47.184,e3:ca:2d:fd:e0:8c, 2015-01-01 03:57:01.680, 0.959, 0.087, 0.335, 0.305, -1.16, -0.122, 15.348, -69.944, 146.025, -25.607, -13.867, -13.193, 29.51, 0.16202, 0.57504, -0.06116, 0.7995,
 15:45:47.184,e3:ca:2d:fd:e0:8c, 2015-01-01 03:57:01.680, 0.958, 0.092, 0.332, 0.61, -1.038, 0.061, 15.37, -69.966, 146.047, -25.607, -13.867, -13.193, 29.51, 0.16202, 0.57504, -0.06116, 0.7995,
 15:45:47.185,ed:35:33:d3:6c:f8, 2015-01-01 03:57:02.045, 0.376, -0.046, 0.926, 0.488, -1.587, -1.282, -2.95, -21.687, 160.356, -10.013, -6.707, -35.053, 30.67, -0.17386, -0.17972, 0.05731, -0.96649,
 15:45:47.185,ed:35:33:d3:6c:f8, 2015-01-01 03:57:02.045, 0.383, -0.053, 0.912, 3.052, -2.258, 0.732, -2.895, -21.725, 160.422, -10.013, -6.707, -35.053, 30.67, -0.17386, -0.17972, 0.05731, -0.96649,
 15:45:47.206,f6:90:cc:01:6d:25, 2015-01-01 03:57:01.830, 0.913, 0.231, 0.281, 2.136, -0.854, -1.648, 39.337, -67.379, 148.112, -25.720, -15.440, -8.607, 32.31, 0.03485, 0.57846, 0.12549, 0.80518,
 15:45:47.206,f6:90:cc:01:6d:25, 2015-01-01 03:57:01.830, 0.908, 0.241, 0.279, 2.197, 0.061, -1.648, 39.446, -67.368, 147.997, -25.720, -15.440, -8.607, 32.31, 0.03485, 0.57846, 0.12549, 0.80518,
 15:45:47.227,ed:40:fe:65:30:6c, 2015-01-01 03:57:06.910, 0.555, 0.018, 0.827, -2.136, -0.061, 0, 1.274, -33.333, -121.558, -18.347, -7.113, -8.207, 28.4, 0.46954, -0.24524, -0.14972, -0.83478,
 15:45:47.227,ed:40:fe:65:30:6c, 2015-01-01 03:57:06.910, 0.547, 0.03, 0.831, -1.953, -0.061, -0.244, 1.23, -33.338, -121.575, -18.347, -7.113, -8.207, 28.4, 0.46954, -0.24524, -0.14972, -0.83478,
 15:45:47.227,e3:ca:2d:fd:e0:8c, 2015-01-01 03:57:01.680, 0.959, 0.099, 0.332, 0.305, -0.732, 0.244, 15.386, -69.983, 146.085, -25.607, -13.867, -13.193, 29.51, 0.16202, 0.57504, -0.06116, 0.7995,
 15:45:47.227,e3:ca:2d:fd:e0:8c, 2015-01-01 03:57:01.680, 0.963, 0.104, 0.332, 0.183, -0.732, 0.427, 15.386, -69.999, 146.113, -25.607, -13.867, -13.193, 29.51, 0.16202, 0.57504, -0.06116, 0.7995,
 15:45:47.229,f6:90:cc:01:6d:25, 2015-01-01 03:57:02.185, 0.903, 0.252, 0.279, 1.77, 0.793, -1.587, 39.534, -67.346, 147.909, -25.720, -15.440, -8.607, 32.31, 0.03485, 0.57846, 0.12549, 0.80518,
 15:45:47.231,f6:90:cc:01:6d:25, 2015-01-01 03:57:02.185, 0.908, 0.261, 0.285, 0.183, 1.038, -1.16, 39.589, -67.319, 147.849, -25.720, -15.440, -8.607, 32.31, 0.03485, 0.57846, 0.12549, 0.80518,
 15:45:47.231,ed:35:33:d3:6c:f8, 2015-01-01 03:57:02.045, 0.364, -0.039, 0.914, 2.075, -2.441, -1.892, -2.84, -21.775, 160.406, -10.013, -6.707, -35.053, 30.67, -0.17386, -0.17972, 0.05731, -0.96649,
 15:45:47.231,ed:35:33:d3:6c:f8, 2015-01-01 03:57:02.045, 0.387, -0.014, 0.923, 3.113, -0.916, -2.197, -2.758, -21.797, 160.362, -10.013, -6.707, -35.053, 30.67, -0.17386, -0.17972, 0.05731, -0.96649,
 15:45:47.250,e3:ca:2d:fd:e0:8c, 2015-01-01 03:57:01.680, 0.961, 0.106, 0.335, 0, -0.549, 0.732, 15.381, -70.016, 146.135, -26.020, -13.760, -12.940, 29.51, 0.16202, 0.57504, -0.06116, 0.7995,
 15:45:47.250,e3:ca:2d:fd:e0:8c, 2015-01-01 03:57:01.680, 0.955, 0.1, 0.336, -0.244, -0.183, 0.61, 15.353, -70.027, 146.179, -26.020, -13.760, -12.940, 29.51, 0.16202, 0.57504, -0.06116, 0.7995,
 15:45:47.269,ed:40:fe:65:30:6c, 2015-01-01 03:57:06.910, 0.565, 0.058, 0.842, -1.16, -0.427, 0.061, 1.203, -33.344, -121.591, -18.173, -7.147, -7.673, 28.4, 0.46954, -0.24524, -0.14972, -0.83478,
 15:45:47.269,ed:40:fe:65:30:6c, 2015-01-01 03:57:06.910, 0.575, 0.047, 0.827, -0.427, 0.61, 0.916, 1.187, -33.344, -121.591, -18.173, -7.147, -7.673, 28.4, 0.46954, -0.24524, -0.14972, -0.83478,
 15:45:47.269,f6:90:cc:01:6d:25, 2015-01-01 03:57:02.185, 0.917, 0.264, 0.29, -0.244, 0.916, -0.61, 39.6, -67.291, 147.788, -25.720, -15.440, -8.607, 32.31, 0.03485, 0.57846, 0.12549, 0.80518,
 15:45:47.270,f6:90:cc:01:6d:25, 2015-01-01 03:57:02.185, 0.916, 0.263, 0.29, -0.549, 1.038, -0.183, 39.595, -67.269, 147.766, -25.720, -15.440, -8.607, 32.31, 0.03485, 0.57846, 0.12549, 0.80518,
 15:45:47.275,ed:35:33:d3:6c:f8, 2015-01-01 03:57:02.045, 0.399, 0.008, 0.919, 4.639, 1.404, 0.854, -2.664, -21.769, 160.367, -10.013, -6.707, -35.053, 30.67, -0.17386, -0.17972, 0.05731, -0.96649,
 15:45:47.275,ed:35:33:d3:6c:f8, 2015-01-01 03:57:02.045, 0.385, -0.033, 0.911, 0.122, -1.16, 0.244, -2.653, -21.797, 160.373, -10.013, -6.707, -35.053, 30.67, -0.17386, -0.17972, 0.05731, -0.96649,
 15:45:47.294,ed:40:fe:65:30:6c, 2015-01-01 03:57:06.910, 0.558, 0.007, 0.829, 0, 1.16, 0.427, 1.181, -33.333, -121.591, -18.173, -7.147, -7.673, 28.4, 0.46954, -0.24524, -0.14972, -0.83478,
 15:45:47.294,ed:40:fe:65:30:6c, 2015-01-01 03:57:06.910, 0.548, 0.001, 0.837, 1.77, 0.854, 0, 1.192, -33.316, -121.602, -18.173, -7.147, -7.673, 28.4, 0.46954, -0.24524, -0.14972, -0.83478,
 15:45:47.295,e3:ca:2d:fd:e0:8c, 2015-01-01 03:57:01.680, 0.951, 0.096, 0.339, -0.183, 0, 0.427, 15.331, -70.032, 146.234, -26.020, -13.760, -12.940, 29.51, 0.16202, 0.57504, -0.06116, 0.7995,
 15:45:47.295,e3:ca:2d:fd:e0:8c, 2015-01-01 03:57:01.680, 0.951, 0.097, 0.342, -0.061, -0.061, 0.488, 15.315, -70.032, 146.272, -26.020, -13.760, -12.940, 29.51, 0.16202, 0.57504, -0.06116, 0.7995,
 15:45:47.296,f6:90:cc:01:6d:25, 2015-01-01 03:57:02.185, 0.909, 0.252, 0.291, -1.038, 1.526, -0.122, 39.567, -67.253, 147.761, -25.720, -15.440, -8.607, 32.31, 0.03485, 0.57846, 0.12549, 0.80518,
 15:45:47.296,f6:90:cc:01:6d:25, 2015-01-01 03:57:02.185, 0.907, 0.244, 0.295, -1.282, 2.197, -0.488, 39.518, -67.22, 147.755, -25.720, -15.440, -8.607, 32.31, 0.03485, 0.57846, 0.12549, 0.80518,
 15:45:47.317,ed:40:fe:65:30:6c, 2015-01-01 03:57:06.910, 0.541, 0.016, 0.836, 2.686, 0.671, 0, 1.236, -33.305, -121.613, -18.173, -7.147, -7.673, 28.4, 0.46994, -0.2453, -0.14862, -0.83475,
 15:45:47.317,ed:40:fe:65:30:6c, 2015-01-01 03:57:06.910, 0.537, 0.022, 0.842, 2.991, 0.61, 0.305, 1.296, -33.3, -121.619, -18.173, -7.147, -7.673, 28.4, 0.46994, -0.2453, -0.14862, -0.83475,
 15:45:47.320,ed:35:33:d3:6c:f8, 2015-01-01 03:57:02.045, 0.369, -0.058, 0.916, -0.977, -0.305, -1.099, -2.659, -21.808, 160.329, -10.013, -6.707, -35.053, 30.67, -0.17386, -0.17972, 0.05731, -0.96649,
 15:45:47.320,ed:35:33:d3:6c:f8, 2015-01-01 03:57:02.045, 0.362, -0.048, 0.916, -0.122, 1.221, -1.465, -2.648, -21.791, 160.274, -10.013, -6.707, -35.053, 30.67, -0.17386, -0.17972, 0.05731, -0.96649,
 15:45:47.344,f6:90:cc:01:6d:25, 2015-01-01 03:57:02.185, 0.903, 0.238, 0.295, -0.854, 2.319, -0.671, 39.457, -67.181, 147.755, -25.720, -15.440, -8.607, 32.31, 0.03485, 0.57846, 0.12549, 0.80518,
 15:45:47.344,f6:90:cc:01:6d:25, 2015-01-01 03:57:02.185, 0.902, 0.237, 0.297, -0.305, 2.319, -0.854, 39.413, -67.137, 147.761, -25.720, -15.440, -8.607, 32.31, 0.03485, 0.57846, 0.12549, 0.80518,
 15:45:47.345,ed:35:33:d3:6c:f8, 2015-01-01 03:57:02.045, 0.356, -0.028, 0.925, 1.77, 1.343, -0.854, -2.604, -21.769, 160.252, -10.827, -6.873, -34.767, 30.67, -0.17386, -0.17972, 0.05731, -0.96649,
 15:45:47.345,ed:35:33:d3:6c:f8, 2015-01-01 03:57:02.045, 0.363, -0.031, 0.926, 2.441, 1.892, -0.793, -2.543, -21.736, 160.241, -10.827, -6.873, -34.767, 30.67, -0.17386, -0.17972, 0.05731, -0.96649,
 15:45:47.362,ed:40:fe:65:30:6c, 2015-01-01 03:57:06.910, 0.542, 0.027, 0.844, 2.747, 0.732, 0.488, 1.346, -33.289, -121.613, -18.173, -7.147, -7.673, 28.4, 0.46994, -0.2453, -0.14862, -0.83475,
 15:45:47.362,ed:40:fe:65:30:6c, 2015-01-01 03:57:06.910, 0.537, 0.03, 0.843, 2.563, 0.549, 0.244, 1.401, -33.278, -121.608, -18.173, -7.147, -7.673, 28.4, 0.46994, -0.2453, -0.14862, -0.83475,
 15:45:47.363,e3:ca:2d:fd:e0:8c, 2015-01-01 03:57:01.680, 0.953, 0.094, 0.341, -0.183, 0, 0.671, 15.298, -70.032, 146.321, -26.020, -13.760, -12.940, 29.51, 0.16229, 0.57587, -0.06049, 0.79892,
 15:45:47.363,e3:ca:2d:fd:e0:8c, 2015-01-01 03:57:01.680, 0.954, 0.09, 0.341, -0.305, 0.183, 0.793, 15.26, -70.032, 146.376, -26.020, -13.760, -12.940, 29.51, 0.16229, 0.57587, -0.06049, 0.79892,
 15:45:47.364,f6:90:cc:01:6d:25, 2015-01-01 03:57:02.185, 0.903, 0.246, 0.303, 0.122, 2.38, -0.61, 39.375, -67.094, 147.755, -25.720, -15.440, -8.607, 32.31, 0.03485, 0.57846, 0.12549, 0.80518,
 15:45:47.364,f6:90:cc:01:6d:25, 2015-01-01 03:57:02.185, 0.901, 0.247, 0.305, 0.183, 2.197, -0.244, 39.331, -67.05, 147.799, -25.720, -15.440, -8.607, 32.31, 0.03485, 0.57846, 0.12549, 0.80518,
 15:45:47.386,e3:ca:2d:fd:e0:8c, 2015-01-01 03:57:02.035, 0.953, 0.089, 0.34, 0, 0.183, 0.916, 15.216, -70.032, 146.42, -26.020, -13.760, -12.940, 29.51, 0.16229, 0.57587, -0.06049, 0.79892,
 15:45:47.386,e3:ca:2d:fd:e0:8c, 2015-01-01 03:57:02.035, 0.954, 0.086, 0.34, 0.305, -0.061, 0.916, 15.172, -70.027, 146.481, -26.020, -13.760, -12.940, 29.51, 0.16229, 0.57587, -0.06049, 0.79892,
 15:45:47.387,ed:35:33:d3:6c:f8, 2015-01-01 03:57:02.045, 0.359, -0.027, 0.925, 1.465, 2.197, -0.488, -2.505, -21.693, 160.236, -10.827, -6.873, -34.767, 30.67, -0.17386, -0.17972, 0.05731, -0.96649,
 15:45:47.387,ed:35:33:d3:6c:f8, 2015-01-01 03:57:02.045, 0.347, -0.027, 0.926, 1.221, 1.831, -0.305, -2.472, -21.66, 160.208, -10.827, -6.873, -34.767, 30.67, -0.17386, -0.17972, 0.05731, -0.96649,
 15:45:47.406,ed:40:fe:65:30:6c, 2015-01-01 03:57:07.290, 0.533, 0.034, 0.845, 1.892, 0.732, 0.122, 1.445, -33.261, -121.608, -18.173, -7.147, -7.673, 28.4, 0.46994, -0.2453, -0.14862, -0.83475,
 15:45:47.406,ed:40:fe:65:30:6c, 2015-01-01 03:57:07.290, 0.54, 0.032, 0.847, 0.427, 0.854, -0.061, 1.472, -33.245, -121.608, -18.173, -7.147, -7.673, 28.4, 0.46994, -0.2453, -0.14862, -0.83475,
 15:45:47.410,f6:90:cc:01:6d:25, 2015-01-01 03:57:02.185, 0.901, 0.244, 0.303, 0, 1.892, 0, 39.276, -67.017, 147.87, -25.720, -15.440, -8.607, 32.31, 0.03485, 0.57846, 0.12549, 0.80518,
 15:45:47.410,f6:90:cc:01:6d:25, 2015-01-01 03:57:02.185, 0.908, 0.241, 0.301, -0.732, 1.221, 0.305, 39.221, -66.995, 147.925, -25.720, -15.440, -8.607, 32.31, 0.03485, 0.57846, 0.12549, 0.80518,
 15:45:47.431,e3:ca:2d:fd:e0:8c, 2015-01-01 03:57:02.035, 0.955, 0.085, 0.339, 0.244, -0.366, 0.854, 15.134, -70.032, 146.53, -26.020, -13.760, -12.940, 29.51, 0.16229, 0.57587, -0.06049, 0.79892,
 15:45:47.431,e3:ca:2d:fd:e0:8c, 2015-01-01 03:57:02.035, 0.958, 0.085, 0.339, 0.122, -0.366, 0.732, 15.101, -70.043, 146.596, -26.020, -13.760, -12.940, 29.51, 0.16229, 0.57587, -0.06049, 0.79892,
 15:45:47.433,ed:35:33:d3:6c:f8, 2015-01-01 03:57:02.045, 0.353, -0.028, 0.931, 0.488, 2.747, -0.916, -2.45, -21.605, 160.175, -10.827, -6.873, -34.767, 30.67, -0.17261, -0.18155, 0.05328, -0.96658,
 15:45:47.433,ed:35:33:d3:6c:f8, 2015-01-01 03:57:02.045, 0.362, -0.029, 0.933, 0, 3.662, -1.465, -2.428, -21.533, 160.126, -10.827, -6.873, -34.767, 30.67, -0.17261, -0.18155, 0.05328, -0.96658,
 15:45:47.452,ed:40:fe:65:30:6c, 2015-01-01 03:57:07.290, 0.548, 0.025, 0.845, -0.61, 0.854, 0, 1.472, -33.223, -121.591, -18.173, -7.147, -7.673, 28.4, 0.46994, -0.2453, -0.14862, -0.83475,
 15:45:47.452,ed:40:fe:65:30:6c, 2015-01-01 03:57:07.290, 0.55, 0.016, 0.842, -0.916, 0.854, 0.366, 1.461, -33.201, -121.58, -18.173, -7.147, -7.673, 28.4, 0.46994, -0.2453, -0.14862, -0.83475,
 15:45:47.455,e3:ca:2d:fd:e0:8c, 2015-01-01 03:57:02.035, 0.957, 0.085, 0.337, 0.122, -0.244, 0.488, 15.073, -70.049, 146.64, -26.020, -13.760, -12.940, 29.51, 0.16229, 0.57587, -0.06049, 0.79892,
 15:45:47.455,e3:ca:2d:fd:e0:8c, 2015-01-01 03:57:02.035, 0.958, 0.084, 0.339, 0.244, -0.183, 0.305, 15.051, -70.054, 146.646, -26.020, -13.760, -12.940, 29.51, 0.16229, 0.57587, -0.06049, 0.79892,
 15:45:47.474,ed:40:fe:65:30:6c, 2015-01-01 03:57:07.290, 0.555, 0.013, 0.838, -0.854, 0.854, 0.916, 1.434, -33.179, -121.569, -18.173, -7.147, -7.673, 28.4, 0.46994, -0.2453, -0.14862, -0.83475,
 15:45:47.474,ed:40:fe:65:30:6c, 2015-01-01 03:57:07.290, 0.557, 0.01, 0.835, -0.671, 1.038, 0.916, 1.406, -33.162, -121.558, -18.173, -7.147, -7.673, 28.4, 0.46994, -0.2453, -0.14862, -0.83475,
 15:45:47.476,f6:90:cc:01:6d:25, 2015-01-01 03:57:02.185, 0.911, 0.238, 0.296, -1.282, 0.793, 0.488, 39.161, -66.984, 147.958, -26.327, -15.513, -8.080, 32.31, 0.03485, 0.57846, 0.12549, 0.80518,
 15:45:47.476,f6:90:cc:01:6d:25, 2015-01-01 03:57:02.185, 0.912, 0.233, 0.299, -1.343, 0.61, 0.427, 39.1, -66.978, 147.98, -26.327, -15.513, -8.080, 32.31, 0.03485, 0.57846, 0.12549, 0.80518,
 15:45:47.478,ed:35:33:d3:6c:f8, 2015-01-01 03:57:02.360, 0.365, -0.033, 0.929, -0.488, 3.723, -1.526, -2.417, -21.456, 160.065, -10.827, -6.873, -34.767, 30.67, -0.17261, -0.18155, 0.05328, -0.96658,
 15:45:47.478,ed:35:33:d3:6c:f8, 2015-01-01 03:57:02.360, 0.371, -0.04, 0.926, 3.052, 2.197, 2.197, -2.373, -21.407, 160.076, -10.827, -6.873, -34.767, 30.67, -0.17261, -0.18155, 0.05328, -0.96658,
 15:45:47.498,e3:ca:2d:fd:e0:8c, 2015-01-01 03:57:02.035, 0.959, 0.086, 0.335, 0.305, -0.122, 0.183, 15.04, -70.054, 146.646, -26.020, -13.760, -12.940, 29.51, 0.16229, 0.57587, -0.06049, 0.79892,
 15:45:47.498,e3:ca:2d:fd:e0:8c, 2015-01-01 03:57:02.035, 0.962, 0.088, 0.334, 0.366, 0.122, 0.061, 15.035, -70.054, 146.64, -26.020, -13.760, -12.940, 29.51, 0.16229, 0.57587, -0.06049, 0.79892,
 15:45:47.499,f6:90:cc:01:6d:25, 2015-01-01 03:57:02.185, 0.912, 0.235, 0.299, -1.099, 1.038, 0.427, 39.034, -66.973, 147.991, -26.327, -15.513, -8.080, 32.31, 0.03943, 0.57672, 0.12454, 0.80637,
 15:45:47.499,f6:90:cc:01:6d:25, 2015-01-01 03:57:02.185, 0.913, 0.24, 0.296, -0.671, 1.16, 0.366, 38.969, -66.962, 148.002, -26.327, -15.513, -8.080, 32.31, 0.03943, 0.57672, 0.12454, 0.80637,
 15:45:47.500,ed:35:33:d3:6c:f8, 2015-01-01 03:57:02.360, 0.375, -0.04, 0.918, 1.221, 3.784, 0.793, -2.346, -21.335, 160.065, -10.827, -6.873, -34.767, 30.67, -0.17261, -0.18155, 0.05328, -0.96658,
 15:45:47.500,ed:35:33:d3:6c:f8, 2015-01-01 03:57:02.360, 0.372, -0.044, 0.92, -0.061, 3.418, 0.671, -2.351, -21.27, 160.049, -10.827, -6.873, -34.767, 30.67, -0.17261, -0.18155, 0.05328, -0.96658,
 15:45:47.521,ed:40:fe:65:30:6c, 2015-01-01 03:57:07.290, 0.556, 0.009, 0.836, -0.61, 1.16, 0.61, 1.384, -33.14, -121.564, -18.173, -7.147, -7.673, 28.4, 0.46994, -0.2453, -0.14862, -0.83475,
 15:45:47.521,ed:40:fe:65:30:6c, 2015-01-01 03:57:07.290, 0.554, 0.012, 0.838, -0.305, 1.16, 0.305, 1.368, -33.113, -121.564, -18.173, -7.147, -7.673, 28.4, 0.46994, -0.2453, -0.14862, -0.83475,
 15:45:47.544,f6:90:cc:01:6d:25, 2015-01-01 03:57:02.185, 0.913, 0.242, 0.298, -0.671, 1.343, 0.305, 38.903, -66.951, 148.013, -26.327, -15.513, -8.080, 32.31, 0.03943, 0.57672, 0.12454, 0.80637,
 15:45:47.544,f6:90:cc:01:6d:25, 2015-01-01 03:57:02.185, 0.912, 0.243, 0.298, -0.61, 1.343, 0.183, 38.842, -66.934, 148.057, -26.327, -15.513, -8.080, 32.31, 0.03943, 0.57672, 0.12454, 0.80637,
 15:45:47.545,ed:35:33:d3:6c:f8, 2015-01-01 03:57:02.360, 0.368, -0.043, 0.921, -0.854, 3.54, 0.122, -2.368, -21.204, 160.005, -10.827, -6.873, -34.767, 30.67, -0.17261, -0.18155, 0.05328, -0.96658,
 15:45:47.545,ed:35:33:d3:6c:f8, 2015-01-01 03:57:02.360, 0.37, -0.037, 0.924, -0.488, 3.723, -0.061, -2.379, -21.132, 159.966, -10.827, -6.873, -34.767, 30.67, -0.17261, -0.18155, 0.05328, -0.96658,
 15:45:47.564,ed:40:fe:65:30:6c, 2015-01-01 03:57:07.290, 0.554, 0.016, 0.839, 0.061, 1.282, 0.305, 1.357, -33.091, -121.575, -18.173, -7.147, -7.673, 28.4, 0.46994, -0.2453, -0.14862, -0.83475,
 15:45:47.564,ed:40:fe:65:30:6c, 2015-01-01 03:57:07.290, 0.554, 0.017, 0.837, 0.488, 1.465, 0.366, 1.357, -33.069, -121.58, -18.173, -7.147, -7.673, 28.4, 0.46994, -0.2453, -0.14862, -0.83475,
 15:45:47.565,e3:ca:2d:fd:e0:8c, 2015-01-01 03:57:02.035, 0.961, 0.089, 0.332, 0.366, 0.244, -0.061, 15.035, -70.049, 146.624, -26.020, -13.760, -12.940, 29.51, 0.16229, 0.57587, -0.06049, 0.79892,
 15:45:47.565,e3:ca:2d:fd:e0:8c, 2015-01-01 03:57:02.035, 0.961, 0.089, 0.332, 0.366, 0.488, -0.244, 15.04, -70.043, 146.596, -26.020, -13.760, -12.940, 29.51, 0.16229, 0.57587, -0.06049, 0.79892,
 15:45:47.567,f6:90:cc:01:6d:25, 2015-01-01 03:57:02.545, 0.91, 0.243, 0.299, -0.366, 1.77, 0.122, 38.782, -66.912, 148.085, -26.327, -15.513, -8.080, 32.31, 0.03943, 0.57672, 0.12454, 0.80637,
 15:45:47.567,f6:90:cc:01:6d:25, 2015-01-01 03:57:02.545, 0.909, 0.246, 0.3, -0.305, 1.892, 0.061, 38.721, -66.89, 148.101, -26.327, -15.513, -8.080, 32.31, 0.03943, 0.57672, 0.12454, 0.80637,
 15:45:47.588,e3:ca:2d:fd:e0:8c, 2015-01-01 03:57:02.035, 0.959, 0.091, 0.334, 0.488, 0.671, -0.183, 15.046, -70.032, 146.574, -25.460, -13.373, -13.240, 29.51, 0.16229, 0.57587, -0.06049, 0.79892,
 15:45:47.588,e3:ca:2d:fd:e0:8c, 2015-01-01 03:57:02.035, 0.958, 0.093, 0.334, 0.549, 0.488, -0.061, 15.051, -70.021, 146.58, -25.460, -13.373, -13.240, 29.51, 0.16229, 0.57587, -0.06049, 0.79892,
 15:45:47.590,ed:35:33:d3:6c:f8, 2015-01-01 03:57:02.360, 0.368, -0.036, 0.922, -0.061, 4.395, -0.793, -2.368, -21.055, 159.911, -10.827, -6.873, -34.767, 30.67, -0.17261, -0.18155, 0.05328, -0.96658,
 15:45:47.590,ed:35:33:d3:6c:f8, 2015-01-01 03:57:02.360, 0.362, -0.04, 0.918, 0.671, 4.517, -1.16, -2.346, -20.973, 159.868, -10.827, -6.873, -34.767, 30.67, -0.17261, -0.18155, 0.05328, -0.96658,
 15:45:47.632,ed:40:fe:65:30:6c, 2015-01-01 03:57:07.290, 0.553, 0.02, 0.834, 0.61, 1.709, 0.183, 1.362, -33.041, -121.602, -18.193, -7.167, -7.587, 28.4, 0.46994, -0.2453, -0.14862, -0.83475,
 15:45:47.632,ed:40:fe:65:30:6c, 2015-01-01 03:57:07.290, 0.553, 0.025, 0.835, 0.549, 2.075, 0, 1.368, -33.003, -121.619, -18.193, -7.167, -7.587, 28.4, 0.46994, -0.2453, -0.14862, -0.83475,
 15:45:47.634,e3:ca:2d:fd:e0:8c, 2015-01-01 03:57:02.035, 0.958, 0.095, 0.335, 0.427, 0.305, 0, 15.057, -70.016, 146.591, -25.460, -13.373, -13.240, 29.51, 0.16229, 0.57587, -0.06049, 0.79892,
 15:45:47.634,e3:ca:2d:fd:e0:8c, 2015-01-01 03:57:02.035, 0.957, 0.095, 0.338, 0.427, 0.183, 0.122, 15.062, -70.01, 146.596, -25.460, -13.373, -13.240, 29.51, 0.16229, 0.57587, -0.06049, 0.79892,
 15:45:47.634,f6:90:cc:01:6d:25, 2015-01-01 03:57:02.545, 0.908, 0.248, 0.302, -0.427, 1.77, 0.122, 38.666, -66.863, 148.123, -26.327, -15.513, -8.080, 32.31, 0.03943, 0.57672, 0.12454, 0.80637,
 15:45:47.634,f6:90:cc:01:6d:25, 2015-01-01 03:57:02.545, 0.909, 0.25, 0.302, -0.61, 1.465, 0.244, 38.606, -66.846, 148.129, -26.327, -15.513, -8.080, 32.31, 0.03943, 0.57672, 0.12454, 0.80637,
 15:45:47.636,ed:35:33:d3:6c:f8, 2015-01-01 03:57:02.360, 0.363, -0.026, 0.922, 2.075, 4.578, 0.916, -2.307, -20.891, 159.873, -10.827, -6.873, -34.767, 30.67, -0.17261, -0.18155, 0.05328, -0.96658,
 15:45:47.636,ed:35:33:d3:6c:f8, 2015-01-01 03:57:02.360, 0.363, -0.023, 0.918, 1.648, 5.981, -1.099, -2.263, -20.781, 159.824, -10.827, -6.873, -34.767, 30.67, -0.17261, -0.18155, 0.05328, -0.96658,
 15:45:47.655,e3:ca:2d:fd:e0:8c, 2015-01-01 03:57:02.035, 0.956, 0.093, 0.339, 0.427, 0.183, 0.183, 15.062, -70.005, 146.613, -25.460, -13.373, -13.240, 29.51, 0.16129, 0.57556, -0.06055, 0.79935,
 15:45:47.655,e3:ca:2d:fd:e0:8c, 2015-01-01 03:57:02.035, 0.956, 0.093, 0.341, 0.305, 0.366, 0.122, 15.062, -70.005, 146.629, -25.460, -13.373, -13.240, 29.51, 0.16129, 0.57556, -0.06055, 0.79935,
 15:45:47.656,ed:40:fe:65:30:6c, 2015-01-01 03:57:07.290, 0.55, 0.028, 0.836, 0.549, 2.625, 0, 1.379, -32.964, -121.641, -18.193, -7.167, -7.587, 28.4, 0.47043, -0.24207, -0.14841, -0.83545,
 15:45:47.656,ed:40:fe:65:30:6c, 2015-01-01 03:57:07.290, 0.547, 0.024, 0.835, 0.427, 3.235, 0, 1.39, -32.91, -121.668, -18.193, -7.167, -7.587, 28.4, 0.47043, -0.24207, -0.14841, -0.83545,
 15:45:47.657,f6:90:cc:01:6d:25, 2015-01-01 03:57:02.545, 0.907, 0.247, 0.306, -0.977, 1.648, 0.427, 38.54, -66.824, 148.162, -26.327, -15.513, -8.080, 32.31, 0.03943, 0.57672, 0.12454, 0.80637,
 15:45:47.657,f6:90:cc:01:6d:25, 2015-01-01 03:57:02.545, 0.908, 0.246, 0.304, -0.916, 2.075, 0.549, 38.458, -66.802, 148.217, -26.327, -15.513, -8.080, 32.31, 0.03943, 0.57672, 0.12454, 0.80637,
 15:45:47.682,ed:35:33:d3:6c:f8, 2015-01-01 03:57:02.360, 0.356, -0.031, 0.916, 0.977, 6.47, -1.892, -2.225, -20.665, 159.747, -9.967, -7.280, -35.213, 30.67, -0.17261, -0.18155, 0.05328, -0.96658,
 15:45:47.682,ed:35:33:d3:6c:f8, 2015-01-01 03:57:02.360, 0.353, -0.028, 0.926, 1.77, 6.47, -0.916, -2.181, -20.55, 159.697, -9.967, -7.280, -35.213, 30.67, -0.17261, -0.18155, 0.05328, -0.96658,
 15:45:47.699,ed:40:fe:65:30:6c, 2015-01-01 03:57:07.290, 0.545, 0.018, 0.838, 0.366, 3.662, 0, 1.395, -32.849, -121.701, -18.193, -7.167, -7.587, 28.4, 0.47043, -0.24207, -0.14841, -0.83545,
 15:45:47.699,ed:40:fe:65:30:6c, 2015-01-01 03:57:07.290, 0.544, 0.018, 0.841, 0.61, 3.967, 0.061, 1.401, -32.778, -121.74, -18.193, -7.167, -7.587, 28.4, 0.47043, -0.24207, -0.14841, -0.83545,
 15:45:47.700,e3:ca:2d:fd:e0:8c, 2015-01-01 03:57:02.035, 0.958, 0.092, 0.341, 0.183, 0.549, 0, 15.062, -69.994, 146.651, -25.460, -13.373, -13.240, 29.51, 0.16129, 0.57556, -0.06055, 0.79935,
 15:45:47.700,e3:ca:2d:fd:e0:8c, 2015-01-01 03:57:02.035, 0.958, 0.091, 0.34, 0.183, 0.671, 0, 15.057, -69.983, 146.656, -25.460, -13.373, -13.240, 29.51, 0.16129, 0.57556, -0.06055, 0.79935,
 15:45:47.701,f6:90:cc:01:6d:25, 2015-01-01 03:57:02.545, 0.908, 0.241, 0.306, -0.854, 2.563, 0.488, 38.359, -66.775, 148.293, -26.327, -15.513, -8.080, 32.31, 0.03943, 0.57672, 0.12454, 0.80637,
 15:45:47.701,f6:90:cc:01:6d:25, 2015-01-01 03:57:02.545, 0.907, 0.241, 0.305, -0.671, 2.808, 0.427, 38.26, -66.736, 148.348, -26.327, -15.513, -8.080, 32.31, 0.03943, 0.57672, 0.12454, 0.80637,
 15:45:47.704,ed:35:33:d3:6c:f8, 2015-01-01 03:57:02.360, 0.354, -0.033, 0.924, 2.319, 6.531, 0.366, -2.131, -20.429, 159.686, -9.967, -7.280, -35.213, 30.67, -0.17673, -0.17108, 0.04913, -0.96799,
 15:45:47.704,ed:35:33:d3:6c:f8, 2015-01-01 03:57:02.360, 0.343, -0.035, 0.924, 2.747, 6.348, -0.366, -2.071, -20.314, 159.659, -9.967, -7.280, -35.213, 30.67, -0.17673, -0.17108, 0.04913, -0.96799,
 15:45:47.721,ed:40:fe:65:30:6c, 2015-01-01 03:57:07.625, 0.541, 0.019, 0.842, 0.732, 4.028, 0.061, 1.412, -32.706, -121.761, -18.193, -7.167, -7.587, 28.4, 0.47043, -0.24207, -0.14841, -0.83545,
 15:45:47.721,ed:40:fe:65:30:6c, 2015-01-01 03:57:07.625, 0.537, 0.02, 0.847, 0.671, 4.089, 0, 1.428, -32.629, -121.761, -18.193, -7.167, -7.587, 28.4, 0.47043, -0.24207, -0.14841, -0.83545,
 15:45:47.746,e3:ca:2d:fd:e0:8c, 2015-01-01 03:57:02.370, 0.959, 0.089, 0.335, 0.183, 0.977, 0, 15.051, -69.966, 146.662, -25.460, -13.373, -13.240, 29.51, 0.16129, 0.57556, -0.06055, 0.79935,
 15:45:47.746,e3:ca:2d:fd:e0:8c, 2015-01-01 03:57:02.370, 0.96, 0.088, 0.335, 0.244, 1.16, 0, 15.04, -69.944, 146.656, -25.460, -13.373, -13.240, 29.51, 0.16129, 0.57556, -0.06055, 0.79935,
 15:45:47.747,f6:90:cc:01:6d:25, 2015-01-01 03:57:02.545, 0.906, 0.242, 0.305, -0.305, 3.113, 0.427, 38.156, -66.698, 148.414, -26.327, -15.513, -8.080, 32.31, 0.03943, 0.57672, 0.12454, 0.80637,
 15:45:47.747,f6:90:cc:01:6d:25, 2015-01-01 03:57:02.545, 0.906, 0.241, 0.302, -0.183, 3.052, 0.488, 38.051, -66.66, 148.48, -26.327, -15.513, -8.080, 32.31, 0.03943, 0.57672, 0.12454, 0.80637,
 15:45:47.748,ed:35:33:d3:6c:f8, 2015-01-01 03:57:02.360, 0.341, -0.029, 0.935, 2.441, 6.042, -0.244, -2.021, -20.204, 159.626, -9.967, -7.280, -35.213, 30.67, -0.17673, -0.17108, 0.04913, -0.96799,
 15:45:47.748,ed:35:33:d3:6c:f8, 2015-01-01 03:57:02.360, 0.337, -0.027, 0.941, 1.343, 5.92, -0.854, -1.983, -20.099, 159.571, -9.967, -7.280, -35.213, 30.67, -0.17673, -0.17108, 0.04913, -0.96799,
 15:45:47.767,ed:40:fe:65:30:6c, 2015-01-01 03:57:07.625, 0.535, 0.021, 0.851, 0.549, 3.662, -0.061, 1.439, -32.558, -121.783, -18.193, -7.167, -7.587, 28.4, 0.47043, -0.24207, -0.14841, -0.83545,
 15:45:47.767,ed:40:fe:65:30:6c, 2015-01-01 03:57:07.625, 0.532, 0.021, 0.855, 0.488, 3.052, -0.183, 1.445, -32.498, -121.811, -18.193, -7.167, -7.587, 28.4, 0.47043, -0.24207, -0.14841, -0.83545,
 15:45:47.769,f6:90:cc:01:6d:25, 2015-01-01 03:57:02.545, 0.906, 0.241, 0.305, -0.366, 2.991, 0.549, 37.952, -66.621, 148.568, -26.580, -15.467, -8.607, 32.31, 0.03943, 0.57672, 0.12454, 0.80637,
 15:45:47.769,f6:90:cc:01:6d:25, 2015-01-01 03:57:02.545, 0.905, 0.24, 0.305, -0.488, 2.625, 0.549, 37.853, -66.588, 148.656, -26.580, -15.467, -8.607, 32.31, 0.03943, 0.57672, 0.12454, 0.80637,
 15:45:47.792,e3:ca:2d:fd:e0:8c, 2015-01-01 03:57:02.370, 0.96, 0.087, 0.334, 0.122, 1.404, -0.122, 15.029, -69.917, 146.667, -25.460, -13.373, -13.240, 29.51, 0.16129, 0.57556, -0.06055, 0.79935,
 15:45:47.792,e3:ca:2d:fd:e0:8c, 2015-01-01 03:57:02.370, 0.958, 0.088, 0.333, 0.061, 1.404, -0.122, 15.018, -69.895, 146.667, -25.460, -13.373, -13.240, 29.51, 0.16129, 0.57556, -0.06055, 0.79935,
 15:45:47.793,ed:35:33:d3:6c:f8, 2015-01-01 03:57:02.650, 0.332, -0.029, 0.946, 1.221, 4.944, -0.671, -1.956, -20.006, 159.538, -9.967, -7.280, -35.213, 30.67, -0.17673, -0.17108, 0.04913, -0.96799,
 15:45:47.793,ed:35:33:d3:6c:f8, 2015-01-01 03:57:02.650, 0.328, -0.027, 0.951, 0.183, 4.517, -1.282, -1.939, -19.924, 159.5, -9.967, -7.280, -35.213, 30.67, -0.17673, -0.17108, 0.04913, -0.96799,
 15:45:47.812,ed:40:fe:65:30:6c, 2015-01-01 03:57:07.625, 0.531, 0.02, 0.857, 0.244, 2.502, -0.122, 1.456, -32.443, -121.838, -18.193, -7.167, -7.587, 28.4, 0.47043, -0.24207, -0.14841, -0.83545,
 15:45:47.812,ed:40:fe:65:30:6c, 2015-01-01 03:57:07.625, 0.528, 0.019, 0.858, 0.122, 1.892, -0.061, 1.456, -32.399, -121.844, -18.193, -7.167, -7.587, 28.4, 0.47043, -0.24207, -0.14841, -0.83545,
 15:45:47.814,f6:90:cc:01:6d:25, 2015-01-01 03:57:02.545, 0.904, 0.238, 0.305, -0.488, 2.197, 0.488, 37.766, -66.561, 148.683, -26.580, -15.467, -8.607, 32.31, 0.03943, 0.57672, 0.12454, 0.80637,
 15:45:47.814,f6:90:cc:01:6d:25, 2015-01-01 03:57:02.545, 0.903, 0.237, 0.309, -0.366, 1.77, 0.427, 37.7, -66.539, 148.733, -26.580, -15.467, -8.607, 32.31, 0.03943, 0.57672, 0.12454, 0.80637,
 15:45:47.836,e3:ca:2d:fd:e0:8c, 2015-01-01 03:57:02.370, 0.957, 0.088, 0.335, 0, 1.343, -0.122, 15.007, -69.868, 146.662, -25.460, -13.373, -13.240, 29.51, 0.16129, 0.57556, -0.06055, 0.79935,
 15:45:47.836,e3:ca:2d:fd:e0:8c, 2015-01-01 03:57:02.370, 0.954, 0.088, 0.338, 0, 1.16, -0.183, 14.996, -69.846, 146.673, -25.460, -13.373, -13.240, 29.51, 0.16129, 0.57556, -0.06055, 0.79935,
 15:45:47.838,ed:35:33:d3:6c:f8, 2015-01-01 03:57:02.650, 0.33, -0.03, 0.953, 0.61, 2.93, 0.061, -1.928, -19.869, 159.51, -9.967, -7.280, -35.213, 30.67, -0.17673, -0.17108, 0.04913, -0.96799,
 15:45:47.838,ed:35:33:d3:6c:f8, 2015-01-01 03:57:02.650, 0.322, -0.033, 0.949, -0.122, 2.991, -1.404, -1.917, -19.814, 159.489, -9.967, -7.280, -35.213, 30.67, -0.17673, -0.17108, 0.04913, -0.96799,
 15:45:47.858,e3:ca:2d:fd:e0:8c, 2015-01-01 03:57:02.370, 0.953, 0.088, 0.342, 0, 1.099, -0.122, 14.985, -69.824, 146.673, -25.460, -13.373, -13.240, 29.51, 0.16129, 0.57556, -0.06055, 0.79935,
 15:45:47.858,e3:ca:2d:fd:e0:8c, 2015-01-01 03:57:02.370, 0.951, 0.089, 0.344, 0.061, 0.854, -0.183, 14.98, -69.807, 146.673, -25.460, -13.373, -13.240, 29.51, 0.16129, 0.57556, -0.06055, 0.79935,
 15:45:47.858,ed:40:fe:65:30:6c, 2015-01-01 03:57:07.625, 0.528, 0.019, 0.858, 0.061, 1.282, -0.061, 1.456, -32.371, -121.855, -18.193, -7.167, -7.587, 28.4, 0.47043, -0.24207, -0.14841, -0.83545,
 15:45:47.858,ed:40:fe:65:30:6c, 2015-01-01 03:57:07.625, 0.526, 0.018, 0.855, 0.122, 0.793, 0.061, 1.456, -32.349, -121.855, -18.193, -7.167, -7.587, 28.4, 0.47043, -0.24207, -0.14841, -0.83545,
 15:45:47.881,f6:90:cc:01:6d:25, 2015-01-01 03:57:02.545, 0.903, 0.235, 0.311, -0.244, 1.465, 0.244, 37.645, -66.522, 148.782, -26.580, -15.467, -8.607, 32.31, 0.04254, 0.57281, 0.12027, 0.80963,
 15:45:47.881,f6:90:cc:01:6d:25, 2015-01-01 03:57:02.545, 0.902, 0.234, 0.315, -0.122, 1.16, 0.244, 37.601, -66.506, 148.821, -26.580, -15.467, -8.607, 32.31, 0.04254, 0.57281, 0.12027, 0.80963,
 15:45:47.882,ed:35:33:d3:6c:f8, 2015-01-01 03:57:02.650, 0.327, -0.027, 0.949, 0, 1.526, 0.732, -1.923, -19.781, 159.505, -9.967, -7.280, -35.213, 30.67, -0.17673, -0.17108, 0.04913, -0.96799,
 15:45:47.882,ed:35:33:d3:6c:f8, 2015-01-01 03:57:02.650, 0.325, -0.028, 0.942, -0.488, 1.221, -0.244, -1.928, -19.753, 159.516, -9.967, -7.280, -35.213, 30.67, -0.17673, -0.17108, 0.04913, -0.96799,
 15:45:47.902,ed:40:fe:65:30:6c, 2015-01-01 03:57:07.625, 0.524, 0.02, 0.854, 0.061, 0.488, 0.183, 1.456, -32.333, -121.86, -18.193, -7.167, -7.587, 28.4, 0.47043, -0.24207, -0.14841, -0.83545,
 15:45:47.902,ed:40:fe:65:30:6c, 2015-01-01 03:57:07.625, 0.523, 0.021, 0.854, 0.061, 0.427, 0.244, 1.45, -32.322, -121.855, -18.193, -7.167, -7.587, 28.4, 0.47043, -0.24207, -0.14841, -0.83545,
 15:45:47.903,e3:ca:2d:fd:e0:8c, 2015-01-01 03:57:02.370, 0.949, 0.09, 0.346, 0.122, 0.671, -0.061, 14.974, -69.791, 146.651, -25.460, -13.373, -13.240, 29.51, 0.16129, 0.57556, -0.06055, 0.79935,
 15:45:47.903,e3:ca:2d:fd:e0:8c, 2015-01-01 03:57:02.370, 0.95, 0.091, 0.348, 0.061, 0.732, -0.122, 14.969, -69.78, 146.646, -25.460, -13.373, -13.240, 29.51, 0.16129, 0.57556, -0.06055, 0.79935,
 15:45:47.905,ed:35:33:d3:6c:f8, 2015-01-01 03:57:02.650, 0.322, -0.028, 0.94, -0.427, 0.732, 0, -1.934, -19.737, 159.543, -9.967, -7.280, -35.213, 30.67, -0.17673, -0.17108, 0.04913, -0.96799,
 15:45:47.905,ed:35:33:d3:6c:f8, 2015-01-01 03:57:02.650, 0.322, -0.028, 0.942, -0.427, 0.427, 0.061, -1.939, -19.726, 159.576, -9.967, -7.280, -35.213, 30.67, -0.17673, -0.17108, 0.04913, -0.96799,
 15:45:47.906,f6:90:cc:01:6d:25, 2015-01-01 03:57:02.880, 0.899, 0.235, 0.318, -0.061, 1.221, 0.244, 37.557, -66.495, 148.826, -26.580, -15.467, -8.607, 32.31, 0.04254, 0.57281, 0.12027, 0.80963,
 15:45:47.906,f6:90:cc:01:6d:25, 2015-01-01 03:57:02.880, 0.898, 0.236, 0.32, 0, 1.221, 0.183, 37.518, -66.478, 148.826, -26.580, -15.467, -8.607, 32.31, 0.04254, 0.57281, 0.12027, 0.80963,
 15:45:47.924,ed:40:fe:65:30:6c, 2015-01-01 03:57:07.625, 0.523, 0.022, 0.855, 0, 0.183, 0.244, 1.45, -32.311, -121.86, -17.820, -6.980, -8.393, 28.4, 0.47043, -0.24207, -0.14841, -0.83545,
 15:45:47.924,ed:40:fe:65:30:6c, 2015-01-01 03:57:07.625, 0.525, 0.023, 0.856, -0.122, 0, 0.122, 1.445, -32.3, -121.877, -17.820, -6.980, -8.393, 28.4, 0.47043, -0.24207, -0.14841, -0.83545,
 15:45:47.927,f6:90:cc:01:6d:25, 2015-01-01 03:57:02.880, 0.899, 0.238, 0.321, 0.122, 0.977, 0.122, 37.48, -66.462, 148.848, -26.580, -15.467, -8.607, 32.31, 0.04254, 0.57281, 0.12027, 0.80963,
 15:45:47.927,f6:90:cc:01:6d:25, 2015-01-01 03:57:02.880, 0.901, 0.238, 0.323, 0, 0.549, 0.183, 37.452, -66.456, 148.848, -26.580, -15.467, -8.607, 32.31, 0.04254, 0.57281, 0.12027, 0.80963,
 15:45:47.951,ed:35:33:d3:6c:f8, 2015-01-01 03:57:02.650, 0.324, -0.027, 0.943, -0.488, 0.244, 0, -1.95, -19.715, 159.609, -9.967, -7.280, -35.213, 30.67, -0.17673, -0.17108, 0.04913, -0.96799,
 15:45:47.951,ed:35:33:d3:6c:f8, 2015-01-01 03:57:02.650, 0.325, -0.028, 0.942, -0.488, -0.183, -0.061, -1.956, -19.715, 159.642, -9.967, -7.280, -35.213, 30.67, -0.17673, -0.17108, 0.04913, -0.96799,
 15:45:47.969,ed:40:fe:65:30:6c, 2015-01-01 03:57:07.625, 0.526, 0.022, 0.856, -0.122, -0.122, 0.061, 1.439, -32.3, -121.882, -17.820, -6.980, -8.393, 28.4, 0.47043, -0.24207, -0.14841, -0.83545,
 15:45:47.969,ed:40:fe:65:30:6c, 2015-01-01 03:57:07.625, 0.528, 0.022, 0.854, -0.183, -0.183, 0, 1.439, -32.294, -121.877, -17.820, -6.980, -8.393, 28.4, 0.47043, -0.24207, -0.14841, -0.83545,
 15:45:47.971,e3:ca:2d:fd:e0:8c, 2015-01-01 03:57:02.370, 0.951, 0.092, 0.348, 0, 0.61, -0.122, 14.963, -69.763, 146.64, -25.527, -13.573, -13.320, 29.51, 0.16129, 0.57556, -0.06055, 0.79935,
 15:45:47.971,e3:ca:2d:fd:e0:8c, 2015-01-01 03:57:02.370, 0.953, 0.092, 0.348, 0.061, 0.305, 0, 14.958, -69.752, 146.662, -25.527, -13.573, -13.320, 29.51, 0.16129, 0.57556, -0.06055, 0.79935,
 15:45:47.972,f6:90:cc:01:6d:25, 2015-01-01 03:57:02.880, 0.901, 0.239, 0.323, 0.122, 0.244, 0.122, 37.436, -66.451, 148.859, -26.580, -15.467, -8.607, 32.31, 0.04254, 0.57281, 0.12027, 0.80963,
 15:45:47.972,f6:90:cc:01:6d:25, 2015-01-01 03:57:02.880, 0.9, 0.24, 0.317, 0.183, 0.122, 0.061, 37.425, -66.445, 148.859, -26.580, -15.467, -8.607, 32.31, 0.04254, 0.57281, 0.12027, 0.80963,
 15:45:47.993,e3:ca:2d:fd:e0:8c, 2015-01-01 03:57:02.370, 0.953, 0.093, 0.346, 0, 0.061, 0, 14.952, -69.747, 146.684, -25.527, -13.573, -13.320, 29.51, 0.16183, 0.5737, -0.06018, 0.8006,
 15:45:47.993,e3:ca:2d:fd:e0:8c, 2015-01-01 03:57:02.370, 0.954, 0.094, 0.343, -0.061, 0.061, 0, 14.952, -69.741, 146.684, -25.527, -13.573, -13.320, 29.51, 0.16183, 0.5737, -0.06018, 0.8006,
 15:45:47.995,ed:35:33:d3:6c:f8, 2015-01-01 03:57:02.650, 0.328, -0.028, 0.941, -0.671, -0.305, -0.183, -1.967, -19.715, 159.67, -9.547, -7.233, -35.887, 30.67, -0.17673, -0.17108, 0.04913, -0.96799,
 15:45:47.995,ed:35:33:d3:6c:f8, 2015-01-01 03:57:02.650, 0.329, -0.028, 0.94, -0.61, -0.61, -0.244, -1.972, -19.72, 159.686, -9.547, -7.233, -35.887, 30.67, -0.17673, -0.17108, 0.04913, -0.96799,
 15:45:48.016,f6:90:cc:01:6d:25, 2015-01-01 03:57:02.880, 0.901, 0.24, 0.317, 0.061, 0, 0, 37.419, -66.44, 148.859, -26.580, -15.467, -8.607, 32.31, 0.04254, 0.57281, 0.12027, 0.80963,
 15:45:48.016,f6:90:cc:01:6d:25, 2015-01-01 03:57:02.880, 0.904, 0.241, 0.316, 0, -0.122, 0, 37.419, -66.44, 148.859, -26.580, -15.467, -8.607, 32.31, 0.04254, 0.57281, 0.12027, 0.80963,
 15:45:48.036,ed:40:fe:65:30:6c, 2015-01-01 03:57:07.625, 0.529, 0.022, 0.854, -0.183, -0.244, 0, 1.434, -32.294, -121.871, -17.820, -6.980, -8.393, 28.4, 0.46954, -0.23721, -0.14563, -0.8378,
 15:45:48.036,ed:40:fe:65:30:6c, 2015-01-01 03:57:07.625, 0.534, 0.023, 0.853, -0.305, -0.366, -0.122, 1.428, -32.289, -121.866, -17.820, -6.980, -8.393, 28.4, 0.46954, -0.23721, -0.14563, -0.8378,
 15:45:48.037,e3:ca:2d:fd:e0:8c, 2015-01-01 03:57:02.370, 0.956, 0.093, 0.342, -0.122, -0.183, 0, 14.952, -69.741, 146.7, -25.527, -13.573, -13.320, 29.51, 0.16183, 0.5737, -0.06018, 0.8006,
 15:45:48.037,e3:ca:2d:fd:e0:8c, 2015-01-01 03:57:02.370, 0.957, 0.091, 0.341, -0.244, -0.366, 0, 14.952, -69.747, 146.711, -25.527, -13.573, -13.320, 29.51, 0.16183, 0.5737, -0.06018, 0.8006,
 15:45:48.041,ed:35:33:d3:6c:f8, 2015-01-01 03:57:02.650, 0.333, -0.028, 0.939, -0.427, -0.61, -0.305, -1.978, -19.726, 159.686, -9.547, -7.233, -35.887, 30.67, -0.17661, -0.16559, 0.04694, -0.96906,
 15:45:48.041,ed:35:33:d3:6c:f8, 2015-01-01 03:57:02.650, 0.337, -0.027, 0.94, -0.61, -0.549, -0.366, -1.983, -19.731, 159.67, -9.547, -7.233, -35.887, 30.67, -0.17661, -0.16559, 0.04694, -0.96906,
 15:45:48.062,ed:40:fe:65:30:6c, 2015-01-01 03:57:07.960, 0.537, 0.022, 0.852, -0.427, -0.427, -0.305, 1.423, -32.294, -121.86, -17.820, -6.980, -8.393, 28.4, 0.46954, -0.23721, -0.14563, -0.8378,
 15:45:48.062,ed:40:fe:65:30:6c, 2015-01-01 03:57:07.960, 0.538, 0.021, 0.85, -0.488, -0.488, -0.305, 1.417, -32.294, -121.866, -17.820, -6.980, -8.393, 28.4, 0.46954, -0.23721, -0.14563, -0.8378,
 15:45:48.062,e3:ca:2d:fd:e0:8c, 2015-01-01 03:57:02.705, 0.956, 0.091, 0.342, -0.305, -0.427, 0, 14.952, -69.752, 146.722, -25.527, -13.573, -13.320, 29.51, 0.16183, 0.5737, -0.06018, 0.8006,
 15:45:48.062,e3:ca:2d:fd:e0:8c, 2015-01-01 03:57:02.705, 0.958, 0.09, 0.341, -0.305, -0.366, 0, 14.952, -69.758, 146.717, -25.527, -13.573, -13.320, 29.51, 0.16183, 0.5737, -0.06018, 0.8006,
 15:45:48.082,ed:40:fe:65:30:6c, 2015-01-01 03:57:07.960, 0.54, 0.021, 0.848, -0.488, -0.549, -0.244, 1.412, -32.305, -121.871, -17.820, -6.980, -8.393, 28.4, 0.46954, -0.23721, -0.14563, -0.8378,
 15:45:48.082,ed:40:fe:65:30:6c, 2015-01-01 03:57:07.960, 0.541, 0.02, 0.847, -0.427, -0.671, -0.122, 1.406, -32.311, -121.882, -17.820, -6.980, -8.393, 28.4, 0.46954, -0.23721, -0.14563, -0.8378,
 15:45:48.084,f6:90:cc:01:6d:25, 2015-01-01 03:57:02.880, 0.905, 0.24, 0.313, 0.122, -0.305, 0, 37.425, -66.445, 148.859, -26.580, -15.467, -8.607, 32.31, 0.04254, 0.57281, 0.12027, 0.80963,
 15:45:48.084,f6:90:cc:01:6d:25, 2015-01-01 03:57:02.880, 0.905, 0.24, 0.313, 0.061, -0.305, 0, 37.43, -66.445, 148.848, -26.580, -15.467, -8.607, 32.31, 0.04254, 0.57281, 0.12027, 0.80963,
 15:45:48.086,ed:35:33:d3:6c:f8, 2015-01-01 03:57:02.960, 0.338, -0.028, 0.938, -0.793, -1.099, -0.366, -1.994, -19.748, 159.67, -9.547, -7.233, -35.887, 30.67, -0.17661, -0.16559, 0.04694, -0.96906,
 15:45:48.086,ed:35:33:d3:6c:f8, 2015-01-01 03:57:02.960, 0.342, -0.027, 0.937, -0.671, -0.916, -0.122, -2.005, -19.764, 159.681, -9.547, -7.233, -35.887, 30.67, -0.17661, -0.16559, 0.04694, -0.96906,
 15:45:48.106,e3:ca:2d:fd:e0:8c, 2015-01-01 03:57:02.705, 0.958, 0.09, 0.341, -0.183, -0.305, 0, 14.952, -69.758, 146.706, -25.527, -13.573, -13.320, 29.51, 0.16183, 0.5737, -0.06018, 0.8006,
 15:45:48.106,e3:ca:2d:fd:e0:8c, 2015-01-01 03:57:02.705, 0.957, 0.089, 0.342, -0.061, -0.183, 0, 14.952, -69.763, 146.706, -25.527, -13.573, -13.320, 29.51, 0.16183, 0.5737, -0.06018, 0.8006,
 15:45:48.107,f6:90:cc:01:6d:25, 2015-01-01 03:57:02.880, 0.908, 0.24, 0.311, 0.061, -0.244, 0, 37.436, -66.451, 148.843, -26.320, -15.573, -8.533, 32.31, 0.04254, 0.57281, 0.12027, 0.80963,
 15:45:48.107,f6:90:cc:01:6d:25, 2015-01-01 03:57:02.880, 0.908, 0.238, 0.312, 0.244, 0, 0.061, 37.441, -66.451, 148.854, -26.320, -15.573, -8.533, 32.31, 0.04254, 0.57281, 0.12027, 0.80963,
 15:45:48.108,ed:35:33:d3:6c:f8, 2015-01-01 03:57:02.960, 0.341, -0.027, 0.936, -0.916, -1.221, 0.061, -2.016, -19.786, 159.708, -9.547, -7.233, -35.887, 30.67, -0.17661, -0.16559, 0.04694, -0.96906,
 15:45:48.108,ed:35:33:d3:6c:f8, 2015-01-01 03:57:02.960, 0.342, -0.03, 0.935, -0.854, -1.221, 0.244, -2.032, -19.808, 159.73, -9.547, -7.233, -35.887, 30.67, -0.17661, -0.16559, 0.04694, -0.96906,
 15:45:48.128,ed:40:fe:65:30:6c, 2015-01-01 03:57:07.960, 0.539, 0.018, 0.847, -0.427, -0.488, -0.061, 1.401, -32.322, -121.893, -17.820, -6.980, -8.393, 28.4, 0.46954, -0.23721, -0.14563, -0.8378,
 15:45:48.128,ed:40:fe:65:30:6c, 2015-01-01 03:57:07.960, 0.537, 0.016, 0.845, -0.305, -0.366, -0.061, 1.395, -32.327, -121.904, -17.820, -6.980, -8.393, 28.4, 0.46954, -0.23721, -0.14563, -0.8378,
 15:45:48.150,e3:ca:2d:fd:e0:8c, 2015-01-01 03:57:02.705, 0.955, 0.09, 0.34, 0, -0.122, 0, 14.952, -69.763, 146.689, -25.527, -13.573, -13.320, 29.51, 0.16183, 0.5737, -0.06018, 0.8006,
 15:45:48.150,e3:ca:2d:fd:e0:8c, 2015-01-01 03:57:02.705, 0.955, 0.089, 0.341, 0, 0, 0, 14.952, -69.763, 146.667, -25.527, -13.573, -13.320, 29.51, 0.16183, 0.5737, -0.06018, 0.8006,
 15:45:48.151,f6:90:cc:01:6d:25, 2015-01-01 03:57:02.880, 0.905, 0.238, 0.312, 0.366, 0.061, 0.122, 37.441, -66.451, 148.87, -26.320, -15.573, -8.533, 32.31, 0.04254, 0.57281, 0.12027, 0.80963,
 15:45:48.151,f6:90:cc:01:6d:25, 2015-01-01 03:57:02.880, 0.904, 0.237, 0.311, 0.427, 0.183, 0.061, 37.441, -66.445, 148.87, -26.320, -15.573, -8.533, 32.31, 0.04254, 0.57281, 0.12027, 0.80963,
 15:45:48.153,ed:35:33:d3:6c:f8, 2015-01-01 03:57:02.960, 0.341, -0.034, 0.931, -0.671, -1.038, 0.122, -2.043, -19.825, 159.752, -9.547, -7.233, -35.887, 30.67, -0.17661, -0.16559, 0.04694, -0.96906,
 15:45:48.153,ed:35:33:d3:6c:f8, 2015-01-01 03:57:02.960, 0.341, -0.03, 0.931, -0.732, -0.732, 0.061, -2.06, -19.841, 159.774, -9.547, -7.233, -35.887, 30.67, -0.17661, -0.16559, 0.04694, -0.96906,
 15:45:48.172,ed:40:fe:65:30:6c, 2015-01-01 03:57:07.960, 0.538, 0.019, 0.845, -0.122, -0.244, -0.061, 1.39, -32.333, -121.899, -17.820, -6.980, -8.393, 28.4, 0.46954, -0.23721, -0.14563, -0.8378,
 15:45:48.172,ed:40:fe:65:30:6c, 2015-01-01 03:57:07.960, 0.538, 0.019, 0.848, -0.061, -0.244, -0.061, 1.39, -32.333, -121.893, -17.820, -6.980, -8.393, 28.4, 0.46954, -0.23721, -0.14563, -0.8378,
 15:45:48.174,f6:90:cc:01:6d:25, 2015-01-01 03:57:02.880, 0.905, 0.237, 0.31, 0.427, 0.183, 0.061, 37.441, -66.445, 148.887, -26.320, -15.573, -8.533, 32.31, 0.04312, 0.5719, 0.11942, 0.81036,
 15:45:48.174,f6:90:cc:01:6d:25, 2015-01-01 03:57:02.880, 0.907, 0.239, 0.312, 0.305, 0.366, 0.061, 37.43, -66.44, 148.936, -26.320, -15.573, -8.533, 32.31, 0.04312, 0.5719, 0.11942, 0.81036,
 15:45:48.196,e3:ca:2d:fd:e0:8c, 2015-01-01 03:57:02.705, 0.958, 0.09, 0.341, 0, 0, 0, 14.952, -69.763, 146.651, -25.527, -13.573, -13.320, 29.51, 0.16183, 0.5737, -0.06018, 0.8006,
 15:45:48.196,e3:ca:2d:fd:e0:8c, 2015-01-01 03:57:02.705, 0.957, 0.091, 0.342, 0, 0.061, 0, 14.952, -69.763, 146.646, -25.527, -13.573, -13.320, 29.51, 0.16183, 0.5737, -0.06018, 0.8006,
 15:45:48.199,ed:35:33:d3:6c:f8, 2015-01-01 03:57:02.960, 0.341, -0.03, 0.933, -0.671, -0.61, 0.122, -2.071, -19.852, 159.807, -9.547, -7.233, -35.887, 30.67, -0.17661, -0.16559, 0.04694, -0.96906,
 15:45:48.199,ed:35:33:d3:6c:f8, 2015-01-01 03:57:02.960, 0.339, -0.03, 0.937, -0.122, -0.732, 0.122, -2.071, -19.869, 159.818, -9.547, -7.233, -35.887, 30.67, -0.17661, -0.16559, 0.04694, -0.96906,
 15:45:48.219,f6:90:cc:01:6d:25, 2015-01-01 03:57:02.880, 0.906, 0.239, 0.311, 0.305, 0.427, 0, 37.425, -66.434, 148.969, -26.320, -15.573, -8.533, 32.31, 0.04312, 0.5719, 0.11942, 0.81036,
 15:45:48.219,f6:90:cc:01:6d:25, 2015-01-01 03:57:02.880, 0.905, 0.238, 0.314, 0.183, 0.549, 0, 37.414, -66.429, 148.975, -26.320, -15.573, -8.533, 32.31, 0.04312, 0.5719, 0.11942, 0.81036,
 15:45:48.239,ed:40:fe:65:30:6c, 2015-01-01 03:57:07.960, 0.537, 0.02, 0.851, -0.183, -0.244, -0.061, 1.384, -32.338, -121.899, -17.820, -6.980, -8.393, 28.4, 0.46954, -0.23721, -0.14563, -0.8378,
 15:45:48.239,ed:40:fe:65:30:6c, 2015-01-01 03:57:07.960, 0.536, 0.019, 0.851, -0.061, -0.244, 0, 1.384, -32.344, -121.888, -17.820, -6.980, -8.393, 28.4, 0.46954, -0.23721, -0.14563, -0.8378,
 15:45:48.241,e3:ca:2d:fd:e0:8c, 2015-01-01 03:57:02.705, 0.956, 0.091, 0.343, -0.061, 0.305, 0, 14.947, -69.758, 146.651, -25.527, -13.573, -13.320, 29.51, 0.16183, 0.5737, -0.06018, 0.8006,
 15:45:48.241,e3:ca:2d:fd:e0:8c, 2015-01-01 03:57:02.705, 0.957, 0.091, 0.342, 0, 0.366, 0, 14.941, -69.752, 146.656, -25.527, -13.573, -13.320, 29.51, 0.16183, 0.5737, -0.06018, 0.8006,
 15:45:48.242,ed:35:33:d3:6c:f8, 2015-01-01 03:57:02.960, 0.339, -0.029, 0.939, -0.671, -0.732, 0.366, -2.082, -19.88, 159.835, -9.547, -7.233, -35.887, 30.67, -0.17661, -0.16559, 0.04694, -0.96906,
 15:45:48.242,ed:35:33:d3:6c:f8, 2015-01-01 03:57:02.960, 0.339, -0.032, 0.938, -0.732, -0.671, 0.305, -2.098, -19.896, 159.829, -9.547, -7.233, -35.887, 30.67, -0.17661, -0.16559, 0.04694, -0.96906,
 15:45:48.261,ed:40:fe:65:30:6c, 2015-01-01 03:57:07.960, 0.536, 0.019, 0.85, -0.122, -0.305, 0.061, 1.379, -32.349, -121.866, -17.920, -6.480, -7.947, 28.4, 0.46954, -0.23721, -0.14563, -0.8378,
 15:45:48.261,ed:40:fe:65:30:6c, 2015-01-01 03:57:07.960, 0.534, 0.019, 0.849, -0.183, -0.366, 0, 1.379, -32.355, -121.844, -17.920, -6.480, -7.947, 28.4, 0.46954, -0.23721, -0.14563, -0.8378,
 15:45:48.263,e3:ca:2d:fd:e0:8c, 2015-01-01 03:57:02.705, 0.955, 0.092, 0.341, -0.122, 0.244, 0, 14.936, -69.747, 146.656, -25.773, -13.673, -13.280, 29.51, 0.16183, 0.5737, -0.06018, 0.8006,
 15:45:48.263,e3:ca:2d:fd:e0:8c, 2015-01-01 03:57:02.705, 0.954, 0.09, 0.341, 0, 0.061, 0, 14.93, -69.741, 146.64, -25.773, -13.673, -13.280, 29.51, 0.16183, 0.5737, -0.06018, 0.8006,
 15:45:48.263,f6:90:cc:01:6d:25, 2015-01-01 03:57:03.215, 0.904, 0.24, 0.314, 0, 0.427, 0, 37.403, -66.418, 148.969, -26.320, -15.573, -8.533, 32.31, 0.04312, 0.5719, 0.11942, 0.81036,
 15:45:48.263,f6:90:cc:01:6d:25, 2015-01-01 03:57:03.215, 0.902, 0.24, 0.315, -0.061, 0.305, -0.061, 37.392, -66.418, 148.947, -26.320, -15.573, -8.533, 32.31, 0.04312, 0.5719, 0.11942, 0.81036,
 15:45:48.265,ed:35:33:d3:6c:f8, 2015-01-01 03:57:02.960, 0.338, -0.032, 0.935, -0.916, -0.366, 0.122, -2.115, -19.902, 159.813, -9.580, -7.160, -36.593, 30.67, -0.17661, -0.16559, 0.04694, -0.96906,
 15:45:48.265,ed:35:33:d3:6c:f8, 2015-01-01 03:57:02.960, 0.337, -0.03, 0.933, -0.854, -0.244, 0, -2.126, -19.907, 159.802, -9.580, -7.160, -36.593, 30.67, -0.17661, -0.16559, 0.04694, -0.96906,
 15:45:48.284,ed:40:fe:65:30:6c, 2015-01-01 03:57:07.960, 0.533, 0.021, 0.847, -0.183, -0.244, -0.122, 1.373, -32.36, -121.822, -17.920, -6.480, -7.947, 28.4, 0.46954, -0.23721, -0.14563, -0.8378,
 15:45:48.284,ed:40:fe:65:30:6c, 2015-01-01 03:57:07.960, 0.534, 0.021, 0.848, -0.183, -0.183, -0.122, 1.373, -32.36, -121.822, -17.920, -6.480, -7.947, 28.4, 0.46954, -0.23721, -0.14563, -0.8378,
 15:45:48.308,f6:90:cc:01:6d:25, 2015-01-01 03:57:03.215, 0.901, 0.24, 0.316, -0.122, 0.183, -0.061, 37.386, -66.412, 148.931, -26.320, -15.573, -8.533, 32.31, 0.04312, 0.5719, 0.11942, 0.81036,
 15:45:48.308,f6:90:cc:01:6d:25, 2015-01-01 03:57:03.215, 0.902, 0.239, 0.315, 0, 0.061, 0, 37.381, -66.412, 148.947, -26.320, -15.573, -8.533, 32.31, 0.04312, 0.5719, 0.11942, 0.81036,
 15:45:48.311,ed:35:33:d3:6c:f8, 2015-01-01 03:57:02.960, 0.336, -0.029, 0.934, -0.793, -0.122, -0.061, -2.142, -19.907, 159.785, -9.580, -7.160, -36.593, 30.67, -0.17661, -0.16559, 0.04694, -0.96906,
 15:45:48.311,ed:35:33:d3:6c:f8, 2015-01-01 03:57:02.960, 0.335, -0.029, 0.936, -0.916, -0.244, -0.061, -2.153, -19.913, 159.769, -9.580, -7.160, -36.593, 30.67, -0.17661, -0.16559, 0.04694, -0.96906,
 15:45:48.330,ed:40:fe:65:30:6c, 2015-01-01 03:57:07.960, 0.534, 0.02, 0.848, -0.244, -0.122, -0.122, 1.368, -32.36, -121.816, -17.920, -6.480, -7.947, 28.4, 0.46954, -0.23721, -0.14563, -0.8378,
 15:45:48.330,ed:40:fe:65:30:6c, 2015-01-01 03:57:07.960, 0.536, 0.02, 0.849, -0.305, -0.183, -0.183, 1.362, -32.366, -121.811, -17.920, -6.480, -7.947, 28.4, 0.46954, -0.23721, -0.14563, -0.8378,
 15:45:48.330,e3:ca:2d:fd:e0:8c, 2015-01-01 03:57:02.705, 0.954, 0.09, 0.342, -0.122, 0, 0, 14.93, -69.741, 146.629, -25.773, -13.673, -13.280, 29.51, 0.16183, 0.5737, -0.06018, 0.8006,
 15:45:48.330,e3:ca:2d:fd:e0:8c, 2015-01-01 03:57:02.705, 0.954, 0.09, 0.343, -0.122, 0, 0, 14.925, -69.741, 146.635, -25.773, -13.673, -13.280, 29.51, 0.16183, 0.5737, -0.06018, 0.8006,
 15:45:48.332,f6:90:cc:01:6d:25, 2015-01-01 03:57:03.215, 0.903, 0.238, 0.314, 0.122, 0, 0, 37.386, -66.412, 148.98, -26.320, -15.573, -8.533, 32.31, 0.04312, 0.5719, 0.11942, 0.81036,
 15:45:48.332,f6:90:cc:01:6d:25, 2015-01-01 03:57:03.215, 0.905, 0.238, 0.316, -0.061, -0.061, 0, 37.381, -66.412, 149.024, -26.320, -15.573, -8.533, 32.31, 0.04312, 0.5719, 0.11942, 0.81036,
 15:45:48.353,e3:ca:2d:fd:e0:8c, 2015-01-01 03:57:02.705, 0.955, 0.09, 0.345, -0.061, 0, 0, 14.925, -69.741, 146.646, -25.773, -13.673, -13.280, 29.51, 0.16229, 0.57358, -0.06058, 0.80054,
 15:45:48.353,e3:ca:2d:fd:e0:8c, 2015-01-01 03:57:02.705, 0.956, 0.09, 0.345, -0.122, 0.061, 0, 14.919, -69.736, 146.667, -25.773, -13.673, -13.280, 29.51, 0.16229, 0.57358, -0.06058, 0.80054,
 15:45:48.355,ed:35:33:d3:6c:f8, 2015-01-01 03:57:02.960, 0.337, -0.032, 0.936, -0.732, -0.122, -0.244, -2.164, -19.918, 159.769, -9.580, -7.160, -36.593, 30.67, -0.17615, -0.16693, 0.04865, -0.96884,
 15:45:48.355,ed:35:33:d3:6c:f8, 2015-01-01 03:57:02.960, 0.338, -0.032, 0.94, -1.221, -0.244, -0.427, -2.181, -19.918, 159.78, -9.580, -7.160, -36.593, 30.67, -0.17615, -0.16693, 0.04865, -0.96884,
 15:45:48.377,f6:90:cc:01:6d:25, 2015-01-01 03:57:03.215, 0.906, 0.238, 0.315, -0.122, 0.061, 0, 37.375, -66.412, 149.062, -26.320, -15.573, -8.533, 32.31, 0.04312, 0.5719, 0.11942, 0.81036,
 15:45:48.377,f6:90:cc:01:6d:25, 2015-01-01 03:57:03.215, 0.904, 0.239, 0.316, -0.366, -0.061, 0, 37.37, -66.412, 149.073, -26.320, -15.573, -8.533, 32.31, 0.04312, 0.5719, 0.11942, 0.81036,
 15:45:48.397,ed:40:fe:65:30:6c, 2015-01-01 03:57:07.960, 0.535, 0.019, 0.852, -0.488, -0.305, -0.244, 1.357, -32.366, -121.8, -17.920, -6.480, -7.947, 28.4, 0.46979, -0.23792, -0.14551, -0.83749,
 15:45:48.397,ed:40:fe:65:30:6c, 2015-01-01 03:57:07.960, 0.533, 0.019, 0.854, -0.793, -0.549, -0.305, 1.346, -32.377, -121.794, -17.920, -6.480, -7.947, 28.4, 0.46979, -0.23792, -0.14551, -0.83749,
 15:45:48.398,e3:ca:2d:fd:e0:8c, 2015-01-01 03:57:02.705, 0.956, 0.09, 0.344, -0.183, 0.061, 0, 14.914, -69.736, 146.695, -25.773, -13.673, -13.280, 29.51, 0.16229, 0.57358, -0.06058, 0.80054,
 15:45:48.398,e3:ca:2d:fd:e0:8c, 2015-01-01 03:57:02.705, 0.955, 0.091, 0.341, -0.183, 0.061, 0, 14.908, -69.73, 146.733, -25.773, -13.673, -13.280, 29.51, 0.16229, 0.57358, -0.06058, 0.80054,
 15:45:48.400,ed:35:33:d3:6c:f8, 2015-01-01 03:57:03.275, 0.335, -0.034, 0.942, -1.77, -0.916, -0.549, -2.208, -19.935, 159.769, -9.580, -7.160, -36.593, 30.67, -0.17615, -0.16693, 0.04865, -0.96884,
 15:45:48.400,ed:35:33:d3:6c:f8, 2015-01-01 03:57:03.275, 0.336, -0.037, 0.939, -1.953, -1.648, -0.732, -2.241, -19.968, 159.752, -9.580, -7.160, -36.593, 30.67, -0.17615, -0.16693, 0.04865, -0.96884,
 15:45:48.419,ed:40:fe:65:30:6c, 2015-01-01 03:57:08.320, 0.533, 0.017, 0.854, -0.916, -0.732, -0.366, 1.335, -32.388, -121.789, -17.920, -6.480, -7.947, 28.4, 0.46979, -0.23792, -0.14551, -0.83749,
 15:45:48.419,ed:40:fe:65:30:6c, 2015-01-01 03:57:08.320, 0.535, 0.018, 0.851, -0.916, -0.916, -0.549, 1.324, -32.399, -121.789, -17.920, -6.480, -7.947, 28.4, 0.46979, -0.23792, -0.14551, -0.83749,
 15:45:48.421,e3:ca:2d:fd:e0:8c, 2015-01-01 03:57:02.705, 0.955, 0.091, 0.343, -0.183, 0, 0, 14.903, -69.73, 146.761, -25.773, -13.673, -13.280, 29.51, 0.16229, 0.57358, -0.06058, 0.80054,
 15:45:48.421,e3:ca:2d:fd:e0:8c, 2015-01-01 03:57:02.705, 0.955, 0.09, 0.341, -0.061, -0.366, 0, 14.903, -69.736, 146.783, -25.773, -13.673, -13.280, 29.51, 0.16229, 0.57358, -0.06058, 0.80054,
 15:45:48.422,f6:90:cc:01:6d:25, 2015-01-01 03:57:03.215, 0.902, 0.239, 0.313, -0.061, -0.122, 0, 37.37, -66.412, 149.079, -26.320, -15.573, -8.533, 32.31, 0.04312, 0.5719, 0.11942, 0.81036,
 15:45:48.422,f6:90:cc:01:6d:25, 2015-01-01 03:57:03.215, 0.903, 0.239, 0.316, 0, -0.427, 0, 37.375, -66.418, 149.095, -26.320, -15.573, -8.533, 32.31, 0.04312, 0.5719, 0.11942, 0.81036,
 15:45:48.441,ed:40:fe:65:30:6c, 2015-01-01 03:57:08.320, 0.537, 0.018, 0.848, -0.732, -0.916, -0.732, 1.313, -32.415, -121.794, -17.920, -6.480, -7.947, 28.4, 0.46979, -0.23792, -0.14551, -0.83749,
 15:45:48.441,ed:40:fe:65:30:6c, 2015-01-01 03:57:08.320, 0.537, 0.016, 0.846, -0.61, -0.854, -0.61, 1.307, -32.426, -121.805, -17.920, -6.480, -7.947, 28.4, 0.46979, -0.23792, -0.14551, -0.83749,
 15:45:48.445,ed:35:33:d3:6c:f8, 2015-01-01 03:57:03.275, 0.338, -0.038, 0.938, -2.075, -1.343, -0.977, -2.274, -19.995, 159.774, -9.580, -7.160, -36.593, 30.67, -0.17615, -0.16693, 0.04865, -0.96884,
 15:45:48.445,ed:35:33:d3:6c:f8, 2015-01-01 03:57:03.275, 0.343, -0.037, 0.932, -1.526, -1.16, -0.916, -2.296, -20.017, 159.78, -9.580, -7.160, -36.593, 30.67, -0.17615, -0.16693, 0.04865, -0.96884,
 15:45:48.466,e3:ca:2d:fd:e0:8c, 2015-01-01 03:57:02.705, 0.954, 0.089, 0.341, 0, -0.488, 0, 14.908, -69.741, 146.827, -25.773, -13.673, -13.280, 29.51, 0.16229, 0.57358, -0.06058, 0.80054,
 15:45:48.466,e3:ca:2d:fd:e0:8c, 2015-01-01 03:57:02.705, 0.955, 0.091, 0.343, 0.122, -0.488, 0, 14.914, -69.752, 146.854, -25.773, -13.673, -13.280, 29.51, 0.16229, 0.57358, -0.06058, 0.80054,
 15:45:48.468,ed:35:33:d3:6c:f8, 2015-01-01 03:57:03.275, 0.341, -0.034, 0.931, -1.343, -1.465, -0.427, -2.307, -20.028, 159.774, -9.580, -7.160, -36.593, 30.67, -0.17615, -0.16693, 0.04865, -0.96884,
 15:45:48.468,ed:35:33:d3:6c:f8, 2015-01-01 03:57:03.275, 0.343, -0.035, 0.933, -1.587, -1.465, -0.61, -2.329, -20.056, 159.752, -9.580, -7.160, -36.593, 30.67, -0.17615, -0.16693, 0.04865, -0.96884,
 15:45:48.487,ed:40:fe:65:30:6c, 2015-01-01 03:57:08.320, 0.537, 0.019, 0.845, -0.61, -0.793, -0.427, 1.302, -32.443, -121.822, -17.920, -6.480, -7.947, 28.4, 0.46979, -0.23792, -0.14551, -0.83749,
 15:45:48.487,ed:40:fe:65:30:6c, 2015-01-01 03:57:08.320, 0.539, 0.019, 0.848, -0.732, -0.732, -0.366, 1.291, -32.454, -121.827, -17.920, -6.480, -7.947, 28.4, 0.46979, -0.23792, -0.14551, -0.83749,
 15:45:48.489,f6:90:cc:01:6d:25, 2015-01-01 03:57:03.215, 0.904, 0.236, 0.314, -0.183, -0.488, 0, 37.386, -66.423, 149.095, -26.460, -15.660, -8.347, 32.31, 0.04312, 0.5719, 0.11942, 0.81036,
 15:45:48.489,f6:90:cc:01:6d:25, 2015-01-01 03:57:03.215, 0.903, 0.236, 0.312, 0.122, -0.305, 0, 37.392, -66.429, 149.123, -26.460, -15.660, -8.347, 32.31, 0.04312, 0.5719, 0.11942, 0.81036,
 15:45:48.512,f6:90:cc:01:6d:25, 2015-01-01 03:57:03.215, 0.906, 0.237, 0.315, 0.244, -0.305, 0, 37.403, -66.434, 149.15, -26.460, -15.660, -8.347, 32.31, 0.04129, 0.57153, 0.12064, 0.81055,
 15:45:48.512,f6:90:cc:01:6d:25, 2015-01-01 03:57:03.215, 0.906, 0.239, 0.315, -0.061, -0.488, 0, 37.408, -66.44, 149.178, -26.460, -15.660, -8.347, 32.31, 0.04129, 0.57153, 0.12064, 0.81055,
 15:45:48.513,ed:35:33:d3:6c:f8, 2015-01-01 03:57:03.275, 0.346, -0.037, 0.933, -1.404, -1.343, -0.549, -2.357, -20.083, 159.741, -9.580, -7.160, -36.593, 30.67, -0.17615, -0.16693, 0.04865, -0.96884,
 15:45:48.513,ed:35:33:d3:6c:f8, 2015-01-01 03:57:03.275, 0.346, -0.035, 0.933, -1.282, -1.099, -0.732, -2.373, -20.11, 159.73, -9.580, -7.160, -36.593, 30.67, -0.17615, -0.16693, 0.04865, -0.96884,
 15:45:48.532,ed:40:fe:65:30:6c, 2015-01-01 03:57:08.320, 0.54, 0.017, 0.848, -0.671, -0.671, -0.488, 1.285, -32.465, -121.849, -17.920, -6.480, -7.947, 28.4, 0.46979, -0.23792, -0.14551, -0.83749,
 15:45:48.532,ed:40:fe:65:30:6c, 2015-01-01 03:57:08.320, 0.54, 0.019, 0.848, -0.488, -0.671, -0.366, 1.28, -32.476, -121.855, -17.920, -6.480, -7.947, 28.4, 0.46979, -0.23792, -0.14551, -0.83749,
 15:45:48.556,e3:ca:2d:fd:e0:8c, 2015-01-01 03:57:02.705, 0.957, 0.091, 0.342, 0.061, -0.549, 0, 14.925, -69.758, 146.832, -25.773, -13.673, -13.280, 29.62, 0.16229, 0.57358, -0.06058, 0.80054,
 15:45:48.556,e3:ca:2d:fd:e0:8c, 2015-01-01 03:57:02.705, 0.958, 0.089, 0.342, 0.122, -0.61, 0, 14.93, -69.769, 146.805, -25.773, -13.673, -13.280, 29.62, 0.16229, 0.57358, -0.06058, 0.80054,
 15:45:48.556,f6:90:cc:01:6d:25, 2015-01-01 03:57:03.215, 0.906, 0.237, 0.312, 0.061, -0.549, 0, 37.419, -66.451, 149.161, -26.460, -15.660, -8.347, 32.31, 0.04129, 0.57153, 0.12064, 0.81055,
 15:45:48.556,f6:90:cc:01:6d:25, 2015-01-01 03:57:03.215, 0.906, 0.236, 0.31, 0.671, -0.793, 0, 37.436, -66.456, 149.123, -26.460, -15.660, -8.347, 32.31, 0.04129, 0.57153, 0.12064, 0.81055,
 15:45:48.558,ed:35:33:d3:6c:f8, 2015-01-01 03:57:03.275, 0.346, -0.033, 0.934, -0.916, -1.282, -0.549, -2.39, -20.132, 159.714, -9.580, -7.160, -36.593, 30.67, -0.17615, -0.16693, 0.04865, -0.96884,
 15:45:48.558,ed:35:33:d3:6c:f8, 2015-01-01 03:57:03.275, 0.346, -0.035, 0.935, -0.61, -1.648, -0.427, -2.401, -20.16, 159.697, -9.580, -7.160, -36.593, 30.67, -0.17615, -0.16693, 0.04865, -0.96884,
 15:45:48.577,e3:ca:2d:fd:e0:8c, 2015-01-01 03:57:03.200, 0.96, 0.088, 0.337, 0.305, -0.732, 0, 14.947, -69.78, 146.777, -25.773, -13.673, -13.280, 29.62, 0.16229, 0.57358, -0.06058, 0.80054,
 15:45:48.577,e3:ca:2d:fd:e0:8c, 2015-01-01 03:57:03.200, 0.96, 0.085, 0.333, 0.671, -0.977, 0, 14.969, -69.796, 146.772, -25.773, -13.673, -13.280, 29.62, 0.16229, 0.57358, -0.06058, 0.80054,
 15:45:48.578,f6:90:cc:01:6d:25, 2015-01-01 03:57:03.550, 0.906, 0.237, 0.306, 1.16, -1.038, 0, 37.474, -66.473, 149.101, -26.460, -15.660, -8.347, 32.31, 0.04129, 0.57153, 0.12064, 0.81055,
 15:45:48.578,f6:90:cc:01:6d:25, 2015-01-01 03:57:03.550, 0.909, 0.238, 0.305, 1.16, -1.282, 0, 37.524, -66.489, 149.095, -26.460, -15.660, -8.347, 32.31, 0.04129, 0.57153, 0.12064, 0.81055,
 15:45:48.601,e3:ca:2d:fd:e0:8c, 2015-01-01 03:57:03.200, 0.959, 0.083, 0.332, 1.16, -1.282, 0.549, 14.98, -69.824, 146.772, -25.773, -13.673, -13.280, 29.62, 0.16229, 0.57358, -0.06058, 0.80054,
 15:45:48.601,e3:ca:2d:fd:e0:8c, 2015-01-01 03:57:03.200, 0.956, 0.087, 0.338, 1.404, -1.099, 0.671, 14.985, -69.851, 146.777, -25.773, -13.673, -13.280, 29.62, 0.16229, 0.57358, -0.06058, 0.80054,
 15:45:48.601,ed:40:fe:65:30:6c, 2015-01-01 03:57:08.320, 0.54, 0.018, 0.847, -0.244, -0.732, -0.122, 1.274, -32.487, -121.855, -17.920, -6.480, -7.947, 28.4, 0.46979, -0.23792, -0.14551, -0.83749,
 15:45:48.601,ed:40:fe:65:30:6c, 2015-01-01 03:57:08.320, 0.541, 0.018, 0.848, -0.061, -0.977, 0, 1.274, -32.503, -121.86, -17.920, -6.480, -7.947, 28.4, 0.46979, -0.23792, -0.14551, -0.83749,
 15:45:48.603,ed:35:33:d3:6c:f8, 2015-01-01 03:57:03.275, 0.353, -0.035, 0.936, -0.549, -1.831, -0.305, -2.406, -20.193, 159.681, -9.420, -7.347, -35.667, 30.67, -0.17615, -0.16693, 0.04865, -0.96884,
 15:45:48.603,ed:35:33:d3:6c:f8, 2015-01-01 03:57:03.275, 0.359, -0.04, 0.93, -0.366, -1.831, 0.061, -2.411, -20.231, 159.664, -9.420, -7.347, -35.667, 30.67, -0.17615, -0.16693, 0.04865, -0.96884,
 15:45:48.622,ed:40:fe:65:30:6c, 2015-01-01 03:57:08.320, 0.546, 0.018, 0.846, 0, -1.221, 0.183, 1.269, -32.525, -121.855, -17.960, -6.820, -8.273, 28.4, 0.46979, -0.23792, -0.14551, -0.83749,
 15:45:48.622,ed:40:fe:65:30:6c, 2015-01-01 03:57:08.320, 0.552, 0.017, 0.842, -0.061, -1.282, 0.305, 1.263, -32.552, -121.844, -17.960, -6.820, -8.273, 28.4, 0.46979, -0.23792, -0.14551, -0.83749,
 15:45:48.623,e3:ca:2d:fd:e0:8c, 2015-01-01 03:57:03.200, 0.952, 0.094, 0.35, 1.038, -0.549, 0.488, 14.985, -69.868, 146.805, -25.773, -13.673, -13.280, 29.62, 0.16229, 0.57358, -0.06058, 0.80054,
 15:45:48.623,e3:ca:2d:fd:e0:8c, 2015-01-01 03:57:03.200, 0.955, 0.101, 0.357, 0.305, 0.183, -0.061, 14.985, -69.868, 146.821, -25.773, -13.673, -13.280, 29.62, 0.16229, 0.57358, -0.06058, 0.80054,
 15:45:48.624,f6:90:cc:01:6d:25, 2015-01-01 03:57:03.550, 0.913, 0.241, 0.312, 0.427, -1.16, 0, 37.579, -66.511, 149.057, -26.460, -15.660, -8.347, 32.31, 0.04129, 0.57153, 0.12064, 0.81055,
 15:45:48.624,f6:90:cc:01:6d:25, 2015-01-01 03:57:03.550, 0.91, 0.244, 0.32, -0.244, -0.488, 0, 37.612, -66.528, 149.057, -26.460, -15.660, -8.347, 32.31, 0.04129, 0.57153, 0.12064, 0.81055,
 15:45:48.648,ed:35:33:d3:6c:f8, 2015-01-01 03:57:03.275, 0.358, -0.04, 0.923, -1.221, -1.526, -0.244, -2.422, -20.264, 159.653, -9.420, -7.347, -35.667, 30.67, -0.17746, -0.16943, 0.05154, -0.96802,
 15:45:48.648,ed:35:33:d3:6c:f8, 2015-01-01 03:57:03.275, 0.345, -0.038, 0.922, -1.526, -1.709, -0.427, -2.444, -20.297, 159.642, -9.420, -7.347, -35.667, 30.67, -0.17746, -0.16943, 0.05154, -0.96802,
 15:45:48.668,e3:ca:2d:fd:e0:8c, 2015-01-01 03:57:03.200, 0.954, 0.096, 0.352, 0, 0.671, -0.488, 14.996, -69.851, 146.81, -25.773, -13.673, -13.280, 29.62, 0.16229, 0.57358, -0.06058, 0.80054,
 15:45:48.668,e3:ca:2d:fd:e0:8c, 2015-01-01 03:57:03.200, 0.95, 0.091, 0.343, 0, 0.732, -0.61, 15.018, -69.829, 146.783, -25.773, -13.673, -13.280, 29.62, 0.16229, 0.57358, -0.06058, 0.80054,
 15:45:48.669,ed:40:fe:65:30:6c, 2015-01-01 03:57:08.320, 0.55, 0.015, 0.84, -0.244, -0.916, 0.244, 1.258, -32.569, -121.833, -17.960, -6.820, -8.273, 28.4, 0.46979, -0.23792, -0.14551, -0.83749,
 15:45:48.669,ed:40:fe:65:30:6c, 2015-01-01 03:57:08.320, 0.537, 0.017, 0.842, -0.427, -0.305, 0, 1.247, -32.58, -121.838, -17.960, -6.820, -8.273, 28.4, 0.46979, -0.23792, -0.14551, -0.83749,
 15:45:48.670,ed:35:33:d3:6c:f8, 2015-01-01 03:57:03.565, 0.335, -0.037, 0.928, -1.16, -2.319, 0.122, -2.466, -20.341, 159.642, -9.420, -7.347, -35.667, 30.67, -0.17746, -0.16943, 0.05154, -0.96802,
 15:45:48.670,ed:35:33:d3:6c:f8, 2015-01-01 03:57:03.565, 0.336, -0.039, 0.932, -1.831, -2.197, -2.014, -2.488, -20.385, 159.631, -9.420, -7.347, -35.667, 30.67, -0.17746, -0.16943, 0.05154, -0.96802,
 15:45:48.670,f6:90:cc:01:6d:25, 2015-01-01 03:57:03.550, 0.901, 0.243, 0.32, -0.427, 0.061, 0, 37.612, -66.533, 149.052, -26.460, -15.660, -8.347, 32.31, 0.04129, 0.57153, 0.12064, 0.81055,
 15:45:48.671,f6:90:cc:01:6d:25, 2015-01-01 03:57:03.550, 0.895, 0.241, 0.314, -0.061, 0.366, 0, 37.601, -66.533, 149.073, -26.460, -15.660, -8.347, 32.31, 0.04129, 0.57153, 0.12064, 0.81055,
 15:45:48.690,ed:40:fe:65:30:6c, 2015-01-01 03:57:08.320, 0.526, 0.021, 0.846, -0.549, 0, -0.183, 1.236, -32.58, -121.844, -17.960, -6.820, -8.273, 28.4, 0.46909, -0.24005, -0.14542, -0.83731,
 15:45:48.690,ed:40:fe:65:30:6c, 2015-01-01 03:57:08.320, 0.527, 0.018, 0.848, -0.427, -0.122, -0.244, 1.23, -32.58, -121.844, -17.960, -6.820, -8.273, 28.4, 0.46909, -0.24005, -0.14542, -0.83731,
 15:45:48.692,f6:90:cc:01:6d:25, 2015-01-01 03:57:03.550, 0.897, 0.236, 0.312, 0, 0.122, 0, 37.59, -66.522, 149.084, -26.460, -15.660, -8.347, 32.31, 0.04129, 0.57153, 0.12064, 0.81055,
 15:45:48.692,f6:90:cc:01:6d:25, 2015-01-01 03:57:03.550, 0.901, 0.238, 0.312, -0.061, -0.366, 0, 37.584, -66.522, 149.112, -26.460, -15.660, -8.347, 32.31, 0.04129, 0.57153, 0.12064, 0.81055,
 15:45:48.713,e3:ca:2d:fd:e0:8c, 2015-01-01 03:57:03.200, 0.952, 0.089, 0.337, 0.305, 0.366, -0.183, 15.029, -69.818, 146.788, -25.773, -13.673, -13.280, 29.62, 0.16229, 0.57358, -0.06058, 0.80054,
 15:45:48.713,e3:ca:2d:fd:e0:8c, 2015-01-01 03:57:03.200, 0.954, 0.093, 0.338, 0.366, 0, 0.061, 15.035, -69.813, 146.788, -25.773, -13.673, -13.280, 29.62, 0.16229, 0.57358, -0.06058, 0.80054,
 15:45:48.715,ed:35:33:d3:6c:f8, 2015-01-01 03:57:03.565, 0.344, -0.037, 0.933, 0.488, -2.197, 0.549, -2.499, -20.435, 159.587, -9.420, -7.347, -35.667, 30.67, -0.17746, -0.16943, 0.05154, -0.96802,
 15:45:48.715,ed:35:33:d3:6c:f8, 2015-01-01 03:57:03.565, 0.348, -0.034, 0.933, 1.16, -1.16, 0.122, -2.488, -20.468, 159.598, -9.420, -7.347, -35.667, 30.67, -0.17746, -0.16943, 0.05154, -0.96802,
 15:45:48.734,ed:40:fe:65:30:6c, 2015-01-01 03:57:08.320, 0.534, 0.017, 0.85, -0.061, -0.427, -0.122, 1.23, -32.585, -121.844, -17.960, -6.820, -8.273, 28.4, 0.46909, -0.24005, -0.14542, -0.83731,
 15:45:48.734,ed:40:fe:65:30:6c, 2015-01-01 03:57:08.320, 0.538, 0.02, 0.85, 0.122, -0.488, -0.061, 1.236, -32.596, -121.849, -17.960, -6.820, -8.273, 28.4, 0.46909, -0.24005, -0.14542, -0.83731,
 15:45:48.736,f6:90:cc:01:6d:25, 2015-01-01 03:57:03.550, 0.904, 0.243, 0.314, -0.122, -0.732, -0.366, 37.595, -66.528, 149.112, -26.460, -15.660, -8.347, 32.31, 0.04129, 0.57153, 0.12064, 0.81055,
 15:45:48.736,f6:90:cc:01:6d:25, 2015-01-01 03:57:03.550, 0.907, 0.242, 0.317, -0.183, -0.732, -0.427, 37.623, -66.533, 149.079, -26.460, -15.660, -8.347, 32.31, 0.04129, 0.57153, 0.12064, 0.81055,
 15:45:48.761,ed:35:33:d3:6c:f8, 2015-01-01 03:57:03.565, 0.347, -0.034, 0.935, 0.793, -0.977, -0.305, -2.466, -20.49, 159.587, -9.420, -7.347, -35.667, 30.67, -0.17746, -0.16943, 0.05154, -0.96802,
 15:45:48.761,ed:35:33:d3:6c:f8, 2015-01-01 03:57:03.565, 0.351, -0.036, 0.936, -0.366, -1.404, -1.77, -2.45, -20.511, 159.554, -9.420, -7.347, -35.667, 30.67, -0.17746, -0.16943, 0.05154, -0.96802,
 15:45:48.779,ed:40:fe:65:30:6c, 2015-01-01 03:57:08.655, 0.541, 0.021, 0.849, 0.183, -0.488, -0.061, 1.241, -32.602, -121.844, -17.960, -6.820, -8.273, 28.4, 0.46909, -0.24005, -0.14542, -0.83731,
 15:45:48.779,ed:40:fe:65:30:6c, 2015-01-01 03:57:08.655, 0.537, 0.021, 0.851, 0.061, -0.549, -0.122, 1.247, -32.607, -121.844, -17.960, -6.820, -8.273, 28.4, 0.46909, -0.24005, -0.14542, -0.83731,
 15:45:48.780,e3:ca:2d:fd:e0:8c, 2015-01-01 03:57:03.200, 0.956, 0.097, 0.343, 0, -0.122, 0.061, 15.035, -69.813, 146.777, -25.773, -13.673, -13.280, 29.62, 0.16229, 0.57358, -0.06058, 0.80054,
 15:45:48.780,e3:ca:2d:fd:e0:8c, 2015-01-01 03:57:03.200, 0.958, 0.093, 0.344, -0.305, -0.244, 0, 15.035, -69.813, 146.75, -25.773, -13.673, -13.280, 29.62, 0.16229, 0.57358, -0.06058, 0.80054,
 15:45:48.781,f6:90:cc:01:6d:25, 2015-01-01 03:57:03.550, 0.906, 0.241, 0.314, 0, -0.854, -0.366, 37.656, -66.539, 149.057, -26.460, -15.660, -8.347, 32.31, 0.04129, 0.57153, 0.12064, 0.81055,
 15:45:48.781,f6:90:cc:01:6d:25, 2015-01-01 03:57:03.550, 0.907, 0.235, 0.306, 0.122, -1.282, -0.122, 37.694, -66.544, 149.052, -26.460, -15.660, -8.347, 32.31, 0.04129, 0.57153, 0.12064, 0.81055,
 15:45:48.803,e3:ca:2d:fd:e0:8c, 2015-01-01 03:57:03.200, 0.963, 0.089, 0.341, -0.122, -0.488, 0.061, 15.035, -69.818, 146.739, -26.013, -13.787, -13.500, 29.62, 0.16229, 0.57358, -0.06058, 0.80054,
 15:45:48.803,e3:ca:2d:fd:e0:8c, 2015-01-01 03:57:03.200, 0.949, 0.079, 0.329, 0.305, -0.916, 0.244, 15.04, -69.835, 146.733, -26.013, -13.787, -13.500, 29.62, 0.16229, 0.57358, -0.06058, 0.80054,
 15:45:48.806,ed:35:33:d3:6c:f8, 2015-01-01 03:57:03.565, 0.344, -0.036, 0.935, 0.427, -2.136, -0.305, -2.439, -20.539, 159.516, -9.420, -7.347, -35.667, 30.67, -0.17746, -0.16943, 0.05154, -0.96802,
 15:45:48.806,ed:35:33:d3:6c:f8, 2015-01-01 03:57:03.565, 0.36, -0.036, 0.935, 1.221, -2.319, 1.404, -2.428, -20.583, 159.538, -9.420, -7.347, -35.667, 30.67, -0.17746, -0.16943, 0.05154, -0.96802,
 15:45:48.825,ed:40:fe:65:30:6c, 2015-01-01 03:57:08.655, 0.54, 0.021, 0.852, 0, -0.549, -0.122, 1.247, -32.618, -121.833, -17.960, -6.820, -8.273, 28.4, 0.46909, -0.24005, -0.14542, -0.83731,
 15:45:48.825,ed:40:fe:65:30:6c, 2015-01-01 03:57:08.655, 0.548, 0.015, 0.846, 0, -0.671, 0, 1.247, -32.629, -121.822, -17.960, -6.820, -8.273, 28.4, 0.46909, -0.24005, -0.14542, -0.83731,
 15:45:48.847,ed:40:fe:65:30:6c, 2015-01-01 03:57:08.655, 0.547, 0.011, 0.841, 0.244, -0.488, 0.183, 1.247, -32.635, -121.8, -17.960, -6.820, -8.273, 28.4, 0.46909, -0.24005, -0.14542, -0.83731,
 15:45:48.847,ed:40:fe:65:30:6c, 2015-01-01 03:57:08.655, 0.534, 0.016, 0.85, 0.305, -0.122, 0, 1.252, -32.635, -121.783, -17.960, -6.820, -8.273, 28.4, 0.46909, -0.24005, -0.14542, -0.83731,
 15:45:48.849,f6:90:cc:01:6d:25, 2015-01-01 03:57:03.550, 0.91, 0.235, 0.311, 0.061, -1.526, -0.061, 37.733, -66.566, 149.035, -26.280, -15.447, -8.187, 32.31, 0.04129, 0.57153, 0.12064, 0.81055,
 15:45:48.849,f6:90:cc:01:6d:25, 2015-01-01 03:57:03.550, 0.914, 0.238, 0.314, -0.916, -0.732, -0.183, 37.766, -66.583, 149.024, -26.280, -15.447, -8.187, 32.31, 0.04129, 0.57153, 0.12064, 0.81055,
 15:45:48.849,e3:ca:2d:fd:e0:8c, 2015-01-01 03:57:03.200, 0.953, 0.09, 0.358, 0.305, -0.549, 0.244, 15.04, -69.846, 146.722, -26.013, -13.787, -13.500, 29.62, 0.16229, 0.57358, -0.06058, 0.80054,
 15:45:48.849,e3:ca:2d:fd:e0:8c, 2015-01-01 03:57:03.200, 0.96, 0.096, 0.349, 0.183, 0.366, -0.122, 15.04, -69.84, 146.684, -26.013, -13.787, -13.500, 29.62, 0.16229, 0.57358, -0.06058, 0.80054,
 15:45:48.851,ed:35:33:d3:6c:f8, 2015-01-01 03:57:03.565, 0.355, -0.042, 0.922, 1.77, -0.427, 0.732, -2.406, -20.61, 159.598, -9.420, -7.347, -35.667, 30.67, -0.17746, -0.16943, 0.05154, -0.96802,
 15:45:48.851,ed:35:33:d3:6c:f8, 2015-01-01 03:57:03.565, 0.346, -0.038, 0.933, 1.709, -1.343, 2.319, -2.379, -20.621, 159.648, -9.420, -7.347, -35.667, 30.67, -0.17746, -0.16943, 0.05154, -0.96802,
 15:45:48.871,e3:ca:2d:fd:e0:8c, 2015-01-01 03:57:03.200, 0.955, 0.087, 0.341, 0, 0.671, -0.61, 15.051, -69.824, 146.651, -26.013, -13.787, -13.500, 29.62, 0.16132, 0.57437, -0.05988, 0.80023,
 15:45:48.871,e3:ca:2d:fd:e0:8c, 2015-01-01 03:57:03.200, 0.961, 0.088, 0.33, 0, 0, -0.488, 15.073, -69.813, 146.646, -26.013, -13.787, -13.500, 29.62, 0.16132, 0.57437, -0.05988, 0.80023,
 15:45:48.872,f6:90:cc:01:6d:25, 2015-01-01 03:57:03.550, 0.901, 0.239, 0.312, -0.732, -0.61, -0.183, 37.771, -66.594, 149.019, -26.280, -15.447, -8.187, 32.31, 0.03995, 0.57278, 0.12198, 0.80954,
 15:45:48.872,f6:90:cc:01:6d:25, 2015-01-01 03:57:03.550, 0.9, 0.237, 0.307, -0.549, -0.977, -0.183, 37.782, -66.599, 149.024, -26.280, -15.447, -8.187, 32.31, 0.03995, 0.57278, 0.12198, 0.80954,
 15:45:48.873,ed:35:33:d3:6c:f8, 2015-01-01 03:57:03.565, 0.345, -0.036, 0.938, -0.793, -2.93, -1.526, -2.368, -20.654, 159.681, -9.947, -7.200, -35.580, 30.67, -0.17746, -0.16943, 0.05154, -0.96802,
 15:45:48.873,ed:35:33:d3:6c:f8, 2015-01-01 03:57:03.565, 0.355, -0.04, 0.936, 0.305, -2.869, 0.61, -2.368, -20.715, 159.681, -9.947, -7.200, -35.580, 30.67, -0.17746, -0.16943, 0.05154, -0.96802,
 15:45:48.915,ed:40:fe:65:30:6c, 2015-01-01 03:57:08.655, 0.532, 0.017, 0.851, 0.183, -0.366, 0, 1.258, -32.64, -121.767, -17.960, -6.820, -8.273, 28.4, 0.46909, -0.24005, -0.14542, -0.83731,
 15:45:48.915,ed:40:fe:65:30:6c, 2015-01-01 03:57:08.655, 0.542, 0.019, 0.849, 0.061, -1.038, 0.061, 1.258, -32.657, -121.756, -17.960, -6.820, -8.273, 28.4, 0.46909, -0.24005, -0.14542, -0.83731,
 15:45:48.915,e3:ca:2d:fd:e0:8c, 2015-01-01 03:57:03.200, 0.963, 0.086, 0.327, 0.977, -0.793, 0.366, 15.084, -69.824, 146.667, -26.013, -13.787, -13.500, 29.62, 0.16132, 0.57437, -0.05988, 0.80023,
 15:45:48.915,e3:ca:2d:fd:e0:8c, 2015-01-01 03:57:03.200, 0.96, 0.09, 0.329, 1.038, -1.099, 0.488, 15.095, -69.851, 146.689, -26.013, -13.787, -13.500, 29.62, 0.16132, 0.57437, -0.05988, 0.80023,
 15:45:48.917,f6:90:cc:01:6d:25, 2015-01-01 03:57:03.550, 0.907, 0.239, 0.302, 0.244, -1.282, -0.183, 37.809, -66.616, 148.997, -26.280, -15.447, -8.187, 32.31, 0.03995, 0.57278, 0.12198, 0.80954,
 15:45:48.917,f6:90:cc:01:6d:25, 2015-01-01 03:57:03.550, 0.908, 0.243, 0.3, 0.549, -1.892, -0.244, 37.87, -66.638, 148.942, -26.280, -15.447, -8.187, 32.31, 0.03995, 0.57278, 0.12198, 0.80954,
 15:45:48.919,ed:35:33:d3:6c:f8, 2015-01-01 03:57:03.565, 0.354, -0.037, 0.933, 1.404, -2.441, 1.648, -2.362, -20.764, 159.719, -9.947, -7.200, -35.580, 30.67, -0.17746, -0.16943, 0.05154, -0.96802,
 15:45:48.919,ed:35:33:d3:6c:f8, 2015-01-01 03:57:03.565, 0.362, -0.023, 0.936, 0.061, -3.174, -0.427, -2.351, -20.814, 159.752, -9.947, -7.200, -35.580, 30.67, -0.17746, -0.16943, 0.05154, -0.96802,
 15:45:48.938,f6:90:cc:01:6d:25, 2015-01-01 03:57:03.905, 0.907, 0.242, 0.3, 0.244, -2.563, -0.305, 37.952, -66.671, 148.854, -26.280, -15.447, -8.187, 32.31, 0.03995, 0.57278, 0.12198, 0.80954,
 15:45:48.938,f6:90:cc:01:6d:25, 2015-01-01 03:57:03.905, 0.91, 0.238, 0.302, 0.305, -2.625, -0.244, 38.04, -66.709, 148.766, -26.280, -15.447, -8.187, 32.31, 0.03995, 0.57278, 0.12198, 0.80954,
 15:45:48.960,ed:40:fe:65:30:6c, 2015-01-01 03:57:08.655, 0.545, 0.019, 0.847, -0.122, -1.221, 0, 1.252, -32.679, -121.74, -17.960, -6.820, -8.273, 28.4, 0.46909, -0.24005, -0.14542, -0.83731,
 15:45:48.960,ed:40:fe:65:30:6c, 2015-01-01 03:57:08.655, 0.545, 0.021, 0.846, -0.122, -1.343, -0.061, 1.252, -32.706, -121.74, -17.960, -6.820, -8.273, 28.4, 0.46909, -0.24005, -0.14542, -0.83731,
 15:45:48.960,e3:ca:2d:fd:e0:8c, 2015-01-01 03:57:03.575, 0.958, 0.092, 0.329, 0.305, -1.282, 0.244, 15.101, -69.879, 146.684, -26.013, -13.787, -13.500, 29.62, 0.16132, 0.57437, -0.05988, 0.80023,
 15:45:48.960,e3:ca:2d:fd:e0:8c, 2015-01-01 03:57:03.575, 0.957, 0.087, 0.337, 0.732, -1.465, 0.366, 15.117, -69.906, 146.673, -26.013, -13.787, -13.500, 29.62, 0.16132, 0.57437, -0.05988, 0.80023,
 15:45:48.963,ed:35:33:d3:6c:f8, 2015-01-01 03:57:03.565, 0.356, -0.038, 0.928, 1.526, -3.052, 1.587, -2.346, -20.874, 159.758, -9.947, -7.200, -35.580, 30.67, -0.17657, -0.17398, 0.05164, -0.96735,
 15:45:48.963,ed:35:33:d3:6c:f8, 2015-01-01 03:57:03.565, 0.37, -0.03, 0.93, 0.427, -3.174, 0.61, -2.329, -20.929, 159.785, -9.947, -7.200, -35.580, 30.67, -0.17657, -0.17398, 0.05164, -0.96735,
 15:45:48.983,e3:ca:2d:fd:e0:8c, 2015-01-01 03:57:03.575, 0.952, 0.085, 0.343, 1.343, -1.038, 0.427, 15.128, -69.933, 146.673, -26.013, -13.787, -13.500, 29.62, 0.16132, 0.57437, -0.05988, 0.80023,
 15:45:48.983,e3:ca:2d:fd:e0:8c, 2015-01-01 03:57:03.575, 0.951, 0.093, 0.35, 0.793, -0.61, 0.122, 15.145, -69.944, 146.678, -26.013, -13.787, -13.500, 29.62, 0.16132, 0.57437, -0.05988, 0.80023,
 15:45:48.983,ed:40:fe:65:30:6c, 2015-01-01 03:57:08.655, 0.546, 0.019, 0.843, -0.122, -1.465, 0, 1.247, -32.734, -121.745, -18.047, -6.993, -7.987, 28.4, 0.46909, -0.24005, -0.14542, -0.83731,
 15:45:48.983,ed:40:fe:65:30:6c, 2015-01-01 03:57:08.655, 0.548, 0.014, 0.841, -0.244, -1.587, 0, 1.241, -32.761, -121.756, -18.047, -6.993, -7.987, 28.4, 0.46909, -0.24005, -0.14542, -0.83731,
 15:45:48.984,f6:90:cc:01:6d:25, 2015-01-01 03:57:03.905, 0.911, 0.237, 0.304, 0.244, -2.258, -0.183, 38.123, -66.747, 148.705, -26.280, -15.447, -8.187, 32.31, 0.03995, 0.57278, 0.12198, 0.80954,
 15:45:48.984,f6:90:cc:01:6d:25, 2015-01-01 03:57:03.905, 0.91, 0.238, 0.307, -0.122, -1.709, 0, 38.183, -66.775, 148.651, -26.280, -15.447, -8.187, 32.31, 0.03995, 0.57278, 0.12198, 0.80954,
 15:45:49.009,ed:35:33:d3:6c:f8, 2015-01-01 03:57:03.880, 0.364, -0.043, 0.92, 0.244, -2.869, 0.977, -2.324, -20.989, 159.796, -9.947, -7.200, -35.580, 30.67, -0.17657, -0.17398, 0.05164, -0.96735,
 15:45:49.009,ed:35:33:d3:6c:f8, 2015-01-01 03:57:03.880, 0.367, -0.037, 0.921, 0.183, -3.052, 1.465, -2.329, -21.044, 159.813, -9.947, -7.200, -35.580, 30.67, -0.17657, -0.17398, 0.05164, -0.96735,
 15:45:49.028,e3:ca:2d:fd:e0:8c, 2015-01-01 03:57:03.575, 0.952, 0.097, 0.351, 0.244, -0.061, -0.122, 15.15, -69.944, 146.673, -26.013, -13.787, -13.500, 29.62, 0.16132, 0.57437, -0.05988, 0.80023,
 15:45:49.028,e3:ca:2d:fd:e0:8c, 2015-01-01 03:57:03.575, 0.953, 0.093, 0.349, 0.183, 0.305, -0.244, 15.161, -69.933, 146.667, -26.013, -13.787, -13.500, 29.62, 0.16132, 0.57437, -0.05988, 0.80023,
 15:45:49.028,ed:40:fe:65:30:6c, 2015-01-01 03:57:08.655, 0.548, 0.014, 0.841, -0.305, -1.465, 0, 1.236, -32.789, -121.767, -18.047, -6.993, -7.987, 28.4, 0.46909, -0.24005, -0.14542, -0.83731,
 15:45:49.028,ed:40:fe:65:30:6c, 2015-01-01 03:57:08.655, 0.546, 0.013, 0.84, -0.244, -1.16, 0, 1.23, -32.816, -121.778, -18.047, -6.993, -7.987, 28.4, 0.46909, -0.24005, -0.14542, -0.83731,
 15:45:49.031,ed:35:33:d3:6c:f8, 2015-01-01 03:57:03.880, 0.36, -0.037, 0.919, -1.709, -1.892, -2.502, -2.335, -21.099, 159.818, -9.947, -7.200, -35.580, 30.67, -0.17657, -0.17398, 0.05164, -0.96735,
 15:45:49.031,ed:35:33:d3:6c:f8, 2015-01-01 03:57:03.880, 0.354, -0.034, 0.921, -0.183, -2.258, 1.465, -2.351, -21.143, 159.796, -9.947, -7.200, -35.580, 30.67, -0.17657, -0.17398, 0.05164, -0.96735,
 15:45:49.031,f6:90:cc:01:6d:25, 2015-01-01 03:57:03.905, 0.908, 0.241, 0.312, -0.183, -0.977, -0.061, 38.221, -66.797, 148.645, -26.280, -15.447, -8.187, 32.31, 0.03995, 0.57278, 0.12198, 0.80954,
 15:45:49.031,f6:90:cc:01:6d:25, 2015-01-01 03:57:03.905, 0.904, 0.239, 0.31, -0.061, -0.305, -0.122, 38.238, -66.808, 148.645, -26.280, -15.447, -8.187, 32.31, 0.03995, 0.57278, 0.12198, 0.80954,
 15:45:49.051,ed:40:fe:65:30:6c, 2015-01-01 03:57:08.655, 0.542, 0.016, 0.84, -0.244, -0.854, 0, 1.225, -32.833, -121.783, -18.047, -6.993, -7.987, 28.4, 0.46927, -0.24179, -0.14642, -0.83655,
 15:45:49.051,ed:40:fe:65:30:6c, 2015-01-01 03:57:08.655, 0.536, 0.017, 0.84, -0.183, -0.671, 0, 1.219, -32.844, -121.783, -18.047, -6.993, -7.987, 28.4, 0.46927, -0.24179, -0.14642, -0.83655,
 15:45:49.072,e3:ca:2d:fd:e0:8c, 2015-01-01 03:57:03.575, 0.954, 0.091, 0.341, 0.061, 0.366, -0.305, 15.172, -69.917, 146.678, -26.013, -13.787, -13.500, 29.62, 0.16132, 0.57437, -0.05988, 0.80023,
 15:45:49.072,e3:ca:2d:fd:e0:8c, 2015-01-01 03:57:03.575, 0.954, 0.092, 0.335, 0.122, 0.183, -0.122, 15.172, -69.911, 146.706, -26.013, -13.787, -13.500, 29.62, 0.16132, 0.57437, -0.05988, 0.80023,
 15:45:49.075,ed:35:33:d3:6c:f8, 2015-01-01 03:57:03.880, 0.356, -0.034, 0.922, -0.183, -1.343, 0, -2.362, -21.182, 159.824, -9.947, -7.200, -35.580, 30.67, -0.17657, -0.17398, 0.05164, -0.96735,
 15:45:49.075,ed:35:33:d3:6c:f8, 2015-01-01 03:57:03.880, 0.361, -0.034, 0.923, 0.183, -0.793, 0.061, -2.362, -21.204, 159.835, -9.947, -7.200, -35.580, 30.67, -0.17657, -0.17398, 0.05164, -0.96735,
 15:45:49.095,ed:40:fe:65:30:6c, 2015-01-01 03:57:08.655, 0.538, 0.019, 0.84, 0, -0.427, 0, 1.219, -32.855, -121.778, -18.047, -6.993, -7.987, 28.4, 0.46927, -0.24179, -0.14642, -0.83655,
 15:45:49.095,ed:40:fe:65:30:6c, 2015-01-01 03:57:08.655, 0.542, 0.019, 0.841, 0, -0.366, 0, 1.219, -32.86, -121.772, -18.047, -6.993, -7.987, 28.4, 0.46927, -0.24179, -0.14642, -0.83655,
 15:45:49.097,f6:90:cc:01:6d:25, 2015-01-01 03:57:03.905, 0.9, 0.239, 0.307, 0.122, 0, -0.061, 38.238, -66.808, 148.678, -26.280, -15.447, -8.187, 32.31, 0.03995, 0.57278, 0.12198, 0.80954,
 15:45:49.097,f6:90:cc:01:6d:25, 2015-01-01 03:57:03.905, 0.9, 0.24, 0.303, 0.427, 0, -0.061, 38.243, -66.808, 148.7, -26.280, -15.447, -8.187, 32.31, 0.03995, 0.57278, 0.12198, 0.80954,
 15:45:49.119,f6:90:cc:01:6d:25, 2015-01-01 03:57:03.905, 0.904, 0.242, 0.304, 0.61, 0, -0.122, 38.254, -66.802, 148.716, -26.280, -15.447, -8.187, 32.31, 0.03995, 0.57278, 0.12198, 0.80954,
 15:45:49.119,f6:90:cc:01:6d:25, 2015-01-01 03:57:03.905, 0.906, 0.244, 0.301, 0.61, -0.122, -0.183, 38.271, -66.802, 148.749, -26.280, -15.447, -8.187, 32.31, 0.03995, 0.57278, 0.12198, 0.80954,
 15:45:49.121,ed:35:33:d3:6c:f8, 2015-01-01 03:57:03.880, 0.362, -0.034, 0.926, 0.183, -0.366, 0, -2.357, -21.22, 159.846, -9.947, -7.200, -35.580, 30.67, -0.17657, -0.17398, 0.05164, -0.96735,
 15:45:49.121,ed:35:33:d3:6c:f8, 2015-01-01 03:57:03.880, 0.366, -0.032, 0.928, -0.122, -0.183, -0.122, -2.351, -21.226, 159.846, -9.947, -7.200, -35.580, 30.67, -0.17657, -0.17398, 0.05164, -0.96735,
 15:45:49.141,e3:ca:2d:fd:e0:8c, 2015-01-01 03:57:03.575, 0.957, 0.094, 0.335, 0.122, -0.122, 0.061, 15.172, -69.911, 146.739, -26.013, -13.787, -13.500, 29.62, 0.16132, 0.57437, -0.05988, 0.80023,
 15:45:49.141,e3:ca:2d:fd:e0:8c, 2015-01-01 03:57:03.575, 0.957, 0.094, 0.334, 0, -0.427, 0.244, 15.167, -69.922, 146.755, -26.013, -13.787, -13.500, 29.62, 0.16132, 0.57437, -0.05988, 0.80023,
 15:45:49.141,ed:40:fe:65:30:6c, 2015-01-01 03:57:09.010, 0.544, 0.019, 0.843, 0.061, -0.244, 0, 1.219, -32.86, -121.772, -18.047, -6.993, -7.987, 28.4, 0.46927, -0.24179, -0.14642, -0.83655,
 15:45:49.141,ed:40:fe:65:30:6c, 2015-01-01 03:57:09.010, 0.548, 0.021, 0.843, 0, -0.183, 0, 1.219, -32.866, -121.772, -18.047, -6.993, -7.987, 28.4, 0.46927, -0.24179, -0.14642, -0.83655,
 15:45:49.163,e3:ca:2d:fd:e0:8c, 2015-01-01 03:57:03.575, 0.956, 0.092, 0.337, -0.061, -0.549, 0.305, 15.156, -69.933, 146.772, -25.793, -13.540, -12.807, 29.62, 0.16132, 0.57437, -0.05988, 0.80023,
 15:45:49.163,e3:ca:2d:fd:e0:8c, 2015-01-01 03:57:03.575, 0.958, 0.093, 0.343, -0.244, -0.549, 0.305, 15.145, -69.944, 146.805, -25.793, -13.540, -12.807, 29.62, 0.16132, 0.57437, -0.05988, 0.80023,
 15:45:49.165,ed:35:33:d3:6c:f8, 2015-01-01 03:57:03.880, 0.368, -0.033, 0.926, -0.366, -0.122, -0.183, -2.351, -21.226, 159.829, -9.947, -7.200, -35.580, 30.67, -0.17657, -0.17398, 0.05164, -0.96735,
 15:45:49.165,ed:35:33:d3:6c:f8, 2015-01-01 03:57:03.880, 0.364, -0.034, 0.924, -0.549, 0, -0.183, -2.357, -21.231, 159.796, -9.947, -7.200, -35.580, 30.67, -0.17657, -0.17398, 0.05164, -0.96735,
 15:45:49.165,f6:90:cc:01:6d:25, 2015-01-01 03:57:03.905, 0.908, 0.244, 0.301, 0.427, -0.244, -0.122, 38.293, -66.802, 148.76, -26.280, -15.447, -8.187, 32.31, 0.03995, 0.57278, 0.12198, 0.80954,
 15:45:49.165,f6:90:cc:01:6d:25, 2015-01-01 03:57:03.905, 0.911, 0.242, 0.305, 0.061, -0.061, -0.061, 38.309, -66.802, 148.766, -26.280, -15.447, -8.187, 32.31, 0.03995, 0.57278, 0.12198, 0.80954,
 15:45:49.185,ed:40:fe:65:30:6c, 2015-01-01 03:57:09.010, 0.55, 0.019, 0.842, -0.122, -0.244, 0, 1.219, -32.871, -121.794, -18.047, -6.993, -7.987, 28.4, 0.46927, -0.24179, -0.14642, -0.83655,
 15:45:49.185,ed:40:fe:65:30:6c, 2015-01-01 03:57:09.010, 0.547, 0.019, 0.842, -0.183, -0.061, 0, 1.214, -32.871, -121.811, -18.047, -6.993, -7.987, 28.4, 0.46927, -0.24179, -0.14642, -0.83655,
 15:45:49.186,f6:90:cc:01:6d:25, 2015-01-01 03:57:03.905, 0.907, 0.244, 0.307, 0, 0.061, 0, 38.309, -66.802, 148.771, -26.107, -15.380, -7.847, 32.31, 0.03995, 0.57278, 0.12198, 0.80954,
 15:45:49.186,f6:90:cc:01:6d:25, 2015-01-01 03:57:03.905, 0.905, 0.241, 0.303, -0.061, 0.061, 0.061, 38.309, -66.802, 148.755, -26.107, -15.380, -7.847, 32.31, 0.03995, 0.57278, 0.12198, 0.80954,
 15:45:49.208,e3:ca:2d:fd:e0:8c, 2015-01-01 03:57:03.575, 0.958, 0.094, 0.341, -0.427, -0.305, 0.122, 15.139, -69.944, 146.827, -25.793, -13.540, -12.807, 29.62, 0.16132, 0.57437, -0.05988, 0.80023,
 15:45:49.208,e3:ca:2d:fd:e0:8c, 2015-01-01 03:57:03.575, 0.959, 0.087, 0.331, -0.488, -0.61, 0.061, 15.134, -69.955, 146.843, -25.793, -13.540, -12.807, 29.62, 0.16132, 0.57437, -0.05988, 0.80023,
 15:45:49.208,ed:40:fe:65:30:6c, 2015-01-01 03:57:09.010, 0.548, 0.02, 0.84, -0.244, 0.122, -0.366, 1.219, -32.866, -121.822, -18.047, -6.993, -7.987, 28.4, 0.46927, -0.24179, -0.14642, -0.83655,
 15:45:49.208,ed:40:fe:65:30:6c, 2015-01-01 03:57:09.010, 0.555, 0.013, 0.838, 0, -0.305, 0.122, 1.214, -32.871, -121.827, -18.047, -6.993, -7.987, 28.4, 0.46927, -0.24179, -0.14642, -0.83655,
 15:45:49.210,ed:35:33:d3:6c:f8, 2015-01-01 03:57:03.880, 0.358, -0.032, 0.924, -0.916, 0, -0.427, -2.368, -21.231, 159.763, -9.873, -6.980, -35.413, 30.67, -0.17657, -0.17398, 0.05164, -0.96735,
 15:45:49.210,ed:35:33:d3:6c:f8, 2015-01-01 03:57:03.880, 0.368, -0.032, 0.929, -0.793, 0.549, -0.244, -2.379, -21.231, 159.714, -9.873, -6.980, -35.413, 30.67, -0.17657, -0.17398, 0.05164, -0.96735,
 15:45:49.232,f6:90:cc:01:6d:25, 2015-01-01 03:57:03.905, 0.909, 0.236, 0.293, 0.305, -0.244, 0.244, 38.309, -66.802, 148.749, -26.107, -15.380, -7.847, 32.31, 0.03995, 0.57278, 0.12198, 0.80954,
 15:45:49.232,f6:90:cc:01:6d:25, 2015-01-01 03:57:03.905, 0.919, 0.233, 0.307, -0.366, 0, 0.305, 38.304, -66.813, 148.738, -26.107, -15.380, -7.847, 32.31, 0.03995, 0.57278, 0.12198, 0.80954,
 15:45:49.232,e3:ca:2d:fd:e0:8c, 2015-01-01 03:57:03.575, 0.951, 0.081, 0.333, 0, -0.977, 0.427, 15.123, -69.977, 146.876, -25.793, -13.540, -12.807, 29.62, 0.15924, 0.5755, -0.05869, 0.79993,
 15:45:49.232,e3:ca:2d:fd:e0:8c, 2015-01-01 03:57:03.575, 0.964, 0.092, 0.351, 0.244, 0.061, 0.427, 15.101, -69.977, 146.953, -25.793, -13.540, -12.807, 29.62, 0.15924, 0.5755, -0.05869, 0.79993,
 15:45:49.233,ed:35:33:d3:6c:f8, 2015-01-01 03:57:03.880, 0.373, -0.036, 0.924, -0.427, 0, 0.244, -2.384, -21.226, 159.675, -9.873, -6.980, -35.413, 30.67, -0.17719, -0.17761, 0.05267, -0.96652,
 15:45:49.233,ed:35:33:d3:6c:f8, 2015-01-01 03:57:03.880, 0.366, -0.04, 0.922, -0.549, 0.305, 0.549, -2.395, -21.226, 159.642, -9.873, -6.980, -35.413, 30.67, -0.17719, -0.17761, 0.05267, -0.96652,
 15:45:49.252,ed:40:fe:65:30:6c, 2015-01-01 03:57:09.010, 0.548, 0.01, 0.844, 0.244, 0.061, 0.427, 1.214, -32.871, -121.816, -18.047, -6.993, -7.987, 28.4, 0.46927, -0.24179, -0.14642, -0.83655,
 15:45:49.252,ed:40:fe:65:30:6c, 2015-01-01 03:57:09.010, 0.537, 0.015, 0.842, 0.61, 0.427, 0.488, 1.214, -32.871, -121.811, -18.047, -6.993, -7.987, 28.4, 0.46927, -0.24179, -0.14642, -0.83655,
 15:45:49.277,e3:ca:2d:fd:e0:8c, 2015-01-01 03:57:03.575, 0.956, 0.087, 0.339, 0.305, 0.427, 0, 15.101, -69.966, 147.008, -25.793, -13.540, -12.807, 29.62, 0.15924, 0.5755, -0.05869, 0.79993,
 15:45:49.277,e3:ca:2d:fd:e0:8c, 2015-01-01 03:57:03.575, 0.956, 0.095, 0.33, -0.061, 0.061, -0.305, 15.112, -69.966, 147.03, -25.793, -13.540, -12.807, 29.62, 0.15924, 0.5755, -0.05869, 0.79993,
 15:45:49.278,ed:35:33:d3:6c:f8, 2015-01-01 03:57:03.880, 0.354, -0.04, 0.921, -0.061, 0.488, 0.671, -2.406, -21.22, 159.615, -9.873, -6.980, -35.413, 30.67, -0.17719, -0.17761, 0.05267, -0.96652,
 15:45:49.278,ed:35:33:d3:6c:f8, 2015-01-01 03:57:03.880, 0.363, -0.042, 0.927, 0.61, 0.366, 0.488, -2.406, -21.215, 159.582, -9.873, -6.980, -35.413, 30.67, -0.17719, -0.17761, 0.05267, -0.96652,
 15:45:49.300,f6:90:cc:01:6d:25, 2015-01-01 03:57:03.905, 0.908, 0.236, 0.308, 0.183, 0.671, 0.183, 38.282, -66.808, 148.76, -26.107, -15.380, -7.847, 32.31, 0.03848, 0.57462, 0.1236, 0.80804,
 15:45:49.300,f6:90:cc:01:6d:25, 2015-01-01 03:57:03.905, 0.898, 0.242, 0.3, 0.854, 0.671, 0.061, 38.271, -66.797, 148.815, -26.107, -15.380, -7.847, 32.31, 0.03848, 0.57462, 0.1236, 0.80804,
 15:45:49.319,ed:40:fe:65:30:6c, 2015-01-01 03:57:09.010, 0.544, 0.016, 0.842, 0.61, 0, 0.061, 1.219, -32.866, -121.8, -18.047, -6.993, -7.987, 28.4, 0.46927, -0.24179, -0.14642, -0.83655,
 15:45:49.319,ed:40:fe:65:30:6c, 2015-01-01 03:57:09.010, 0.551, 0.019, 0.847, 0.305, -0.061, -0.244, 1.23, -32.871, -121.816, -18.047, -6.993, -7.987, 28.4, 0.46927, -0.24179, -0.14642, -0.83655,
 15:45:49.320,e3:ca:2d:fd:e0:8c, 2015-01-01 03:57:03.935, 0.964, 0.09, 0.329, 0.488, -0.183, 0.305, 15.106, -69.972, 147.068, -25.793, -13.540, -12.807, 29.62, 0.15924, 0.5755, -0.05869, 0.79993,
 15:45:49.320,e3:ca:2d:fd:e0:8c, 2015-01-01 03:57:03.935, 0.96, 0.083, 0.332, 0.854, -0.427, 0.61, 15.095, -69.983, 147.129, -25.793, -13.540, -12.807, 29.62, 0.15924, 0.5755, -0.05869, 0.79993,
 15:45:49.322,f6:90:cc:01:6d:25, 2015-01-01 03:57:04.285, 0.908, 0.243, 0.3, 0.977, 0.122, 0, 38.282, -66.797, 148.859, -26.107, -15.380, -7.847, 32.31, 0.03848, 0.57462, 0.1236, 0.80804,
 15:45:49.322,f6:90:cc:01:6d:25, 2015-01-01 03:57:04.285, 0.912, 0.241, 0.299, 0.793, -0.183, 0, 38.304, -66.802, 148.898, -26.107, -15.380, -7.847, 32.31, 0.03848, 0.57462, 0.1236, 0.80804,
 15:45:49.323,ed:35:33:d3:6c:f8, 2015-01-01 03:57:04.170, 0.369, -0.035, 0.931, 0.244, 0.488, 0.061, -2.395, -21.209, 159.549, -9.873, -6.980, -35.413, 30.67, -0.17719, -0.17761, 0.05267, -0.96652,
 15:45:49.324,ed:35:33:d3:6c:f8, 2015-01-01 03:57:04.170, 0.367, -0.033, 0.932, 0.122, 0, 0.122, -2.39, -21.204, 159.51, -9.873, -6.980, -35.413, 30.67, -0.17719, -0.17761, 0.05267, -0.96652,
 15:45:49.342,ed:40:fe:65:30:6c, 2015-01-01 03:57:09.010, 0.548, 0.018, 0.845, 0, -0.183, -0.122, 1.236, -32.871, -121.833, -18.180, -7.127, -7.507, 28.4, 0.46927, -0.24179, -0.14642, -0.83655,
 15:45:49.342,ed:40:fe:65:30:6c, 2015-01-01 03:57:09.010, 0.551, 0.015, 0.842, -0.061, -0.427, 0.061, 1.236, -32.877, -121.827, -18.180, -7.127, -7.507, 28.4, 0.46927, -0.24179, -0.14642, -0.83655,
 15:45:49.344,f6:90:cc:01:6d:25, 2015-01-01 03:57:04.285, 0.911, 0.239, 0.296, 0.305, -0.61, 0.061, 38.331, -66.813, 148.903, -26.107, -15.380, -7.847, 32.31, 0.03848, 0.57462, 0.1236, 0.80804,
 15:45:49.344,f6:90:cc:01:6d:25, 2015-01-01 03:57:04.285, 0.912, 0.239, 0.298, 0.305, -0.488, 0.061, 38.353, -66.824, 148.903, -26.107, -15.380, -7.847, 32.31, 0.03848, 0.57462, 0.1236, 0.80804,
 15:45:49.365,e3:ca:2d:fd:e0:8c, 2015-01-01 03:57:03.935, 0.957, 0.088, 0.332, 0, -0.427, 0.244, 15.09, -69.994, 147.145, -25.793, -13.540, -12.807, 29.62, 0.15924, 0.5755, -0.05869, 0.79993,
 15:45:49.365,e3:ca:2d:fd:e0:8c, 2015-01-01 03:57:03.935, 0.958, 0.091, 0.336, -0.061, -0.61, 0.061, 15.09, -70.005, 147.145, -25.793, -13.540, -12.807, 29.62, 0.15924, 0.5755, -0.05869, 0.79993,
 15:45:49.368,ed:35:33:d3:6c:f8, 2015-01-01 03:57:04.170, 0.37, -0.038, 0.927, -0.061, -0.366, 0.122, -2.39, -21.209, 159.472, -9.873, -6.980, -35.413, 30.67, -0.17719, -0.17761, 0.05267, -0.96652,
 15:45:49.368,ed:35:33:d3:6c:f8, 2015-01-01 03:57:04.170, 0.37, -0.041, 0.924, -0.061, -0.244, 0.183, -2.39, -21.215, 159.417, -9.873, -6.980, -35.413, 30.67, -0.17719, -0.17761, 0.05267, -0.96652,
 15:45:49.387,e3:ca:2d:fd:e0:8c, 2015-01-01 03:57:03.935, 0.957, 0.091, 0.347, 0.427, 0.061, 0, 15.095, -70.005, 147.156, -25.793, -13.540, -12.807, 29.62, 0.15924, 0.5755, -0.05869, 0.79993,
 15:45:49.387,e3:ca:2d:fd:e0:8c, 2015-01-01 03:57:03.935, 0.955, 0.092, 0.347, 0, 0.671, -0.244, 15.095, -69.988, 147.162, -25.793, -13.540, -12.807, 29.62, 0.15924, 0.5755, -0.05869, 0.79993,
 15:45:49.387,ed:40:fe:65:30:6c, 2015-01-01 03:57:09.010, 0.554, 0.013, 0.841, -0.122, -0.488, 0, 1.23, -32.888, -121.822, -18.180, -7.127, -7.507, 28.4, 0.46927, -0.24179, -0.14642, -0.83655,
 15:45:49.387,ed:40:fe:65:30:6c, 2015-01-01 03:57:09.010, 0.548, 0.016, 0.841, -0.305, -0.122, -0.061, 1.225, -32.893, -121.805, -18.180, -7.127, -7.507, 28.4, 0.46927, -0.24179, -0.14642, -0.83655,
 15:45:49.389,f6:90:cc:01:6d:25, 2015-01-01 03:57:04.285, 0.914, 0.24, 0.305, 0.122, -0.122, 0, 38.364, -66.83, 148.881, -26.107, -15.380, -7.847, 32.31, 0.03848, 0.57462, 0.1236, 0.80804,
 15:45:49.389,f6:90:cc:01:6d:25, 2015-01-01 03:57:04.285, 0.91, 0.242, 0.307, -0.122, 0.305, 0, 38.359, -66.83, 148.87, -26.107, -15.380, -7.847, 32.31, 0.03848, 0.57462, 0.1236, 0.80804,
 15:45:49.410,ed:40:fe:65:30:6c, 2015-01-01 03:57:09.010, 0.54, 0.019, 0.842, -0.488, 0.183, 0, 1.219, -32.899, -121.805, -18.180, -7.127, -7.507, 28.4, 0.46896, -0.2424, -0.14664, -0.83649,
 15:45:49.410,ed:40:fe:65:30:6c, 2015-01-01 03:57:09.010, 0.536, 0.016, 0.842, -0.244, 0.366, 0.061, 1.208, -32.893, -121.811, -18.180, -7.127, -7.507, 28.4, 0.46896, -0.2424, -0.14664, -0.83649,
 15:45:49.413,ed:35:33:d3:6c:f8, 2015-01-01 03:57:04.170, 0.365, -0.037, 0.923, -0.793, -0.122, 0, -2.395, -21.226, 159.362, -9.873, -6.980, -35.413, 30.67, -0.17719, -0.17761, 0.05267, -0.96652,
 15:45:49.413,ed:35:33:d3:6c:f8, 2015-01-01 03:57:04.170, 0.356, -0.034, 0.925, -1.526, 0, -0.244, -2.411, -21.231, 159.318, -9.873, -6.980, -35.413, 30.67, -0.17719, -0.17761, 0.05267, -0.96652,
 15:45:49.434,e3:ca:2d:fd:e0:8c, 2015-01-01 03:57:03.935, 0.954, 0.091, 0.344, -0.549, 0.488, -0.549, 15.106, -69.977, 147.184, -25.793, -13.540, -12.807, 29.62, 0.15924, 0.5755, -0.05869, 0.79993,
 15:45:49.434,e3:ca:2d:fd:e0:8c, 2015-01-01 03:57:03.935, 0.953, 0.09, 0.339, -0.183, 0.488, -0.427, 15.117, -69.961, 147.217, -25.793, -13.540, -12.807, 29.62, 0.15924, 0.5755, -0.05869, 0.79993,
 15:45:49.434,f6:90:cc:01:6d:25, 2015-01-01 03:57:04.285, 0.906, 0.24, 0.31, -0.244, 0.671, 0, 38.337, -66.819, 148.881, -26.107, -15.380, -7.847, 32.31, 0.03848, 0.57462, 0.1236, 0.80804,
 15:45:49.434,f6:90:cc:01:6d:25, 2015-01-01 03:57:04.285, 0.9, 0.238, 0.309, -0.122, 0.61, 0, 38.315, -66.813, 148.898, -26.107, -15.380, -7.847, 32.31, 0.03848, 0.57462, 0.1236, 0.80804,
 15:45:49.435,ed:35:33:d3:6c:f8, 2015-01-01 03:57:04.170, 0.354, -0.035, 0.921, -1.343, 0.427, -0.244, -2.439, -21.231, 159.263, -9.873, -6.980, -35.413, 30.67, -0.17719, -0.17761, 0.05267, -0.96652,
 15:45:49.435,ed:35:33:d3:6c:f8, 2015-01-01 03:57:04.170, 0.352, -0.036, 0.923, -0.61, 0.488, -0.061, -2.455, -21.226, 159.247, -9.873, -6.980, -35.413, 30.67, -0.17719, -0.17761, 0.05267, -0.96652,
 15:45:49.455,ed:40:fe:65:30:6c, 2015-01-01 03:57:09.010, 0.535, 0.016, 0.841, 0.061, 0.61, 0.183, 1.203, -32.888, -121.816, -18.180, -7.127, -7.507, 28.4, 0.46896, -0.2424, -0.14664, -0.83649,
 15:45:49.455,ed:40:fe:65:30:6c, 2015-01-01 03:57:09.010, 0.539, 0.022, 0.841, 0.427, 0.427, 0.244, 1.203, -32.877, -121.816, -18.180, -7.127, -7.507, 28.4, 0.46896, -0.2424, -0.14664, -0.83649,
 15:45:49.456,f6:90:cc:01:6d:25, 2015-01-01 03:57:04.285, 0.897, 0.237, 0.305, 0.183, 0.549, 0, 38.298, -66.802, 148.92, -26.107, -15.380, -7.847, 32.31, 0.03848, 0.57462, 0.1236, 0.80804,
 15:45:49.456,f6:90:cc:01:6d:25, 2015-01-01 03:57:04.285, 0.901, 0.241, 0.304, 0.122, 0.427, 0, 38.287, -66.797, 148.969, -26.107, -15.380, -7.847, 32.31, 0.03848, 0.57462, 0.1236, 0.80804,
 15:45:49.482,ed:35:33:d3:6c:f8, 2015-01-01 03:57:04.170, 0.36, -0.027, 0.926, -0.61, -0.061, 0.122, -2.466, -21.22, 159.236, -9.873, -6.980, -35.413, 30.67, -0.17719, -0.17761, 0.05267, -0.96652,
 15:45:49.482,ed:35:33:d3:6c:f8, 2015-01-01 03:57:04.170, 0.363, -0.029, 0.924, 0.305, 0.61, 0.305, -2.472, -21.22, 159.241, -9.873, -6.980, -35.413, 30.67, -0.17719, -0.17761, 0.05267, -0.96652,
 15:45:49.500,ed:40:fe:65:30:6c, 2015-01-01 03:57:09.370, 0.544, 0.025, 0.845, 0.671, 0.427, 0.549, 1.208, -32.866, -121.816, -18.180, -7.127, -7.507, 28.4, 0.46896, -0.2424, -0.14664, -0.83649,
 15:45:49.500,ed:40:fe:65:30:6c, 2015-01-01 03:57:09.370, 0.539, 0.015, 0.848, 0.61, 0.488, 0.305, 1.214, -32.86, -121.816, -18.180, -7.127, -7.507, 28.4, 0.46896, -0.2424, -0.14664, -0.83649,
 15:45:49.501,e3:ca:2d:fd:e0:8c, 2015-01-01 03:57:03.935, 0.952, 0.089, 0.337, 0.183, 0.366, -0.183, 15.123, -69.955, 147.25, -25.793, -13.540, -12.807, 29.62, 0.15924, 0.5755, -0.05869, 0.79993,
 15:45:49.501,e3:ca:2d:fd:e0:8c, 2015-01-01 03:57:03.935, 0.953, 0.092, 0.338, 0, 0.183, 0, 15.117, -69.95, 147.277, -25.793, -13.540, -12.807, 29.62, 0.15924, 0.5755, -0.05869, 0.79993,
 15:45:49.523,e3:ca:2d:fd:e0:8c, 2015-01-01 03:57:03.935, 0.958, 0.095, 0.341, -0.366, 0.061, 0, 15.106, -69.944, 147.294, -26.113, -13.587, -12.773, 29.62, 0.15924, 0.5755, -0.05869, 0.79993,
 15:45:49.523,e3:ca:2d:fd:e0:8c, 2015-01-01 03:57:03.935, 0.961, 0.095, 0.341, -0.244, 0, 0.061, 15.101, -69.944, 147.305, -26.113, -13.587, -12.773, 29.62, 0.15924, 0.5755, -0.05869, 0.79993,
 15:45:49.524,f6:90:cc:01:6d:25, 2015-01-01 03:57:04.285, 0.908, 0.243, 0.307, 0.122, 0.427, 0.061, 38.276, -66.791, 149.002, -26.107, -15.380, -7.847, 32.31, 0.03848, 0.57462, 0.1236, 0.80804,
 15:45:49.524,f6:90:cc:01:6d:25, 2015-01-01 03:57:04.285, 0.906, 0.246, 0.31, 0.244, 0.488, 0.061, 38.265, -66.786, 149.035, -26.107, -15.380, -7.847, 32.31, 0.03848, 0.57462, 0.1236, 0.80804,
 15:45:49.525,ed:35:33:d3:6c:f8, 2015-01-01 03:57:04.170, 0.353, -0.049, 0.927, 1.221, 0.61, 0.488, -2.461, -21.209, 159.241, -10.087, -7.227, -34.753, 30.67, -0.17719, -0.17761, 0.05267, -0.96652,
 15:45:49.525,ed:35:33:d3:6c:f8, 2015-01-01 03:57:04.170, 0.358, -0.044, 0.937, 0.427, 0.427, 0, -2.439, -21.198, 159.269, -10.087, -7.227, -34.753, 30.67, -0.17719, -0.17761, 0.05267, -0.96652,
 15:45:49.545,ed:40:fe:65:30:6c, 2015-01-01 03:57:09.370, 0.541, 0.012, 0.851, 0.305, 0.366, -0.427, 1.225, -32.849, -121.816, -18.180, -7.127, -7.507, 28.4, 0.46896, -0.2424, -0.14664, -0.83649,
 15:45:49.545,ed:40:fe:65:30:6c, 2015-01-01 03:57:09.370, 0.55, 0.019, 0.854, 0, -0.061, -0.488, 1.236, -32.838, -121.833, -18.180, -7.127, -7.507, 28.4, 0.46896, -0.2424, -0.14664, -0.83649,
 15:45:49.570,e3:ca:2d:fd:e0:8c, 2015-01-01 03:57:03.935, 0.959, 0.088, 0.331, -0.122, -0.427, 0.122, 15.095, -69.95, 147.316, -26.113, -13.587, -12.773, 29.62, 0.15924, 0.5755, -0.05869, 0.79993,
 15:45:49.570,e3:ca:2d:fd:e0:8c, 2015-01-01 03:57:03.935, 0.954, 0.087, 0.341, 0, -0.61, 0.366, 15.084, -69.966, 147.332, -26.113, -13.587, -12.773, 29.62, 0.15924, 0.5755, -0.05869, 0.79993,
 15:45:49.570,f6:90:cc:01:6d:25, 2015-01-01 03:57:04.285, 0.909, 0.242, 0.306, 0.305, 0.305, 0, 38.26, -66.775, 149.046, -26.233, -15.793, -7.980, 32.31, 0.03848, 0.57462, 0.1236, 0.80804,
 15:45:49.570,f6:90:cc:01:6d:25, 2015-01-01 03:57:04.285, 0.912, 0.237, 0.301, 0.488, -0.305, 0, 38.271, -66.78, 149.024, -26.233, -15.793, -7.980, 32.31, 0.03848, 0.57462, 0.1236, 0.80804,
 15:45:49.572,ed:35:33:d3:6c:f8, 2015-01-01 03:57:04.170, 0.368, -0.032, 0.942, 0, 0.671, -0.244, -2.433, -21.187, 159.269, -10.087, -7.227, -34.753, 30.67, -0.1806, -0.17709, 0.05359, -0.96594,
 15:45:49.572,ed:35:33:d3:6c:f8, 2015-01-01 03:57:04.170, 0.365, -0.037, 0.929, -0.305, -0.488, -0.122, -2.428, -21.182, 159.247, -10.087, -7.227, -34.753, 30.67, -0.1806, -0.17709, 0.05359, -0.96594,
 15:45:49.590,ed:40:fe:65:30:6c, 2015-01-01 03:57:09.370, 0.549, 0.017, 0.844, -0.122, -0.305, -0.122, 1.236, -32.838, -121.838, -18.180, -7.127, -7.507, 28.4, 0.46896, -0.2424, -0.14664, -0.83649,
 15:45:49.590,ed:40:fe:65:30:6c, 2015-01-01 03:57:09.370, 0.538, 0.015, 0.845, -0.244, -0.061, -0.061, 1.236, -32.844, -121.855, -18.180, -7.127, -7.507, 28.4, 0.46896, -0.2424, -0.14664, -0.83649,
 15:45:49.591,e3:ca:2d:fd:e0:8c, 2015-01-01 03:57:03.935, 0.954, 0.096, 0.351, -0.122, 0.122, 0.061, 15.079, -69.961, 147.376, -26.113, -13.587, -12.773, 29.62, 0.1561, 0.57565, -0.05655, 0.8006,
 15:45:49.591,e3:ca:2d:fd:e0:8c, 2015-01-01 03:57:03.935, 0.955, 0.087, 0.328, -0.305, -0.061, -0.305, 15.084, -69.95, 147.404, -26.113, -13.587, -12.773, 29.62, 0.1561, 0.57565, -0.05655, 0.8006,
 15:45:49.615,ed:40:fe:65:30:6c, 2015-01-01 03:57:09.370, 0.53, 0.018, 0.842, -0.122, 0, 0, 1.23, -32.844, -121.877, -18.180, -7.127, -7.507, 28.4, 0.46896, -0.2424, -0.14664, -0.83649,
 15:45:49.615,ed:40:fe:65:30:6c, 2015-01-01 03:57:09.370, 0.542, 0.019, 0.842, 0.122, -0.366, 0.061, 1.23, -32.844, -121.893, -18.180, -7.127, -7.507, 28.4, 0.46896, -0.2424, -0.14664, -0.83649,
 15:45:49.615,f6:90:cc:01:6d:25, 2015-01-01 03:57:04.285, 0.915, 0.241, 0.31, -0.244, -0.244, 0, 38.276, -66.78, 148.997, -26.233, -15.793, -7.980, 32.31, 0.03848, 0.57462, 0.1236, 0.80804,
 15:45:49.615,f6:90:cc:01:6d:25, 2015-01-01 03:57:04.285, 0.903, 0.238, 0.308, -0.488, 0.061, -0.061, 38.271, -66.78, 148.997, -26.233, -15.793, -7.980, 32.31, 0.03848, 0.57462, 0.1236, 0.80804,
 15:45:49.616,ed:35:33:d3:6c:f8, 2015-01-01 03:57:04.480, 0.354, -0.038, 0.924, -0.977, -0.244, -0.244, -2.433, -21.187, 159.225, -10.087, -7.227, -34.753, 30.67, -0.1806, -0.17709, 0.05359, -0.96594,
 15:45:49.616,ed:35:33:d3:6c:f8, 2015-01-01 03:57:04.480, 0.351, -0.035, 0.925, -0.793, -0.122, -0.122, -2.45, -21.193, 159.203, -10.087, -7.227, -34.753, 30.67, -0.1806, -0.17709, 0.05359, -0.96594,
 15:45:49.636,e3:ca:2d:fd:e0:8c, 2015-01-01 03:57:03.935, 0.959, 0.084, 0.328, 0.366, -0.549, 0.427, 15.09, -69.955, 147.426, -26.113, -13.587, -12.773, 29.62, 0.1561, 0.57565, -0.05655, 0.8006,
 15:45:49.636,e3:ca:2d:fd:e0:8c, 2015-01-01 03:57:03.935, 0.959, 0.084, 0.332, 0.793, -0.977, 0.732, 15.079, -69.972, 147.458, -26.113, -13.587, -12.773, 29.62, 0.1561, 0.57565, -0.05655, 0.8006,
 15:45:49.637,f6:90:cc:01:6d:25, 2015-01-01 03:57:04.285, 0.894, 0.239, 0.3, 0.061, 0, -0.061, 38.265, -66.78, 148.991, -26.233, -15.793, -7.980, 32.31, 0.03693, 0.57416, 0.12476, 0.80826,
 15:45:49.637,f6:90:cc:01:6d:25, 2015-01-01 03:57:04.285, 0.905, 0.236, 0.3, 0.549, -0.244, 0, 38.282, -66.786, 148.986, -26.233, -15.793, -7.980, 32.31, 0.03693, 0.57416, 0.12476, 0.80826,
 15:45:49.639,ed:35:33:d3:6c:f8, 2015-01-01 03:57:04.480, 0.363, -0.035, 0.926, 0, -0.244, 0.122, -2.461, -21.198, 159.186, -10.087, -7.227, -34.753, 30.67, -0.1806, -0.17709, 0.05359, -0.96594,
 15:45:49.639,ed:35:33:d3:6c:f8, 2015-01-01 03:57:04.480, 0.365, -0.037, 0.928, 0.305, -0.305, 0.427, -2.455, -21.198, 159.186, -10.087, -7.227, -34.753, 30.67, -0.1806, -0.17709, 0.05359, -0.96594,
 15:45:49.681,ed:40:fe:65:30:6c, 2015-01-01 03:57:09.370, 0.548, 0.017, 0.844, 0.366, -0.671, 0.183, 1.23, -32.849, -121.904, -18.180, -7.127, -7.507, 28.4, 0.46896, -0.2424, -0.14664, -0.83649,
 15:45:49.681,ed:40:fe:65:30:6c, 2015-01-01 03:57:09.370, 0.551, 0.018, 0.845, 0.244, -0.671, 0.244, 1.236, -32.86, -121.915, -18.180, -7.127, -7.507, 28.4, 0.46896, -0.2424, -0.14664, -0.83649,
 15:45:49.681,e3:ca:2d:fd:e0:8c, 2015-01-01 03:57:04.290, 0.959, 0.09, 0.334, 0, -0.854, 0.366, 15.068, -69.994, 147.486, -26.113, -13.587, -12.773, 29.62, 0.1561, 0.57565, -0.05655, 0.8006,
 15:45:49.681,e3:ca:2d:fd:e0:8c, 2015-01-01 03:57:04.290, 0.962, 0.089, 0.338, 0.122, -0.977, 0.244, 15.057, -70.01, 147.48, -26.113, -13.587, -12.773, 29.62, 0.1561, 0.57565, -0.05655, 0.8006,
 15:45:49.683,ed:35:33:d3:6c:f8, 2015-01-01 03:57:04.480, 0.37, -0.038, 0.93, 0.122, -0.671, 0.366, -2.455, -21.209, 159.175, -10.087, -7.227, -34.753, 30.67, -0.1806, -0.17709, 0.05359, -0.96594,
 15:45:49.683,ed:35:33:d3:6c:f8, 2015-01-01 03:57:04.480, 0.373, -0.04, 0.927, -0.061, -0.61, 0.305, -2.455, -21.22, 159.175, -10.087, -7.227, -34.753, 30.67, -0.1806, -0.17709, 0.05359, -0.96594,
 15:45:49.683,f6:90:cc:01:6d:25, 2015-01-01 03:57:04.285, 0.911, 0.237, 0.299, 0.671, -0.549, 0.122, 38.309, -66.797, 148.975, -26.233, -15.793, -7.980, 32.31, 0.03693, 0.57416, 0.12476, 0.80826,
 15:45:49.683,f6:90:cc:01:6d:25, 2015-01-01 03:57:04.285, 0.912, 0.24, 0.297, 0.427, -0.854, 0.122, 38.337, -66.813, 148.953, -26.233, -15.793, -7.980, 32.31, 0.03693, 0.57416, 0.12476, 0.80826,
 15:45:49.703,ed:40:fe:65:30:6c, 2015-01-01 03:57:09.370, 0.554, 0.016, 0.843, 0.061, -0.732, 0.244, 1.236, -32.871, -121.932, -18.020, -7.133, -8.387, 28.4, 0.46896, -0.2424, -0.14664, -0.83649,
 15:45:49.703,ed:40:fe:65:30:6c, 2015-01-01 03:57:09.370, 0.557, 0.013, 0.839, 0, -0.61, 0.244, 1.23, -32.882, -121.948, -18.020, -7.133, -8.387, 28.4, 0.46896, -0.2424, -0.14664, -0.83649,
 15:45:49.704,f6:90:cc:01:6d:25, 2015-01-01 03:57:04.665, 0.915, 0.24, 0.301, 0.061, -0.793, 0.122, 38.359, -66.83, 148.925, -26.233, -15.793, -7.980, 32.31, 0.03693, 0.57416, 0.12476, 0.80826,
 15:45:49.704,f6:90:cc:01:6d:25, 2015-01-01 03:57:04.665, 0.915, 0.239, 0.3, 0.244, -0.427, 0.183, 38.37, -66.841, 148.947, -26.233, -15.793, -7.980, 32.31, 0.03693, 0.57416, 0.12476, 0.80826,
 15:45:49.725,e3:ca:2d:fd:e0:8c, 2015-01-01 03:57:04.290, 0.957, 0.086, 0.342, 0.61, -0.427, 0.122, 15.062, -70.032, 147.458, -26.113, -13.587, -12.773, 29.62, 0.1561, 0.57565, -0.05655, 0.8006,
 15:45:49.725,e3:ca:2d:fd:e0:8c, 2015-01-01 03:57:04.290, 0.956, 0.093, 0.344, 0.305, 0.061, 0, 15.068, -70.038, 147.448, -26.113, -13.587, -12.773, 29.62, 0.1561, 0.57565, -0.05655, 0.8006,
 15:45:49.747,ed:40:fe:65:30:6c, 2015-01-01 03:57:09.370, 0.553, 0.012, 0.838, 0, -0.244, 0.244, 1.225, -32.893, -121.959, -18.020, -7.133, -8.387, 28.4, 0.46896, -0.2424, -0.14664, -0.83649,
 15:45:49.747,ed:40:fe:65:30:6c, 2015-01-01 03:57:09.370, 0.546, 0.013, 0.837, 0, 0.061, 0.244, 1.225, -32.899, -121.976, -18.020, -7.133, -8.387, 28.4, 0.46896, -0.2424, -0.14664, -0.83649,
 15:45:49.749,e3:ca:2d:fd:e0:8c, 2015-01-01 03:57:04.290, 0.956, 0.095, 0.343, -0.061, 0.305, -0.305, 15.073, -70.032, 147.448, -26.113, -13.587, -12.773, 29.62, 0.1561, 0.57565, -0.05655, 0.8006,
 15:45:49.749,e3:ca:2d:fd:e0:8c, 2015-01-01 03:57:04.290, 0.955, 0.092, 0.338, 0, 0.61, -0.427, 15.079, -70.021, 147.453, -26.113, -13.587, -12.773, 29.62, 0.1561, 0.57565, -0.05655, 0.8006,
 15:45:49.749,f6:90:cc:01:6d:25, 2015-01-01 03:57:04.665, 0.912, 0.239, 0.304, 0.183, 0, 0.244, 38.364, -66.846, 148.964, -26.233, -15.793, -7.980, 32.31, 0.03693, 0.57416, 0.12476, 0.80826,
 15:45:49.749,f6:90:cc:01:6d:25, 2015-01-01 03:57:04.665, 0.907, 0.242, 0.306, 0, 0.549, 0, 38.348, -66.841, 148.98, -26.233, -15.793, -7.980, 32.31, 0.03693, 0.57416, 0.12476, 0.80826,
 15:45:49.751,ed:35:33:d3:6c:f8, 2015-01-01 03:57:04.480, 0.375, -0.042, 0.921, -0.305, -0.488, 0.366, -2.455, -21.231, 159.175, -10.087, -7.227, -34.753, 30.67, -0.1806, -0.17709, 0.05359, -0.96594,
 15:45:49.751,ed:35:33:d3:6c:f8, 2015-01-01 03:57:04.480, 0.37, -0.04, 0.918, -0.61, -0.061, 0.427, -2.466, -21.242, 159.175, -10.087, -7.227, -34.753, 30.67, -0.1806, -0.17709, 0.05359, -0.96594,
 15:45:49.774,ed:35:33:d3:6c:f8, 2015-01-01 03:57:04.480, 0.363, -0.039, 0.918, -0.732, 0.305, 0.366, -2.483, -21.248, 159.164, -10.087, -7.227, -34.753, 30.67, -0.1806, -0.17709, 0.05359, -0.96594,
 15:45:49.774,ed:35:33:d3:6c:f8, 2015-01-01 03:57:04.480, 0.358, -0.036, 0.919, -0.305, 0.732, 0.366, -2.494, -21.242, 159.131, -10.087, -7.227, -34.753, 30.67, -0.1806, -0.17709, 0.05359, -0.96594,
 15:45:49.793,e3:ca:2d:fd:e0:8c, 2015-01-01 03:57:04.290, 0.957, 0.09, 0.335, 0.122, 0.61, -0.183, 15.09, -70.005, 147.464, -26.113, -13.587, -12.773, 29.62, 0.1561, 0.57565, -0.05655, 0.8006,
 15:45:49.793,e3:ca:2d:fd:e0:8c, 2015-01-01 03:57:04.290, 0.958, 0.093, 0.334, 0, 0.305, 0, 15.09, -69.994, 147.491, -26.113, -13.587, -12.773, 29.62, 0.1561, 0.57565, -0.05655, 0.8006,
 15:45:49.794,f6:90:cc:01:6d:25, 2015-01-01 03:57:04.665, 0.902, 0.242, 0.302, 0, 1.099, 0, 38.315, -66.824, 149.008, -26.233, -15.793, -7.980, 32.31, 0.03693, 0.57416, 0.12476, 0.80826,
 15:45:49.794,f6:90:cc:01:6d:25, 2015-01-01 03:57:04.665, 0.902, 0.242, 0.303, 0.366, 1.099, 0, 38.293, -66.808, 149.024, -26.233, -15.793, -7.980, 32.31, 0.03693, 0.57416, 0.12476, 0.80826,
 15:45:49.815,ed:40:fe:65:30:6c, 2015-01-01 03:57:09.370, 0.541, 0.017, 0.838, 0.183, 0.427, 0.305, 1.219, -32.899, -121.992, -18.020, -7.133, -8.387, 28.4, 0.46771, -0.24265, -0.1463, -0.83716,
 15:45:49.815,ed:40:fe:65:30:6c, 2015-01-01 03:57:09.370, 0.54, 0.021, 0.84, 0.366, 0.427, 0.244, 1.214, -32.893, -122.003, -18.020, -7.133, -8.387, 28.4, 0.46771, -0.24265, -0.1463, -0.83716,
 15:45:49.818,ed:35:33:d3:6c:f8, 2015-01-01 03:57:04.480, 0.356, -0.035, 0.923, -0.183, 0.916, 0.305, -2.499, -21.231, 159.104, -9.867, -6.893, -35.227, 30.67, -0.1806, -0.17709, 0.05359, -0.96594,
 15:45:49.818,ed:35:33:d3:6c:f8, 2015-01-01 03:57:04.480, 0.36, -0.035, 0.929, -0.305, 1.038, 0.122, -2.505, -21.215, 159.066, -9.867, -6.893, -35.227, 30.67, -0.1806, -0.17709, 0.05359, -0.96594,
 15:45:49.840,f6:90:cc:01:6d:25, 2015-01-01 03:57:04.665, 0.905, 0.244, 0.304, 0.366, 0.977, 0, 38.276, -66.791, 149.057, -26.233, -15.793, -7.980, 32.31, 0.03693, 0.57416, 0.12476, 0.80826,
 15:45:49.840,f6:90:cc:01:6d:25, 2015-01-01 03:57:04.665, 0.908, 0.244, 0.306, 0.366, 0.732, 0, 38.265, -66.78, 149.041, -26.233, -15.793, -7.980, 32.31, 0.03693, 0.57416, 0.12476, 0.80826,
 15:45:49.842,ed:35:33:d3:6c:f8, 2015-01-01 03:57:04.480, 0.365, -0.036, 0.928, -0.183, 0.977, 0, -2.51, -21.198, 159.033, -9.867, -6.893, -35.227, 30.67, -0.18274, -0.17688, 0.05463, -0.96552,
 15:45:49.842,ed:35:33:d3:6c:f8, 2015-01-01 03:57:04.480, 0.362, -0.038, 0.927, 0.122, 1.038, -0.061, -2.505, -21.182, 159.027, -9.867, -6.893, -35.227, 30.67, -0.18274, -0.17688, 0.05463, -0.96552,
 15:45:49.859,ed:40:fe:65:30:6c, 2015-01-01 03:57:09.725, 0.542, 0.022, 0.845, 0.244, 0.488, 0.122, 1.219, -32.888, -122.02, -18.020, -7.133, -8.387, 28.4, 0.46771, -0.24265, -0.1463, -0.83716,
 15:45:49.859,ed:40:fe:65:30:6c, 2015-01-01 03:57:09.725, 0.547, 0.021, 0.844, 0.183, 0.427, 0.061, 1.219, -32.877, -122.042, -18.020, -7.133, -8.387, 28.4, 0.46771, -0.24265, -0.1463, -0.83716,
 15:45:49.860,e3:ca:2d:fd:e0:8c, 2015-01-01 03:57:04.290, 0.959, 0.094, 0.337, -0.122, 0.183, 0, 15.084, -69.988, 147.497, -26.113, -13.587, -12.773, 29.62, 0.1561, 0.57565, -0.05655, 0.8006,
 15:45:49.860,e3:ca:2d:fd:e0:8c, 2015-01-01 03:57:04.290, 0.959, 0.09, 0.336, -0.122, 0.122, 0.061, 15.079, -69.983, 147.508, -26.113, -13.587, -12.773, 29.62, 0.1561, 0.57565, -0.05655, 0.8006,
 15:45:49.862,f6:90:cc:01:6d:25, 2015-01-01 03:57:04.665, 0.909, 0.243, 0.305, 0.244, 0.61, 0, 38.254, -66.775, 149.013, -26.233, -15.793, -7.980, 32.31, 0.03693, 0.57416, 0.12476, 0.80826,
 15:45:49.862,f6:90:cc:01:6d:25, 2015-01-01 03:57:04.665, 0.909, 0.241, 0.305, 0.183, 0.427, 0, 38.249, -66.769, 149.013, -26.233, -15.793, -7.980, 32.31, 0.03693, 0.57416, 0.12476, 0.80826,
 15:45:49.883,e3:ca:2d:fd:e0:8c, 2015-01-01 03:57:04.290, 0.958, 0.087, 0.336, 0, 0, 0.122, 15.073, -69.983, 147.53, -25.667, -13.933, -12.567, 29.62, 0.1561, 0.57565, -0.05655, 0.8006,
 15:45:49.883,e3:ca:2d:fd:e0:8c, 2015-01-01 03:57:04.290, 0.957, 0.088, 0.337, 0.061, 0, 0.122, 15.068, -69.983, 147.524, -25.667, -13.933, -12.567, 29.62, 0.1561, 0.57565, -0.05655, 0.8006,
 15:45:49.883,ed:40:fe:65:30:6c, 2015-01-01 03:57:09.725, 0.547, 0.019, 0.844, 0.244, 0.427, 0, 1.225, -32.871, -122.042, -18.020, -7.133, -8.387, 28.4, 0.46771, -0.24265, -0.1463, -0.83716,
 15:45:49.883,ed:40:fe:65:30:6c, 2015-01-01 03:57:09.725, 0.545, 0.017, 0.843, 0.305, 0.366, -0.061, 1.23, -32.86, -122.031, -18.020, -7.133, -8.387, 28.4, 0.46771, -0.24265, -0.1463, -0.83716,
 15:45:49.885,ed:35:33:d3:6c:f8, 2015-01-01 03:57:04.480, 0.361, -0.038, 0.928, 0, 0.916, -0.122, -2.499, -21.165, 159.005, -9.867, -6.893, -35.227, 30.67, -0.18274, -0.17688, 0.05463, -0.96552,
 15:45:49.885,ed:35:33:d3:6c:f8, 2015-01-01 03:57:04.480, 0.36, -0.036, 0.929, -0.183, 1.038, -0.305, -2.499, -21.149, 159, -9.867, -6.893, -35.227, 30.67, -0.18274, -0.17688, 0.05463, -0.96552,
 15:45:49.904,ed:40:fe:65:30:6c, 2015-01-01 03:57:09.725, 0.544, 0.019, 0.844, 0.244, 0.366, -0.122, 1.236, -32.855, -122.02, -18.020, -7.133, -8.387, 28.4, 0.46771, -0.24265, -0.1463, -0.83716,
 15:45:49.904,ed:40:fe:65:30:6c, 2015-01-01 03:57:09.725, 0.543, 0.017, 0.844, 0.183, 0.305, 0, 1.241, -32.849, -122.003, -18.020, -7.133, -8.387, 28.4, 0.46771, -0.24265, -0.1463, -0.83716,
 15:45:49.907,f6:90:cc:01:6d:25, 2015-01-01 03:57:04.665, 0.909, 0.24, 0.304, 0.183, 0.366, 0, 38.243, -66.764, 149.03, -26.233, -15.793, -7.980, 32.31, 0.03693, 0.57416, 0.12476, 0.80826,
 15:45:49.907,f6:90:cc:01:6d:25, 2015-01-01 03:57:04.665, 0.907, 0.239, 0.305, 0.061, 0.366, 0.305, 38.227, -66.764, 149.068, -26.233, -15.793, -7.980, 32.31, 0.03693, 0.57416, 0.12476, 0.80826,
 15:45:49.928,e3:ca:2d:fd:e0:8c, 2015-01-01 03:57:04.290, 0.956, 0.09, 0.34, 0.061, 0.122, 0.061, 15.062, -69.983, 147.497, -25.667, -13.933, -12.567, 29.62, 0.1561, 0.57565, -0.05655, 0.8006,
 15:45:49.928,e3:ca:2d:fd:e0:8c, 2015-01-01 03:57:04.290, 0.956, 0.09, 0.34, 0, 0.305, 0, 15.057, -69.977, 147.469, -25.667, -13.933, -12.567, 29.62, 0.1561, 0.57565, -0.05655, 0.8006,
 15:45:49.930,ed:35:33:d3:6c:f8, 2015-01-01 03:57:04.770, 0.359, -0.038, 0.929, -0.122, 0.732, -0.183, -2.499, -21.132, 158.989, -9.867, -6.893, -35.227, 30.67, -0.18274, -0.17688, 0.05463, -0.96552,
 15:45:49.930,ed:35:33:d3:6c:f8, 2015-01-01 03:57:04.770, 0.359, -0.042, 0.928, -0.183, 0.366, -0.061, -2.499, -21.127, 158.983, -9.867, -6.893, -35.227, 30.67, -0.18274, -0.17688, 0.05463, -0.96552,
 15:45:49.949,ed:40:fe:65:30:6c, 2015-01-01 03:57:09.725, 0.543, 0.014, 0.845, 0.183, 0.244, 0, 1.247, -32.844, -122.003, -18.020, -7.133, -8.387, 28.4, 0.46771, -0.24265, -0.1463, -0.83716,
 15:45:49.949,ed:40:fe:65:30:6c, 2015-01-01 03:57:09.725, 0.54, 0.013, 0.844, 0.244, 0.183, 0, 1.247, -32.838, -122.003, -18.020, -7.133, -8.387, 28.4, 0.46771, -0.24265, -0.1463, -0.83716,
 15:45:49.950,e3:ca:2d:fd:e0:8c, 2015-01-01 03:57:04.290, 0.956, 0.088, 0.34, -0.122, 0.366, -0.061, 15.051, -69.972, 147.442, -25.667, -13.933, -12.567, 29.62, 0.15536, 0.57578, -0.05618, 0.80069,
 15:45:49.950,e3:ca:2d:fd:e0:8c, 2015-01-01 03:57:04.290, 0.953, 0.09, 0.34, -0.122, 0.244, -0.061, 15.046, -69.966, 147.426, -25.667, -13.933, -12.567, 29.62, 0.15536, 0.57578, -0.05618, 0.80069,
 15:45:49.972,ed:40:fe:65:30:6c, 2015-01-01 03:57:09.725, 0.538, 0.017, 0.846, 0.183, 0.244, 0.122, 1.252, -32.838, -121.998, -18.020, -7.133, -8.387, 28.4, 0.46771, -0.24265, -0.1463, -0.83716,
 15:45:49.972,ed:40:fe:65:30:6c, 2015-01-01 03:57:09.725, 0.536, 0.017, 0.845, 0.244, 0.244, 0.183, 1.252, -32.833, -121.992, -18.020, -7.133, -8.387, 28.4, 0.46771, -0.24265, -0.1463, -0.83716,
 15:45:49.974,f6:90:cc:01:6d:25, 2015-01-01 03:57:04.665, 0.907, 0.237, 0.305, -0.061, 0.305, 0.244, 38.21, -66.758, 149.101, -25.947, -15.520, -7.693, 32.31, 0.03693, 0.57416, 0.12476, 0.80826,
 15:45:49.974,f6:90:cc:01:6d:25, 2015-01-01 03:57:04.665, 0.907, 0.236, 0.305, -0.122, 0.244, 0.122, 38.194, -66.758, 149.106, -25.947, -15.520, -7.693, 32.31, 0.03693, 0.57416, 0.12476, 0.80826,
 15:45:49.975,ed:35:33:d3:6c:f8, 2015-01-01 03:57:04.770, 0.355, -0.04, 0.928, -0.366, 0.366, 0, -2.499, -21.121, 158.967, -9.867, -6.893, -35.227, 30.67, -0.18274, -0.17688, 0.05463, -0.96552,
 15:45:49.975,ed:35:33:d3:6c:f8, 2015-01-01 03:57:04.770, 0.354, -0.038, 0.928, -0.549, 0.305, 0, -2.51, -21.116, 158.956, -9.867, -6.893, -35.227, 30.67, -0.18274, -0.17688, 0.05463, -0.96552,
 15:45:49.995,e3:ca:2d:fd:e0:8c, 2015-01-01 03:57:04.290, 0.952, 0.091, 0.342, -0.061, 0.183, -0.122, 15.04, -69.955, 147.404, -25.667, -13.933, -12.567, 29.62, 0.15536, 0.57578, -0.05618, 0.80069,
 15:45:49.995,e3:ca:2d:fd:e0:8c, 2015-01-01 03:57:04.290, 0.954, 0.093, 0.342, -0.183, 0.183, -0.061, 15.04, -69.95, 147.382, -25.667, -13.933, -12.567, 29.62, 0.15536, 0.57578, -0.05618, 0.80069,
 15:45:49.997,f6:90:cc:01:6d:25, 2015-01-01 03:57:04.665, 0.901, 0.237, 0.308, 0, 0.488, 0.061, 38.177, -66.753, 149.123, -25.947, -15.520, -7.693, 32.31, 0.03662, 0.57382, 0.12482, 0.8085,
 15:45:49.997,f6:90:cc:01:6d:25, 2015-01-01 03:57:04.665, 0.902, 0.241, 0.31, 0.183, 0.488, 0, 38.161, -66.747, 149.128, -25.947, -15.520, -7.693, 32.31, 0.03662, 0.57382, 0.12482, 0.8085,
 15:45:49.997,ed:35:33:d3:6c:f8, 2015-01-01 03:57:04.770, 0.351, -0.042, 0.925, -0.061, 0.122, 0.183, -2.516, -21.11, 158.961, -9.867, -6.893, -35.227, 30.67, -0.18274, -0.17688, 0.05463, -0.96552,
 15:45:49.997,ed:35:33:d3:6c:f8, 2015-01-01 03:57:04.770, 0.352, -0.041, 0.93, -0.244, 0.244, 0, -2.516, -21.105, 158.945, -9.867, -6.893, -35.227, 30.67, -0.18274, -0.17688, 0.05463, -0.96552,
 15:45:50.019,ed:40:fe:65:30:6c, 2015-01-01 03:57:09.725, 0.537, 0.016, 0.847, 0.183, 0.183, -0.061, 1.252, -32.827, -121.987, -18.020, -7.133, -8.387, 28.4, 0.46771, -0.24265, -0.1463, -0.83716,
 15:45:50.019,ed:40:fe:65:30:6c, 2015-01-01 03:57:09.725, 0.536, 0.021, 0.848, 0, 0, -0.244, 1.258, -32.822, -122.009, -18.020, -7.133, -8.387, 28.4, 0.46771, -0.24265, -0.1463, -0.83716,
 15:45:50.040,e3:ca:2d:fd:e0:8c, 2015-01-01 03:57:04.650, 0.957, 0.092, 0.34, -0.488, 0.122, 0, 15.035, -69.944, 147.36, -25.667, -13.933, -12.567, 29.62, 0.15536, 0.57578, -0.05618, 0.80069,
 15:45:50.040,e3:ca:2d:fd:e0:8c, 2015-01-01 03:57:04.650, 0.961, 0.086, 0.333, -0.61, -0.305, 0.061, 15.024, -69.944, 147.338, -25.667, -13.933, -12.567, 29.62, 0.15536, 0.57578, -0.05618, 0.80069,
 15:45:50.045,ed:35:33:d3:6c:f8, 2015-01-01 03:57:04.770, 0.352, -0.033, 0.931, -0.549, 0.244, -0.122, -2.521, -21.099, 158.939, -9.867, -6.893, -35.227, 30.67, -0.18274, -0.17688, 0.05463, -0.96552,
 15:45:50.045,ed:35:33:d3:6c:f8, 2015-01-01 03:57:04.770, 0.353, -0.034, 0.93, -0.671, -0.122, -0.244, -2.532, -21.099, 158.939, -9.867, -6.893, -35.227, 30.67, -0.18274, -0.17688, 0.05463, -0.96552,
 15:45:50.064,f6:90:cc:01:6d:25, 2015-01-01 03:57:04.665, 0.903, 0.241, 0.311, 0, 0.366, -0.122, 38.15, -66.736, 149.134, -25.947, -15.520, -7.693, 32.31, 0.03662, 0.57382, 0.12482, 0.8085,
 15:45:50.064,f6:90:cc:01:6d:25, 2015-01-01 03:57:04.665, 0.903, 0.24, 0.309, 0, 0.183, -0.122, 38.145, -66.731, 149.134, -25.947, -15.520, -7.693, 32.31, 0.03662, 0.57382, 0.12482, 0.8085,
 15:45:50.084,ed:40:fe:65:30:6c, 2015-01-01 03:57:09.725, 0.535, 0.023, 0.846, -0.183, 0, -0.122, 1.258, -32.816, -122.031, -17.860, -6.873, -8.767, 28.4, 0.46771, -0.24265, -0.1463, -0.83716,
 15:45:50.084,ed:40:fe:65:30:6c, 2015-01-01 03:57:09.725, 0.548, 0.021, 0.852, -0.183, -0.183, -0.061, 1.252, -32.816, -122.053, -17.860, -6.873, -8.767, 28.4, 0.46771, -0.24265, -0.1463, -0.83716,
 15:45:50.086,f6:90:cc:01:6d:25, 2015-01-01 03:57:05.025, 0.908, 0.237, 0.304, 0.183, -0.305, 0.061, 38.145, -66.731, 149.123, -25.947, -15.520, -7.693, 32.31, 0.03662, 0.57382, 0.12482, 0.8085,
 15:45:50.086,f6:90:cc:01:6d:25, 2015-01-01 03:57:05.025, 0.916, 0.24, 0.305, 0.427, -0.671, 0.183, 38.156, -66.736, 149.112, -25.947, -15.520, -7.693, 32.31, 0.03662, 0.57382, 0.12482, 0.8085,
 15:45:50.086,e3:ca:2d:fd:e0:8c, 2015-01-01 03:57:04.650, 0.949, 0.082, 0.328, 0.061, -1.099, 0.488, 15.013, -69.955, 147.321, -25.667, -13.933, -12.567, 29.62, 0.15536, 0.57578, -0.05618, 0.80069,
 15:45:50.086,e3:ca:2d:fd:e0:8c, 2015-01-01 03:57:04.650, 0.958, 0.1, 0.364, 0, -0.427, 0.427, 14.996, -69.972, 147.31, -25.667, -13.933, -12.567, 29.62, 0.15536, 0.57578, -0.05618, 0.80069,
 15:45:50.088,ed:35:33:d3:6c:f8, 2015-01-01 03:57:04.770, 0.368, -0.036, 0.935, -0.305, 0, -0.061, -2.538, -21.099, 158.917, -9.867, -6.893, -35.227, 30.67, -0.18274, -0.17688, 0.05463, -0.96552,
 15:45:50.088,ed:35:33:d3:6c:f8, 2015-01-01 03:57:04.770, 0.37, -0.039, 0.929, 0.183, -0.305, 0.366, -2.538, -21.099, 158.912, -9.867, -6.893, -35.227, 30.67, -0.18274, -0.17688, 0.05463, -0.96552,
 15:45:50.108,ed:40:fe:65:30:6c, 2015-01-01 03:57:09.725, 0.554, 0.017, 0.842, -0.061, -0.366, 0, 1.252, -32.816, -122.069, -17.860, -6.873, -8.767, 28.4, 0.46719, -0.24203, -0.14597, -0.83768,
 15:45:50.108,ed:40:fe:65:30:6c, 2015-01-01 03:57:09.725, 0.549, 0.013, 0.842, -0.061, -0.122, 0.061, 1.252, -32.822, -122.091, -17.860, -6.873, -8.767, 28.4, 0.46719, -0.24203, -0.14597, -0.83768,
 15:45:50.109,f6:90:cc:01:6d:25, 2015-01-01 03:57:05.025, 0.914, 0.241, 0.318, -0.916, 0.305, 0, 38.161, -66.747, 149.095, -25.947, -15.520, -7.693, 32.31, 0.03662, 0.57382, 0.12482, 0.8085,
 15:45:50.109,f6:90:cc:01:6d:25, 2015-01-01 03:57:05.025, 0.898, 0.243, 0.313, -0.488, 0.916, -0.061, 38.128, -66.736, 149.101, -25.947, -15.520, -7.693, 32.31, 0.03662, 0.57382, 0.12482, 0.8085,
 15:45:50.131,e3:ca:2d:fd:e0:8c, 2015-01-01 03:57:04.650, 0.957, 0.097, 0.354, -0.549, 0.488, -0.244, 14.98, -69.977, 147.305, -25.667, -13.933, -12.567, 29.62, 0.15536, 0.57578, -0.05618, 0.80069,
 15:45:50.131,e3:ca:2d:fd:e0:8c, 2015-01-01 03:57:04.650, 0.948, 0.092, 0.34, -1.221, 0.793, -0.854, 14.98, -69.961, 147.277, -25.667, -13.933, -12.567, 29.62, 0.15536, 0.57578, -0.05618, 0.80069,
 15:45:50.133,ed:35:33:d3:6c:f8, 2015-01-01 03:57:04.770, 0.362, -0.044, 0.921, -0.488, -0.183, 0.122, -2.538, -21.105, 158.901, -9.493, -7.467, -35.400, 30.67, -0.18274, -0.17688, 0.05463, -0.96552,
 15:45:50.133,ed:35:33:d3:6c:f8, 2015-01-01 03:57:04.770, 0.347, -0.039, 0.92, -1.038, 0.549, -0.183, -2.554, -21.099, 158.884, -9.493, -7.467, -35.400, 30.67, -0.18274, -0.17688, 0.05463, -0.96552,
 15:45:50.152,e3:ca:2d:fd:e0:8c, 2015-01-01 03:57:04.650, 0.961, 0.091, 0.327, -0.793, 0.305, -0.305, 14.985, -69.939, 147.239, -25.667, -13.933, -12.567, 29.62, 0.15536, 0.57578, -0.05618, 0.80069,
 15:45:50.152,e3:ca:2d:fd:e0:8c, 2015-01-01 03:57:04.650, 0.962, 0.082, 0.328, 0.488, -0.488, 0.488, 14.985, -69.933, 147.217, -25.667, -13.933, -12.567, 29.62, 0.15536, 0.57578, -0.05618, 0.80069,
 15:45:50.152,ed:40:fe:65:30:6c, 2015-01-01 03:57:09.725, 0.533, 0.017, 0.842, -0.061, 0.488, 0, 1.247, -32.816, -122.108, -17.860, -6.873, -8.767, 28.4, 0.46719, -0.24203, -0.14597, -0.83768,
 15:45:50.152,ed:40:fe:65:30:6c, 2015-01-01 03:57:09.725, 0.531, 0.019, 0.842, 0, 0.488, -0.244, 1.247, -32.805, -122.124, -17.860, -6.873, -8.767, 28.4, 0.46719, -0.24203, -0.14597, -0.83768,
 15:45:50.154,f6:90:cc:01:6d:25, 2015-01-01 03:57:05.025, 0.896, 0.243, 0.307, -0.061, 0.793, -0.183, 38.095, -66.72, 149.117, -25.947, -15.520, -7.693, 32.31, 0.03662, 0.57382, 0.12482, 0.8085,
 15:45:50.154,f6:90:cc:01:6d:25, 2015-01-01 03:57:05.025, 0.904, 0.237, 0.303, 0.244, 0.305, -0.183, 38.084, -66.709, 149.128, -25.947, -15.520, -7.693, 32.31, 0.03662, 0.57382, 0.12482, 0.8085,
 15:45:50.174,ed:40:fe:65:30:6c, 2015-01-01 03:57:10.060, 0.54, 0.02, 0.849, 0, 0.061, -0.488, 1.252, -32.8, -122.151, -17.860, -6.873, -8.767, 28.4, 0.46719, -0.24203, -0.14597, -0.83768,
 15:45:50.174,ed:40:fe:65:30:6c, 2015-01-01 03:57:10.060, 0.545, 0.022, 0.851, 0.183, -0.183, -0.122, 1.258, -32.794, -122.179, -17.860, -6.873, -8.767, 28.4, 0.46719, -0.24203, -0.14597, -0.83768,
 15:45:50.179,ed:35:33:d3:6c:f8, 2015-01-01 03:57:04.770, 0.349, -0.041, 0.928, -0.671, 0.366, -0.366, -2.565, -21.094, 158.846, -9.493, -7.467, -35.400, 30.67, -0.18442, -0.17584, 0.05524, -0.96536,
 15:45:50.179,ed:35:33:d3:6c:f8, 2015-01-01 03:57:04.770, 0.358, -0.035, 0.935, -0.305, 0.183, -0.305, -2.571, -21.088, 158.813, -9.493, -7.467, -35.400, 30.67, -0.18442, -0.17584, 0.05524, -0.96536,
 15:45:50.199,f6:90:cc:01:6d:25, 2015-01-01 03:57:05.025, 0.908, 0.237, 0.298, 0.488, -0.366, -0.061, 38.09, -66.703, 149.117, -25.947, -15.520, -7.693, 32.31, 0.03662, 0.57382, 0.12482, 0.8085,
 15:45:50.199,f6:90:cc:01:6d:25, 2015-01-01 03:57:05.025, 0.909, 0.241, 0.3, 0.305, -0.854, 0, 38.112, -66.709, 149.095, -25.947, -15.520, -7.693, 32.31, 0.03662, 0.57382, 0.12482, 0.8085,
 15:45:50.201,ed:35:33:d3:6c:f8, 2015-01-01 03:57:05.085, 0.362, -0.032, 0.936, 0.183, -0.122, 0.061, -2.571, -21.088, 158.796, -9.493, -7.467, -35.400, 30.67, -0.18442, -0.17584, 0.05524, -0.96536,
 15:45:50.201,ed:35:33:d3:6c:f8, 2015-01-01 03:57:05.085, 0.37, -0.037, 0.931, 0.244, -0.549, 0.061, -2.56, -21.094, 158.813, -9.493, -7.467, -35.400, 30.67, -0.18442, -0.17584, 0.05524, -0.96536,
 15:45:50.219,ed:40:fe:65:30:6c, 2015-01-01 03:57:10.060, 0.55, 0.022, 0.847, 0.183, -0.427, 0.122, 1.263, -32.8, -122.195, -17.860, -6.873, -8.767, 28.4, 0.46719, -0.24203, -0.14597, -0.83768,
 15:45:50.219,ed:40:fe:65:30:6c, 2015-01-01 03:57:10.060, 0.554, 0.016, 0.842, 0, -0.61, 0, 1.263, -32.805, -122.212, -17.860, -6.873, -8.767, 28.4, 0.46719, -0.24203, -0.14597, -0.83768,
 15:45:50.221,e3:ca:2d:fd:e0:8c, 2015-01-01 03:57:04.650, 0.959, 0.085, 0.33, 0.244, -0.732, 0.488, 14.974, -69.944, 147.222, -25.667, -13.933, -12.567, 29.62, 0.15536, 0.57578, -0.05618, 0.80069,
 15:45:50.221,e3:ca:2d:fd:e0:8c, 2015-01-01 03:57:04.650, 0.96, 0.092, 0.332, -0.549, -0.977, 0.366, 14.958, -69.961, 147.228, -25.667, -13.933, -12.567, 29.62, 0.15536, 0.57578, -0.05618, 0.80069,
 15:45:50.222,f6:90:cc:01:6d:25, 2015-01-01 03:57:05.025, 0.913, 0.243, 0.301, 0.122, -0.854, 0.061, 38.145, -66.725, 149.062, -25.947, -15.520, -7.693, 32.31, 0.03662, 0.57382, 0.12482, 0.8085,
 15:45:50.222,f6:90:cc:01:6d:25, 2015-01-01 03:57:05.025, 0.914, 0.238, 0.302, 0.122, -0.427, 0.122, 38.167, -66.736, 149.035, -25.947, -15.520, -7.693, 32.31, 0.03662, 0.57382, 0.12482, 0.8085,
 15:45:50.243,e3:ca:2d:fd:e0:8c, 2015-01-01 03:57:04.650, 0.961, 0.087, 0.337, 0, -0.854, 0.366, 14.947, -69.983, 147.217, -25.667, -13.380, -13.153, 29.62, 0.15536, 0.57578, -0.05618, 0.80069,
 15:45:50.243,e3:ca:2d:fd:e0:8c, 2015-01-01 03:57:04.650, 0.959, 0.083, 0.34, 0.488, -0.366, 0.366, 14.936, -69.999, 147.211, -25.667, -13.380, -13.153, 29.62, 0.15536, 0.57578, -0.05618, 0.80069,
 15:45:50.245,ed:35:33:d3:6c:f8, 2015-01-01 03:57:05.085, 0.371, -0.045, 0.924, 0.305, -0.61, 0, -2.554, -21.105, 158.835, -9.493, -7.467, -35.400, 30.67, -0.18442, -0.17584, 0.05524, -0.96536,
 15:45:50.245,ed:35:33:d3:6c:f8, 2015-01-01 03:57:05.085, 0.371, -0.044, 0.922, 0, -0.549, -0.122, -2.549, -21.116, 158.868, -9.493, -7.467, -35.400, 30.67, -0.18442, -0.17584, 0.05524, -0.96536,
 15:45:50.264,ed:40:fe:65:30:6c, 2015-01-01 03:57:10.060, 0.554, 0.013, 0.839, -0.122, -0.549, -0.244, 1.263, -32.816, -122.228, -17.860, -6.873, -8.767, 28.4, 0.46719, -0.24203, -0.14597, -0.83768,
 15:45:50.264,ed:40:fe:65:30:6c, 2015-01-01 03:57:10.060, 0.549, 0.012, 0.838, -0.305, -0.244, -0.183, 1.263, -32.827, -122.25, -17.860, -6.873, -8.767, 28.4, 0.46719, -0.24203, -0.14597, -0.83768,
 15:45:50.266,f6:90:cc:01:6d:25, 2015-01-01 03:57:05.025, 0.912, 0.235, 0.302, -0.122, -0.183, 0.183, 38.172, -66.747, 149.024, -25.947, -15.520, -7.693, 32.31, 0.03662, 0.57382, 0.12482, 0.8085,
 15:45:50.266,f6:90:cc:01:6d:25, 2015-01-01 03:57:05.025, 0.907, 0.237, 0.303, -0.183, 0, 0.183, 38.167, -66.753, 149.024, -25.947, -15.520, -7.693, 32.31, 0.03662, 0.57382, 0.12482, 0.8085,
 15:45:50.289,e3:ca:2d:fd:e0:8c, 2015-01-01 03:57:04.650, 0.957, 0.086, 0.339, 0.122, -0.183, 0.122, 14.93, -70.005, 147.211, -25.667, -13.380, -13.153, 29.62, 0.15536, 0.57578, -0.05618, 0.80069,
 15:45:50.289,e3:ca:2d:fd:e0:8c, 2015-01-01 03:57:04.650, 0.957, 0.091, 0.338, -0.061, -0.061, -0.122, 14.93, -70.01, 147.195, -25.667, -13.380, -13.153, 29.62, 0.15536, 0.57578, -0.05618, 0.80069,
 15:45:50.291,ed:35:33:d3:6c:f8, 2015-01-01 03:57:05.085, 0.364, -0.042, 0.922, -0.61, -0.244, 0, -2.554, -21.127, 158.906, -9.493, -7.467, -35.400, 30.67, -0.18442, -0.17584, 0.05524, -0.96536,
 15:45:50.291,ed:35:33:d3:6c:f8, 2015-01-01 03:57:05.085, 0.359, -0.042, 0.924, -0.916, -0.183, 0.122, -2.571, -21.132, 158.928, -9.493, -7.467, -35.400, 30.67, -0.18442, -0.17584, 0.05524, -0.96536,
 15:45:50.309,ed:40:fe:65:30:6c, 2015-01-01 03:57:10.060, 0.543, 0.013, 0.841, -0.244, -0.122, 0, 1.258, -32.833, -122.272, -17.860, -6.873, -8.767, 28.4, 0.46719, -0.24203, -0.14597, -0.83768,
 15:45:50.309,ed:40:fe:65:30:6c, 2015-01-01 03:57:10.060, 0.542, 0.015, 0.843, -0.183, 0, 0.122, 1.252, -32.833, -122.283, -17.860, -6.873, -8.767, 28.4, 0.46719, -0.24203, -0.14597, -0.83768,
 15:45:50.334,f6:90:cc:01:6d:25, 2015-01-01 03:57:05.025, 0.906, 0.238, 0.304, 0, 0.183, 0, 38.161, -66.758, 149.024, -26.393, -15.413, -8.367, 32.31, 0.03662, 0.57382, 0.12482, 0.8085,
 15:45:50.334,f6:90:cc:01:6d:25, 2015-01-01 03:57:05.025, 0.906, 0.238, 0.306, 0.122, 0.244, -0.061, 38.156, -66.758, 149.024, -26.393, -15.413, -8.367, 32.31, 0.03662, 0.57382, 0.12482, 0.8085,
 15:45:50.334,e3:ca:2d:fd:e0:8c, 2015-01-01 03:57:04.650, 0.957, 0.089, 0.339, 0.122, 0.244, -0.183, 14.936, -70.005, 147.178, -25.667, -13.380, -13.153, 29.62, 0.15536, 0.57578, -0.05618, 0.80069,
 15:45:50.334,e3:ca:2d:fd:e0:8c, 2015-01-01 03:57:04.650, 0.957, 0.088, 0.338, 0, 0.366, -0.122, 14.936, -69.999, 147.162, -25.667, -13.380, -13.153, 29.62, 0.15536, 0.57578, -0.05618, 0.80069,
 15:45:50.336,ed:35:33:d3:6c:f8, 2015-01-01 03:57:05.085, 0.358, -0.041, 0.926, -0.854, -0.183, 0.244, -2.587, -21.138, 158.961, -9.493, -7.467, -35.400, 30.67, -0.18442, -0.17584, 0.05524, -0.96536,
 15:45:50.336,ed:35:33:d3:6c:f8, 2015-01-01 03:57:05.085, 0.358, -0.037, 0.928, -0.732, -0.244, 0.244, -2.604, -21.149, 158.983, -9.493, -7.467, -35.400, 30.67, -0.18442, -0.17584, 0.05524, -0.96536,
 15:45:50.354,ed:40:fe:65:30:6c, 2015-01-01 03:57:10.060, 0.542, 0.019, 0.844, 0, -0.061, 0.183, 1.241, -32.838, -122.3, -17.860, -6.873, -8.767, 28.4, 0.46719, -0.24203, -0.14597, -0.83768,
 15:45:50.354,ed:40:fe:65:30:6c, 2015-01-01 03:57:10.060, 0.542, 0.021, 0.845, 0.061, 0, 0.244, 1.241, -32.838, -122.311, -17.860, -6.873, -8.767, 28.4, 0.46719, -0.24203, -0.14597, -0.83768,
 15:45:50.356,e3:ca:2d:fd:e0:8c, 2015-01-01 03:57:04.650, 0.957, 0.09, 0.337, -0.122, 0.061, -0.122, 14.936, -69.994, 147.178, -25.667, -13.380, -13.153, 29.62, 0.15799, 0.57559, -0.05853, 0.80014,
 15:45:50.356,e3:ca:2d:fd:e0:8c, 2015-01-01 03:57:04.650, 0.956, 0.09, 0.337, -0.122, -0.061, -0.061, 14.936, -69.994, 147.195, -25.667, -13.380, -13.153, 29.62, 0.15799, 0.57559, -0.05853, 0.80014,
 15:45:50.357,f6:90:cc:01:6d:25, 2015-01-01 03:57:05.025, 0.905, 0.24, 0.306, 0.061, 0.183, 0, 38.156, -66.753, 149.024, -26.393, -15.413, -8.367, 32.31, 0.03741, 0.57391, 0.12418, 0.8085,
 15:45:50.357,f6:90:cc:01:6d:25, 2015-01-01 03:57:05.025, 0.905, 0.241, 0.306, 0.183, 0, 0, 38.15, -66.753, 149.019, -26.393, -15.413, -8.367, 32.31, 0.03741, 0.57391, 0.12418, 0.8085,
 15:45:50.377,ed:40:fe:65:30:6c, 2015-01-01 03:57:10.060, 0.543, 0.019, 0.843, 0.122, -0.061, 0.183, 1.241, -32.838, -122.322, -18.147, -6.760, -7.907, 28.4, 0.46719, -0.24203, -0.14597, -0.83768,
 15:45:50.377,ed:40:fe:65:30:6c, 2015-01-01 03:57:10.060, 0.545, 0.019, 0.841, 0.122, 0, 0.061, 1.241, -32.838, -122.333, -18.147, -6.760, -7.907, 28.4, 0.46719, -0.24203, -0.14597, -0.83768,
 15:45:50.380,ed:35:33:d3:6c:f8, 2015-01-01 03:57:05.085, 0.359, -0.037, 0.928, -0.427, -0.366, 0.244, -2.615, -21.154, 158.978, -9.493, -7.467, -35.400, 30.67, -0.18442, -0.17584, 0.05524, -0.96536,
 15:45:50.380,ed:35:33:d3:6c:f8, 2015-01-01 03:57:05.085, 0.362, -0.04, 0.924, -0.366, -0.305, 0.061, -2.62, -21.16, 158.972, -9.493, -7.467, -35.400, 30.67, -0.18442, -0.17584, 0.05524, -0.96536,
 15:45:50.401,e3:ca:2d:fd:e0:8c, 2015-01-01 03:57:04.650, 0.956, 0.089, 0.338, 0, -0.061, 0, 14.936, -69.994, 147.206, -25.667, -13.380, -13.153, 29.62, 0.15799, 0.57559, -0.05853, 0.80014,
 15:45:50.401,e3:ca:2d:fd:e0:8c, 2015-01-01 03:57:04.650, 0.956, 0.09, 0.338, 0, -0.061, 0.061, 14.936, -69.994, 147.2, -25.667, -13.380, -13.153, 29.62, 0.15799, 0.57559, -0.05853, 0.80014,
 15:45:50.402,f6:90:cc:01:6d:25, 2015-01-01 03:57:05.025, 0.906, 0.241, 0.306, 0.122, 0, 0, 38.156, -66.753, 149.013, -26.393, -15.413, -8.367, 32.31, 0.03741, 0.57391, 0.12418, 0.8085,
 15:45:50.402,f6:90:cc:01:6d:25, 2015-01-01 03:57:05.025, 0.907, 0.241, 0.305, 0.183, 0.244, 0, 38.156, -66.753, 149.013, -26.393, -15.413, -8.367, 32.31, 0.03741, 0.57391, 0.12418, 0.8085,
 15:45:50.404,ed:35:33:d3:6c:f8, 2015-01-01 03:57:05.085, 0.363, -0.041, 0.922, 0, 0, 0, -2.626, -21.165, 158.989, -10.187, -7.227, -35.227, 30.67, -0.18442, -0.17584, 0.05524, -0.96536,
 15:45:50.404,ed:35:33:d3:6c:f8, 2015-01-01 03:57:05.085, 0.36, -0.042, 0.924, 0.244, 0.305, 0.061, -2.62, -21.165, 159, -10.187, -7.227, -35.227, 30.67, -0.18442, -0.17584, 0.05524, -0.96536,
 15:45:50.422,ed:40:fe:65:30:6c, 2015-01-01 03:57:10.060, 0.545, 0.016, 0.841, 0.122, 0.122, 0, 1.241, -32.838, -122.349, -18.147, -6.760, -7.907, 28.4, 0.46719, -0.24203, -0.14597, -0.83768,
 15:45:50.422,ed:40:fe:65:30:6c, 2015-01-01 03:57:10.060, 0.544, 0.017, 0.843, 0.244, 0.061, -0.061, 1.247, -32.838, -122.36, -18.147, -6.760, -7.907, 28.4, 0.46719, -0.24203, -0.14597, -0.83768,
 15:45:50.424,f6:90:cc:01:6d:25, 2015-01-01 03:57:05.380, 0.908, 0.24, 0.306, 0, 0.244, 0, 38.15, -66.753, 149.019, -26.393, -15.413, -8.367, 32.31, 0.03741, 0.57391, 0.12418, 0.8085,
 15:45:50.424,f6:90:cc:01:6d:25, 2015-01-01 03:57:05.380, 0.909, 0.241, 0.307, 0.061, 0.366, 0, 38.139, -66.747, 149.019, -26.393, -15.413, -8.367, 32.31, 0.03741, 0.57391, 0.12418, 0.8085,
 15:45:50.446,e3:ca:2d:fd:e0:8c, 2015-01-01 03:57:05.050, 0.958, 0.091, 0.34, 0, -0.061, 0, 14.93, -69.994, 147.184, -25.667, -13.380, -13.153, 29.62, 0.15799, 0.57559, -0.05853, 0.80014,
 15:45:50.446,e3:ca:2d:fd:e0:8c, 2015-01-01 03:57:05.050, 0.958, 0.091, 0.339, 0, 0, 0, 14.93, -69.994, 147.151, -25.667, -13.380, -13.153, 29.62, 0.15799, 0.57559, -0.05853, 0.80014,
 15:45:50.448,ed:35:33:d3:6c:f8, 2015-01-01 03:57:05.085, 0.361, -0.039, 0.929, 0.122, 0.244, 0.061, -2.615, -21.16, 159.011, -10.187, -7.227, -35.227, 30.67, -0.18442, -0.17584, 0.05524, -0.96536,
 15:45:50.448,ed:35:33:d3:6c:f8, 2015-01-01 03:57:05.085, 0.361, -0.037, 0.93, -0.244, 0.366, 0, -2.615, -21.16, 159.011, -10.187, -7.227, -35.227, 30.67, -0.18442, -0.17584, 0.05524, -0.96536,
 15:45:50.469,f6:90:cc:01:6d:25, 2015-01-01 03:57:05.380, 0.908, 0.24, 0.307, 0, 0.305, 0, 38.134, -66.742, 149.024, -26.393, -15.413, -8.367, 32.31, 0.03741, 0.57391, 0.12418, 0.8085,
 15:45:50.469,f6:90:cc:01:6d:25, 2015-01-01 03:57:05.380, 0.907, 0.239, 0.306, 0, 0.244, 0, 38.123, -66.742, 149.03, -26.393, -15.413, -8.367, 32.31, 0.03741, 0.57391, 0.12418, 0.8085,
 15:45:50.490,ed:40:fe:65:30:6c, 2015-01-01 03:57:10.060, 0.545, 0.02, 0.845, 0.122, 0.122, 0, 1.247, -32.833, -122.377, -18.147, -6.760, -7.907, 28.4, 0.46506, -0.24258, -0.14536, -0.83884,
 15:45:50.490,ed:40:fe:65:30:6c, 2015-01-01 03:57:10.060, 0.542, 0.018, 0.845, 0.061, 0.122, 0.061, 1.247, -32.833, -122.393, -18.147, -6.760, -7.907, 28.4, 0.46506, -0.24258, -0.14536, -0.83884,
 15:45:50.491,e3:ca:2d:fd:e0:8c, 2015-01-01 03:57:05.050, 0.958, 0.089, 0.339, 0, 0.122, 0, 14.93, -69.994, 147.145, -25.667, -13.380, -13.153, 29.62, 0.15799, 0.57559, -0.05853, 0.80014,
 15:45:50.491,e3:ca:2d:fd:e0:8c, 2015-01-01 03:57:05.050, 0.957, 0.088, 0.337, 0, 0.122, 0, 14.93, -69.988, 147.14, -25.667, -13.380, -13.153, 29.62, 0.15799, 0.57559, -0.05853, 0.80014,
 15:45:50.492,ed:35:33:d3:6c:f8, 2015-01-01 03:57:05.085, 0.358, -0.042, 0.929, -0.305, 0.061, 0, -2.62, -21.154, 159, -10.187, -7.227, -35.227, 30.67, -0.18307, -0.17639, 0.05548, -0.96548,
 15:45:50.492,ed:35:33:d3:6c:f8, 2015-01-01 03:57:05.085, 0.358, -0.043, 0.928, -0.305, 0, 0, -2.62, -21.154, 159.016, -10.187, -7.227, -35.227, 30.67, -0.18307, -0.17639, 0.05548, -0.96548,
 15:45:50.512,ed:40:fe:65:30:6c, 2015-01-01 03:57:10.395, 0.541, 0.015, 0.846, 0, 0.061, 0, 1.247, -32.827, -122.404, -18.147, -6.760, -7.907, 28.4, 0.46506, -0.24258, -0.14536, -0.83884,
 15:45:50.512,ed:40:fe:65:30:6c, 2015-01-01 03:57:10.395, 0.541, 0.017, 0.845, 0.061, 0, 0, 1.247, -32.827, -122.421, -18.147, -6.760, -7.907, 28.4, 0.46506, -0.24258, -0.14536, -0.83884,
 15:45:50.513,e3:ca:2d:fd:e0:8c, 2015-01-01 03:57:05.050, 0.957, 0.089, 0.336, 0.061, 0, 0, 14.925, -69.988, 147.129, -25.667, -13.380, -13.153, 29.62, 0.15799, 0.57559, -0.05853, 0.80014,
 15:45:50.513,e3:ca:2d:fd:e0:8c, 2015-01-01 03:57:05.050, 0.957, 0.09, 0.336, 0, -0.122, 0.061, 14.925, -69.988, 147.123, -25.667, -13.380, -13.153, 29.62, 0.15799, 0.57559, -0.05853, 0.80014,
 15:45:50.514,f6:90:cc:01:6d:25, 2015-01-01 03:57:05.380, 0.905, 0.239, 0.306, 0, 0.122, 0, 38.117, -66.736, 149.03, -26.393, -15.413, -8.367, 32.31, 0.03741, 0.57391, 0.12418, 0.8085,
 15:45:50.514,f6:90:cc:01:6d:25, 2015-01-01 03:57:05.380, 0.905, 0.24, 0.305, 0.122, 0, 0, 38.117, -66.736, 149.024, -26.393, -15.413, -8.367, 32.31, 0.03741, 0.57391, 0.12418, 0.8085,
 15:45:50.539,ed:35:33:d3:6c:f8, 2015-01-01 03:57:05.400, 0.358, -0.039, 0.927, -0.061, 0, 0, -2.626, -21.154, 159.022, -10.187, -7.227, -35.227, 30.67, -0.18307, -0.17639, 0.05548, -0.96548,
 15:45:50.539,ed:35:33:d3:6c:f8, 2015-01-01 03:57:05.400, 0.358, -0.038, 0.927, 0, 0, 0, -2.626, -21.16, 159.016, -10.187, -7.227, -35.227, 30.67, -0.18307, -0.17639, 0.05548, -0.96548,
 15:45:50.556,ed:40:fe:65:30:6c, 2015-01-01 03:57:10.395, 0.541, 0.02, 0.844, 0.122, -0.061, 0, 1.252, -32.827, -122.432, -18.147, -6.760, -7.907, 28.4, 0.46506, -0.24258, -0.14536, -0.83884,
 15:45:50.556,ed:40:fe:65:30:6c, 2015-01-01 03:57:10.395, 0.542, 0.02, 0.844, 0.061, -0.122, 0, 1.252, -32.833, -122.448, -18.147, -6.760, -7.907, 28.4, 0.46506, -0.24258, -0.14536, -0.83884,
 15:45:50.558,e3:ca:2d:fd:e0:8c, 2015-01-01 03:57:05.050, 0.957, 0.089, 0.338, 0, -0.122, 0.122, 14.919, -69.988, 147.129, -25.667, -13.380, -13.153, 29.62, 0.15799, 0.57559, -0.05853, 0.80014,
 15:45:50.558,e3:ca:2d:fd:e0:8c, 2015-01-01 03:57:05.050, 0.956, 0.088, 0.339, 0, -0.183, 0.122, 14.914, -69.994, 147.14, -25.667, -13.380, -13.153, 29.62, 0.15799, 0.57559, -0.05853, 0.80014,
 15:45:50.560,f6:90:cc:01:6d:25, 2015-01-01 03:57:05.380, 0.907, 0.24, 0.306, 0.244, -0.061, 0, 38.123, -66.736, 149.019, -26.393, -15.413, -8.367, 32.31, 0.03741, 0.57391, 0.12418, 0.8085,
 15:45:50.560,f6:90:cc:01:6d:25, 2015-01-01 03:57:05.380, 0.907, 0.239, 0.307, 0.122, -0.122, 0, 38.128, -66.742, 149.013, -26.393, -15.413, -8.367, 32.31, 0.03741, 0.57391, 0.12418, 0.8085,
 15:45:50.580,ed:40:fe:65:30:6c, 2015-01-01 03:57:10.395, 0.545, 0.018, 0.844, 0, -0.061, 0, 1.252, -32.833, -122.465, -18.147, -6.760, -7.907, 28.4, 0.46506, -0.24258, -0.14536, -0.83884,
 15:45:50.580,ed:40:fe:65:30:6c, 2015-01-01 03:57:10.395, 0.544, 0.015, 0.843, -0.061, -0.061, 0, 1.252, -32.833, -122.476, -18.147, -6.760, -7.907, 28.4, 0.46506, -0.24258, -0.14536, -0.83884,
 15:45:50.583,ed:35:33:d3:6c:f8, 2015-01-01 03:57:05.400, 0.361, -0.039, 0.927, -0.061, -0.122, 0, -2.62, -21.16, 159.016, -10.187, -7.227, -35.227, 30.67, -0.18307, -0.17639, 0.05548, -0.96548,
 15:45:50.583,ed:35:33:d3:6c:f8, 2015-01-01 03:57:05.400, 0.362, -0.042, 0.925, -0.061, -0.061, -0.061, -2.62, -21.16, 159.016, -10.187, -7.227, -35.227, 30.67, -0.18307, -0.17639, 0.05548, -0.96548,
 15:45:50.605,ed:35:33:d3:6c:f8, 2015-01-01 03:57:05.400, 0.36, -0.042, 0.925, -0.122, 0, 0, -2.62, -21.16, 159.016, -10.187, -7.227, -35.227, 30.67, -0.18307, -0.17639, 0.05548, -0.96548,
 15:45:50.605,ed:35:33:d3:6c:f8, 2015-01-01 03:57:05.400, 0.358, -0.042, 0.927, -0.122, 0.183, 0, -2.62, -21.16, 159.016, -10.187, -7.227, -35.227, 30.67, -0.18307, -0.17639, 0.05548, -0.96548,
 15:45:50.625,ed:40:fe:65:30:6c, 2015-01-01 03:57:10.395, 0.542, 0.016, 0.844, -0.122, -0.061, 0, 1.247, -32.833, -122.492, -18.147, -6.760, -7.907, 28.4, 0.46506, -0.24258, -0.14536, -0.83884,
 15:45:50.625,ed:40:fe:65:30:6c, 2015-01-01 03:57:10.395, 0.542, 0.016, 0.845, -0.122, 0, 0, 1.241, -32.833, -122.503, -18.147, -6.760, -7.907, 28.4, 0.46506, -0.24258, -0.14536, -0.83884,
 15:45:50.626,e3:ca:2d:fd:e0:8c, 2015-01-01 03:57:05.050, 0.956, 0.088, 0.34, 0, -0.122, 0.061, 14.914, -69.994, 147.134, -25.667, -13.380, -13.153, 29.62, 0.15799, 0.57559, -0.05853, 0.80014,
 15:45:50.626,e3:ca:2d:fd:e0:8c, 2015-01-01 03:57:05.050, 0.957, 0.088, 0.341, 0.061, -0.061, 0, 14.908, -69.994, 147.14, -25.667, -13.380, -13.153, 29.62, 0.15799, 0.57559, -0.05853, 0.80014,
 15:45:50.627,f6:90:cc:01:6d:25, 2015-01-01 03:57:05.380, 0.908, 0.238, 0.306, 0.122, 0, 0, 38.134, -66.742, 149.008, -26.393, -15.413, -8.367, 32.31, 0.03741, 0.57391, 0.12418, 0.8085,
 15:45:50.627,f6:90:cc:01:6d:25, 2015-01-01 03:57:05.380, 0.907, 0.238, 0.307, -0.122, 0.061, 0, 38.128, -66.742, 149.002, -26.393, -15.413, -8.367, 32.31, 0.03741, 0.57391, 0.12418, 0.8085,
 15:45:50.648,e3:ca:2d:fd:e0:8c, 2015-01-01 03:57:05.050, 0.957, 0.089, 0.339, 0, 0, -0.061, 14.908, -69.994, 147.14, -25.907, -13.780, -13.280, 29.62, 0.15799, 0.57559, -0.05853, 0.80014,
 15:45:50.648,e3:ca:2d:fd:e0:8c, 2015-01-01 03:57:05.050, 0.958, 0.089, 0.338, 0, 0, 0, 14.908, -69.994, 147.151, -25.907, -13.780, -13.280, 29.62, 0.15799, 0.57559, -0.05853, 0.80014,
 15:45:50.649,f6:90:cc:01:6d:25, 2015-01-01 03:57:05.380, 0.907, 0.238, 0.308, -0.244, 0.061, 0, 38.123, -66.742, 148.997, -26.240, -15.480, -7.980, 32.31, 0.03741, 0.57391, 0.12418, 0.8085,
 15:45:50.649,f6:90:cc:01:6d:25, 2015-01-01 03:57:05.380, 0.907, 0.238, 0.306, 0.061, 0.061, 0, 38.117, -66.742, 148.997, -26.240, -15.480, -7.980, 32.31, 0.03741, 0.57391, 0.12418, 0.8085,
 15:45:50.650,ed:35:33:d3:6c:f8, 2015-01-01 03:57:05.400, 0.36, -0.041, 0.927, -0.427, 0.244, 0, -2.626, -21.16, 159.016, -10.187, -7.227, -35.227, 30.67, -0.18307, -0.17639, 0.05548, -0.96548,
 15:45:50.650,ed:35:33:d3:6c:f8, 2015-01-01 03:57:05.400, 0.359, -0.04, 0.927, -0.244, 0.122, 0, -2.631, -21.154, 159.016, -10.187, -7.227, -35.227, 30.67, -0.18307, -0.17639, 0.05548, -0.96548,
 15:45:50.692,e3:ca:2d:fd:e0:8c, 2015-01-01 03:57:05.050, 0.958, 0.089, 0.337, 0.061, 0, 0, 14.908, -69.994, 147.167, -25.907, -13.780, -13.280, 29.62, 0.15799, 0.57559, -0.05853, 0.80014,
 15:45:50.692,e3:ca:2d:fd:e0:8c, 2015-01-01 03:57:05.050, 0.958, 0.089, 0.336, 0.061, 0, -0.061, 14.908, -69.988, 147.167, -25.907, -13.780, -13.280, 29.62, 0.15799, 0.57559, -0.05853, 0.80014,
 15:45:50.692,ed:40:fe:65:30:6c, 2015-01-01 03:57:10.395, 0.542, 0.017, 0.844, -0.122, 0, 0.061, 1.241, -32.827, -122.514, -18.147, -6.760, -7.907, 28.4, 0.46506, -0.24258, -0.14536, -0.83884,
 15:45:50.692,ed:40:fe:65:30:6c, 2015-01-01 03:57:10.395, 0.543, 0.017, 0.845, -0.061, -0.061, 0.061, 1.236, -32.827, -122.525, -18.147, -6.760, -7.907, 28.4, 0.46506, -0.24258, -0.14536, -0.83884,
 15:45:50.696,ed:35:33:d3:6c:f8, 2015-01-01 03:57:05.400, 0.361, -0.04, 0.927, -0.244, 0.061, 0.061, -2.637, -21.154, 159.016, -10.187, -7.227, -35.227, 30.67, -0.18307, -0.17639, 0.05548, -0.96548,
 15:45:50.696,ed:35:33:d3:6c:f8, 2015-01-01 03:57:05.400, 0.361, -0.038, 0.926, -0.122, 0.305, 0, -2.637, -21.149, 159.016, -10.187, -7.227, -35.227, 30.67, -0.18307, -0.17639, 0.05548, -0.96548,
 15:45:50.696,f6:90:cc:01:6d:25, 2015-01-01 03:57:05.380, 0.906, 0.239, 0.306, 0.122, 0, 0, 38.117, -66.742, 148.991, -26.240, -15.480, -7.980, 32.31, 0.03741, 0.57391, 0.12418, 0.8085,
 15:45:50.696,f6:90:cc:01:6d:25, 2015-01-01 03:57:05.380, 0.906, 0.239, 0.306, 0.122, 0, 0, 38.117, -66.742, 148.986, -26.240, -15.480, -7.980, 32.31, 0.03741, 0.57391, 0.12418, 0.8085,
 15:45:50.715,ed:40:fe:65:30:6c, 2015-01-01 03:57:10.395, 0.545, 0.019, 0.844, 0, -0.061, 0, 1.236, -32.827, -122.542, -17.780, -6.893, -8.333, 28.4, 0.46506, -0.24258, -0.14536, -0.83884,
 15:45:50.715,ed:40:fe:65:30:6c, 2015-01-01 03:57:10.395, 0.546, 0.02, 0.843, 0, -0.122, 0, 1.236, -32.833, -122.552, -17.780, -6.893, -8.333, 28.4, 0.46506, -0.24258, -0.14536, -0.83884,
 15:45:50.715,e3:ca:2d:fd:e0:8c, 2015-01-01 03:57:05.050, 0.959, 0.09, 0.337, 0.061, 0, 0, 14.908, -69.988, 147.167, -25.907, -13.780, -13.280, 29.62, 0.15811, 0.5755, -0.05872, 0.80014,
 15:45:50.715,e3:ca:2d:fd:e0:8c, 2015-01-01 03:57:05.050, 0.958, 0.09, 0.337, 0, 0, 0, 14.908, -69.988, 147.162, -25.907, -13.780, -13.280, 29.62, 0.15811, 0.5755, -0.05872, 0.80014,
 15:45:50.717,f6:90:cc:01:6d:25, 2015-01-01 03:57:05.380, 0.907, 0.241, 0.305, 0.183, -0.061, 0, 38.117, -66.742, 148.98, -26.240, -15.480, -7.980, 32.31, 0.03793, 0.57388, 0.12375, 0.80859,
 15:45:50.717,f6:90:cc:01:6d:25, 2015-01-01 03:57:05.380, 0.909, 0.244, 0.305, 0.122, -0.122, 0, 38.123, -66.742, 148.975, -26.240, -15.480, -7.980, 32.31, 0.03793, 0.57388, 0.12375, 0.80859,
 15:45:50.740,ed:35:33:d3:6c:f8, 2015-01-01 03:57:05.400, 0.364, -0.039, 0.928, -0.061, 0, 0, -2.637, -21.149, 159.016, -9.707, -6.727, -35.327, 30.67, -0.18307, -0.17639, 0.05548, -0.96548,
 15:45:50.740,ed:35:33:d3:6c:f8, 2015-01-01 03:57:05.400, 0.363, -0.041, 0.926, 0, 0, 0, -2.637, -21.149, 159.022, -9.707, -6.727, -35.327, 30.67, -0.18307, -0.17639, 0.05548, -0.96548,
 15:45:50.760,e3:ca:2d:fd:e0:8c, 2015-01-01 03:57:05.050, 0.959, 0.09, 0.338, 0, 0, 0, 14.908, -69.988, 147.134, -25.907, -13.780, -13.280, 29.62, 0.15811, 0.5755, -0.05872, 0.80014,
 15:45:50.760,e3:ca:2d:fd:e0:8c, 2015-01-01 03:57:05.050, 0.957, 0.089, 0.338, 0, 0.244, 0, 14.908, -69.983, 147.123, -25.907, -13.780, -13.280, 29.62, 0.15811, 0.5755, -0.05872, 0.80014,
 15:45:50.760,ed:40:fe:65:30:6c, 2015-01-01 03:57:10.395, 0.548, 0.02, 0.843, -0.061, -0.183, 0, 1.236, -32.833, -122.563, -17.780, -6.893, -8.333, 28.4, 0.46506, -0.24258, -0.14536, -0.83884,
 15:45:50.760,ed:40:fe:65:30:6c, 2015-01-01 03:57:10.395, 0.548, 0.016, 0.844, -0.061, -0.183, 0, 1.23, -32.838, -122.58, -17.780, -6.893, -8.333, 28.4, 0.46506, -0.24258, -0.14536, -0.83884,
 15:45:50.763,f6:90:cc:01:6d:25, 2015-01-01 03:57:05.380, 0.91, 0.243, 0.305, 0, -0.244, 0, 38.128, -66.747, 148.964, -26.240, -15.480, -7.980, 32.31, 0.03793, 0.57388, 0.12375, 0.80859,
 15:45:50.763,f6:90:cc:01:6d:25, 2015-01-01 03:57:05.380, 0.908, 0.24, 0.303, 0, -0.183, 0, 38.139, -66.753, 148.953, -26.240, -15.480, -7.980, 32.31, 0.03793, 0.57388, 0.12375, 0.80859,
 15:45:50.765,ed:35:33:d3:6c:f8, 2015-01-01 03:57:05.400, 0.363, -0.041, 0.927, 0.061, -0.122, 0, -2.631, -21.154, 159.022, -9.707, -6.727, -35.327, 30.67, -0.18304, -0.17633, 0.0556, -0.96552,
 15:45:50.765,ed:35:33:d3:6c:f8, 2015-01-01 03:57:05.400, 0.363, -0.04, 0.925, 0.305, 0, 0, -2.626, -21.154, 159.022, -9.707, -6.727, -35.327, 30.67, -0.18304, -0.17633, 0.0556, -0.96552,
 15:45:50.782,ed:40:fe:65:30:6c, 2015-01-01 03:57:10.395, 0.546, 0.016, 0.842, 0.061, -0.122, 0, 1.236, -32.838, -122.591, -17.780, -6.893, -8.333, 28.4, 0.46338, -0.24292, -0.14484, -0.83975,
 15:45:50.782,ed:40:fe:65:30:6c, 2015-01-01 03:57:10.395, 0.546, 0.017, 0.84, 0.061, -0.122, 0, 1.236, -32.844, -122.602, -17.780, -6.893, -8.333, 28.4, 0.46338, -0.24292, -0.14484, -0.83975,
 15:45:50.805,e3:ca:2d:fd:e0:8c, 2015-01-01 03:57:05.410, 0.955, 0.089, 0.338, 0, 0.183, 0, 14.903, -69.983, 147.151, -25.907, -13.780, -13.280, 29.62, 0.15811, 0.5755, -0.05872, 0.80014,
 15:45:50.805,e3:ca:2d:fd:e0:8c, 2015-01-01 03:57:05.410, 0.958, 0.088, 0.337, -0.061, 0.244, 0, 14.903, -69.977, 147.178, -25.907, -13.780, -13.280, 29.62, 0.15811, 0.5755, -0.05872, 0.80014,
 15:45:50.807,f6:90:cc:01:6d:25, 2015-01-01 03:57:05.740, 0.906, 0.239, 0.304, 0, 0, 0, 38.139, -66.753, 148.947, -26.240, -15.480, -7.980, 32.31, 0.03793, 0.57388, 0.12375, 0.80859,
 15:45:50.807,f6:90:cc:01:6d:25, 2015-01-01 03:57:05.740, 0.907, 0.238, 0.303, -0.305, 0, 0, 38.134, -66.753, 148.942, -26.240, -15.480, -7.980, 32.31, 0.03793, 0.57388, 0.12375, 0.80859,
 15:45:50.808,ed:35:33:d3:6c:f8, 2015-01-01 03:57:05.400, 0.364, -0.04, 0.92, 0.244, 0, 0, -2.62, -21.154, 159.022, -9.707, -6.727, -35.327, 30.67, -0.18304, -0.17633, 0.0556, -0.96552,
 15:45:50.809,ed:35:33:d3:6c:f8, 2015-01-01 03:57:05.400, 0.361, -0.04, 0.922, 0.61, 0.244, 0.305, -2.609, -21.154, 159.022, -9.707, -6.727, -35.327, 30.67, -0.18304, -0.17633, 0.0556, -0.96552,
 15:45:50.827,ed:40:fe:65:30:6c, 2015-01-01 03:57:10.395, 0.546, 0.018, 0.84, 0.183, 0, 0, 1.236, -32.844, -122.613, -17.780, -6.893, -8.333, 28.4, 0.46338, -0.24292, -0.14484, -0.83975,
 15:45:50.827,ed:40:fe:65:30:6c, 2015-01-01 03:57:10.395, 0.545, 0.018, 0.844, 0.122, 0.061, 0, 1.241, -32.844, -122.624, -17.780, -6.893, -8.333, 28.4, 0.46338, -0.24292, -0.14484, -0.83975,
 15:45:50.829,f6:90:cc:01:6d:25, 2015-01-01 03:57:05.740, 0.909, 0.24, 0.306, -0.488, 0, 0, 38.128, -66.753, 148.942, -26.240, -15.480, -7.980, 32.31, 0.03793, 0.57388, 0.12375, 0.80859,
 15:45:50.829,f6:90:cc:01:6d:25, 2015-01-01 03:57:05.740, 0.909, 0.241, 0.306, -0.366, 0.122, 0, 38.117, -66.753, 148.936, -26.240, -15.480, -7.980, 32.31, 0.03793, 0.57388, 0.12375, 0.80859,
 15:45:50.852,e3:ca:2d:fd:e0:8c, 2015-01-01 03:57:05.410, 0.959, 0.088, 0.338, -0.061, 0.244, 0, 14.897, -69.972, 147.206, -25.907, -13.780, -13.280, 29.62, 0.15811, 0.5755, -0.05872, 0.80014,
 15:45:50.852,e3:ca:2d:fd:e0:8c, 2015-01-01 03:57:05.410, 0.957, 0.089, 0.339, 0, 0.305, 0, 14.892, -69.966, 147.206, -25.907, -13.780, -13.280, 29.62, 0.15811, 0.5755, -0.05872, 0.80014,
 15:45:50.853,ed:35:33:d3:6c:f8, 2015-01-01 03:57:05.690, 0.358, -0.04, 0.929, 0.427, 0.183, 0.183, -2.598, -21.154, 159.027, -9.707, -6.727, -35.327, 30.67, -0.18304, -0.17633, 0.0556, -0.96552,
 15:45:50.853,ed:35:33:d3:6c:f8, 2015-01-01 03:57:05.690, 0.357, -0.04, 0.932, 0.244, 0, 0.305, -2.593, -21.154, 159.033, -9.707, -6.727, -35.327, 30.67, -0.18304, -0.17633, 0.0556, -0.96552,
 15:45:50.872,ed:40:fe:65:30:6c, 2015-01-01 03:57:10.730, 0.542, 0.017, 0.847, 0.122, 0.061, 0, 1.241, -32.844, -122.635, -17.780, -6.893, -8.333, 28.4, 0.46338, -0.24292, -0.14484, -0.83975,
 15:45:50.872,ed:40:fe:65:30:6c, 2015-01-01 03:57:10.730, 0.542, 0.016, 0.846, 0.183, 0, 0, 1.241, -32.844, -122.651, -17.780, -6.893, -8.333, 28.4, 0.46338, -0.24292, -0.14484, -0.83975,
 15:45:50.875,f6:90:cc:01:6d:25, 2015-01-01 03:57:05.740, 0.908, 0.238, 0.305, -0.122, 0.061, 0, 38.112, -66.753, 148.936, -26.240, -15.480, -7.980, 32.31, 0.03793, 0.57388, 0.12375, 0.80859,
 15:45:50.875,f6:90:cc:01:6d:25, 2015-01-01 03:57:05.740, 0.906, 0.236, 0.305, -0.183, 0.061, 0, 38.106, -66.753, 148.936, -26.240, -15.480, -7.980, 32.31, 0.03793, 0.57388, 0.12375, 0.80859,
 15:45:50.896,e3:ca:2d:fd:e0:8c, 2015-01-01 03:57:05.410, 0.957, 0.087, 0.339, 0.061, 0.305, 0, 14.886, -69.961, 147.206, -25.907, -13.780, -13.280, 29.62, 0.15811, 0.5755, -0.05872, 0.80014,
 15:45:50.896,e3:ca:2d:fd:e0:8c, 2015-01-01 03:57:05.410, 0.956, 0.087, 0.339, 0.122, 0.305, 0, 14.881, -69.95, 147.217, -25.907, -13.780, -13.280, 29.62, 0.15811, 0.5755, -0.05872, 0.80014,
 15:45:50.898,ed:35:33:d3:6c:f8, 2015-01-01 03:57:05.690, 0.357, -0.041, 0.931, 0.366, -0.183, 0.305, -2.587, -21.16, 159.044, -9.707, -6.727, -35.327, 30.67, -0.18304, -0.17633, 0.0556, -0.96552,
 15:45:50.898,ed:35:33:d3:6c:f8, 2015-01-01 03:57:05.690, 0.358, -0.043, 0.929, 0.488, -0.244, 0.244, -2.582, -21.165, 159.049, -9.707, -6.727, -35.327, 30.67, -0.18304, -0.17633, 0.0556, -0.96552,
 15:45:50.916,ed:40:fe:65:30:6c, 2015-01-01 03:57:10.730, 0.542, 0.014, 0.845, 0.244, -0.061, 0, 1.247, -32.844, -122.662, -17.780, -6.893, -8.333, 28.4, 0.46338, -0.24292, -0.14484, -0.83975,
 15:45:50.916,ed:40:fe:65:30:6c, 2015-01-01 03:57:10.730, 0.541, 0.015, 0.844, 0.366, -0.183, 0, 1.252, -32.844, -122.673, -17.780, -6.893, -8.333, 28.4, 0.46338, -0.24292, -0.14484, -0.83975,
 15:45:50.918,e3:ca:2d:fd:e0:8c, 2015-01-01 03:57:05.410, 0.956, 0.089, 0.339, 0.122, 0.305, 0, 14.875, -69.944, 147.228, -25.907, -13.780, -13.280, 29.62, 0.15811, 0.5755, -0.05872, 0.80014,
 15:45:50.918,e3:ca:2d:fd:e0:8c, 2015-01-01 03:57:05.410, 0.955, 0.089, 0.339, 0.122, 0.122, 0, 14.875, -69.944, 147.228, -25.907, -13.780, -13.280, 29.62, 0.15811, 0.5755, -0.05872, 0.80014,
 15:45:50.920,f6:90:cc:01:6d:25, 2015-01-01 03:57:05.740, 0.906, 0.238, 0.306, -0.244, 0.122, 0, 38.101, -66.753, 148.931, -26.240, -15.480, -7.980, 32.31, 0.03793, 0.57388, 0.12375, 0.80859,
 15:45:50.920,f6:90:cc:01:6d:25, 2015-01-01 03:57:05.740, 0.905, 0.238, 0.307, -0.305, -0.061, 0, 38.095, -66.753, 148.931, -26.240, -15.480, -7.980, 32.31, 0.03793, 0.57388, 0.12375, 0.80859,
 15:45:50.939,ed:40:fe:65:30:6c, 2015-01-01 03:57:10.730, 0.541, 0.015, 0.844, 0.366, -0.122, 0, 1.258, -32.849, -122.684, -17.780, -6.893, -8.333, 28.4, 0.46338, -0.24292, -0.14484, -0.83975,
 15:45:50.939,ed:40:fe:65:30:6c, 2015-01-01 03:57:10.730, 0.539, 0.017, 0.845, 0.305, -0.244, 0, 1.263, -32.849, -122.695, -17.780, -6.893, -8.333, 28.4, 0.46338, -0.24292, -0.14484, -0.83975,
 15:45:50.943,ed:35:33:d3:6c:f8, 2015-01-01 03:57:05.690, 0.358, -0.042, 0.926, 0.671, -0.183, 0, -2.571, -21.165, 159.049, -9.707, -6.727, -35.327, 30.67, -0.18304, -0.17633, 0.0556, -0.96552,
 15:45:50.943,ed:35:33:d3:6c:f8, 2015-01-01 03:57:05.690, 0.356, -0.041, 0.926, 0.61, 0, 0.061, -2.56, -21.171, 159.055, -9.707, -6.727, -35.327, 30.67, -0.18304, -0.17633, 0.0556, -0.96552,
 15:45:50.965,ed:35:33:d3:6c:f8, 2015-01-01 03:57:05.690, 0.354, -0.038, 0.928, 0.366, -0.122, 0.183, -2.549, -21.171, 159.055, -9.707, -6.727, -35.327, 30.67, -0.18304, -0.17633, 0.0556, -0.96552,
 15:45:50.965,ed:35:33:d3:6c:f8, 2015-01-01 03:57:05.690, 0.357, -0.036, 0.931, 0.122, -0.366, 0.183, -2.543, -21.176, 159.06, -9.707, -6.727, -35.327, 30.67, -0.18304, -0.17633, 0.0556, -0.96552,
 15:45:50.984,ed:40:fe:65:30:6c, 2015-01-01 03:57:10.730, 0.54, 0.02, 0.846, 0.183, -0.244, 0, 1.263, -32.855, -122.706, -17.780, -6.893, -8.333, 28.4, 0.46338, -0.24292, -0.14484, -0.83975,
 15:45:50.984,ed:40:fe:65:30:6c, 2015-01-01 03:57:10.730, 0.542, 0.021, 0.846, 0.122, -0.305, 0, 1.269, -32.855, -122.717, -17.780, -6.893, -8.333, 28.4, 0.46338, -0.24292, -0.14484, -0.83975,
 15:45:50.985,e3:ca:2d:fd:e0:8c, 2015-01-01 03:57:05.410, 0.955, 0.089, 0.341, 0.183, 0, 0, 14.875, -69.939, 147.206, -25.907, -13.780, -13.280, 29.62, 0.15811, 0.5755, -0.05872, 0.80014,
 15:45:50.985,e3:ca:2d:fd:e0:8c, 2015-01-01 03:57:05.410, 0.955, 0.089, 0.34, 0.122, 0, 0, 14.875, -69.939, 147.195, -25.907, -13.780, -13.280, 29.62, 0.15811, 0.5755, -0.05872, 0.80014,
 15:45:50.987,f6:90:cc:01:6d:25, 2015-01-01 03:57:05.740, 0.904, 0.237, 0.307, -0.244, -0.122, 0, 38.09, -66.758, 148.92, -26.240, -15.480, -7.980, 32.31, 0.03793, 0.57388, 0.12375, 0.80859,
 15:45:50.987,f6:90:cc:01:6d:25, 2015-01-01 03:57:05.740, 0.904, 0.238, 0.307, 0, -0.061, 0, 38.09, -66.758, 148.914, -26.240, -15.480, -7.980, 32.31, 0.03793, 0.57388, 0.12375, 0.80859,
 15:45:51.008,e3:ca:2d:fd:e0:8c, 2015-01-01 03:57:05.410, 0.956, 0.089, 0.342, 0.061, 0.061, 0, 14.875, -69.939, 147.184, -25.293, -13.713, -13.400, 29.62, 0.15811, 0.5755, -0.05872, 0.80014,
 15:45:51.008,e3:ca:2d:fd:e0:8c, 2015-01-01 03:57:05.410, 0.957, 0.09, 0.341, 0, 0, 0, 14.87, -69.933, 147.189, -25.293, -13.713, -13.400, 29.62, 0.15811, 0.5755, -0.05872, 0.80014,
 15:45:51.011,ed:35:33:d3:6c:f8, 2015-01-01 03:57:05.690, 0.358, -0.036, 0.932, 0.244, -0.488, 0.122, -2.543, -21.182, 159.066, -9.707, -6.727, -35.327, 30.67, -0.18304, -0.17633, 0.0556, -0.96552,
 15:45:51.011,ed:35:33:d3:6c:f8, 2015-01-01 03:57:05.690, 0.359, -0.041, 0.932, 0.671, -0.305, 0, -2.532, -21.187, 159.066, -9.707, -6.727, -35.327, 30.67, -0.18304, -0.17633, 0.0556, -0.96552,
 15:45:51.011,f6:90:cc:01:6d:25, 2015-01-01 03:57:05.740, 0.906, 0.24, 0.307, 0, -0.183, 0, 38.095, -66.764, 148.909, -26.180, -15.833, -8.827, 32.31, 0.03793, 0.57388, 0.12375, 0.80859,
 15:45:51.011,f6:90:cc:01:6d:25, 2015-01-01 03:57:05.740, 0.907, 0.241, 0.308, -0.061, -0.244, 0, 38.095, -66.769, 148.898, -26.180, -15.833, -8.827, 32.31, 0.03793, 0.57388, 0.12375, 0.80859,
 15:45:51.029,ed:40:fe:65:30:6c, 2015-01-01 03:57:10.730, 0.543, 0.019, 0.847, 0.305, -0.427, 0, 1.269, -32.86, -122.728, -17.780, -6.893, -8.333, 28.4, 0.46338, -0.24292, -0.14484, -0.83975,
 15:45:51.029,ed:40:fe:65:30:6c, 2015-01-01 03:57:10.730, 0.543, 0.015, 0.846, 0.183, -0.61, 0, 1.274, -32.871, -122.739, -17.780, -6.893, -8.333, 28.4, 0.46338, -0.24292, -0.14484, -0.83975,
 15:45:51.053,e3:ca:2d:fd:e0:8c, 2015-01-01 03:57:05.410, 0.956, 0.091, 0.34, 0, -0.061, 0, 14.87, -69.933, 147.206, -25.293, -13.713, -13.400, 29.62, 0.15811, 0.5755, -0.05872, 0.80014,
 15:45:51.053,e3:ca:2d:fd:e0:8c, 2015-01-01 03:57:05.410, 0.955, 0.089, 0.339, 0, -0.122, 0, 14.87, -69.933, 147.195, -25.293, -13.713, -13.400, 29.62, 0.15811, 0.5755, -0.05872, 0.80014,
 15:45:51.055,f6:90:cc:01:6d:25, 2015-01-01 03:57:05.740, 0.907, 0.24, 0.308, -0.122, -0.244, 0, 38.101, -66.769, 148.881, -26.180, -15.833, -8.827, 32.31, 0.03793, 0.57388, 0.12375, 0.80859,
 15:45:51.055,f6:90:cc:01:6d:25, 2015-01-01 03:57:05.740, 0.906, 0.239, 0.307, -0.061, -0.427, 0, 38.106, -66.775, 148.87, -26.180, -15.833, -8.827, 32.31, 0.03793, 0.57388, 0.12375, 0.80859,
 15:45:51.055,ed:35:33:d3:6c:f8, 2015-01-01 03:57:05.690, 0.361, -0.043, 0.927, 0.61, -0.671, -0.061, -2.516, -21.198, 159.066, -10.360, -6.847, -35.760, 30.67, -0.18304, -0.17633, 0.0556, -0.96552,
 15:45:51.055,ed:35:33:d3:6c:f8, 2015-01-01 03:57:05.690, 0.362, -0.042, 0.921, 0.244, -0.305, -0.183, -2.51, -21.204, 159.066, -10.360, -6.847, -35.760, 30.67, -0.18304, -0.17633, 0.0556, -0.96552,
 15:45:51.077,f6:90:cc:01:6d:25, 2015-01-01 03:57:05.740, 0.905, 0.238, 0.306, 0, -0.366, 0, 38.117, -66.78, 148.854, -26.180, -15.833, -8.827, 32.31, 0.0387, 0.57425, 0.12299, 0.80841,
 15:45:51.077,f6:90:cc:01:6d:25, 2015-01-01 03:57:05.740, 0.907, 0.24, 0.304, -0.061, -0.366, -0.305, 38.134, -66.786, 148.826, -26.180, -15.833, -8.827, 32.31, 0.0387, 0.57425, 0.12299, 0.80841,
 15:45:51.097,ed:40:fe:65:30:6c, 2015-01-01 03:57:10.730, 0.544, 0.014, 0.843, 0, -0.488, 0, 1.274, -32.877, -122.75, -17.973, -6.980, -8.180, 28.4, 0.46338, -0.24292, -0.14484, -0.83975,
 15:45:51.097,ed:40:fe:65:30:6c, 2015-01-01 03:57:10.730, 0.545, 0.017, 0.84, -0.183, -0.427, 0, 1.269, -32.888, -122.761, -17.973, -6.980, -8.180, 28.4, 0.46338, -0.24292, -0.14484, -0.83975,
 15:45:51.102,ed:35:33:d3:6c:f8, 2015-01-01 03:57:05.690, 0.363, -0.037, 0.921, -0.427, -0.183, -0.183, -2.51, -21.209, 159.06, -10.360, -6.847, -35.760, 30.67, -0.18246, -0.177, 0.05457, -0.96555,
 15:45:51.102,ed:35:33:d3:6c:f8, 2015-01-01 03:57:05.690, 0.364, -0.031, 0.925, -0.61, -0.244, -0.061, -2.516, -21.215, 159.06, -10.360, -6.847, -35.760, 30.67, -0.18246, -0.177, 0.05457, -0.96555,
 15:45:51.120,ed:40:fe:65:30:6c, 2015-01-01 03:57:10.730, 0.547, 0.021, 0.84, -0.427, -0.244, 0, 1.263, -32.888, -122.767, -17.973, -6.980, -8.180, 28.4, 0.46201, -0.24344, -0.14487, -0.84036,
 15:45:51.120,ed:40:fe:65:30:6c, 2015-01-01 03:57:10.730, 0.549, 0.021, 0.84, -0.305, -0.183, 0, 1.252, -32.893, -122.778, -17.973, -6.980, -8.180, 28.4, 0.46201, -0.24344, -0.14487, -0.84036,
 15:45:51.122,e3:ca:2d:fd:e0:8c, 2015-01-01 03:57:05.410, 0.956, 0.09, 0.338, 0.061, -0.305, 0, 14.875, -69.939, 147.195, -25.293, -13.713, -13.400, 29.62, 0.15823, 0.5751, -0.05869, 0.80042,
 15:45:51.122,e3:ca:2d:fd:e0:8c, 2015-01-01 03:57:05.410, 0.958, 0.09, 0.338, 0.122, -0.305, 0, 14.881, -69.944, 147.2, -25.293, -13.713, -13.400, 29.62, 0.15823, 0.5751, -0.05869, 0.80042,
 15:45:51.122,f6:90:cc:01:6d:25, 2015-01-01 03:57:05.740, 0.908, 0.24, 0.304, -0.122, -0.305, -0.305, 38.15, -66.786, 148.804, -26.180, -15.833, -8.827, 32.31, 0.0387, 0.57425, 0.12299, 0.80841,
 15:45:51.122,f6:90:cc:01:6d:25, 2015-01-01 03:57:05.740, 0.909, 0.242, 0.302, -0.061, -0.061, -0.183, 38.156, -66.786, 148.788, -26.180, -15.833, -8.827, 32.31, 0.0387, 0.57425, 0.12299, 0.80841,
 15:45:51.143,e3:ca:2d:fd:e0:8c, 2015-01-01 03:57:05.765, 0.957, 0.09, 0.339, 0.122, -0.305, 0, 14.886, -69.95, 147.195, -25.293, -13.713, -13.400, 29.62, 0.15823, 0.5751, -0.05869, 0.80042,
 15:45:51.143,e3:ca:2d:fd:e0:8c, 2015-01-01 03:57:05.765, 0.958, 0.091, 0.337, 0.122, -0.183, 0, 14.892, -69.95, 147.2, -25.293, -13.713, -13.400, 29.62, 0.15823, 0.5751, -0.05869, 0.80042,
 15:45:51.146,ed:35:33:d3:6c:f8, 2015-01-01 03:57:06.000, 0.366, -0.035, 0.926, -0.305, -0.183, 0, -2.521, -21.215, 159.06, -10.360, -6.847, -35.760, 30.67, -0.18246, -0.177, 0.05457, -0.96555,
 15:45:51.146,ed:35:33:d3:6c:f8, 2015-01-01 03:57:06.000, 0.365, -0.04, 0.927, -0.244, 0, -0.122, -2.527, -21.22, 159.06, -10.360, -6.847, -35.760, 30.67, -0.18246, -0.177, 0.05457, -0.96555,
 15:45:51.164,ed:40:fe:65:30:6c, 2015-01-01 03:57:10.730, 0.549, 0.018, 0.842, -0.244, -0.061, 0, 1.252, -32.893, -122.789, -17.973, -6.980, -8.180, 28.4, 0.46201, -0.24344, -0.14487, -0.84036,
 15:45:51.164,ed:40:fe:65:30:6c, 2015-01-01 03:57:10.730, 0.549, 0.017, 0.843, -0.061, -0.122, 0, 1.247, -32.893, -122.8, -17.973, -6.980, -8.180, 28.4, 0.46201, -0.24344, -0.14487, -0.84036,
 15:45:51.165,e3:ca:2d:fd:e0:8c, 2015-01-01 03:57:05.765, 0.958, 0.09, 0.338, 0.122, -0.061, 0, 14.897, -69.95, 147.211, -25.293, -13.713, -13.400, 29.62, 0.15823, 0.5751, -0.05869, 0.80042,
 15:45:51.165,e3:ca:2d:fd:e0:8c, 2015-01-01 03:57:05.765, 0.958, 0.09, 0.337, 0, 0, 0, 14.897, -69.95, 147.228, -25.293, -13.713, -13.400, 29.62, 0.15823, 0.5751, -0.05869, 0.80042,
 15:45:51.166,f6:90:cc:01:6d:25, 2015-01-01 03:57:06.095, 0.91, 0.243, 0.303, 0, 0, -0.122, 38.161, -66.786, 148.777, -26.180, -15.833, -8.827, 32.31, 0.0387, 0.57425, 0.12299, 0.80841,
 15:45:51.166,f6:90:cc:01:6d:25, 2015-01-01 03:57:06.095, 0.909, 0.242, 0.302, 0, 0, -0.061, 38.167, -66.786, 148.771, -26.180, -15.833, -8.827, 32.31, 0.0387, 0.57425, 0.12299, 0.80841,
 15:45:51.167,ed:35:33:d3:6c:f8, 2015-01-01 03:57:06.000, 0.366, -0.04, 0.927, -0.061, 0, -0.122, -2.527, -21.22, 159.055, -10.360, -6.847, -35.760, 30.67, -0.18246, -0.177, 0.05457, -0.96555,
 15:45:51.167,ed:35:33:d3:6c:f8, 2015-01-01 03:57:06.000, 0.365, -0.04, 0.925, 0, -0.244, -0.122, -2.527, -21.226, 159.055, -10.360, -6.847, -35.760, 30.67, -0.18246, -0.177, 0.05457, -0.96555,
 15:45:51.187,ed:40:fe:65:30:6c, 2015-01-01 03:57:11.065, 0.549, 0.017, 0.842, 0, -0.183, 0, 1.247, -32.899, -122.811, -17.973, -6.980, -8.180, 28.4, 0.46201, -0.24344, -0.14487, -0.84036,
 15:45:51.187,ed:40:fe:65:30:6c, 2015-01-01 03:57:11.065, 0.549, 0.017, 0.841, -0.061, -0.183, 0, 1.247, -32.904, -122.816, -17.973, -6.980, -8.180, 28.4, 0.46201, -0.24344, -0.14487, -0.84036,
 15:45:51.189,f6:90:cc:01:6d:25, 2015-01-01 03:57:06.095, 0.909, 0.242, 0.302, -0.061, 0.122, 0, 38.167, -66.78, 148.771, -26.180, -15.833, -8.827, 32.31, 0.0387, 0.57425, 0.12299, 0.80841,
 15:45:51.189,f6:90:cc:01:6d:25, 2015-01-01 03:57:06.095, 0.908, 0.24, 0.302, -0.183, 0.244, 0, 38.156, -66.78, 148.777, -26.180, -15.833, -8.827, 32.31, 0.0387, 0.57425, 0.12299, 0.80841,
 15:45:51.211,e3:ca:2d:fd:e0:8c, 2015-01-01 03:57:05.765, 0.957, 0.09, 0.337, 0, 0.061, 0, 14.897, -69.95, 147.239, -25.293, -13.713, -13.400, 29.62, 0.15823, 0.5751, -0.05869, 0.80042,
 15:45:51.211,e3:ca:2d:fd:e0:8c, 2015-01-01 03:57:05.765, 0.958, 0.09, 0.336, -0.061, 0.061, 0, 14.897, -69.95, 147.25, -25.293, -13.713, -13.400, 29.62, 0.15823, 0.5751, -0.05869, 0.80042,
 15:45:51.213,ed:35:33:d3:6c:f8, 2015-01-01 03:57:06.000, 0.365, -0.036, 0.924, -0.366, -0.183, -0.183, -2.527, -21.231, 159.049, -10.360, -6.847, -35.760, 30.67, -0.18246, -0.177, 0.05457, -0.96555,
 15:45:51.213,ed:35:33:d3:6c:f8, 2015-01-01 03:57:06.000, 0.365, -0.035, 0.924, -0.488, 0.061, -0.061, -2.532, -21.237, 159.049, -10.360, -6.847, -35.760, 30.67, -0.18246, -0.177, 0.05457, -0.96555,
 15:45:51.233,ed:40:fe:65:30:6c, 2015-01-01 03:57:11.065, 0.548, 0.02, 0.84, -0.122, -0.061, 0, 1.241, -32.904, -122.827, -17.973, -6.980, -8.180, 28.4, 0.46201, -0.24344, -0.14487, -0.84036,
 15:45:51.233,ed:40:fe:65:30:6c, 2015-01-01 03:57:11.065, 0.547, 0.019, 0.84, -0.061, 0, 0, 1.241, -32.91, -122.838, -17.973, -6.980, -8.180, 28.4, 0.46201, -0.24344, -0.14487, -0.84036,
 15:45:51.234,f6:90:cc:01:6d:25, 2015-01-01 03:57:06.095, 0.908, 0.242, 0.302, -0.183, 0.305, 0, 38.15, -66.775, 148.782, -26.180, -15.833, -8.827, 32.31, 0.0387, 0.57425, 0.12299, 0.80841,
 15:45:51.234,f6:90:cc:01:6d:25, 2015-01-01 03:57:06.095, 0.908, 0.241, 0.304, 0, 0.549, 0.122, 38.134, -66.769, 148.799, -26.180, -15.833, -8.827, 32.31, 0.0387, 0.57425, 0.12299, 0.80841,
 15:45:51.255,e3:ca:2d:fd:e0:8c, 2015-01-01 03:57:05.765, 0.958, 0.09, 0.337, -0.061, 0.061, 0, 14.892, -69.944, 147.266, -25.293, -13.713, -13.400, 29.62, 0.15823, 0.5751, -0.05869, 0.80042,
 15:45:51.255,e3:ca:2d:fd:e0:8c, 2015-01-01 03:57:05.765, 0.955, 0.089, 0.338, 0, 0.061, 0, 14.892, -69.944, 147.277, -25.293, -13.713, -13.400, 29.62, 0.15823, 0.5751, -0.05869, 0.80042,
 15:45:51.259,ed:35:33:d3:6c:f8, 2015-01-01 03:57:06.000, 0.36, -0.038, 0.922, -0.549, 0.793, 0, -2.538, -21.226, 159.049, -10.360, -6.847, -35.760, 30.67, -0.18246, -0.177, 0.05457, -0.96555,
 15:45:51.259,ed:35:33:d3:6c:f8, 2015-01-01 03:57:06.000, 0.358, -0.04, 0.928, -0.671, 0.488, -0.061, -2.549, -21.215, 159.044, -10.360, -6.847, -35.760, 30.67, -0.18246, -0.177, 0.05457, -0.96555,
 15:45:51.276,ed:40:fe:65:30:6c, 2015-01-01 03:57:11.065, 0.541, 0.017, 0.843, -0.061, 0.061, 0, 1.241, -32.91, -122.849, -17.973, -6.980, -8.180, 28.4, 0.46201, -0.24344, -0.14487, -0.84036,
 15:45:51.276,ed:40:fe:65:30:6c, 2015-01-01 03:57:11.065, 0.543, 0.017, 0.845, -0.061, 0.061, 0, 1.241, -32.91, -122.855, -17.973, -6.980, -8.180, 28.4, 0.46201, -0.24344, -0.14487, -0.84036,
 15:45:51.278,e3:ca:2d:fd:e0:8c, 2015-01-01 03:57:05.765, 0.956, 0.087, 0.34, 0, 0, 0, 14.892, -69.944, 147.288, -25.293, -13.713, -13.400, 29.62, 0.15823, 0.5751, -0.05869, 0.80042,
 15:45:51.278,e3:ca:2d:fd:e0:8c, 2015-01-01 03:57:05.765, 0.956, 0.089, 0.34, 0, 0, 0, 14.892, -69.944, 147.299, -25.293, -13.713, -13.400, 29.62, 0.15823, 0.5751, -0.05869, 0.80042,
 15:45:51.279,f6:90:cc:01:6d:25, 2015-01-01 03:57:06.095, 0.904, 0.239, 0.307, -0.061, 0.549, 0.183, 38.112, -66.764, 148.821, -26.180, -15.833, -8.827, 32.31, 0.0387, 0.57425, 0.12299, 0.80841,
 15:45:51.279,f6:90:cc:01:6d:25, 2015-01-01 03:57:06.095, 0.907, 0.238, 0.306, -0.122, 0.671, 0.244, 38.084, -66.758, 148.848, -26.180, -15.833, -8.827, 32.31, 0.0387, 0.57425, 0.12299, 0.80841,
 15:45:51.303,ed:35:33:d3:6c:f8, 2015-01-01 03:57:06.000, 0.363, -0.04, 0.927, -0.488, 1.038, 0, -2.56, -21.204, 159.044, -10.360, -6.847, -35.760, 30.67, -0.18246, -0.177, 0.05457, -0.96555,
 15:45:51.303,ed:35:33:d3:6c:f8, 2015-01-01 03:57:06.000, 0.362, -0.041, 0.924, -0.549, 0.854, -0.122, -2.565, -21.187, 159.044, -10.360, -6.847, -35.760, 30.67, -0.18246, -0.177, 0.05457, -0.96555,
 15:45:51.324,f6:90:cc:01:6d:25, 2015-01-01 03:57:06.095, 0.908, 0.238, 0.308, 0, 0.854, 0.244, 38.051, -66.747, 148.881, -26.180, -15.833, -8.827, 32.31, 0.0387, 0.57425, 0.12299, 0.80841,
 15:45:51.324,f6:90:cc:01:6d:25, 2015-01-01 03:57:06.095, 0.906, 0.239, 0.309, 0.183, 1.16, 0.244, 38.013, -66.736, 148.92, -26.180, -15.833, -8.827, 32.31, 0.0387, 0.57425, 0.12299, 0.80841,
 15:45:51.324,ed:40:fe:65:30:6c, 2015-01-01 03:57:11.065, 0.546, 0.016, 0.843, -0.061, 0, 0, 1.236, -32.91, -122.866, -17.973, -6.980, -8.180, 28.4, 0.46201, -0.24344, -0.14487, -0.84036,
 15:45:51.324,ed:40:fe:65:30:6c, 2015-01-01 03:57:11.065, 0.542, 0.015, 0.843, 0.061, 0, 0, 1.236, -32.91, -122.871, -17.973, -6.980, -8.180, 28.4, 0.46201, -0.24344, -0.14487, -0.84036,
 15:45:51.345,e3:ca:2d:fd:e0:8c, 2015-01-01 03:57:05.765, 0.954, 0.089, 0.341, 0, 0.061, 0, 14.892, -69.944, 147.316, -25.293, -13.713, -13.400, 29.62, 0.15823, 0.5751, -0.05869, 0.80042,
 15:45:51.345,e3:ca:2d:fd:e0:8c, 2015-01-01 03:57:05.765, 0.956, 0.089, 0.341, 0, 0.061, 0, 14.886, -69.939, 147.327, -25.293, -13.713, -13.400, 29.62, 0.15823, 0.5751, -0.05869, 0.80042,
 15:45:51.348,ed:35:33:d3:6c:f8, 2015-01-01 03:57:06.000, 0.36, -0.043, 0.922, -1.221, -0.183, -0.488, -2.582, -21.187, 159.016, -9.920, -6.673, -35.560, 30.67, -0.18246, -0.177, 0.05457, -0.96555,
 15:45:51.348,ed:35:33:d3:6c:f8, 2015-01-01 03:57:06.000, 0.363, -0.038, 0.925, -1.648, 0.793, -0.549, -2.604, -21.176, 158.972, -9.920, -6.673, -35.560, 30.67, -0.18246, -0.177, 0.05457, -0.96555,
 15:45:51.368,ed:40:fe:65:30:6c, 2015-01-01 03:57:11.065, 0.546, 0.015, 0.842, 0.122, 0.122, 0, 1.241, -32.904, -122.882, -17.973, -6.980, -8.180, 28.4, 0.46201, -0.24344, -0.14487, -0.84036,
 15:45:51.368,ed:40:fe:65:30:6c, 2015-01-01 03:57:11.065, 0.546, 0.02, 0.843, 0.061, 0.244, 0, 1.241, -32.899, -122.893, -17.973, -6.980, -8.180, 28.4, 0.46201, -0.24344, -0.14487, -0.84036,
 15:45:51.370,e3:ca:2d:fd:e0:8c, 2015-01-01 03:57:05.765, 0.957, 0.09, 0.34, 0.061, 0.122, 0, 14.886, -69.939, 147.338, -25.300, -13.747, -12.867, 29.62, 0.15823, 0.5751, -0.05869, 0.80042,
 15:45:51.370,e3:ca:2d:fd:e0:8c, 2015-01-01 03:57:05.765, 0.958, 0.09, 0.34, 0, 0.183, 0, 14.881, -69.933, 147.354, -25.300, -13.747, -12.867, 29.62, 0.15823, 0.5751, -0.05869, 0.80042,
 15:45:51.371,ed:35:33:d3:6c:f8, 2015-01-01 03:57:06.000, 0.359, -0.034, 0.93, -0.671, 0.732, 0, -2.62, -21.165, 158.945, -9.920, -6.673, -35.560, 30.67, -0.18369, -0.17639, 0.05566, -0.96536,
 15:45:51.371,ed:35:33:d3:6c:f8, 2015-01-01 03:57:06.000, 0.361, -0.037, 0.93, -0.61, 0.61, -0.061, -2.631, -21.154, 158.939, -9.920, -6.673, -35.560, 30.67, -0.18369, -0.17639, 0.05566, -0.96536,
 15:45:51.389,ed:40:fe:65:30:6c, 2015-01-01 03:57:11.065, 0.546, 0.024, 0.844, 0, 0.244, 0, 1.241, -32.893, -122.899, -17.767, -6.887, -8.227, 28.4, 0.46201, -0.24344, -0.14487, -0.84036,
 15:45:51.389,ed:40:fe:65:30:6c, 2015-01-01 03:57:11.065, 0.545, 0.02, 0.843, -0.061, 0.305, 0, 1.236, -32.888, -122.91, -17.767, -6.887, -8.227, 28.4, 0.46201, -0.24344, -0.14487, -0.84036,
 15:45:51.391,f6:90:cc:01:6d:25, 2015-01-01 03:57:06.095, 0.907, 0.239, 0.308, 0.366, 1.099, 0.244, 37.985, -66.72, 148.953, -26.387, -15.667, -8.240, 32.31, 0.0387, 0.57425, 0.12299, 0.80841,
 15:45:51.391,f6:90:cc:01:6d:25, 2015-01-01 03:57:06.095, 0.907, 0.241, 0.303, 0.183, 0.977, 0.244, 37.952, -66.709, 148.991, -26.387, -15.667, -8.240, 32.31, 0.0387, 0.57425, 0.12299, 0.80841,
 15:45:51.415,f6:90:cc:01:6d:25, 2015-01-01 03:57:06.095, 0.907, 0.243, 0.306, -0.244, 0.732, 0.366, 37.914, -66.703, 149.008, -26.387, -15.667, -8.240, 32.31, 0.03894, 0.57355, 0.12253, 0.80896,
 15:45:51.415,f6:90:cc:01:6d:25, 2015-01-01 03:57:06.095, 0.906, 0.242, 0.305, -0.305, 0.671, 0.427, 37.875, -66.698, 149.024, -26.387, -15.667, -8.240, 32.31, 0.03894, 0.57355, 0.12253, 0.80896,
 15:45:51.416,ed:35:33:d3:6c:f8, 2015-01-01 03:57:06.000, 0.358, -0.041, 0.928, -0.122, 1.343, -0.061, -2.631, -21.132, 158.928, -9.920, -6.673, -35.560, 30.67, -0.18369, -0.17639, 0.05566, -0.96536,
 15:45:51.416,ed:35:33:d3:6c:f8, 2015-01-01 03:57:06.000, 0.358, -0.044, 0.929, -0.061, 1.038, 0.061, -2.631, -21.116, 158.939, -9.920, -6.673, -35.560, 30.67, -0.18369, -0.17639, 0.05566, -0.96536,
 15:45:51.434,ed:40:fe:65:30:6c, 2015-01-01 03:57:11.065, 0.543, 0.015, 0.843, -0.061, 0.244, 0, 1.236, -32.882, -122.915, -17.767, -6.887, -8.227, 28.4, 0.46201, -0.24344, -0.14487, -0.84036,
 15:45:51.434,ed:40:fe:65:30:6c, 2015-01-01 03:57:11.065, 0.543, 0.016, 0.843, -0.122, 0.061, 0, 1.236, -32.882, -122.926, -17.767, -6.887, -8.227, 28.4, 0.46201, -0.24344, -0.14487, -0.84036,
 15:45:51.435,e3:ca:2d:fd:e0:8c, 2015-01-01 03:57:05.765, 0.958, 0.092, 0.338, 0, 0.244, 0, 14.881, -69.928, 147.365, -25.300, -13.747, -12.867, 29.62, 0.15823, 0.5751, -0.05869, 0.80042,
 15:45:51.435,e3:ca:2d:fd:e0:8c, 2015-01-01 03:57:05.765, 0.956, 0.091, 0.337, -0.183, 0.183, 0, 14.875, -69.922, 147.382, -25.300, -13.747, -12.867, 29.62, 0.15823, 0.5751, -0.05869, 0.80042,
 15:45:51.458,e3:ca:2d:fd:e0:8c, 2015-01-01 03:57:05.765, 0.957, 0.091, 0.337, -0.244, 0.061, 0, 14.87, -69.917, 147.393, -25.300, -13.747, -12.867, 29.62, 0.15698, 0.5751, -0.05771, 0.80072,
 15:45:51.458,e3:ca:2d:fd:e0:8c, 2015-01-01 03:57:05.765, 0.957, 0.09, 0.338, -0.183, 0.061, 0, 14.865, -69.917, 147.404, -25.300, -13.747, -12.867, 29.62, 0.15698, 0.5751, -0.05771, 0.80072,
 15:45:51.460,f6:90:cc:01:6d:25, 2015-01-01 03:57:06.095, 0.906, 0.241, 0.307, -0.183, 0.549, 0.305, 37.853, -66.698, 149.057, -26.387, -15.667, -8.240, 32.31, 0.03894, 0.57355, 0.12253, 0.80896,
 15:45:51.460,f6:90:cc:01:6d:25, 2015-01-01 03:57:06.095, 0.907, 0.24, 0.307, 0.061, 0.488, 0.183, 37.837, -66.693, 149.062, -26.387, -15.667, -8.240, 32.31, 0.03894, 0.57355, 0.12253, 0.80896,
 15:45:51.460,ed:35:33:d3:6c:f8, 2015-01-01 03:57:06.290, 0.354, -0.044, 0.932, -0.122, 0.61, 0, -2.631, -21.099, 158.939, -9.920, -6.673, -35.560, 30.67, -0.18369, -0.17639, 0.05566, -0.96536,
 15:45:51.460,ed:35:33:d3:6c:f8, 2015-01-01 03:57:06.290, 0.355, -0.046, 0.933, -0.183, 0.305, -0.122, -2.631, -21.094, 158.95, -9.920, -6.673, -35.560, 30.67, -0.18369, -0.17639, 0.05566, -0.96536,
 15:45:51.482,f6:90:cc:01:6d:25, 2015-01-01 03:57:06.430, 0.904, 0.236, 0.307, 0.244, 0.488, 0, 37.831, -66.687, 149.03, -26.387, -15.667, -8.240, 32.31, 0.03894, 0.57355, 0.12253, 0.80896,
 15:45:51.482,f6:90:cc:01:6d:25, 2015-01-01 03:57:06.430, 0.904, 0.237, 0.311, -0.061, 0, -0.061, 37.826, -66.682, 148.958, -26.387, -15.667, -8.240, 32.31, 0.03894, 0.57355, 0.12253, 0.80896,
 15:45:51.502,e3:ca:2d:fd:e0:8c, 2015-01-01 03:57:05.765, 0.955, 0.087, 0.34, -0.183, 0.061, 0, 14.859, -69.917, 147.415, -25.300, -13.747, -12.867, 29.62, 0.15698, 0.5751, -0.05771, 0.80072,
 15:45:51.502,e3:ca:2d:fd:e0:8c, 2015-01-01 03:57:05.765, 0.954, 0.088, 0.34, -0.122, 0, 0, 14.859, -69.917, 147.426, -25.300, -13.747, -12.867, 29.62, 0.15698, 0.5751, -0.05771, 0.80072,
 15:45:51.502,ed:40:fe:65:30:6c, 2015-01-01 03:57:11.065, 0.541, 0.013, 0.847, -0.183, -0.122, 0, 1.23, -32.882, -122.932, -17.767, -6.887, -8.227, 28.4, 0.46082, -0.24368, -0.14429, -0.84103,
 15:45:51.504,ed:40:fe:65:30:6c, 2015-01-01 03:57:11.065, 0.542, 0.012, 0.846, -0.122, -0.183, 0, 1.225, -32.888, -122.943, -17.767, -6.887, -8.227, 28.4, 0.46082, -0.24368, -0.14429, -0.84103,
 15:45:51.506,ed:35:33:d3:6c:f8, 2015-01-01 03:57:06.290, 0.356, -0.044, 0.929, -0.305, -0.183, -0.122, -2.637, -21.094, 158.967, -9.920, -6.673, -35.560, 30.67, -0.18369, -0.17639, 0.05566, -0.96536,
 15:45:51.506,ed:35:33:d3:6c:f8, 2015-01-01 03:57:06.290, 0.356, -0.041, 0.925, -0.183, -0.366, -0.183, -2.637, -21.099, 158.961, -9.920, -6.673, -35.560, 30.67, -0.18369, -0.17639, 0.05566, -0.96536,
 15:45:51.525,ed:40:fe:65:30:6c, 2015-01-01 03:57:11.405, 0.542, 0.016, 0.843, -0.061, -0.305, 0, 1.225, -32.893, -122.948, -17.767, -6.887, -8.227, 28.4, 0.46082, -0.24368, -0.14429, -0.84103,
 15:45:51.525,ed:40:fe:65:30:6c, 2015-01-01 03:57:11.405, 0.541, 0.017, 0.844, -0.061, -0.122, 0, 1.219, -32.893, -122.959, -17.767, -6.887, -8.227, 28.4, 0.46082, -0.24368, -0.14429, -0.84103,
 15:45:51.525,e3:ca:2d:fd:e0:8c, 2015-01-01 03:57:06.145, 0.955, 0.089, 0.341, -0.122, -0.061, 0, 14.854, -69.917, 147.437, -25.300, -13.747, -12.867, 29.62, 0.15698, 0.5751, -0.05771, 0.80072,
 15:45:51.525,e3:ca:2d:fd:e0:8c, 2015-01-01 03:57:06.145, 0.955, 0.088, 0.342, 0, -0.244, 0, 14.859, -69.917, 147.442, -25.300, -13.747, -12.867, 29.62, 0.15698, 0.5751, -0.05771, 0.80072,
 15:45:51.526,f6:90:cc:01:6d:25, 2015-01-01 03:57:06.430, 0.907, 0.237, 0.312, 0, 0, -0.061, 37.831, -66.682, 148.925, -26.387, -15.667, -8.240, 32.31, 0.03894, 0.57355, 0.12253, 0.80896,
 15:45:51.526,f6:90:cc:01:6d:25, 2015-01-01 03:57:06.430, 0.905, 0.237, 0.312, 0.244, -0.183, -0.061, 37.831, -66.682, 148.947, -26.387, -15.667, -8.240, 32.31, 0.03894, 0.57355, 0.12253, 0.80896,
 15:45:51.527,ed:35:33:d3:6c:f8, 2015-01-01 03:57:06.290, 0.354, -0.041, 0.926, -0.244, 0, -0.244, -2.637, -21.105, 158.956, -9.920, -6.673, -35.560, 30.67, -0.18369, -0.17639, 0.05566, -0.96536,
 15:45:51.527,ed:35:33:d3:6c:f8, 2015-01-01 03:57:06.290, 0.354, -0.039, 0.931, 0, -0.061, -0.122, -2.637, -21.105, 158.939, -9.920, -6.673, -35.560, 30.67, -0.18369, -0.17639, 0.05566, -0.96536,
 15:45:51.547,ed:40:fe:65:30:6c, 2015-01-01 03:57:11.405, 0.54, 0.016, 0.846, 0, -0.061, 0, 1.219, -32.893, -122.964, -17.767, -6.887, -8.227, 28.4, 0.46082, -0.24368, -0.14429, -0.84103,
 15:45:51.547,ed:40:fe:65:30:6c, 2015-01-01 03:57:11.405, 0.542, 0.017, 0.846, 0.183, -0.061, 0, 1.219, -32.893, -122.97, -17.767, -6.887, -8.227, 28.4, 0.46082, -0.24368, -0.14429, -0.84103,
 15:45:51.571,e3:ca:2d:fd:e0:8c, 2015-01-01 03:57:06.145, 0.955, 0.087, 0.342, 0.061, -0.244, 0, 14.859, -69.922, 147.448, -25.300, -13.747, -12.867, 29.62, 0.15698, 0.5751, -0.05771, 0.80072,
 15:45:51.571,e3:ca:2d:fd:e0:8c, 2015-01-01 03:57:06.145, 0.956, 0.089, 0.342, 0.122, -0.122, 0, 14.859, -69.922, 147.458, -25.300, -13.747, -12.867, 29.62, 0.15698, 0.5751, -0.05771, 0.80072,
 15:45:51.572,f6:90:cc:01:6d:25, 2015-01-01 03:57:06.430, 0.905, 0.236, 0.311, 0.427, -0.305, 0, 37.842, -66.687, 148.991, -26.387, -15.667, -8.240, 32.31, 0.03894, 0.57355, 0.12253, 0.80896,
 15:45:51.572,f6:90:cc:01:6d:25, 2015-01-01 03:57:06.430, 0.905, 0.237, 0.309, 0.366, -0.183, 0, 37.859, -66.687, 149.024, -26.387, -15.667, -8.240, 32.31, 0.03894, 0.57355, 0.12253, 0.80896,
 15:45:51.573,ed:35:33:d3:6c:f8, 2015-01-01 03:57:06.290, 0.357, -0.038, 0.929, 0.488, -0.122, 0.183, -2.631, -21.105, 158.928, -9.920, -6.673, -35.560, 30.67, -0.18369, -0.17639, 0.05566, -0.96536,
 15:45:51.573,ed:35:33:d3:6c:f8, 2015-01-01 03:57:06.290, 0.36, -0.042, 0.927, 0.427, -0.122, 0.244, -2.62, -21.105, 158.923, -9.920, -6.673, -35.560, 30.67, -0.18369, -0.17639, 0.05566, -0.96536,
 15:45:51.592,ed:40:fe:65:30:6c, 2015-01-01 03:57:11.405, 0.544, 0.018, 0.844, 0.305, -0.122, 0, 1.225, -32.893, -122.981, -17.767, -6.887, -8.227, 28.4, 0.46082, -0.24368, -0.14429, -0.84103,
 15:45:51.592,ed:40:fe:65:30:6c, 2015-01-01 03:57:11.405, 0.545, 0.016, 0.843, 0.244, -0.061, 0, 1.23, -32.888, -122.986, -17.767, -6.887, -8.227, 28.4, 0.46082, -0.24368, -0.14429, -0.84103,
 15:45:51.594,f6:90:cc:01:6d:25, 2015-01-01 03:57:06.430, 0.905, 0.239, 0.309, 0.244, -0.122, 0, 37.864, -66.693, 149.041, -26.387, -15.667, -8.240, 32.31, 0.03894, 0.57355, 0.12253, 0.80896,
 15:45:51.594,f6:90:cc:01:6d:25, 2015-01-01 03:57:06.430, 0.906, 0.241, 0.306, 0.305, 0, -0.061, 37.87, -66.693, 149.057, -26.387, -15.667, -8.240, 32.31, 0.03894, 0.57355, 0.12253, 0.80896,
 15:45:51.615,e3:ca:2d:fd:e0:8c, 2015-01-01 03:57:06.145, 0.957, 0.09, 0.339, 0.061, -0.122, 0, 14.859, -69.922, 147.464, -25.300, -13.747, -12.867, 29.62, 0.15698, 0.5751, -0.05771, 0.80072,
 15:45:51.615,e3:ca:2d:fd:e0:8c, 2015-01-01 03:57:06.145, 0.957, 0.09, 0.338, 0, -0.244, 0, 14.865, -69.922, 147.469, -25.300, -13.747, -12.867, 29.62, 0.15698, 0.5751, -0.05771, 0.80072,
 15:45:51.619,ed:35:33:d3:6c:f8, 2015-01-01 03:57:06.290, 0.36, -0.041, 0.924, 0.305, 0, 0.183, -2.615, -21.105, 158.901, -9.920, -6.673, -35.560, 30.67, -0.18369, -0.17639, 0.05566, -0.96536,
 15:45:51.619,ed:35:33:d3:6c:f8, 2015-01-01 03:57:06.290, 0.362, -0.039, 0.924, 0.427, 0.122, 0.061, -2.609, -21.105, 158.895, -9.920, -6.673, -35.560, 30.67, -0.18369, -0.17639, 0.05566, -0.96536,
 15:45:51.637,ed:40:fe:65:30:6c, 2015-01-01 03:57:11.405, 0.546, 0.018, 0.84, 0.183, 0, 0, 1.23, -32.888, -122.997, -17.767, -6.887, -8.227, 28.4, 0.46082, -0.24368, -0.14429, -0.84103,
 15:45:51.637,ed:40:fe:65:30:6c, 2015-01-01 03:57:11.405, 0.547, 0.019, 0.841, 0.061, 0.061, 0, 1.23, -32.888, -123.003, -17.767, -6.887, -8.227, 28.4, 0.46082, -0.24368, -0.14429, -0.84103,
 15:45:51.639,f6:90:cc:01:6d:25, 2015-01-01 03:57:06.430, 0.908, 0.24, 0.306, 0.305, 0, -0.061, 37.875, -66.693, 149.079, -26.387, -15.667, -8.240, 32.31, 0.03894, 0.57355, 0.12253, 0.80896,
 15:45:51.639,f6:90:cc:01:6d:25, 2015-01-01 03:57:06.430, 0.908, 0.239, 0.303, 0.244, 0, -0.061, 37.886, -66.693, 149.117, -26.387, -15.667, -8.240, 32.31, 0.03894, 0.57355, 0.12253, 0.80896,
 15:45:51.661,e3:ca:2d:fd:e0:8c, 2015-01-01 03:57:06.145, 0.957, 0.091, 0.338, 0, -0.244, 0, 14.865, -69.928, 147.475, -25.300, -13.747, -12.867, 29.62, 0.15698, 0.5751, -0.05771, 0.80072,
 15:45:51.661,e3:ca:2d:fd:e0:8c, 2015-01-01 03:57:06.145, 0.958, 0.09, 0.336, 0, -0.305, 0, 14.87, -69.933, 147.48, -25.300, -13.747, -12.867, 29.62, 0.15698, 0.5751, -0.05771, 0.80072,
 15:45:51.663,ed:35:33:d3:6c:f8, 2015-01-01 03:57:06.290, 0.362, -0.039, 0.924, 0, 0.183, 0, -2.604, -21.099, 158.873, -9.940, -6.873, -36.060, 30.67, -0.18369, -0.17639, 0.05566, -0.96536,
 15:45:51.663,ed:35:33:d3:6c:f8, 2015-01-01 03:57:06.290, 0.364, -0.038, 0.925, -0.305, 0.427, 0.061, -2.609, -21.094, 158.857, -9.940, -6.873, -36.060, 30.67, -0.18369, -0.17639, 0.05566, -0.96536,
 15:45:51.682,ed:40:fe:65:30:6c, 2015-01-01 03:57:11.405, 0.549, 0.018, 0.841, 0, 0.183, 0, 1.23, -32.882, -123.008, -17.767, -6.887, -8.227, 28.4, 0.46082, -0.24368, -0.14429, -0.84103,
 15:45:51.682,ed:40:fe:65:30:6c, 2015-01-01 03:57:11.405, 0.548, 0.018, 0.839, 0, 0.244, 0, 1.23, -32.877, -123.014, -17.767, -6.887, -8.227, 28.4, 0.46082, -0.24368, -0.14429, -0.84103,
 15:45:51.683,e3:ca:2d:fd:e0:8c, 2015-01-01 03:57:06.145, 0.958, 0.089, 0.336, -0.061, -0.122, 0, 14.87, -69.933, 147.486, -25.300, -13.747, -12.867, 29.62, 0.15698, 0.5751, -0.05771, 0.80072,
 15:45:51.683,e3:ca:2d:fd:e0:8c, 2015-01-01 03:57:06.145, 0.96, 0.089, 0.337, -0.061, -0.122, 0, 14.87, -69.939, 147.497, -25.300, -13.747, -12.867, 29.62, 0.15698, 0.5751, -0.05771, 0.80072,
 15:45:51.686,f6:90:cc:01:6d:25, 2015-01-01 03:57:06.430, 0.91, 0.24, 0.3, 0.061, 0, 0, 37.892, -66.693, 149.172, -26.387, -15.667, -8.240, 32.31, 0.03894, 0.57355, 0.12253, 0.80896,
 15:45:51.686,f6:90:cc:01:6d:25, 2015-01-01 03:57:06.430, 0.91, 0.24, 0.307, 0, -0.061, 0.061, 37.892, -66.693, 149.211, -26.387, -15.667, -8.240, 32.31, 0.03894, 0.57355, 0.12253, 0.80896,
 15:45:51.708,ed:35:33:d3:6c:f8, 2015-01-01 03:57:06.290, 0.363, -0.039, 0.928, -0.244, 0.671, 0.122, -2.609, -21.083, 158.846, -9.940, -6.873, -36.060, 30.67, -0.18445, -0.17569, 0.0556, -0.96536,
 15:45:51.708,ed:35:33:d3:6c:f8, 2015-01-01 03:57:06.290, 0.361, -0.039, 0.931, -0.061, 0.305, 0.244, -2.615, -21.077, 158.829, -9.940, -6.873, -36.060, 30.67, -0.18445, -0.17569, 0.0556, -0.96536,
 15:45:51.726,ed:40:fe:65:30:6c, 2015-01-01 03:57:11.405, 0.548, 0.018, 0.845, 0.061, 0.183, 0, 1.23, -32.871, -123.025, -17.767, -6.887, -8.227, 28.4, 0.46082, -0.24368, -0.14429, -0.84103,
 15:45:51.726,ed:40:fe:65:30:6c, 2015-01-01 03:57:11.405, 0.547, 0.018, 0.846, 0.061, 0.061, 0, 1.236, -32.871, -123.03, -17.767, -6.887, -8.227, 28.4, 0.46082, -0.24368, -0.14429, -0.84103,
 15:45:51.728,e3:ca:2d:fd:e0:8c, 2015-01-01 03:57:06.145, 0.958, 0.09, 0.338, 0, -0.244, 0, 14.875, -69.939, 147.502, -25.300, -13.747, -12.867, 29.62, 0.15698, 0.5751, -0.05771, 0.80072,
 15:45:51.728,e3:ca:2d:fd:e0:8c, 2015-01-01 03:57:06.145, 0.956, 0.09, 0.338, 0.061, -0.305, 0, 14.881, -69.944, 147.508, -25.300, -13.747, -12.867, 29.62, 0.15698, 0.5751, -0.05771, 0.80072,
 15:45:51.731,ed:35:33:d3:6c:f8, 2015-01-01 03:57:06.605, 0.361, -0.039, 0.929, 0.122, 0.183, 0.183, -2.609, -21.077, 158.796, -9.940, -6.873, -36.060, 30.67, -0.18445, -0.17569, 0.0556, -0.96536,
 15:45:51.731,ed:35:33:d3:6c:f8, 2015-01-01 03:57:06.605, 0.359, -0.043, 0.925, -0.183, 0.244, 0, -2.609, -21.072, 158.758, -9.940, -6.873, -36.060, 30.67, -0.18445, -0.17569, 0.0556, -0.96536,
 15:45:51.751,ed:40:fe:65:30:6c, 2015-01-01 03:57:11.405, 0.544, 0.017, 0.843, 0.122, 0.122, 0, 1.236, -32.871, -123.036, -18.133, -6.953, -8.133, 28.4, 0.46082, -0.24368, -0.14429, -0.84103,
 15:45:51.751,ed:40:fe:65:30:6c, 2015-01-01 03:57:11.405, 0.541, 0.017, 0.839, 0.122, 0.244, 0, 1.236, -32.866, -123.041, -18.133, -6.953, -8.133, 28.4, 0.46082, -0.24368, -0.14429, -0.84103,
 15:45:51.752,f6:90:cc:01:6d:25, 2015-01-01 03:57:06.430, 0.907, 0.241, 0.309, 0.061, 0, 0.183, 37.892, -66.698, 149.216, -25.980, -15.073, -7.560, 32.31, 0.03894, 0.57355, 0.12253, 0.80896,
 15:45:51.752,f6:90:cc:01:6d:25, 2015-01-01 03:57:06.430, 0.905, 0.241, 0.307, 0.305, 0.183, 0.183, 37.886, -66.698, 149.222, -25.980, -15.073, -7.560, 32.31, 0.03894, 0.57355, 0.12253, 0.80896,
 15:45:51.775,ed:35:33:d3:6c:f8, 2015-01-01 03:57:06.605, 0.357, -0.041, 0.923, -0.244, 0.488, 0, -2.615, -21.066, 158.73, -9.940, -6.873, -36.060, 30.67, -0.18445, -0.17569, 0.0556, -0.96536,
 15:45:51.775,ed:35:33:d3:6c:f8, 2015-01-01 03:57:06.605, 0.356, -0.037, 0.924, -0.183, 0.61, 0.061, -2.615, -21.055, 158.719, -9.940, -6.873, -36.060, 30.67, -0.18445, -0.17569, 0.0556, -0.96536,
 15:45:51.775,f6:90:cc:01:6d:25, 2015-01-01 03:57:06.430, 0.903, 0.24, 0.306, 0.366, 0.366, 0.183, 37.881, -66.698, 149.211, -25.980, -15.073, -7.560, 32.31, 0.03769, 0.57327, 0.12335, 0.80908,
 15:45:51.775,f6:90:cc:01:6d:25, 2015-01-01 03:57:06.430, 0.904, 0.238, 0.307, 0.244, 0.671, 0.183, 37.87, -66.698, 149.211, -25.980, -15.073, -7.560, 32.31, 0.03769, 0.57327, 0.12335, 0.80908,
 15:45:51.794,ed:40:fe:65:30:6c, 2015-01-01 03:57:11.405, 0.543, 0.018, 0.841, 0.244, 0.305, 0, 1.241, -32.866, -123.052, -18.133, -6.953, -8.133, 28.4, 0.46082, -0.24368, -0.14429, -0.84103,
 15:45:51.794,ed:40:fe:65:30:6c, 2015-01-01 03:57:11.405, 0.544, 0.019, 0.844, 0.305, 0.305, 0, 1.241, -32.86, -123.058, -18.133, -6.953, -8.133, 28.4, 0.46082, -0.24368, -0.14429, -0.84103,
 15:45:51.795,e3:ca:2d:fd:e0:8c, 2015-01-01 03:57:06.145, 0.954, 0.09, 0.339, 0, -0.122, 0, 14.881, -69.95, 147.513, -26.080, -13.493, -13.060, 29.62, 0.15698, 0.5751, -0.05771, 0.80072,
 15:45:51.795,e3:ca:2d:fd:e0:8c, 2015-01-01 03:57:06.145, 0.955, 0.089, 0.34, 0, -0.061, 0, 14.881, -69.95, 147.519, -26.080, -13.493, -13.060, 29.62, 0.15698, 0.5751, -0.05771, 0.80072,
 15:45:51.818,e3:ca:2d:fd:e0:8c, 2015-01-01 03:57:06.145, 0.957, 0.09, 0.34, 0, 0, 0, 14.881, -69.95, 147.53, -26.080, -13.493, -13.060, 29.62, 0.15585, 0.57538, -0.05701, 0.80081,
 15:45:51.818,e3:ca:2d:fd:e0:8c, 2015-01-01 03:57:06.145, 0.957, 0.09, 0.34, 0, -0.061, 0, 14.881, -69.95, 147.535, -26.080, -13.493, -13.060, 29.62, 0.15585, 0.57538, -0.05701, 0.80081,
 15:45:51.822,f6:90:cc:01:6d:25, 2015-01-01 03:57:06.430, 0.906, 0.238, 0.309, 0, 0.61, 0.122, 37.853, -66.687, 149.222, -25.980, -15.073, -7.560, 32.31, 0.03769, 0.57327, 0.12335, 0.80908,
 15:45:51.822,f6:90:cc:01:6d:25, 2015-01-01 03:57:06.430, 0.907, 0.239, 0.31, 0, 0.61, 0.183, 37.831, -66.682, 149.227, -25.980, -15.073, -7.560, 32.31, 0.03769, 0.57327, 0.12335, 0.80908,
 15:45:51.822,ed:35:33:d3:6c:f8, 2015-01-01 03:57:06.605, 0.357, -0.038, 0.927, 0, 0.671, 0.183, -2.615, -21.044, 158.708, -9.940, -6.873, -36.060, 30.67, -0.18445, -0.17569, 0.0556, -0.96536,
 15:45:51.822,ed:35:33:d3:6c:f8, 2015-01-01 03:57:06.605, 0.355, -0.04, 0.931, 0.122, 0.671, 0.305, -2.615, -21.033, 158.736, -9.940, -6.873, -36.060, 30.67, -0.18445, -0.17569, 0.0556, -0.96536,
 15:45:51.843,f6:90:cc:01:6d:25, 2015-01-01 03:57:06.790, 0.907, 0.24, 0.311, 0, 0.549, 0.122, 37.809, -66.676, 149.249, -25.980, -15.073, -7.560, 32.31, 0.03769, 0.57327, 0.12335, 0.80908,
 15:45:51.843,f6:90:cc:01:6d:25, 2015-01-01 03:57:06.790, 0.906, 0.239, 0.311, -0.183, 0.549, 0.122, 37.787, -66.665, 149.244, -25.980, -15.073, -7.560, 32.31, 0.03769, 0.57327, 0.12335, 0.80908,
 15:45:51.862,ed:40:fe:65:30:6c, 2015-01-01 03:57:11.405, 0.542, 0.017, 0.846, 0.366, 0.183, 0, 1.247, -32.855, -123.063, -18.133, -6.953, -8.133, 28.4, 0.4599, -0.24365, -0.14398, -0.84161,
 15:45:51.862,ed:40:fe:65:30:6c, 2015-01-01 03:57:11.405, 0.543, 0.017, 0.847, 0.366, 0.244, 0, 1.258, -32.849, -123.069, -18.133, -6.953, -8.133, 28.4, 0.4599, -0.24365, -0.14398, -0.84161,
 15:45:51.863,e3:ca:2d:fd:e0:8c, 2015-01-01 03:57:06.145, 0.958, 0.09, 0.341, 0, -0.183, 0, 14.881, -69.95, 147.541, -26.080, -13.493, -13.060, 29.62, 0.15585, 0.57538, -0.05701, 0.80081,
 15:45:51.863,e3:ca:2d:fd:e0:8c, 2015-01-01 03:57:06.145, 0.957, 0.089, 0.341, 0, -0.183, 0, 14.886, -69.95, 147.546, -26.080, -13.493, -13.060, 29.62, 0.15585, 0.57538, -0.05701, 0.80081,
 15:45:51.865,ed:35:33:d3:6c:f8, 2015-01-01 03:57:06.605, 0.356, -0.042, 0.932, 0.122, 0.549, 0.122, -2.609, -21.022, 158.763, -9.940, -6.873, -36.060, 30.67, -0.18445, -0.17569, 0.0556, -0.96536,
 15:45:51.865,ed:35:33:d3:6c:f8, 2015-01-01 03:57:06.605, 0.357, -0.043, 0.929, 0.305, 0.732, 0, -2.604, -21.011, 158.807, -9.940, -6.873, -36.060, 30.67, -0.18445, -0.17569, 0.0556, -0.96536,
 15:45:51.886,ed:40:fe:65:30:6c, 2015-01-01 03:57:11.760, 0.543, 0.016, 0.845, 0.305, 0.183, 0, 1.263, -32.844, -123.074, -18.133, -6.953, -8.133, 28.4, 0.4599, -0.24365, -0.14398, -0.84161,
 15:45:51.886,ed:40:fe:65:30:6c, 2015-01-01 03:57:11.760, 0.543, 0.017, 0.842, 0.305, 0.122, 0, 1.269, -32.838, -123.08, -18.133, -6.953, -8.133, 28.4, 0.4599, -0.24365, -0.14398, -0.84161,
 15:45:51.887,f6:90:cc:01:6d:25, 2015-01-01 03:57:06.790, 0.905, 0.239, 0.309, -0.183, 0.549, 0.183, 37.766, -66.66, 149.255, -25.980, -15.073, -7.560, 32.31, 0.03769, 0.57327, 0.12335, 0.80908,
 15:45:51.887,f6:90:cc:01:6d:25, 2015-01-01 03:57:06.790, 0.905, 0.238, 0.307, -0.122, 0.549, 0.183, 37.744, -66.654, 149.255, -25.980, -15.073, -7.560, 32.31, 0.03769, 0.57327, 0.12335, 0.80908,
 15:45:51.907,ed:40:fe:65:30:6c, 2015-01-01 03:57:11.760, 0.543, 0.019, 0.843, 0.122, 0.122, 0, 1.269, -32.838, -123.091, -18.133, -6.953, -8.133, 28.4, 0.4599, -0.24365, -0.14398, -0.84161,
 15:45:51.907,ed:40:fe:65:30:6c, 2015-01-01 03:57:11.760, 0.543, 0.019, 0.844, 0.061, 0.122, 0, 1.274, -32.833, -123.096, -18.133, -6.953, -8.133, 28.4, 0.4599, -0.24365, -0.14398, -0.84161,
 15:45:51.908,e3:ca:2d:fd:e0:8c, 2015-01-01 03:57:06.505, 0.956, 0.088, 0.338, 0.061, -0.122, 0, 14.886, -69.95, 147.552, -26.080, -13.493, -13.060, 29.62, 0.15585, 0.57538, -0.05701, 0.80081,
 15:45:51.908,e3:ca:2d:fd:e0:8c, 2015-01-01 03:57:06.505, 0.957, 0.089, 0.338, 0, -0.061, 0, 14.886, -69.95, 147.563, -26.080, -13.493, -13.060, 29.62, 0.15585, 0.57538, -0.05701, 0.80081,
 15:45:51.911,ed:35:33:d3:6c:f8, 2015-01-01 03:57:06.605, 0.357, -0.041, 0.926, 0.122, 0.549, -0.061, -2.598, -21, 158.84, -9.940, -6.873, -36.060, 30.67, -0.18445, -0.17569, 0.0556, -0.96536,
 15:45:51.911,ed:35:33:d3:6c:f8, 2015-01-01 03:57:06.605, 0.357, -0.04, 0.926, 0.061, 0.549, -0.122, -2.598, -20.989, 158.862, -9.940, -6.873, -36.060, 30.67, -0.18445, -0.17569, 0.0556, -0.96536,
 15:45:51.930,e3:ca:2d:fd:e0:8c, 2015-01-01 03:57:06.505, 0.957, 0.09, 0.338, 0, -0.061, 0, 14.886, -69.95, 147.568, -26.080, -13.493, -13.060, 29.62, 0.15585, 0.57538, -0.05701, 0.80081,
 15:45:51.930,e3:ca:2d:fd:e0:8c, 2015-01-01 03:57:06.505, 0.957, 0.089, 0.338, 0.061, 0, 0, 14.886, -69.95, 147.574, -26.080, -13.493, -13.060, 29.62, 0.15585, 0.57538, -0.05701, 0.80081,
 15:45:51.932,f6:90:cc:01:6d:25, 2015-01-01 03:57:06.790, 0.906, 0.239, 0.307, -0.122, 0.549, 0.183, 37.716, -66.649, 149.277, -25.980, -15.073, -7.560, 32.31, 0.03769, 0.57327, 0.12335, 0.80908,
 15:45:51.932,f6:90:cc:01:6d:25, 2015-01-01 03:57:06.790, 0.907, 0.239, 0.308, -0.183, 0.488, 0, 37.694, -66.643, 149.304, -25.980, -15.073, -7.560, 32.31, 0.03769, 0.57327, 0.12335, 0.80908,
 15:45:51.935,ed:35:33:d3:6c:f8, 2015-01-01 03:57:06.605, 0.356, -0.039, 0.927, 0, 0.305, -0.061, -2.593, -20.984, 158.873, -10.127, -6.847, -34.913, 30.67, -0.18445, -0.17569, 0.0556, -0.96536,
 15:45:51.935,ed:35:33:d3:6c:f8, 2015-01-01 03:57:06.605, 0.358, -0.04, 0.931, -0.061, 0.366, 0, -2.593, -20.978, 158.901, -10.127, -6.847, -34.913, 30.67, -0.18445, -0.17569, 0.0556, -0.96536,
 15:45:51.952,ed:40:fe:65:30:6c, 2015-01-01 03:57:11.760, 0.545, 0.017, 0.845, 0.122, 0.061, 0, 1.274, -32.833, -123.102, -18.133, -6.953, -8.133, 28.4, 0.4599, -0.24365, -0.14398, -0.84161,
 15:45:51.952,ed:40:fe:65:30:6c, 2015-01-01 03:57:11.760, 0.546, 0.018, 0.845, 0, 0.061, 0, 1.274, -32.827, -123.107, -18.133, -6.953, -8.133, 28.4, 0.4599, -0.24365, -0.14398, -0.84161,
 15:45:51.975,e3:ca:2d:fd:e0:8c, 2015-01-01 03:57:06.505, 0.958, 0.089, 0.338, 0, -0.061, 0, 14.886, -69.95, 147.585, -26.080, -13.493, -13.060, 29.62, 0.15585, 0.57538, -0.05701, 0.80081,
 15:45:51.975,e3:ca:2d:fd:e0:8c, 2015-01-01 03:57:06.505, 0.958, 0.089, 0.338, 0, -0.061, 0, 14.886, -69.95, 147.59, -26.080, -13.493, -13.060, 29.62, 0.15585, 0.57538, -0.05701, 0.80081,
 15:45:51.977,f6:90:cc:01:6d:25, 2015-01-01 03:57:06.790, 0.908, 0.239, 0.309, -0.061, 0.427, 0, 37.683, -66.638, 149.31, -25.980, -15.073, -7.560, 32.31, 0.03769, 0.57327, 0.12335, 0.80908,
 15:45:51.977,f6:90:cc:01:6d:25, 2015-01-01 03:57:06.790, 0.907, 0.238, 0.308, 0, 0.427, 0, 37.672, -66.632, 149.332, -25.980, -15.073, -7.560, 32.31, 0.03769, 0.57327, 0.12335, 0.80908,
 15:45:51.979,ed:35:33:d3:6c:f8, 2015-01-01 03:57:06.605, 0.359, -0.041, 0.929, -0.122, 0.61, -0.061, -2.593, -20.967, 158.917, -10.127, -6.847, -34.913, 30.67, -0.18445, -0.17569, 0.0556, -0.96536,
 15:45:51.979,ed:35:33:d3:6c:f8, 2015-01-01 03:57:06.605, 0.357, -0.042, 0.93, -0.183, 0.427, -0.244, -2.593, -20.956, 158.912, -10.127, -6.847, -34.913, 30.67, -0.18445, -0.17569, 0.0556, -0.96536,
 15:45:51.997,ed:40:fe:65:30:6c, 2015-01-01 03:57:11.760, 0.543, 0.017, 0.844, 0, 0.061, 0, 1.274, -32.827, -123.113, -18.133, -6.953, -8.133, 28.4, 0.4599, -0.24365, -0.14398, -0.84161,
 15:45:51.997,ed:40:fe:65:30:6c, 2015-01-01 03:57:11.760, 0.544, 0.017, 0.844, 0, 0, 0, 1.269, -32.827, -123.118, -18.133, -6.953, -8.133, 28.4, 0.4599, -0.24365, -0.14398, -0.84161,
 15:45:52.002,f6:90:cc:01:6d:25, 2015-01-01 03:57:06.790, 0.905, 0.238, 0.309, 0.061, 0.488, 0, 37.661, -66.621, 149.365, -25.980, -15.073, -7.560, 32.31, 0.03769, 0.57327, 0.12335, 0.80908,
 15:45:52.002,f6:90:cc:01:6d:25, 2015-01-01 03:57:06.790, 0.906, 0.239, 0.308, 0.122, 0.427, 0, 37.65, -66.616, 149.387, -25.980, -15.073, -7.560, 32.31, 0.03769, 0.57327, 0.12335, 0.80908,
 15:45:52.019,e3:ca:2d:fd:e0:8c, 2015-01-01 03:57:06.505, 0.957, 0.089, 0.337, 0, -0.061, 0, 14.886, -69.955, 147.596, -26.080, -13.493, -13.060, 29.62, 0.15585, 0.57538, -0.05701, 0.80081,
 15:45:52.019,e3:ca:2d:fd:e0:8c, 2015-01-01 03:57:06.505, 0.956, 0.089, 0.338, 0, 0, 0, 14.881, -69.95, 147.607, -26.080, -13.493, -13.060, 29.62, 0.15585, 0.57538, -0.05701, 0.80081,
 15:45:52.023,ed:35:33:d3:6c:f8, 2015-01-01 03:57:06.605, 0.357, -0.042, 0.929, -0.183, 0.427, -0.305, -2.593, -20.951, 158.901, -10.127, -6.847, -34.913, 30.67, -0.18384, -0.17471, 0.05515, -0.96567,
 15:45:52.023,ed:35:33:d3:6c:f8, 2015-01-01 03:57:06.605, 0.357, -0.039, 0.929, -0.427, 0.244, -0.305, -2.598, -20.945, 158.917, -10.127, -6.847, -34.913, 30.67, -0.18384, -0.17471, 0.05515, -0.96567,
 15:45:52.044,e3:ca:2d:fd:e0:8c, 2015-01-01 03:57:06.505, 0.957, 0.089, 0.339, -0.061, 0.122, 0, 14.881, -69.95, 147.612, -26.080, -13.493, -13.060, 29.62, 0.15585, 0.57538, -0.05701, 0.80081,
 15:45:52.044,e3:ca:2d:fd:e0:8c, 2015-01-01 03:57:06.505, 0.957, 0.089, 0.339, -0.122, 0.122, 0, 14.875, -69.944, 147.623, -26.080, -13.493, -13.060, 29.62, 0.15585, 0.57538, -0.05701, 0.80081,
 15:45:52.044,f6:90:cc:01:6d:25, 2015-01-01 03:57:06.790, 0.906, 0.238, 0.31, 0, 0.305, 0, 37.645, -66.61, 149.42, -25.980, -15.073, -7.560, 32.31, 0.03769, 0.57327, 0.12335, 0.80908,
 15:45:52.044,f6:90:cc:01:6d:25, 2015-01-01 03:57:06.790, 0.906, 0.238, 0.31, -0.061, 0.244, 0, 37.634, -66.61, 149.442, -25.980, -15.073, -7.560, 32.31, 0.03769, 0.57327, 0.12335, 0.80908,
 15:45:52.066,ed:40:fe:65:30:6c, 2015-01-01 03:57:11.760, 0.543, 0.019, 0.843, -0.061, 0, 0, 1.269, -32.827, -123.124, -18.133, -6.953, -8.133, 28.4, 0.4599, -0.24365, -0.14398, -0.84161,
 15:45:52.066,ed:40:fe:65:30:6c, 2015-01-01 03:57:11.760, 0.542, 0.019, 0.844, 0, 0, 0, 1.269, -32.827, -123.129, -18.133, -6.953, -8.133, 28.4, 0.4599, -0.24365, -0.14398, -0.84161,
 15:45:52.068,ed:35:33:d3:6c:f8, 2015-01-01 03:57:06.915, 0.356, -0.037, 0.928, -0.366, 0.122, -0.183, -2.604, -20.945, 158.928, -10.127, -6.847, -34.913, 30.67, -0.18384, -0.17471, 0.05515, -0.96567,
 15:45:52.068,ed:35:33:d3:6c:f8, 2015-01-01 03:57:06.915, 0.355, -0.04, 0.929, -0.122, 0.122, 0, -2.604, -20.945, 158.945, -10.127, -6.847, -34.913, 30.67, -0.18384, -0.17471, 0.05515, -0.96567,
 15:45:52.087,ed:40:fe:65:30:6c, 2015-01-01 03:57:11.760, 0.542, 0.018, 0.844, 0.183, 0, 0, 1.269, -32.827, -123.135, -17.580, -6.540, -7.880, 28.4, 0.4599, -0.24365, -0.14398, -0.84161,
 15:45:52.087,ed:40:fe:65:30:6c, 2015-01-01 03:57:11.760, 0.542, 0.018, 0.845, 0.183, 0, 0, 1.274, -32.827, -123.14, -17.580, -6.540, -7.880, 28.4, 0.4599, -0.24365, -0.14398, -0.84161,
 15:45:52.089,e3:ca:2d:fd:e0:8c, 2015-01-01 03:57:06.505, 0.957, 0.089, 0.34, -0.061, 0.061, 0, 14.87, -69.944, 147.629, -26.080, -13.493, -13.060, 29.62, 0.15585, 0.57538, -0.05701, 0.80081,
 15:45:52.089,e3:ca:2d:fd:e0:8c, 2015-01-01 03:57:06.505, 0.957, 0.088, 0.338, 0, 0.061, 0, 14.87, -69.944, 147.64, -26.080, -13.493, -13.060, 29.62, 0.15585, 0.57538, -0.05701, 0.80081,
 15:45:52.112,f6:90:cc:01:6d:25, 2015-01-01 03:57:06.790, 0.905, 0.237, 0.311, 0, 0.244, 0, 37.628, -66.605, 149.469, -26.413, -15.667, -8.133, 32.31, 0.03769, 0.57327, 0.12335, 0.80908,
 15:45:52.112,f6:90:cc:01:6d:25, 2015-01-01 03:57:06.790, 0.905, 0.238, 0.309, -0.061, 0.244, 0, 37.623, -66.605, 149.485, -26.413, -15.667, -8.133, 32.31, 0.03769, 0.57327, 0.12335, 0.80908,
 15:45:52.113,ed:35:33:d3:6c:f8, 2015-01-01 03:57:06.915, 0.354, -0.04, 0.929, 0, 0.061, 0.061, -2.604, -20.945, 158.989, -10.127, -6.847, -34.913, 30.67, -0.18384, -0.17471, 0.05515, -0.96567,
 15:45:52.113,ed:35:33:d3:6c:f8, 2015-01-01 03:57:06.915, 0.355, -0.039, 0.929, 0, 0.061, 0.061, -2.604, -20.945, 159.011, -10.127, -6.847, -34.913, 30.67, -0.18384, -0.17471, 0.05515, -0.96567,
 15:45:52.132,ed:40:fe:65:30:6c, 2015-01-01 03:57:11.760, 0.542, 0.019, 0.844, 0.122, -0.061, 0, 1.274, -32.827, -123.146, -17.580, -6.540, -7.880, 28.4, 0.4599, -0.24365, -0.14398, -0.84161,
 15:45:52.132,ed:40:fe:65:30:6c, 2015-01-01 03:57:11.760, 0.543, 0.019, 0.844, 0, -0.061, 0, 1.274, -32.827, -123.151, -17.580, -6.540, -7.880, 28.4, 0.4599, -0.24365, -0.14398, -0.84161,
 15:45:52.136,ed:35:33:d3:6c:f8, 2015-01-01 03:57:06.915, 0.356, -0.04, 0.929, -0.244, 0, 0.061, -2.604, -20.945, 159.016, -10.127, -6.847, -34.913, 30.67, -0.18384, -0.17471, 0.05515, -0.96567,
 15:45:52.136,ed:35:33:d3:6c:f8, 2015-01-01 03:57:06.915, 0.357, -0.04, 0.928, -0.244, 0, 0.183, -2.609, -20.945, 159.027, -10.127, -6.847, -34.913, 30.67, -0.18384, -0.17471, 0.05515, -0.96567,
 15:45:52.136,f6:90:cc:01:6d:25, 2015-01-01 03:57:06.790, 0.906, 0.239, 0.311, 0.061, 0.244, 0, 37.612, -66.599, 149.474, -26.413, -15.667, -8.133, 32.31, 0.03748, 0.5723, 0.12314, 0.80981,
 15:45:52.136,f6:90:cc:01:6d:25, 2015-01-01 03:57:06.790, 0.906, 0.238, 0.311, 0.061, 0.183, 0, 37.612, -66.599, 149.458, -26.413, -15.667, -8.133, 32.31, 0.03748, 0.5723, 0.12314, 0.80981,
 15:45:52.156,e3:ca:2d:fd:e0:8c, 2015-01-01 03:57:06.505, 0.957, 0.088, 0.339, 0, 0, 0, 14.865, -69.944, 147.645, -25.787, -13.513, -12.827, 29.62, 0.15585, 0.57538, -0.05701, 0.80081,
 15:45:52.156,e3:ca:2d:fd:e0:8c, 2015-01-01 03:57:06.505, 0.957, 0.089, 0.339, -0.061, 0, 0, 14.865, -69.939, 147.651, -25.787, -13.513, -12.827, 29.62, 0.15585, 0.57538, -0.05701, 0.80081,
 15:45:52.156,ed:40:fe:65:30:6c, 2015-01-01 03:57:11.760, 0.543, 0.019, 0.844, 0, -0.061, 0, 1.274, -32.827, -123.157, -17.580, -6.540, -7.880, 28.4, 0.45926, -0.24338, -0.14386, -0.84204,
 15:45:52.156,ed:40:fe:65:30:6c, 2015-01-01 03:57:11.760, 0.545, 0.018, 0.845, 0, 0, 0, 1.274, -32.827, -123.162, -17.580, -6.540, -7.880, 28.4, 0.45926, -0.24338, -0.14386, -0.84204,
 15:45:52.178,e3:ca:2d:fd:e0:8c, 2015-01-01 03:57:06.505, 0.957, 0.09, 0.339, -0.061, -0.061, 0, 14.865, -69.944, 147.662, -25.787, -13.513, -12.827, 29.62, 0.15506, 0.57538, -0.05646, 0.80099,
 15:45:52.178,e3:ca:2d:fd:e0:8c, 2015-01-01 03:57:06.505, 0.956, 0.089, 0.339, -0.061, 0, 0, 14.859, -69.944, 147.667, -25.787, -13.513, -12.827, 29.62, 0.15506, 0.57538, -0.05646, 0.80099,
 15:45:52.180,f6:90:cc:01:6d:25, 2015-01-01 03:57:06.790, 0.907, 0.238, 0.311, 0, 0.366, 0, 37.601, -66.594, 149.469, -26.413, -15.667, -8.133, 32.31, 0.03748, 0.5723, 0.12314, 0.80981,
 15:45:52.180,f6:90:cc:01:6d:25, 2015-01-01 03:57:06.790, 0.906, 0.238, 0.312, 0, 0.244, 0, 37.595, -66.588, 149.518, -26.413, -15.667, -8.133, 32.31, 0.03748, 0.5723, 0.12314, 0.80981,
 15:45:52.182,ed:35:33:d3:6c:f8, 2015-01-01 03:57:06.915, 0.358, -0.04, 0.928, -0.305, 0.122, 0.183, -2.615, -20.94, 159.038, -10.127, -6.847, -34.913, 30.67, -0.18384, -0.17471, 0.05515, -0.96567,
 15:45:52.182,ed:35:33:d3:6c:f8, 2015-01-01 03:57:06.915, 0.356, -0.042, 0.928, -0.244, 0.366, 0.061, -2.615, -20.934, 159.044, -10.127, -6.847, -34.913, 30.67, -0.18384, -0.17471, 0.05515, -0.96567,
 15:45:52.202,f6:90:cc:01:6d:25, 2015-01-01 03:57:07.145, 0.904, 0.239, 0.311, 0.061, 0.305, 0, 37.584, -66.588, 149.551, -26.413, -15.667, -8.133, 32.31, 0.03748, 0.5723, 0.12314, 0.80981,
 15:45:52.202,f6:90:cc:01:6d:25, 2015-01-01 03:57:07.145, 0.904, 0.238, 0.31, 0, 0.244, 0, 37.579, -66.583, 149.601, -26.413, -15.667, -8.133, 32.31, 0.03748, 0.5723, 0.12314, 0.80981,
 15:45:52.223,e3:ca:2d:fd:e0:8c, 2015-01-01 03:57:06.505, 0.956, 0.089, 0.338, -0.061, 0, 0, 14.859, -69.939, 147.673, -25.787, -13.513, -12.827, 29.62, 0.15506, 0.57538, -0.05646, 0.80099,
 15:45:52.223,e3:ca:2d:fd:e0:8c, 2015-01-01 03:57:06.505, 0.958, 0.089, 0.339, -0.122, 0.122, 0, 14.854, -69.939, 147.678, -25.787, -13.513, -12.827, 29.62, 0.15506, 0.57538, -0.05646, 0.80099,
 15:45:52.242,ed:40:fe:65:30:6c, 2015-01-01 03:57:11.760, 0.543, 0.017, 0.842, 0.061, 0, 0, 1.274, -32.822, -123.168, -17.580, -6.540, -7.880, 28.4, 0.45926, -0.24338, -0.14386, -0.84204,
 15:45:52.242,ed:40:fe:65:30:6c, 2015-01-01 03:57:11.760, 0.544, 0.018, 0.841, 0.122, 0.061, 0, 1.274, -32.822, -123.173, -17.580, -6.540, -7.880, 28.4, 0.45926, -0.24338, -0.14386, -0.84204,
 15:45:52.242,ed:35:33:d3:6c:f8, 2015-01-01 03:57:06.915, 0.357, -0.04, 0.926, -0.305, 0.427, 0.061, -2.62, -20.929, 159.027, -10.127, -6.847, -34.913, 30.67, -0.18384, -0.17471, 0.05515, -0.96567,
 15:45:52.242,ed:35:33:d3:6c:f8, 2015-01-01 03:57:06.915, 0.359, -0.037, 0.925, -0.366, 0.854, -0.061, -2.626, -20.918, 159.016, -10.127, -6.847, -34.913, 30.67, -0.18384, -0.17471, 0.05515, -0.96567,
 15:45:52.245,ed:40:fe:65:30:6c, 2015-01-01 03:57:11.760, 0.547, 0.021, 0.843, 0.183, 0.061, 0, 1.28, -32.822, -123.179, -17.580, -6.540, -7.880, 28.4, 0.45926, -0.24338, -0.14386, -0.84204,
 15:45:52.245,ed:40:fe:65:30:6c, 2015-01-01 03:57:11.760, 0.545, 0.021, 0.845, 0, 0.122, 0, 1.28, -32.822, -123.184, -17.580, -6.540, -7.880, 28.4, 0.45926, -0.24338, -0.14386, -0.84204,
 15:45:52.245,e3:ca:2d:fd:e0:8c, 2015-01-01 03:57:06.860, 0.958, 0.09, 0.339, -0.183, 0.061, 0, 14.848, -69.939, 147.689, -25.787, -13.513, -12.827, 29.62, 0.15506, 0.57538, -0.05646, 0.80099,
 15:45:52.245,e3:ca:2d:fd:e0:8c, 2015-01-01 03:57:06.860, 0.958, 0.089, 0.338, -0.427, 0.061, 0, 14.843, -69.933, 147.695, -25.787, -13.513, -12.827, 29.62, 0.15506, 0.57538, -0.05646, 0.80099,
 15:45:52.247,f6:90:cc:01:6d:25, 2015-01-01 03:57:07.145, 0.908, 0.239, 0.31, 0, 0.244, 0, 37.568, -66.577, 149.617, -26.413, -15.667, -8.133, 32.31, 0.03748, 0.5723, 0.12314, 0.80981,
 15:45:52.247,f6:90:cc:01:6d:25, 2015-01-01 03:57:07.145, 0.908, 0.241, 0.31, -0.122, 0.244, 0, 37.562, -66.577, 149.65, -26.413, -15.667, -8.133, 32.31, 0.03748, 0.5723, 0.12314, 0.80981,
 15:45:52.271,ed:35:33:d3:6c:f8, 2015-01-01 03:57:06.915, 0.357, -0.039, 0.927, 0, 1.099, 0.122, -2.626, -20.896, 159.005, -9.620, -6.767, -34.880, 30.67, -0.18384, -0.17471, 0.05515, -0.96567,
 15:45:52.271,ed:35:33:d3:6c:f8, 2015-01-01 03:57:06.915, 0.355, -0.039, 0.931, -0.061, 0.732, 0.122, -2.626, -20.88, 159, -9.620, -6.767, -34.880, 30.67, -0.18384, -0.17471, 0.05515, -0.96567,
 15:45:52.291,e3:ca:2d:fd:e0:8c, 2015-01-01 03:57:06.860, 0.957, 0.089, 0.339, -0.366, 0.122, 0, 14.832, -69.933, 147.7, -25.787, -13.513, -12.827, 29.62, 0.15506, 0.57538, -0.05646, 0.80099,
 15:45:52.291,e3:ca:2d:fd:e0:8c, 2015-01-01 03:57:06.860, 0.957, 0.088, 0.338, -0.305, 0.122, 0, 14.821, -69.928, 147.711, -25.787, -13.513, -12.827, 29.62, 0.15506, 0.57538, -0.05646, 0.80099,
 15:45:52.291,ed:40:fe:65:30:6c, 2015-01-01 03:57:11.760, 0.544, 0.018, 0.846, 0.061, 0.183, 0, 1.28, -32.816, -123.19, -17.580, -6.540, -7.880, 28.4, 0.45926, -0.24338, -0.14386, -0.84204,
 15:45:52.292,ed:40:fe:65:30:6c, 2015-01-01 03:57:11.760, 0.544, 0.02, 0.845, -0.122, 0.183, 0, 1.28, -32.811, -123.195, -17.580, -6.540, -7.880, 28.4, 0.45926, -0.24338, -0.14386, -0.84204,
 15:45:52.293,f6:90:cc:01:6d:25, 2015-01-01 03:57:07.145, 0.907, 0.24, 0.31, -0.122, 0.183, 0, 37.551, -66.572, 149.7, -26.413, -15.667, -8.133, 32.31, 0.03748, 0.5723, 0.12314, 0.80981,
 15:45:52.293,f6:90:cc:01:6d:25, 2015-01-01 03:57:07.145, 0.906, 0.238, 0.309, -0.305, 0.183, 0, 37.546, -66.572, 149.826, -26.413, -15.667, -8.133, 32.31, 0.03748, 0.5723, 0.12314, 0.80981,
 15:45:52.315,ed:35:33:d3:6c:f8, 2015-01-01 03:57:06.915, 0.355, -0.039, 0.933, -0.488, 0.793, 0.122, -2.631, -20.869, 159.005, -9.620, -6.767, -34.880, 30.67, -0.18384, -0.17471, 0.05515, -0.96567,
 15:45:52.315,ed:35:33:d3:6c:f8, 2015-01-01 03:57:06.915, 0.354, -0.041, 0.931, -0.366, 0.671, 0, -2.637, -20.858, 159.005, -9.620, -6.767, -34.880, 30.67, -0.18384, -0.17471, 0.05515, -0.96567,
 15:45:52.336,ed:40:fe:65:30:6c, 2015-01-01 03:57:11.760, 0.541, 0.016, 0.845, 0, 0.061, 0, 1.28, -32.811, -123.201, -17.580, -6.540, -7.880, 28.4, 0.45926, -0.24338, -0.14386, -0.84204,
 15:45:52.336,ed:40:fe:65:30:6c, 2015-01-01 03:57:11.760, 0.541, 0.012, 0.845, 0.122, 0, 0, 1.28, -32.811, -123.206, -17.580, -6.540, -7.880, 28.4, 0.45926, -0.24338, -0.14386, -0.84204,
 15:45:52.336,e3:ca:2d:fd:e0:8c, 2015-01-01 03:57:06.860, 0.955, 0.088, 0.337, -0.244, 0.122, 0, 14.815, -69.928, 147.717, -25.787, -13.513, -12.827, 29.62, 0.15506, 0.57538, -0.05646, 0.80099,
 15:45:52.336,e3:ca:2d:fd:e0:8c, 2015-01-01 03:57:06.860, 0.955, 0.087, 0.339, -0.061, 0, 0, 14.81, -69.922, 147.728, -25.787, -13.513, -12.827, 29.62, 0.15506, 0.57538, -0.05646, 0.80099,
 15:45:52.337,f6:90:cc:01:6d:25, 2015-01-01 03:57:07.145, 0.904, 0.238, 0.31, -0.305, 0.244, 0, 37.535, -66.566, 149.974, -26.413, -15.667, -8.133, 32.31, 0.03748, 0.5723, 0.12314, 0.80981,
 15:45:52.337,f6:90:cc:01:6d:25, 2015-01-01 03:57:07.145, 0.904, 0.236, 0.31, -0.061, 0, 0, 37.529, -66.566, 150.068, -26.413, -15.667, -8.133, 32.31, 0.03748, 0.5723, 0.12314, 0.80981,
 15:45:52.339,ed:35:33:d3:6c:f8, 2015-01-01 03:57:06.915, 0.348, -0.048, 0.929, -0.244, 0.61, -0.122, -2.642, -20.847, 159.011, -9.620, -6.767, -34.880, 30.67, -0.18317, -0.17377, 0.05524, -0.96597,
 15:45:52.339,ed:35:33:d3:6c:f8, 2015-01-01 03:57:06.915, 0.354, -0.042, 0.931, -0.793, 0.732, -0.977, -2.648, -20.83, 159.005, -9.620, -6.767, -34.880, 30.67, -0.18317, -0.17377, 0.05524, -0.96597,
 15:45:52.358,ed:40:fe:65:30:6c, 2015-01-01 03:57:11.760, 0.542, 0.017, 0.843, 0.122, -0.061, 0, 1.28, -32.811, -123.206, -17.580, -6.540, -7.880, 28.47, 0.45926, -0.24338, -0.14386, -0.84204,
 15:45:52.358,ed:40:fe:65:30:6c, 2015-01-01 03:57:11.760, 0.542, 0.019, 0.843, 0.122, 0, 0, 1.285, -32.811, -123.212, -17.580, -6.540, -7.880, 28.47, 0.45926, -0.24338, -0.14386, -0.84204,
 15:45:52.359,f6:90:cc:01:6d:25, 2015-01-01 03:57:07.145, 0.905, 0.235, 0.312, -0.061, -0.183, 0, 37.535, -66.572, 150.139, -26.413, -15.667, -8.133, 32.31, 0.03748, 0.5723, 0.12314, 0.80981,
 15:45:52.359,f6:90:cc:01:6d:25, 2015-01-01 03:57:07.145, 0.904, 0.237, 0.312, 0.122, -0.122, 0, 37.535, -66.572, 150.216, -26.413, -15.667, -8.133, 32.31, 0.03748, 0.5723, 0.12314, 0.80981,
 15:45:52.381,e3:ca:2d:fd:e0:8c, 2015-01-01 03:57:06.860, 0.955, 0.089, 0.34, 0, -0.122, 0, 14.81, -69.928, 147.733, -25.787, -13.513, -12.827, 29.62, 0.15506, 0.57538, -0.05646, 0.80099,
 15:45:52.381,e3:ca:2d:fd:e0:8c, 2015-01-01 03:57:06.860, 0.955, 0.088, 0.342, 0.061, -0.061, 0, 14.81, -69.928, 147.739, -25.787, -13.513, -12.827, 29.62, 0.15506, 0.57538, -0.05646, 0.80099,
 15:45:52.383,ed:35:33:d3:6c:f8, 2015-01-01 03:57:06.915, 0.352, -0.039, 0.926, 0.061, 0.549, 0, -2.648, -20.819, 159.005, -9.620, -6.767, -34.880, 30.67, -0.18317, -0.17377, 0.05524, -0.96597,
 15:45:52.383,ed:35:33:d3:6c:f8, 2015-01-01 03:57:06.915, 0.351, -0.043, 0.928, -0.122, 0.732, -0.061, -2.648, -20.808, 158.994, -9.620, -6.767, -34.880, 30.67, -0.18317, -0.17377, 0.05524, -0.96597,
 15:45:52.402,ed:40:fe:65:30:6c, 2015-01-01 03:57:11.760, 0.543, 0.017, 0.843, 0.122, 0, 0, 1.285, -32.811, -123.217, -17.580, -6.540, -7.880, 28.47, 0.45926, -0.24338, -0.14386, -0.84204,
 15:45:52.402,ed:40:fe:65:30:6c, 2015-01-01 03:57:11.760, 0.542, 0.018, 0.845, 0, 0.061, 0, 1.285, -32.805, -123.223, -17.580, -6.540, -7.880, 28.47, 0.45926, -0.24338, -0.14386, -0.84204,
 15:45:52.405,f6:90:cc:01:6d:25, 2015-01-01 03:57:07.145, 0.906, 0.237, 0.313, 0.122, 0, 0, 37.54, -66.577, 150.293, -26.413, -15.667, -8.133, 32.31, 0.03748, 0.5723, 0.12314, 0.80981,
 15:45:52.405,f6:90:cc:01:6d:25, 2015-01-01 03:57:07.145, 0.906, 0.238, 0.313, 0.061, 0, 0, 37.54, -66.577, 150.364, -26.413, -15.667, -8.133, 32.31, 0.03748, 0.5723, 0.12314, 0.80981,
 15:45:52.428,ed:35:33:d3:6c:f8, 2015-01-01 03:57:07.250, 0.352, -0.042, 0.93, -0.793, 1.282, -1.282, -2.648, -20.786, 158.956, -9.620, -6.767, -34.880, 30.67, -0.18317, -0.17377, 0.05524, -0.96597,
 15:45:52.428,ed:35:33:d3:6c:f8, 2015-01-01 03:57:07.250, 0.348, -0.041, 0.932, -0.427, 0.732, -0.244, -2.653, -20.77, 158.923, -9.620, -6.767, -34.880, 30.67, -0.18317, -0.17377, 0.05524, -0.96597,
 15:45:52.447,ed:40:fe:65:30:6c, 2015-01-01 03:57:12.295, 0.54, 0.018, 0.847, 0, 0.061, 0, 1.285, -32.805, -123.228, -17.580, -6.540, -7.880, 28.47, 0.45926, -0.24338, -0.14386, -0.84204,
 15:45:52.447,ed:40:fe:65:30:6c, 2015-01-01 03:57:12.295, 0.542, 0.016, 0.848, 0, -0.061, 0, 1.28, -32.805, -123.234, -17.580, -6.540, -7.880, 28.47, 0.45926, -0.24338, -0.14386, -0.84204,
 15:45:52.448,e3:ca:2d:fd:e0:8c, 2015-01-01 03:57:06.860, 0.956, 0.089, 0.342, 0, 0, 0, 14.81, -69.928, 147.744, -25.787, -13.513, -12.827, 29.62, 0.15506, 0.57538, -0.05646, 0.80099,
 15:45:52.448,e3:ca:2d:fd:e0:8c, 2015-01-01 03:57:06.860, 0.956, 0.088, 0.342, 0, 0, 0, 14.804, -69.928, 147.75, -25.787, -13.513, -12.827, 29.62, 0.15506, 0.57538, -0.05646, 0.80099,
 15:45:52.470,ed:40:fe:65:30:6c, 2015-01-01 03:57:12.295, 0.542, 0.019, 0.844, 0, -0.061, 0, 1.28, -32.805, -123.239, -17.580, -6.540, -7.880, 28.47, 0.45926, -0.24338, -0.14386, -0.84204,
 15:45:52.470,ed:40:fe:65:30:6c, 2015-01-01 03:57:12.295, 0.543, 0.021, 0.843, -0.244, 0, 0, 1.28, -32.8, -123.239, -17.580, -6.540, -7.880, 28.47, 0.45926, -0.24338, -0.14386, -0.84204,
 15:45:52.470,e3:ca:2d:fd:e0:8c, 2015-01-01 03:57:06.860, 0.956, 0.089, 0.341, 0, 0, 0, 14.804, -69.922, 147.755, -25.620, -13.553, -13.360, 29.62, 0.15506, 0.57538, -0.05646, 0.80099,
 15:45:52.470,e3:ca:2d:fd:e0:8c, 2015-01-01 03:57:06.860, 0.956, 0.088, 0.34, 0, 0, 0, 14.799, -69.922, 147.761, -25.620, -13.553, -13.360, 29.62, 0.15506, 0.57538, -0.05646, 0.80099,
 15:45:52.472,f6:90:cc:01:6d:25, 2015-01-01 03:57:07.145, 0.905, 0.237, 0.313, 0, 0, 0, 37.535, -66.577, 150.441, -25.980, -15.113, -9.053, 32.31, 0.03748, 0.5723, 0.12314, 0.80981,
 15:45:52.472,f6:90:cc:01:6d:25, 2015-01-01 03:57:07.145, 0.904, 0.237, 0.314, 0, -0.061, 0, 37.535, -66.577, 150.513, -25.980, -15.113, -9.053, 32.31, 0.03748, 0.5723, 0.12314, 0.80981,
 15:45:52.473,ed:35:33:d3:6c:f8, 2015-01-01 03:57:07.250, 0.352, -0.043, 0.935, 0, 0.549, -0.244, -2.653, -20.759, 158.901, -9.620, -6.767, -34.880, 30.67, -0.18317, -0.17377, 0.05524, -0.96597,
 15:45:52.473,ed:35:33:d3:6c:f8, 2015-01-01 03:57:07.250, 0.351, -0.042, 0.93, -0.549, 0.549, -1.099, -2.653, -20.748, 158.879, -9.620, -6.767, -34.880, 30.67, -0.18317, -0.17377, 0.05524, -0.96597,
 15:45:52.495,f6:90:cc:01:6d:25, 2015-01-01 03:57:07.145, 0.903, 0.237, 0.313, 0.122, -0.061, 0, 37.535, -66.577, 150.584, -25.980, -15.113, -9.053, 32.31, 0.03009, 0.57092, 0.1282, 0.81033,
 15:45:52.495,f6:90:cc:01:6d:25, 2015-01-01 03:57:07.145, 0.905, 0.239, 0.311, 0.244, 0, 0, 37.535, -66.577, 150.661, -25.980, -15.113, -9.053, 32.31, 0.03009, 0.57092, 0.1282, 0.81033,
 15:45:52.495,ed:35:33:d3:6c:f8, 2015-01-01 03:57:07.250, 0.353, -0.038, 0.928, -0.61, 0.244, -0.244, -2.659, -20.742, 158.868, -9.620, -6.767, -34.880, 30.67, -0.18317, -0.17377, 0.05524, -0.96597,
 15:45:52.495,ed:35:33:d3:6c:f8, 2015-01-01 03:57:07.250, 0.353, -0.042, 0.929, -0.488, 0.183, -0.366, -2.67, -20.737, 158.868, -9.620, -6.767, -34.880, 30.67, -0.18317, -0.17377, 0.05524, -0.96597,
 15:45:52.515,e3:ca:2d:fd:e0:8c, 2015-01-01 03:57:06.860, 0.956, 0.089, 0.339, 0, -0.122, 0, 14.799, -69.922, 147.766, -25.620, -13.553, -13.360, 29.62, 0.15506, 0.57538, -0.05646, 0.80099,
 15:45:52.515,e3:ca:2d:fd:e0:8c, 2015-01-01 03:57:06.860, 0.957, 0.089, 0.338, 0.061, -0.122, 0, 14.799, -69.922, 147.772, -25.620, -13.553, -13.360, 29.62, 0.15506, 0.57538, -0.05646, 0.80099,
 15:45:52.515,ed:40:fe:65:30:6c, 2015-01-01 03:57:12.295, 0.543, 0.017, 0.843, -0.183, 0, 0, 1.274, -32.8, -123.245, -17.580, -6.540, -7.880, 28.47, 0.45926, -0.24338, -0.14386, -0.84204,
 15:45:52.515,ed:40:fe:65:30:6c, 2015-01-01 03:57:12.295, 0.544, 0.017, 0.845, -0.122, -0.122, 0, 1.269, -32.8, -123.25, -17.580, -6.540, -7.880, 28.47, 0.45926, -0.24338, -0.14386, -0.84204,
 15:45:52.539,e3:ca:2d:fd:e0:8c, 2015-01-01 03:57:06.860, 0.958, 0.089, 0.339, 0, 0, 0, 14.799, -69.922, 147.772, -25.620, -13.553, -13.360, 29.62, 0.1546, 0.57523, -0.05627, 0.80121,
 15:45:52.539,e3:ca:2d:fd:e0:8c, 2015-01-01 03:57:06.860, 0.958, 0.09, 0.339, 0, -0.061, 0, 14.799, -69.922, 147.777, -25.620, -13.553, -13.360, 29.62, 0.1546, 0.57523, -0.05627, 0.80121,
 15:45:52.540,f6:90:cc:01:6d:25, 2015-01-01 03:57:07.145, 0.906, 0.239, 0.309, 0, -0.183, 0, 37.535, -66.577, 150.727, -25.980, -15.113, -9.053, 32.31, 0.03009, 0.57092, 0.1282, 0.81033,
 15:45:52.540,f6:90:cc:01:6d:25, 2015-01-01 03:57:07.145, 0.907, 0.238, 0.309, 0, -0.244, 0, 37.54, -66.583, 150.787, -25.980, -15.113, -9.053, 32.31, 0.03009, 0.57092, 0.1282, 0.81033,
 15:45:52.541,ed:35:33:d3:6c:f8, 2015-01-01 03:57:07.250, 0.353, -0.042, 0.93, -0.061, 0.183, -0.366, -2.664, -20.731, 158.884, -9.620, -6.767, -34.880, 30.67, -0.18317, -0.17377, 0.05524, -0.96597,
 15:45:52.541,ed:35:33:d3:6c:f8, 2015-01-01 03:57:07.250, 0.354, -0.038, 0.931, -0.183, 0.061, -0.244, -2.664, -20.731, 158.895, -9.620, -6.767, -34.880, 30.67, -0.18317, -0.17377, 0.05524, -0.96597,
 15:45:52.559,ed:40:fe:65:30:6c, 2015-01-01 03:57:12.295, 0.544, 0.02, 0.846, -0.183, -0.183, 0, 1.263, -32.805, -123.256, -17.580, -6.540, -7.880, 28.47, 0.45926, -0.24338, -0.14386, -0.84204,
 15:45:52.559,ed:40:fe:65:30:6c, 2015-01-01 03:57:12.295, 0.544, 0.019, 0.847, -0.244, -0.244, 0, 1.263, -32.805, -123.256, -17.580, -6.540, -7.880, 28.47, 0.45926, -0.24338, -0.14386, -0.84204,
 15:45:52.562,f6:90:cc:01:6d:25, 2015-01-01 03:57:07.505, 0.908, 0.238, 0.311, -0.244, -0.244, 0, 37.546, -66.588, 150.853, -25.980, -15.113, -9.053, 32.31, 0.03009, 0.57092, 0.1282, 0.81033,
 15:45:52.562,f6:90:cc:01:6d:25, 2015-01-01 03:57:07.505, 0.907, 0.239, 0.31, -0.061, -0.183, 0, 37.546, -66.588, 150.914, -25.980, -15.113, -9.053, 32.31, 0.03009, 0.57092, 0.1282, 0.81033,
 15:45:52.584,e3:ca:2d:fd:e0:8c, 2015-01-01 03:57:06.860, 0.958, 0.09, 0.34, 0, 0, 0, 14.799, -69.922, 147.783, -25.620, -13.553, -13.360, 29.62, 0.1546, 0.57523, -0.05627, 0.80121,
 15:45:52.584,e3:ca:2d:fd:e0:8c, 2015-01-01 03:57:06.860, 0.957, 0.089, 0.339, 0, 0, 0, 14.799, -69.922, 147.788, -25.620, -13.553, -13.360, 29.62, 0.1546, 0.57523, -0.05627, 0.80121,
 15:45:52.586,ed:35:33:d3:6c:f8, 2015-01-01 03:57:07.250, 0.353, -0.04, 0.933, -0.122, -0.122, -0.183, -2.664, -20.731, 158.884, -9.620, -6.767, -34.880, 30.67, -0.18317, -0.17377, 0.05524, -0.96597,
 15:45:52.586,ed:35:33:d3:6c:f8, 2015-01-01 03:57:07.250, 0.354, -0.044, 0.933, 0, -0.244, -0.244, -2.664, -20.737, 158.873, -9.620, -6.767, -34.880, 30.67, -0.18317, -0.17377, 0.05524, -0.96597,
 15:45:52.606,f6:90:cc:01:6d:25, 2015-01-01 03:57:07.505, 0.906, 0.239, 0.31, -0.122, -0.305, 0, 37.551, -66.594, 150.974, -25.980, -15.113, -9.053, 32.31, 0.03009, 0.57092, 0.1282, 0.81033,
 15:45:52.606,f6:90:cc:01:6d:25, 2015-01-01 03:57:07.505, 0.906, 0.24, 0.309, -0.244, -0.305, 0, 37.557, -66.599, 151.035, -25.980, -15.113, -9.053, 32.31, 0.03009, 0.57092, 0.1282, 0.81033,
 15:45:52.628,e3:ca:2d:fd:e0:8c, 2015-01-01 03:57:07.220, 0.957, 0.089, 0.34, 0, 0, 0, 14.799, -69.922, 147.794, -25.620, -13.553, -13.360, 29.62, 0.1546, 0.57523, -0.05627, 0.80121,
 15:45:52.628,e3:ca:2d:fd:e0:8c, 2015-01-01 03:57:07.220, 0.958, 0.089, 0.339, 0.061, 0, 0, 14.799, -69.917, 147.799, -25.620, -13.553, -13.360, 29.62, 0.1546, 0.57523, -0.05627, 0.80121,
 15:45:52.628,ed:40:fe:65:30:6c, 2015-01-01 03:57:12.295, 0.544, 0.016, 0.846, -0.244, -0.366, 0, 1.258, -32.811, -123.261, -17.580, -6.540, -7.880, 28.47, 0.45926, -0.24338, -0.14386, -0.84204,
 15:45:52.628,ed:40:fe:65:30:6c, 2015-01-01 03:57:12.295, 0.544, 0.015, 0.847, -0.183, -0.488, 0, 1.252, -32.816, -123.267, -17.580, -6.540, -7.880, 28.47, 0.45926, -0.24338, -0.14386, -0.84204,
 15:45:52.630,ed:35:33:d3:6c:f8, 2015-01-01 03:57:07.250, 0.354, -0.044, 0.932, -0.061, -0.854, -0.183, -2.659, -20.753, 158.873, -9.700, -6.760, -35.473, 30.67, -0.18317, -0.17377, 0.05524, -0.96597,
 15:45:52.630,ed:35:33:d3:6c:f8, 2015-01-01 03:57:07.250, 0.354, -0.047, 0.933, 0.61, -1.282, 0, -2.653, -20.775, 158.879, -9.700, -6.760, -35.473, 30.67, -0.18317, -0.17377, 0.05524, -0.96597,
 15:45:52.650,ed:40:fe:65:30:6c, 2015-01-01 03:57:12.295, 0.546, 0.015, 0.845, 0.244, -0.854, -0.366, 1.252, -32.833, -123.278, -17.840, -6.880, -7.467, 28.47, 0.45926, -0.24338, -0.14386, -0.84204,
 15:45:52.650,ed:40:fe:65:30:6c, 2015-01-01 03:57:12.295, 0.545, 0.02, 0.844, 0.122, -0.977, -0.549, 1.263, -32.849, -123.289, -17.840, -6.880, -7.467, 28.47, 0.45926, -0.24338, -0.14386, -0.84204,
 15:45:52.651,e3:ca:2d:fd:e0:8c, 2015-01-01 03:57:07.220, 0.958, 0.089, 0.339, 0, 0, 0, 14.799, -69.917, 147.805, -25.620, -13.553, -13.360, 29.62, 0.1546, 0.57523, -0.05627, 0.80121,
 15:45:52.651,e3:ca:2d:fd:e0:8c, 2015-01-01 03:57:07.220, 0.956, 0.089, 0.339, -0.244, 0.061, 0, 14.793, -69.917, 147.81, -25.620, -13.553, -13.360, 29.62, 0.1546, 0.57523, -0.05627, 0.80121,
 15:45:52.652,f6:90:cc:01:6d:25, 2015-01-01 03:57:07.505, 0.907, 0.24, 0.309, -0.488, -0.061, 0, 37.546, -66.599, 151.1, -25.980, -15.113, -9.053, 32.31, 0.03009, 0.57092, 0.1282, 0.81033,
 15:45:52.652,f6:90:cc:01:6d:25, 2015-01-01 03:57:07.505, 0.906, 0.241, 0.31, -0.61, -0.122, 0, 37.54, -66.605, 151.161, -25.980, -15.113, -9.053, 32.31, 0.03009, 0.57092, 0.1282, 0.81033,
 15:45:52.678,ed:35:33:d3:6c:f8, 2015-01-01 03:57:07.250, 0.355, -0.042, 0.931, 0.732, -1.77, -0.244, -2.637, -20.808, 158.873, -9.700, -6.760, -35.473, 30.67, -0.18433, -0.17334, 0.05533, -0.96582,
 15:45:52.678,ed:35:33:d3:6c:f8, 2015-01-01 03:57:07.250, 0.354, -0.035, 0.93, 0.061, -1.953, -0.549, -2.631, -20.847, 158.862, -9.700, -6.760, -35.473, 30.67, -0.18433, -0.17334, 0.05533, -0.96582,
 15:45:52.696,e3:ca:2d:fd:e0:8c, 2015-01-01 03:57:07.220, 0.956, 0.091, 0.338, -0.244, 0, 0, 14.788, -69.917, 147.816, -25.620, -13.553, -13.360, 29.62, 0.1546, 0.57523, -0.05627, 0.80121,
 15:45:52.696,e3:ca:2d:fd:e0:8c, 2015-01-01 03:57:07.220, 0.955, 0.09, 0.338, -0.061, 0, 0, 14.782, -69.917, 147.821, -25.620, -13.553, -13.360, 29.62, 0.1546, 0.57523, -0.05627, 0.80121,
 15:45:52.697,f6:90:cc:01:6d:25, 2015-01-01 03:57:07.505, 0.905, 0.24, 0.309, -0.671, -0.183, 0, 37.529, -66.605, 151.221, -25.980, -15.113, -9.053, 32.31, 0.03009, 0.57092, 0.1282, 0.81033,
 15:45:52.697,f6:90:cc:01:6d:25, 2015-01-01 03:57:07.505, 0.906, 0.238, 0.31, -0.916, -0.244, 0, 37.524, -66.61, 151.276, -25.980, -15.113, -9.053, 32.31, 0.03009, 0.57092, 0.1282, 0.81033,
 15:45:52.699,ed:35:33:d3:6c:f8, 2015-01-01 03:57:07.565, 0.357, -0.03, 0.931, -1.465, -1.892, -1.526, -2.648, -20.885, 158.829, -9.700, -6.760, -35.473, 30.67, -0.18433, -0.17334, 0.05533, -0.96582,
 15:45:52.699,ed:35:33:d3:6c:f8, 2015-01-01 03:57:07.565, 0.355, -0.042, 0.926, -0.977, -2.136, -0.427, -2.659, -20.929, 158.835, -9.700, -6.760, -35.473, 30.67, -0.18433, -0.17334, 0.05533, -0.96582,
 15:45:52.717,ed:40:fe:65:30:6c, 2015-01-01 03:57:12.295, 0.546, 0.024, 0.842, -0.244, -0.916, -0.61, 1.269, -32.866, -123.311, -17.840, -6.880, -7.467, 28.47, 0.45926, -0.24338, -0.14386, -0.84204,
 15:45:52.717,ed:40:fe:65:30:6c, 2015-01-01 03:57:12.295, 0.545, 0.022, 0.842, -0.671, -0.732, -0.549, 1.269, -32.882, -123.327, -17.840, -6.880, -7.467, 28.47, 0.45926, -0.24338, -0.14386, -0.84204,
 15:45:52.740,e3:ca:2d:fd:e0:8c, 2015-01-01 03:57:07.220, 0.956, 0.088, 0.34, 0.061, -0.061, 0, 14.782, -69.917, 147.827, -25.620, -13.553, -13.360, 29.62, 0.1546, 0.57523, -0.05627, 0.80121,
 15:45:52.740,e3:ca:2d:fd:e0:8c, 2015-01-01 03:57:07.220, 0.954, 0.087, 0.342, 0.122, -0.183, 0, 14.788, -69.917, 147.827, -25.620, -13.553, -13.360, 29.62, 0.1546, 0.57523, -0.05627, 0.80121,
 15:45:52.740,ed:40:fe:65:30:6c, 2015-01-01 03:57:12.295, 0.542, 0.016, 0.841, -0.671, -0.732, -0.366, 1.258, -32.893, -123.344, -17.840, -6.880, -7.467, 28.47, 0.45789, -0.24408, -0.14365, -0.84262,
 15:45:52.743,ed:40:fe:65:30:6c, 2015-01-01 03:57:12.295, 0.542, 0.013, 0.844, -0.488, -0.793, -0.366, 1.252, -32.91, -123.354, -17.840, -6.880, -7.467, 28.47, 0.45789, -0.24408, -0.14365, -0.84262,
 15:45:52.745,f6:90:cc:01:6d:25, 2015-01-01 03:57:07.505, 0.905, 0.237, 0.311, -0.916, -0.305, 0, 37.513, -66.616, 151.331, -25.980, -15.113, -9.053, 32.31, 0.03009, 0.57092, 0.1282, 0.81033,
 15:45:52.745,f6:90:cc:01:6d:25, 2015-01-01 03:57:07.505, 0.904, 0.235, 0.313, -0.488, -0.244, 0, 37.513, -66.621, 151.386, -25.980, -15.113, -9.053, 32.31, 0.03009, 0.57092, 0.1282, 0.81033,
 15:45:52.745,ed:35:33:d3:6c:f8, 2015-01-01 03:57:07.565, 0.352, -0.047, 0.926, -1.221, -1.587, -1.038, -2.675, -20.962, 158.807, -9.700, -6.760, -35.473, 30.67, -0.18433, -0.17334, 0.05533, -0.96582,
 15:45:52.745,ed:35:33:d3:6c:f8, 2015-01-01 03:57:07.565, 0.358, -0.042, 0.927, -0.427, -1.77, -0.366, -2.681, -20.995, 158.802, -9.700, -6.760, -35.473, 30.67, -0.18433, -0.17334, 0.05533, -0.96582,
 15:45:52.764,f6:90:cc:01:6d:25, 2015-01-01 03:57:07.505, 0.904, 0.235, 0.312, -0.244, -0.183, 0, 37.513, -66.621, 151.441, -26.080, -15.720, -7.800, 32.31, 0.03009, 0.57092, 0.1282, 0.81033,
 15:45:52.764,f6:90:cc:01:6d:25, 2015-01-01 03:57:07.505, 0.904, 0.236, 0.313, -0.122, -0.244, 0, 37.513, -66.627, 151.496, -26.080, -15.720, -7.800, 32.31, 0.03009, 0.57092, 0.1282, 0.81033,
 15:45:52.784,ed:40:fe:65:30:6c, 2015-01-01 03:57:12.295, 0.542, 0.017, 0.843, -0.244, -0.732, -0.366, 1.252, -32.921, -123.371, -17.840, -6.880, -7.467, 28.47, 0.45789, -0.24408, -0.14365, -0.84262,
 15:45:52.784,ed:40:fe:65:30:6c, 2015-01-01 03:57:12.295, 0.542, 0.021, 0.841, -0.183, -0.549, -0.366, 1.252, -32.932, -123.382, -17.840, -6.880, -7.467, 28.47, 0.45789, -0.24408, -0.14365, -0.84262,
 15:45:52.786,e3:ca:2d:fd:e0:8c, 2015-01-01 03:57:07.220, 0.954, 0.088, 0.343, 0.183, -0.122, 0, 14.793, -69.917, 147.832, -25.620, -13.553, -13.360, 29.62, 0.1546, 0.57523, -0.05627, 0.80121,
 15:45:52.786,e3:ca:2d:fd:e0:8c, 2015-01-01 03:57:07.220, 0.955, 0.09, 0.343, 0.244, -0.061, 0, 14.793, -69.917, 147.832, -25.620, -13.553, -13.360, 29.62, 0.1546, 0.57523, -0.05627, 0.80121,
 15:45:52.788,ed:35:33:d3:6c:f8, 2015-01-01 03:57:07.565, 0.355, -0.039, 0.922, -0.305, -1.099, -1.038, -2.675, -21.017, 158.774, -9.700, -6.760, -35.473, 30.67, -0.18433, -0.17334, 0.05533, -0.96582,
 15:45:52.788,ed:35:33:d3:6c:f8, 2015-01-01 03:57:07.565, 0.359, -0.037, 0.926, 0.061, -1.465, -0.122, -2.675, -21.044, 158.752, -9.700, -6.760, -35.473, 30.67, -0.18433, -0.17334, 0.05533, -0.96582,
 15:45:52.807,ed:40:fe:65:30:6c, 2015-01-01 03:57:12.675, 0.543, 0.02, 0.842, -0.305, -0.427, -0.183, 1.252, -32.943, -123.393, -17.840, -6.880, -7.467, 28.47, 0.45789, -0.24408, -0.14365, -0.84262,
 15:45:52.807,ed:40:fe:65:30:6c, 2015-01-01 03:57:12.675, 0.544, 0.018, 0.843, -0.244, -0.366, 0, 1.247, -32.948, -123.398, -17.840, -6.880, -7.467, 28.47, 0.45789, -0.24408, -0.14365, -0.84262,
 15:45:52.809,f6:90:cc:01:6d:25, 2015-01-01 03:57:07.505, 0.905, 0.237, 0.312, -0.183, -0.366, 0, 37.518, -66.632, 151.545, -26.080, -15.720, -7.800, 32.31, 0.03009, 0.57092, 0.1282, 0.81033,
 15:45:52.809,f6:90:cc:01:6d:25, 2015-01-01 03:57:07.505, 0.905, 0.237, 0.313, -0.061, -0.244, 0, 37.518, -66.638, 151.6, -26.080, -15.720, -7.800, 32.31, 0.03009, 0.57092, 0.1282, 0.81033,
 15:45:52.809,e3:ca:2d:fd:e0:8c, 2015-01-01 03:57:07.220, 0.957, 0.09, 0.342, 0.183, -0.122, 0, 14.799, -69.917, 147.838, -25.567, -13.433, -12.860, 29.62, 0.1546, 0.57523, -0.05627, 0.80121,
 15:45:52.809,e3:ca:2d:fd:e0:8c, 2015-01-01 03:57:07.220, 0.956, 0.09, 0.341, 0.061, -0.183, 0, 14.799, -69.917, 147.838, -25.567, -13.433, -12.860, 29.62, 0.1546, 0.57523, -0.05627, 0.80121,
 15:45:52.834,ed:35:33:d3:6c:f8, 2015-01-01 03:57:07.565, 0.357, -0.041, 0.923, -0.366, -0.549, -0.793, -2.67, -21.055, 158.719, -9.700, -6.760, -35.473, 30.67, -0.18433, -0.17334, 0.05533, -0.96582,
 15:45:52.834,ed:35:33:d3:6c:f8, 2015-01-01 03:57:07.565, 0.357, -0.041, 0.928, 0.244, -0.427, 0.122, -2.664, -21.061, 158.714, -9.700, -6.760, -35.473, 30.67, -0.18433, -0.17334, 0.05533, -0.96582,
 15:45:52.852,ed:40:fe:65:30:6c, 2015-01-01 03:57:12.675, 0.544, 0.018, 0.844, -0.122, -0.366, 0, 1.241, -32.953, -123.404, -17.840, -6.880, -7.467, 28.47, 0.45789, -0.24408, -0.14365, -0.84262,
 15:45:52.852,ed:40:fe:65:30:6c, 2015-01-01 03:57:12.675, 0.544, 0.018, 0.844, -0.122, -0.305, 0, 1.241, -32.953, -123.404, -17.840, -6.880, -7.467, 28.47, 0.45789, -0.24408, -0.14365, -0.84262,
 15:45:52.875,e3:ca:2d:fd:e0:8c, 2015-01-01 03:57:07.220, 0.957, 0.09, 0.338, 0, -0.183, 0, 14.804, -69.922, 147.843, -25.567, -13.433, -12.860, 29.62, 0.1546, 0.57523, -0.05627, 0.80121,
 15:45:52.875,e3:ca:2d:fd:e0:8c, 2015-01-01 03:57:07.220, 0.958, 0.09, 0.337, 0, -0.244, 0, 14.804, -69.922, 147.843, -25.567, -13.433, -12.860, 29.62, 0.1546, 0.57523, -0.05627, 0.80121,
 15:45:52.875,ed:40:fe:65:30:6c, 2015-01-01 03:57:12.675, 0.546, 0.017, 0.843, -0.122, -0.244, -0.061, 1.241, -32.959, -123.409, -17.840, -6.880, -7.467, 28.47, 0.45789, -0.24408, -0.14365, -0.84262,
 15:45:52.875,ed:40:fe:65:30:6c, 2015-01-01 03:57:12.675, 0.549, 0.017, 0.843, -0.183, -0.305, -0.061, 1.236, -32.964, -123.415, -17.840, -6.880, -7.467, 28.47, 0.45789, -0.24408, -0.14365, -0.84262,
 15:45:52.877,f6:90:cc:01:6d:25, 2015-01-01 03:57:07.505, 0.906, 0.238, 0.312, -0.122, -0.244, 0, 37.518, -66.638, 151.65, -26.080, -15.720, -7.800, 32.31, 0.02289, 0.57013, 0.13287, 0.81036,
 15:45:52.877,f6:90:cc:01:6d:25, 2015-01-01 03:57:07.505, 0.905, 0.239, 0.31, -0.122, -0.305, 0, 37.524, -66.643, 151.699, -26.080, -15.720, -7.800, 32.31, 0.02289, 0.57013, 0.13287, 0.81036,
 15:45:52.878,ed:35:33:d3:6c:f8, 2015-01-01 03:57:07.565, 0.357, -0.041, 0.928, 0.427, -0.183, 0, -2.653, -21.066, 158.703, -9.700, -6.760, -35.473, 30.67, -0.18433, -0.17334, 0.05533, -0.96582,
 15:45:52.878,ed:35:33:d3:6c:f8, 2015-01-01 03:57:07.565, 0.36, -0.041, 0.928, 0.488, -0.305, 0, -2.642, -21.072, 158.719, -9.700, -6.760, -35.473, 30.67, -0.18433, -0.17334, 0.05533, -0.96582,
 15:45:52.898,e3:ca:2d:fd:e0:8c, 2015-01-01 03:57:07.220, 0.96, 0.088, 0.336, 0, -0.427, 0, 14.81, -69.928, 147.843, -25.567, -13.433, -12.860, 29.62, 0.15408, 0.57526, -0.05588, 0.80133,
 15:45:52.898,e3:ca:2d:fd:e0:8c, 2015-01-01 03:57:07.220, 0.96, 0.087, 0.334, 0.061, -0.549, 0, 14.815, -69.939, 147.838, -25.567, -13.433, -12.860, 29.62, 0.15408, 0.57526, -0.05588, 0.80133,
 15:45:52.901,ed:35:33:d3:6c:f8, 2015-01-01 03:57:07.565, 0.363, -0.041, 0.928, 0.61, -0.122, -0.061, -2.631, -21.072, 158.725, -10.167, -6.840, -35.840, 30.67, -0.18433, -0.17334, 0.05533, -0.96582,
 15:45:52.901,ed:35:33:d3:6c:f8, 2015-01-01 03:57:07.565, 0.365, -0.041, 0.926, 0.488, -0.122, 0, -2.62, -21.077, 158.73, -10.167, -6.840, -35.840, 30.67, -0.18433, -0.17334, 0.05533, -0.96582,
 15:45:52.920,ed:40:fe:65:30:6c, 2015-01-01 03:57:12.675, 0.55, 0.017, 0.841, -0.305, -0.366, -0.122, 1.23, -32.97, -123.42, -17.840, -6.880, -7.467, 28.47, 0.45789, -0.24408, -0.14365, -0.84262,
 15:45:52.920,ed:40:fe:65:30:6c, 2015-01-01 03:57:12.675, 0.55, 0.018, 0.842, -0.427, -0.366, -0.183, 1.225, -32.975, -123.426, -17.840, -6.880, -7.467, 28.47, 0.45789, -0.24408, -0.14365, -0.84262,
 15:45:52.922,f6:90:cc:01:6d:25, 2015-01-01 03:57:07.840, 0.906, 0.238, 0.308, -0.183, -0.305, 0, 37.529, -66.649, 151.749, -26.080, -15.720, -7.800, 32.31, 0.02289, 0.57013, 0.13287, 0.81036,
 15:45:52.922,f6:90:cc:01:6d:25, 2015-01-01 03:57:07.840, 0.907, 0.238, 0.308, -0.183, -0.488, 0, 37.535, -66.654, 151.793, -26.080, -15.720, -7.800, 32.31, 0.02289, 0.57013, 0.13287, 0.81036,
 15:45:52.944,f6:90:cc:01:6d:25, 2015-01-01 03:57:07.840, 0.909, 0.239, 0.306, -0.122, -0.671, 0, 37.551, -66.665, 151.826, -26.080, -15.720, -7.800, 32.31, 0.02289, 0.57013, 0.13287, 0.81036,
 15:45:52.944,f6:90:cc:01:6d:25, 2015-01-01 03:57:07.840, 0.911, 0.239, 0.305, 0, -0.793, 0, 37.573, -66.676, 151.859, -26.080, -15.720, -7.800, 32.31, 0.02289, 0.57013, 0.13287, 0.81036,
 15:45:52.944,e3:ca:2d:fd:e0:8c, 2015-01-01 03:57:07.220, 0.962, 0.085, 0.333, 0.244, -0.732, 0, 14.826, -69.95, 147.838, -25.567, -13.433, -12.860, 29.62, 0.15408, 0.57526, -0.05588, 0.80133,
 15:45:52.944,e3:ca:2d:fd:e0:8c, 2015-01-01 03:57:07.220, 0.959, 0.083, 0.332, 0.488, -0.916, 0, 14.843, -69.966, 147.827, -25.567, -13.433, -12.860, 29.62, 0.15408, 0.57526, -0.05588, 0.80133,
 15:45:52.947,ed:35:33:d3:6c:f8, 2015-01-01 03:57:07.565, 0.362, -0.039, 0.927, 0.305, -0.671, 0, -2.615, -21.088, 158.736, -10.167, -6.840, -35.840, 30.67, -0.18433, -0.17334, 0.05533, -0.96582,
 15:45:52.947,ed:35:33:d3:6c:f8, 2015-01-01 03:57:07.565, 0.362, -0.042, 0.928, 0.427, -0.61, -0.122, -2.604, -21.105, 158.736, -10.167, -6.840, -35.840, 30.67, -0.18433, -0.17334, 0.05533, -0.96582,
 15:45:52.967,f6:90:cc:01:6d:25, 2015-01-01 03:57:07.840, 0.908, 0.235, 0.301, 0.122, -0.916, 0, 37.606, -66.693, 151.886, -26.080, -15.720, -7.800, 32.31, 0.02289, 0.57013, 0.13287, 0.81036,
 15:45:52.967,f6:90:cc:01:6d:25, 2015-01-01 03:57:07.840, 0.912, 0.235, 0.3, 0.122, -1.099, 0, 37.639, -66.714, 151.902, -26.080, -15.720, -7.800, 32.31, 0.02289, 0.57013, 0.13287, 0.81036,
 15:45:52.988,ed:40:fe:65:30:6c, 2015-01-01 03:57:12.675, 0.548, 0.015, 0.841, -0.366, -0.305, -0.183, 1.219, -32.981, -123.437, -17.840, -6.880, -7.467, 28.47, 0.45789, -0.24408, -0.14365, -0.84262,
 15:45:52.988,ed:40:fe:65:30:6c, 2015-01-01 03:57:12.675, 0.549, 0.014, 0.839, -0.427, -0.305, -0.122, 1.214, -32.986, -123.442, -17.840, -6.880, -7.467, 28.47, 0.45789, -0.24408, -0.14365, -0.84262,
 15:45:52.988,e3:ca:2d:fd:e0:8c, 2015-01-01 03:57:07.575, 0.956, 0.086, 0.332, 0.671, -1.038, 0, 14.865, -69.983, 147.816, -25.567, -13.433, -12.860, 29.62, 0.15408, 0.57526, -0.05588, 0.80133,
 15:45:52.988,e3:ca:2d:fd:e0:8c, 2015-01-01 03:57:07.575, 0.957, 0.088, 0.337, 0.732, -1.038, 0, 14.892, -70.005, 147.805, -25.567, -13.433, -12.860, 29.62, 0.15408, 0.57526, -0.05588, 0.80133,
 15:45:52.992,ed:35:33:d3:6c:f8, 2015-01-01 03:57:07.565, 0.363, -0.041, 0.926, 0.732, -0.488, -0.244, -2.587, -21.116, 158.714, -10.167, -6.840, -35.840, 30.67, -0.18539, -0.17575, 0.05576, -0.96515,
 15:45:52.992,ed:35:33:d3:6c:f8, 2015-01-01 03:57:07.565, 0.37, -0.039, 0.923, 0.488, -0.854, -0.122, -2.576, -21.132, 158.698, -10.167, -6.840, -35.840, 30.67, -0.18539, -0.17575, 0.05576, -0.96515,
 15:45:53.009,ed:40:fe:65:30:6c, 2015-01-01 03:57:12.675, 0.555, 0.016, 0.838, -0.366, -0.244, 0, 1.208, -32.992, -123.448, -17.860, -6.753, -7.967, 28.47, 0.45789, -0.24408, -0.14365, -0.84262,
 15:45:53.009,ed:40:fe:65:30:6c, 2015-01-01 03:57:12.675, 0.557, 0.016, 0.84, -0.305, -0.183, 0.061, 1.198, -32.997, -123.448, -17.860, -6.753, -7.967, 28.47, 0.45789, -0.24408, -0.14365, -0.84262,
 15:45:53.011,f6:90:cc:01:6d:25, 2015-01-01 03:57:07.840, 0.916, 0.239, 0.305, -0.427, -0.793, 0, 37.667, -66.731, 151.924, -26.080, -15.720, -7.800, 32.31, 0.02289, 0.57013, 0.13287, 0.81036,
 15:45:53.011,f6:90:cc:01:6d:25, 2015-01-01 03:57:07.840, 0.912, 0.239, 0.31, -0.671, -0.244, 0, 37.678, -66.742, 151.957, -26.080, -15.720, -7.800, 32.31, 0.02289, 0.57013, 0.13287, 0.81036,
 15:45:53.011,e3:ca:2d:fd:e0:8c, 2015-01-01 03:57:07.575, 0.958, 0.092, 0.343, 0.488, -0.549, 0, 14.908, -70.021, 147.799, -25.567, -13.433, -12.860, 29.62, 0.15408, 0.57526, -0.05588, 0.80133,
 15:45:53.011,e3:ca:2d:fd:e0:8c, 2015-01-01 03:57:07.575, 0.956, 0.095, 0.349, 0.122, 0.061, -0.305, 14.925, -70.027, 147.788, -25.567, -13.433, -12.860, 29.62, 0.15408, 0.57526, -0.05588, 0.80133,
 15:45:53.037,ed:35:33:d3:6c:f8, 2015-01-01 03:57:07.880, 0.372, -0.037, 0.924, 0.793, -0.732, 0.061, -2.56, -21.149, 158.687, -10.167, -6.840, -35.840, 30.67, -0.18539, -0.17575, 0.05576, -0.96515,
 15:45:53.037,ed:35:33:d3:6c:f8, 2015-01-01 03:57:07.880, 0.37, -0.041, 0.925, 0.244, -0.977, 0.183, -2.554, -21.171, 158.681, -10.167, -6.840, -35.840, 30.67, -0.18539, -0.17575, 0.05576, -0.96515,
 15:45:53.055,ed:40:fe:65:30:6c, 2015-01-01 03:57:12.675, 0.553, 0.013, 0.84, -0.122, 0, 0.244, 1.192, -33.003, -123.448, -17.860, -6.753, -7.967, 28.47, 0.45789, -0.24408, -0.14365, -0.84262,
 15:45:53.055,ed:40:fe:65:30:6c, 2015-01-01 03:57:12.675, 0.545, 0.013, 0.84, 0, 0.183, 0.305, 1.187, -33.003, -123.448, -17.860, -6.753, -7.967, 28.47, 0.45789, -0.24408, -0.14365, -0.84262,
 15:45:53.057,e3:ca:2d:fd:e0:8c, 2015-01-01 03:57:07.575, 0.954, 0.093, 0.348, 0, 0.793, -0.61, 14.941, -70.016, 147.772, -25.567, -13.433, -12.860, 29.62, 0.15408, 0.57526, -0.05588, 0.80133,
 15:45:53.057,e3:ca:2d:fd:e0:8c, 2015-01-01 03:57:07.575, 0.954, 0.09, 0.342, -0.244, 1.282, -0.732, 14.958, -69.988, 147.761, -25.567, -13.433, -12.860, 29.62, 0.15408, 0.57526, -0.05588, 0.80133,
 15:45:53.061,f6:90:cc:01:6d:25, 2015-01-01 03:57:07.840, 0.906, 0.238, 0.31, -0.61, 0.427, 0, 37.667, -66.747, 152.007, -26.080, -15.720, -7.800, 32.31, 0.02289, 0.57013, 0.13287, 0.81036,
 15:45:53.061,f6:90:cc:01:6d:25, 2015-01-01 03:57:07.840, 0.901, 0.237, 0.311, -0.61, 0.793, 0, 37.645, -66.742, 152.078, -26.080, -15.720, -7.800, 32.31, 0.02289, 0.57013, 0.13287, 0.81036,
 15:45:53.077,ed:40:fe:65:30:6c, 2015-01-01 03:57:12.675, 0.54, 0.014, 0.84, 0.061, 0.244, 0.305, 1.181, -32.997, -123.442, -17.860, -6.753, -7.967, 28.47, 0.45676, -0.24542, -0.14328, -0.84293,
 15:45:53.077,ed:40:fe:65:30:6c, 2015-01-01 03:57:12.675, 0.536, 0.017, 0.842, 0.061, 0.366, 0.183, 1.176, -32.992, -123.442, -17.860, -6.753, -7.967, 28.47, 0.45676, -0.24542, -0.14328, -0.84293,
 15:45:53.080,ed:35:33:d3:6c:f8, 2015-01-01 03:57:07.880, 0.36, -0.04, 0.923, 0.366, -0.854, 0.488, -2.549, -21.193, 158.676, -10.167, -6.840, -35.840, 30.67, -0.18539, -0.17575, 0.05576, -0.96515,
 15:45:53.080,ed:35:33:d3:6c:f8, 2015-01-01 03:57:07.880, 0.355, -0.042, 0.924, -0.305, -1.099, 0.366, -2.56, -21.215, 158.67, -10.167, -6.840, -35.840, 30.67, -0.18539, -0.17575, 0.05576, -0.96515,
 15:45:53.100,e3:ca:2d:fd:e0:8c, 2015-01-01 03:57:07.575, 0.953, 0.092, 0.336, -0.244, 1.099, -0.671, 14.974, -69.955, 147.75, -25.567, -13.433, -12.860, 29.62, 0.15408, 0.57526, -0.05588, 0.80133,
 15:45:53.100,e3:ca:2d:fd:e0:8c, 2015-01-01 03:57:07.575, 0.956, 0.092, 0.333, -0.061, 0.549, -0.366, 14.985, -69.939, 147.744, -25.567, -13.433, -12.860, 29.62, 0.15408, 0.57526, -0.05588, 0.80133,
 15:45:53.101,f6:90:cc:01:6d:25, 2015-01-01 03:57:07.840, 0.897, 0.238, 0.312, -0.427, 0.916, 0, 37.612, -66.725, 152.155, -26.080, -15.720, -7.800, 32.31, 0.02289, 0.57013, 0.13287, 0.81036,
 15:45:53.101,f6:90:cc:01:6d:25, 2015-01-01 03:57:07.840, 0.898, 0.24, 0.31, -0.122, 0.61, -0.305, 37.584, -66.714, 152.227, -26.080, -15.720, -7.800, 32.31, 0.02289, 0.57013, 0.13287, 0.81036,
 15:45:53.103,ed:35:33:d3:6c:f8, 2015-01-01 03:57:07.880, 0.352, -0.039, 0.924, -0.183, -0.488, 0.122, -2.56, -21.231, 158.676, -10.167, -6.840, -35.840, 30.67, -0.18539, -0.17575, 0.05576, -0.96515,
 15:45:53.103,ed:35:33:d3:6c:f8, 2015-01-01 03:57:07.880, 0.35, -0.036, 0.927, 0, -0.122, -0.061, -2.56, -21.231, 158.67, -10.167, -6.840, -35.840, 30.67, -0.18539, -0.17575, 0.05576, -0.96515,
 15:45:53.124,f6:90:cc:01:6d:25, 2015-01-01 03:57:07.840, 0.902, 0.24, 0.309, 0.122, 0.122, -0.305, 37.579, -66.703, 152.281, -25.880, -15.407, -7.827, 32.31, 0.02289, 0.57013, 0.13287, 0.81036,
 15:45:53.124,f6:90:cc:01:6d:25, 2015-01-01 03:57:07.840, 0.906, 0.239, 0.309, 0.244, -0.183, -0.244, 37.595, -66.698, 152.32, -25.880, -15.407, -7.827, 32.31, 0.02289, 0.57013, 0.13287, 0.81036,
 15:45:53.124,ed:40:fe:65:30:6c, 2015-01-01 03:57:12.675, 0.534, 0.021, 0.844, 0.183, 0.366, 0.061, 1.181, -32.986, -123.442, -17.860, -6.753, -7.967, 28.47, 0.45676, -0.24542, -0.14328, -0.84293,
 15:45:53.124,ed:40:fe:65:30:6c, 2015-01-01 03:57:12.675, 0.538, 0.024, 0.847, 0.244, 0.122, 0.061, 1.181, -32.981, -123.442, -17.860, -6.753, -7.967, 28.47, 0.45676, -0.24542, -0.14328, -0.84293,
 15:45:53.148,ed:35:33:d3:6c:f8, 2015-01-01 03:57:07.880, 0.354, -0.032, 0.932, 0.061, -0.061, -0.061, -2.554, -21.231, 158.654, -10.167, -6.840, -35.840, 30.67, -0.18539, -0.17575, 0.05576, -0.96515,
 15:45:53.148,ed:35:33:d3:6c:f8, 2015-01-01 03:57:07.880, 0.359, -0.033, 0.931, 0.427, -0.244, 0, -2.543, -21.237, 158.637, -10.167, -6.840, -35.840, 30.67, -0.18539, -0.17575, 0.05576, -0.96515,
 15:45:53.168,e3:ca:2d:fd:e0:8c, 2015-01-01 03:57:07.575, 0.956, 0.091, 0.333, 0, 0.122, 0, 14.991, -69.928, 147.733, -25.567, -13.433, -12.860, 29.62, 0.15408, 0.57526, -0.05588, 0.80133,
 15:45:53.168,e3:ca:2d:fd:e0:8c, 2015-01-01 03:57:07.575, 0.956, 0.091, 0.337, -0.061, -0.305, 0.183, 14.985, -69.928, 147.75, -25.567, -13.433, -12.860, 29.62, 0.15408, 0.57526, -0.05588, 0.80133,
 15:45:53.170,f6:90:cc:01:6d:25, 2015-01-01 03:57:07.840, 0.908, 0.238, 0.31, 0.305, -0.122, -0.183, 37.612, -66.698, 152.353, -25.880, -15.407, -7.827, 32.31, 0.02289, 0.57013, 0.13287, 0.81036,
 15:45:53.170,f6:90:cc:01:6d:25, 2015-01-01 03:57:07.840, 0.908, 0.237, 0.313, 0.061, 0, -0.122, 37.628, -66.698, 152.391, -25.880, -15.407, -7.827, 32.31, 0.02289, 0.57013, 0.13287, 0.81036,
 15:45:53.189,ed:40:fe:65:30:6c, 2015-01-01 03:57:13.010, 0.543, 0.022, 0.846, 0.305, -0.061, 0.122, 1.187, -32.981, -123.442, -17.860, -6.753, -7.967, 28.47, 0.45676, -0.24542, -0.14328, -0.84293,
 15:45:53.189,ed:40:fe:65:30:6c, 2015-01-01 03:57:13.010, 0.547, 0.018, 0.845, 0.244, -0.183, 0.122, 1.192, -32.981, -123.442, -17.860, -6.753, -7.967, 28.47, 0.45676, -0.24542, -0.14328, -0.84293,
 15:45:53.190,e3:ca:2d:fd:e0:8c, 2015-01-01 03:57:07.575, 0.954, 0.09, 0.342, -0.061, -0.244, 0.183, 14.98, -69.933, 147.788, -25.540, -13.607, -12.160, 29.62, 0.15408, 0.57526, -0.05588, 0.80133,
 15:45:53.190,e3:ca:2d:fd:e0:8c, 2015-01-01 03:57:07.575, 0.954, 0.09, 0.346, -0.183, -0.122, 0.061, 14.974, -69.939, 147.838, -25.540, -13.607, -12.160, 29.62, 0.15408, 0.57526, -0.05588, 0.80133,
 15:45:53.193,ed:35:33:d3:6c:f8, 2015-01-01 03:57:07.880, 0.362, -0.038, 0.93, 0.427, -0.427, 0.061, -2.532, -21.242, 158.637, -10.167, -6.840, -35.840, 30.67, -0.18539, -0.17575, 0.05576, -0.96515,
 15:45:53.193,ed:35:33:d3:6c:f8, 2015-01-01 03:57:07.880, 0.362, -0.039, 0.928, 0.488, -0.366, 0.122, -2.521, -21.248, 158.648, -10.167, -6.840, -35.840, 30.67, -0.18539, -0.17575, 0.05576, -0.96515,
 15:45:53.212,ed:40:fe:65:30:6c, 2015-01-01 03:57:13.010, 0.546, 0.016, 0.845, 0.305, -0.244, 0.183, 1.198, -32.981, -123.442, -17.860, -6.753, -7.967, 28.47, 0.45676, -0.24542, -0.14328, -0.84293,
 15:45:53.212,ed:40:fe:65:30:6c, 2015-01-01 03:57:13.010, 0.542, 0.015, 0.843, 0.305, -0.183, 0.183, 1.198, -32.986, -123.442, -17.860, -6.753, -7.967, 28.47, 0.45676, -0.24542, -0.14328, -0.84293,
 15:45:53.235,e3:ca:2d:fd:e0:8c, 2015-01-01 03:57:07.575, 0.956, 0.091, 0.345, -0.305, -0.061, 0, 14.969, -69.939, 147.859, -25.540, -13.607, -12.160, 29.62, 0.15408, 0.57526, -0.05588, 0.80133,
 15:45:53.235,e3:ca:2d:fd:e0:8c, 2015-01-01 03:57:07.575, 0.96, 0.088, 0.336, -0.305, -0.244, 0, 14.963, -69.939, 147.865, -25.540, -13.607, -12.160, 29.62, 0.15408, 0.57526, -0.05588, 0.80133,
 15:45:53.236,ed:40:fe:65:30:6c, 2015-01-01 03:57:13.010, 0.537, 0.016, 0.841, 0.244, -0.061, 0.122, 1.203, -32.986, -123.442, -17.860, -6.753, -7.967, 28.47, 0.45676, -0.24542, -0.14328, -0.84293,
 15:45:53.236,ed:40:fe:65:30:6c, 2015-01-01 03:57:13.010, 0.547, 0.018, 0.847, 0.122, -0.183, 0, 1.208, -32.986, -123.442, -17.860, -6.753, -7.967, 28.47, 0.45676, -0.24542, -0.14328, -0.84293,
 15:45:53.237,f6:90:cc:01:6d:25, 2015-01-01 03:57:07.840, 0.904, 0.239, 0.314, -0.183, 0, -0.061, 37.628, -66.693, 152.435, -25.880, -15.407, -7.827, 32.31, 0.0166, 0.56961, 0.13733, 0.81012,
 15:45:53.237,f6:90:cc:01:6d:25, 2015-01-01 03:57:07.840, 0.902, 0.237, 0.312, -0.183, 0, -0.061, 37.628, -66.693, 152.479, -25.880, -15.407, -7.827, 32.31, 0.0166, 0.56961, 0.13733, 0.81012,
 15:45:53.239,ed:35:33:d3:6c:f8, 2015-01-01 03:57:07.880, 0.357, -0.04, 0.927, 0.427, -0.427, 0.183, -2.516, -21.253, 158.665, -10.013, -7.300, -35.520, 30.67, -0.18539, -0.17575, 0.05576, -0.96515,
 15:45:53.239,ed:35:33:d3:6c:f8, 2015-01-01 03:57:07.880, 0.353, -0.04, 0.924, 0, -0.549, 0, -2.51, -21.264, 158.67, -10.013, -7.300, -35.520, 30.67, -0.18539, -0.17575, 0.05576, -0.96515,
 15:45:53.259,e3:ca:2d:fd:e0:8c, 2015-01-01 03:57:07.575, 0.946, 0.083, 0.326, 0.305, -0.916, 0.305, 14.963, -69.95, 147.865, -25.540, -13.607, -12.160, 29.62, 0.15308, 0.57559, -0.05469, 0.80136,
 15:45:53.259,e3:ca:2d:fd:e0:8c, 2015-01-01 03:57:07.575, 0.958, 0.096, 0.361, 0.183, -0.183, 0.366, 14.958, -69.961, 147.876, -25.540, -13.607, -12.160, 29.62, 0.15308, 0.57559, -0.05469, 0.80136,
 15:45:53.259,f6:90:cc:01:6d:25, 2015-01-01 03:57:08.195, 0.905, 0.233, 0.304, 0.061, -0.366, -0.061, 37.628, -66.693, 152.523, -25.880, -15.407, -7.827, 32.31, 0.0166, 0.56961, 0.13733, 0.81012,
 15:45:53.259,f6:90:cc:01:6d:25, 2015-01-01 03:57:08.195, 0.912, 0.237, 0.306, 0.244, -0.488, -0.061, 37.639, -66.698, 152.556, -25.880, -15.407, -7.827, 32.31, 0.0166, 0.56961, 0.13733, 0.81012,
 15:45:53.262,ed:35:33:d3:6c:f8, 2015-01-01 03:57:07.880, 0.364, -0.038, 0.928, 0, -0.366, -0.183, -2.51, -21.27, 158.67, -10.013, -7.300, -35.520, 30.67, -0.18576, -0.17737, 0.0553, -0.96481,
 15:45:53.262,ed:35:33:d3:6c:f8, 2015-01-01 03:57:07.880, 0.369, -0.037, 0.928, 0.366, -0.305, 0.183, -2.499, -21.275, 158.67, -10.013, -7.300, -35.520, 30.67, -0.18576, -0.17737, 0.0553, -0.96481,
 15:45:53.279,ed:40:fe:65:30:6c, 2015-01-01 03:57:13.010, 0.553, 0.015, 0.84, 0.305, -0.305, 0.183, 1.208, -32.986, -123.442, -17.860, -6.753, -7.967, 28.47, 0.45676, -0.24542, -0.14328, -0.84293,
 15:45:53.279,ed:40:fe:65:30:6c, 2015-01-01 03:57:13.010, 0.551, 0.015, 0.844, 0.366, -0.305, 0.427, 1.208, -32.992, -123.437, -17.860, -6.753, -7.967, 28.47, 0.45676, -0.24542, -0.14328, -0.84293,
 15:45:53.303,e3:ca:2d:fd:e0:8c, 2015-01-01 03:57:07.575, 0.959, 0.094, 0.351, -0.488, 0.488, -0.183, 14.947, -69.955, 147.892, -25.540, -13.607, -12.160, 29.62, 0.15308, 0.57559, -0.05469, 0.80136,
 15:45:53.303,e3:ca:2d:fd:e0:8c, 2015-01-01 03:57:07.575, 0.951, 0.095, 0.339, -1.038, 0.549, -0.732, 14.947, -69.939, 147.887, -25.540, -13.607, -12.160, 29.62, 0.15308, 0.57559, -0.05469, 0.80136,
 15:45:53.304,f6:90:cc:01:6d:25, 2015-01-01 03:57:08.195, 0.914, 0.238, 0.316, -0.793, 0.244, -0.183, 37.65, -66.698, 152.584, -25.880, -15.407, -7.827, 32.31, 0.0166, 0.56961, 0.13733, 0.81012,
 15:45:53.304,f6:90:cc:01:6d:25, 2015-01-01 03:57:08.195, 0.899, 0.242, 0.316, -0.549, 0.671, -0.244, 37.634, -66.693, 152.633, -25.880, -15.407, -7.827, 32.31, 0.0166, 0.56961, 0.13733, 0.81012,
 15:45:53.305,ed:35:33:d3:6c:f8, 2015-01-01 03:57:07.880, 0.368, -0.04, 0.924, 0.366, -0.732, 0.488, -2.499, -21.292, 158.659, -10.013, -7.300, -35.520, 30.67, -0.18576, -0.17737, 0.0553, -0.96481,
 15:45:53.305,ed:35:33:d3:6c:f8, 2015-01-01 03:57:07.880, 0.356, -0.041, 0.923, -0.122, -0.122, 0.244, -2.499, -21.292, 158.643, -10.013, -7.300, -35.520, 30.67, -0.18576, -0.17737, 0.0553, -0.96481,
 15:45:53.327,f6:90:cc:01:6d:25, 2015-01-01 03:57:08.195, 0.897, 0.242, 0.307, 0.183, 0.549, -0.427, 37.612, -66.676, 152.688, -25.880, -15.407, -7.827, 32.31, 0.0166, 0.56961, 0.13733, 0.81012,
 15:45:53.327,f6:90:cc:01:6d:25, 2015-01-01 03:57:08.195, 0.905, 0.239, 0.303, 0.671, 0.122, -0.366, 37.623, -66.665, 152.726, -25.880, -15.407, -7.827, 32.31, 0.0166, 0.56961, 0.13733, 0.81012,
 15:45:53.347,ed:40:fe:65:30:6c, 2015-01-01 03:57:13.010, 0.539, 0.015, 0.843, 0.183, 0.305, 0.305, 1.208, -32.986, -123.431, -17.860, -6.753, -7.967, 28.47, 0.45676, -0.24542, -0.14328, -0.84293,
 15:45:53.347,ed:40:fe:65:30:6c, 2015-01-01 03:57:13.010, 0.537, 0.017, 0.842, 0.183, 0.366, 0, 1.208, -32.981, -123.431, -17.860, -6.753, -7.967, 28.47, 0.45676, -0.24542, -0.14328, -0.84293,
 15:45:53.352,ed:35:33:d3:6c:f8, 2015-01-01 03:57:08.170, 0.354, -0.042, 0.926, -0.366, -0.122, -0.183, -2.505, -21.297, 158.621, -10.013, -7.300, -35.520, 30.67, -0.18576, -0.17737, 0.0553, -0.96481,
 15:45:53.352,ed:35:33:d3:6c:f8, 2015-01-01 03:57:08.170, 0.363, -0.036, 0.928, -0.183, 0, -0.488, -2.505, -21.292, 158.593, -10.013, -7.300, -35.520, 30.67, -0.18576, -0.17737, 0.0553, -0.96481,
 15:45:53.372,f6:90:cc:01:6d:25, 2015-01-01 03:57:08.195, 0.907, 0.24, 0.298, 0.427, -0.427, -0.183, 37.65, -66.66, 152.759, -25.880, -15.407, -7.827, 32.31, 0.0166, 0.56961, 0.13733, 0.81012,
 15:45:53.372,f6:90:cc:01:6d:25, 2015-01-01 03:57:08.195, 0.91, 0.24, 0.301, 0, -0.916, 0, 37.678, -66.671, 152.776, -25.880, -15.407, -7.827, 32.31, 0.0166, 0.56961, 0.13733, 0.81012,
 15:45:53.372,e3:ca:2d:fd:e0:8c, 2015-01-01 03:57:07.935, 0.96, 0.093, 0.326, -0.427, 0.244, -0.488, 14.958, -69.922, 147.876, -25.540, -13.607, -12.160, 29.62, 0.15308, 0.57559, -0.05469, 0.80136,
 15:45:53.372,e3:ca:2d:fd:e0:8c, 2015-01-01 03:57:07.935, 0.962, 0.082, 0.328, 0.427, -0.427, 0.366, 14.969, -69.922, 147.887, -25.540, -13.607, -12.160, 29.62, 0.15308, 0.57559, -0.05469, 0.80136,
 15:45:53.373,ed:40:fe:65:30:6c, 2015-01-01 03:57:13.010, 0.545, 0.021, 0.843, 0.122, 0, -0.244, 1.214, -32.975, -123.437, -17.947, -7.013, -8.127, 28.47, 0.45676, -0.24542, -0.14328, -0.84293,
 15:45:53.373,ed:40:fe:65:30:6c, 2015-01-01 03:57:13.010, 0.549, 0.022, 0.844, 0.061, -0.183, -0.244, 1.219, -32.975, -123.448, -17.947, -7.013, -8.127, 28.47, 0.45676, -0.24542, -0.14328, -0.84293,
 15:45:53.393,e3:ca:2d:fd:e0:8c, 2015-01-01 03:57:07.935, 0.958, 0.085, 0.33, 0, -0.732, 0.427, 14.958, -69.939, 147.92, -25.540, -13.607, -12.160, 29.62, 0.15308, 0.57559, -0.05469, 0.80136,
 15:45:53.393,e3:ca:2d:fd:e0:8c, 2015-01-01 03:57:07.935, 0.96, 0.092, 0.332, -0.671, -0.977, 0.305, 14.941, -69.955, 147.936, -25.540, -13.607, -12.160, 29.62, 0.15308, 0.57559, -0.05469, 0.80136,
 15:45:53.396,ed:35:33:d3:6c:f8, 2015-01-01 03:57:08.170, 0.367, -0.032, 0.93, 0.305, 0, -0.427, -2.494, -21.292, 158.555, -10.013, -7.300, -35.520, 30.67, -0.18576, -0.17737, 0.0553, -0.96481,
 15:45:53.396,ed:35:33:d3:6c:f8, 2015-01-01 03:57:08.170, 0.37, -0.032, 0.928, 0.061, -0.366, -0.183, -2.488, -21.302, 158.533, -10.013, -7.300, -35.520, 30.67, -0.18576, -0.17737, 0.0553, -0.96481,
 15:45:53.416,e3:ca:2d:fd:e0:8c, 2015-01-01 03:57:07.935, 0.962, 0.088, 0.338, -0.061, -0.793, 0.305, 14.936, -69.977, 147.958, -25.540, -13.607, -12.160, 29.62, 0.15308, 0.57559, -0.05469, 0.80136,
 15:45:53.416,e3:ca:2d:fd:e0:8c, 2015-01-01 03:57:07.935, 0.959, 0.083, 0.341, 0.244, -0.183, 0.305, 14.925, -69.988, 147.964, -25.540, -13.607, -12.160, 29.62, 0.15308, 0.57559, -0.05469, 0.80136,
 15:45:53.416,ed:40:fe:65:30:6c, 2015-01-01 03:57:13.010, 0.553, 0.021, 0.842, 0, -0.305, -0.122, 1.225, -32.981, -123.453, -17.947, -7.013, -8.127, 28.47, 0.45676, -0.24542, -0.14328, -0.84293,
 15:45:53.416,ed:40:fe:65:30:6c, 2015-01-01 03:57:13.010, 0.559, 0.017, 0.839, 0, -0.427, 0.061, 1.225, -32.986, -123.453, -17.947, -7.013, -8.127, 28.47, 0.45676, -0.24542, -0.14328, -0.84293,
 15:45:53.417,f6:90:cc:01:6d:25, 2015-01-01 03:57:08.195, 0.915, 0.238, 0.303, 0, -0.732, 0, 37.705, -66.687, 152.792, -25.880, -15.407, -7.827, 32.31, 0.0166, 0.56961, 0.13733, 0.81012,
 15:45:53.417,f6:90:cc:01:6d:25, 2015-01-01 03:57:08.195, 0.915, 0.236, 0.304, 0.183, -0.244, 0.122, 37.722, -66.693, 152.82, -25.880, -15.407, -7.827, 32.31, 0.0166, 0.56961, 0.13733, 0.81012,
 15:45:53.438,ed:40:fe:65:30:6c, 2015-01-01 03:57:13.010, 0.558, 0.012, 0.837, 0.061, -0.244, 0.244, 1.219, -32.992, -123.453, -17.947, -7.013, -8.127, 28.47, 0.45676, -0.24518, -0.14349, -0.84296,
 15:45:53.438,ed:40:fe:65:30:6c, 2015-01-01 03:57:13.010, 0.551, 0.011, 0.837, 0.183, 0, 0.305, 1.219, -32.997, -123.448, -17.947, -7.013, -8.127, 28.47, 0.45676, -0.24518, -0.14349, -0.84296,
 15:45:53.442,ed:35:33:d3:6c:f8, 2015-01-01 03:57:08.170, 0.377, -0.036, 0.925, 0, -0.366, 0, -2.483, -21.308, 158.538, -10.013, -7.300, -35.520, 30.67, -0.18576, -0.17737, 0.0553, -0.96481,
 15:45:53.442,ed:35:33:d3:6c:f8, 2015-01-01 03:57:08.170, 0.376, -0.041, 0.92, 0.061, -0.183, 0.427, -2.483, -21.313, 158.56, -10.013, -7.300, -35.520, 30.67, -0.18576, -0.17737, 0.0553, -0.96481,
 15:45:53.460,e3:ca:2d:fd:e0:8c, 2015-01-01 03:57:07.935, 0.957, 0.086, 0.34, -0.122, -0.061, 0.061, 14.914, -69.994, 147.953, -25.540, -13.607, -12.160, 29.62, 0.15308, 0.57559, -0.05469, 0.80136,
 15:45:53.460,e3:ca:2d:fd:e0:8c, 2015-01-01 03:57:07.935, 0.956, 0.091, 0.337, -0.061, 0.061, -0.122, 14.914, -69.994, 147.942, -25.540, -13.607, -12.160, 29.62, 0.15308, 0.57559, -0.05469, 0.80136,
 15:45:53.462,f6:90:cc:01:6d:25, 2015-01-01 03:57:08.195, 0.911, 0.236, 0.305, 0.122, 0, 0.183, 37.727, -66.698, 152.864, -25.880, -15.407, -7.827, 32.31, 0.0166, 0.56961, 0.13733, 0.81012,
 15:45:53.462,f6:90:cc:01:6d:25, 2015-01-01 03:57:08.195, 0.905, 0.237, 0.305, 0.244, 0.427, 0.183, 37.722, -66.703, 152.919, -25.880, -15.407, -7.827, 32.31, 0.0166, 0.56961, 0.13733, 0.81012,
 15:45:53.463,ed:35:33:d3:6c:f8, 2015-01-01 03:57:08.170, 0.368, -0.043, 0.919, 0, 0, 0.549, -2.488, -21.319, 158.593, -10.013, -7.300, -35.520, 30.67, -0.18576, -0.17737, 0.0553, -0.96481,
 15:45:53.463,ed:35:33:d3:6c:f8, 2015-01-01 03:57:08.170, 0.363, -0.043, 0.922, -0.183, 0.305, 0.427, -2.494, -21.313, 158.626, -10.013, -7.300, -35.520, 30.67, -0.18576, -0.17737, 0.0553, -0.96481,
 15:45:53.482,ed:40:fe:65:30:6c, 2015-01-01 03:57:13.010, 0.545, 0.012, 0.839, 0.183, 0.305, 0.244, 1.219, -32.992, -123.442, -17.947, -7.013, -8.127, 28.47, 0.45676, -0.24518, -0.14349, -0.84296,
 15:45:53.482,ed:40:fe:65:30:6c, 2015-01-01 03:57:13.010, 0.543, 0.015, 0.84, 0.122, 0.305, 0.244, 1.214, -32.992, -123.442, -17.947, -7.013, -8.127, 28.47, 0.45676, -0.24518, -0.14349, -0.84296,
 15:45:53.484,f6:90:cc:01:6d:25, 2015-01-01 03:57:08.195, 0.903, 0.238, 0.306, 0.488, 0.793, 0.061, 37.705, -66.698, 152.985, -26.160, -15.367, -8.180, 32.31, 0.0166, 0.56961, 0.13733, 0.81012,
 15:45:53.484,f6:90:cc:01:6d:25, 2015-01-01 03:57:08.195, 0.904, 0.239, 0.308, 0.427, 0.732, 0, 37.7, -66.687, 153.051, -26.160, -15.367, -8.180, 32.31, 0.0166, 0.56961, 0.13733, 0.81012,
 15:45:53.510,ed:35:33:d3:6c:f8, 2015-01-01 03:57:08.170, 0.361, -0.04, 0.923, -0.488, 0.366, 0.305, -2.505, -21.313, 158.648, -10.013, -7.300, -35.520, 30.67, -0.18576, -0.17737, 0.0553, -0.96481,
 15:45:53.510,ed:35:33:d3:6c:f8, 2015-01-01 03:57:08.170, 0.36, -0.036, 0.924, -0.549, 0.305, 0.305, -2.516, -21.308, 158.659, -10.013, -7.300, -35.520, 30.67, -0.18576, -0.17737, 0.0553, -0.96481,
 15:45:53.527,ed:40:fe:65:30:6c, 2015-01-01 03:57:13.370, 0.543, 0.019, 0.841, 0.183, 0.305, 0.244, 1.214, -32.986, -123.437, -17.947, -7.013, -8.127, 28.47, 0.45676, -0.24518, -0.14349, -0.84296,
 15:45:53.528,ed:40:fe:65:30:6c, 2015-01-01 03:57:13.370, 0.543, 0.02, 0.843, 0.122, 0.366, 0.244, 1.214, -32.981, -123.431, -17.947, -7.013, -8.127, 28.47, 0.45676, -0.24518, -0.14349, -0.84296,
 15:45:53.529,f6:90:cc:01:6d:25, 2015-01-01 03:57:08.195, 0.905, 0.24, 0.308, 0.366, 0.366, 0, 37.694, -66.682, 153.105, -26.160, -15.367, -8.180, 32.31, 0.0166, 0.56961, 0.13733, 0.81012,
 15:45:53.529,f6:90:cc:01:6d:25, 2015-01-01 03:57:08.195, 0.905, 0.241, 0.309, 0.366, 0.244, 0, 37.694, -66.676, 153.155, -26.160, -15.367, -8.180, 32.31, 0.0166, 0.56961, 0.13733, 0.81012,
 15:45:53.529,e3:ca:2d:fd:e0:8c, 2015-01-01 03:57:07.935, 0.956, 0.091, 0.337, 0.183, 0.366, -0.122, 14.919, -69.983, 147.942, -25.540, -13.607, -12.160, 29.62, 0.15308, 0.57559, -0.05469, 0.80136,
 15:45:53.529,e3:ca:2d:fd:e0:8c, 2015-01-01 03:57:07.935, 0.957, 0.09, 0.337, 0.061, 0.305, -0.061, 14.919, -69.977, 147.947, -25.540, -13.607, -12.160, 29.62, 0.15308, 0.57559, -0.05469, 0.80136,
 15:45:53.551,e3:ca:2d:fd:e0:8c, 2015-01-01 03:57:07.935, 0.956, 0.09, 0.337, -0.122, 0.061, -0.061, 14.919, -69.977, 147.947, -25.433, -13.687, -12.860, 29.62, 0.15308, 0.57559, -0.05469, 0.80136,
 15:45:53.551,e3:ca:2d:fd:e0:8c, 2015-01-01 03:57:07.935, 0.957, 0.091, 0.338, -0.183, 0, -0.061, 14.914, -69.977, 147.953, -25.433, -13.687, -12.860, 29.62, 0.15308, 0.57559, -0.05469, 0.80136,
 15:45:53.553,ed:35:33:d3:6c:f8, 2015-01-01 03:57:08.170, 0.36, -0.036, 0.926, -0.427, 0.549, 0.244, -2.527, -21.302, 158.654, -10.233, -7.193, -35.840, 30.67, -0.18576, -0.17737, 0.0553, -0.96481,
 15:45:53.553,ed:35:33:d3:6c:f8, 2015-01-01 03:57:08.170, 0.361, -0.037, 0.926, -0.183, 0.488, 0.122, -2.527, -21.292, 158.654, -10.233, -7.193, -35.840, 30.67, -0.18576, -0.17737, 0.0553, -0.96481,
 15:45:53.572,ed:40:fe:65:30:6c, 2015-01-01 03:57:13.370, 0.544, 0.02, 0.844, 0.061, 0.366, 0.183, 1.208, -32.975, -123.431, -17.947, -7.013, -8.127, 28.47, 0.45676, -0.24518, -0.14349, -0.84296,
 15:45:53.572,ed:40:fe:65:30:6c, 2015-01-01 03:57:13.370, 0.544, 0.019, 0.845, 0.122, 0.305, 0.061, 1.214, -32.97, -123.431, -17.947, -7.013, -8.127, 28.47, 0.45676, -0.24518, -0.14349, -0.84296,
 15:45:53.596,e3:ca:2d:fd:e0:8c, 2015-01-01 03:57:07.935, 0.957, 0.089, 0.34, -0.122, 0, 0, 14.914, -69.972, 147.953, -25.433, -13.687, -12.860, 29.62, 0.15308, 0.57559, -0.05469, 0.80136,
 15:45:53.596,e3:ca:2d:fd:e0:8c, 2015-01-01 03:57:07.935, 0.957, 0.09, 0.341, -0.183, -0.061, 0, 14.908, -69.972, 147.958, -25.433, -13.687, -12.860, 29.62, 0.15308, 0.57559, -0.05469, 0.80136,
 15:45:53.596,f6:90:cc:01:6d:25, 2015-01-01 03:57:08.195, 0.906, 0.241, 0.309, 0.244, 0.061, 0, 37.7, -66.676, 153.199, -26.160, -15.367, -8.180, 32.31, 0.01096, 0.56857, 0.14163, 0.81021,
 15:45:53.596,f6:90:cc:01:6d:25, 2015-01-01 03:57:08.195, 0.907, 0.239, 0.31, 0.122, 0.061, 0, 37.7, -66.676, 153.237, -26.160, -15.367, -8.180, 32.31, 0.01096, 0.56857, 0.14163, 0.81021,
 15:45:53.599,ed:35:33:d3:6c:f8, 2015-01-01 03:57:08.170, 0.36, -0.037, 0.928, 0, 0.488, 0.122, -2.527, -21.286, 158.648, -10.233, -7.193, -35.840, 30.67, -0.18597, -0.17746, 0.05551, -0.96475,
 15:45:53.599,ed:35:33:d3:6c:f8, 2015-01-01 03:57:08.170, 0.361, -0.036, 0.929, -0.122, 0.488, 0.061, -2.527, -21.275, 158.643, -10.233, -7.193, -35.840, 30.67, -0.18597, -0.17746, 0.05551, -0.96475,
 15:45:53.617,ed:40:fe:65:30:6c, 2015-01-01 03:57:13.370, 0.545, 0.019, 0.845, 0.061, 0.244, 0.061, 1.214, -32.964, -123.431, -17.947, -7.013, -8.127, 28.47, 0.45676, -0.24518, -0.14349, -0.84296,
 15:45:53.617,ed:40:fe:65:30:6c, 2015-01-01 03:57:13.370, 0.544, 0.018, 0.844, 0.061, 0.244, 0.122, 1.214, -32.959, -123.431, -17.947, -7.013, -8.127, 28.47, 0.45676, -0.24518, -0.14349, -0.84296,
 15:45:53.618,e3:ca:2d:fd:e0:8c, 2015-01-01 03:57:07.935, 0.956, 0.091, 0.34, -0.183, -0.061, 0, 14.908, -69.972, 147.969, -25.433, -13.687, -12.860, 29.62, 0.15262, 0.57581, -0.05469, 0.8013,
 15:45:53.618,e3:ca:2d:fd:e0:8c, 2015-01-01 03:57:07.935, 0.956, 0.09, 0.341, -0.122, -0.061, 0.061, 14.903, -69.972, 147.975, -25.433, -13.687, -12.860, 29.62, 0.15262, 0.57581, -0.05469, 0.8013,
 15:45:53.619,f6:90:cc:01:6d:25, 2015-01-01 03:57:08.555, 0.906, 0.239, 0.311, 0.244, 0.122, 0.061, 37.705, -66.676, 153.276, -26.160, -15.367, -8.180, 32.31, 0.01096, 0.56857, 0.14163, 0.81021,
 15:45:53.619,f6:90:cc:01:6d:25, 2015-01-01 03:57:08.555, 0.905, 0.239, 0.31, 0.305, 0.183, 0.122, 37.705, -66.671, 153.325, -26.160, -15.367, -8.180, 32.31, 0.01096, 0.56857, 0.14163, 0.81021,
 15:45:53.639,ed:40:fe:65:30:6c, 2015-01-01 03:57:13.370, 0.544, 0.018, 0.843, 0.122, 0.244, 0.183, 1.214, -32.953, -123.431, -17.947, -7.013, -8.127, 28.47, 0.45676, -0.24518, -0.14349, -0.84296,
 15:45:53.639,ed:40:fe:65:30:6c, 2015-01-01 03:57:13.370, 0.543, 0.016, 0.844, 0.122, 0.122, 0.122, 1.214, -32.948, -123.431, -17.947, -7.013, -8.127, 28.47, 0.45676, -0.24518, -0.14349, -0.84296,
 15:45:53.644,ed:35:33:d3:6c:f8, 2015-01-01 03:57:08.480, 0.361, -0.037, 0.928, -0.244, 0.549, 0.061, -2.532, -21.27, 158.615, -10.233, -7.193, -35.840, 30.67, -0.18597, -0.17746, 0.05551, -0.96475,
 15:45:53.644,ed:35:33:d3:6c:f8, 2015-01-01 03:57:08.480, 0.361, -0.038, 0.926, -0.244, 0.488, 0.183, -2.532, -21.259, 158.571, -10.233, -7.193, -35.840, 30.67, -0.18597, -0.17746, 0.05551, -0.96475,
 15:45:53.665,e3:ca:2d:fd:e0:8c, 2015-01-01 03:57:07.935, 0.956, 0.088, 0.339, 0, -0.061, 0.061, 14.897, -69.972, 147.964, -25.433, -13.687, -12.860, 29.62, 0.15262, 0.57581, -0.05469, 0.8013,
 15:45:53.665,e3:ca:2d:fd:e0:8c, 2015-01-01 03:57:07.935, 0.955, 0.087, 0.339, -0.061, -0.122, 0, 14.897, -69.977, 147.947, -25.433, -13.687, -12.860, 29.62, 0.15262, 0.57581, -0.05469, 0.8013,
 15:45:53.665,f6:90:cc:01:6d:25, 2015-01-01 03:57:08.555, 0.906, 0.238, 0.31, 0.366, 0.427, 0.122, 37.7, -66.671, 153.375, -26.160, -15.367, -8.180, 32.31, 0.01096, 0.56857, 0.14163, 0.81021,
 15:45:53.665,f6:90:cc:01:6d:25, 2015-01-01 03:57:08.555, 0.904, 0.236, 0.31, 0.427, 0.244, 0.061, 37.694, -66.665, 153.424, -26.160, -15.367, -8.180, 32.31, 0.01096, 0.56857, 0.14163, 0.81021,
 15:45:53.666,ed:35:33:d3:6c:f8, 2015-01-01 03:57:08.480, 0.358, -0.039, 0.927, -0.244, 0.427, 0.183, -2.538, -21.253, 158.527, -10.233, -7.193, -35.840, 30.67, -0.18597, -0.17746, 0.05551, -0.96475,
 15:45:53.666,ed:35:33:d3:6c:f8, 2015-01-01 03:57:08.480, 0.358, -0.042, 0.926, -0.061, 0.305, 0.183, -2.538, -21.248, 158.505, -10.233, -7.193, -35.840, 30.67, -0.18597, -0.17746, 0.05551, -0.96475,
 15:45:53.687,f6:90:cc:01:6d:25, 2015-01-01 03:57:08.555, 0.903, 0.236, 0.307, 0.488, 0.244, 0.061, 37.694, -66.665, 153.468, -26.160, -15.367, -8.180, 32.31, 0.01096, 0.56857, 0.14163, 0.81021,
 15:45:53.687,f6:90:cc:01:6d:25, 2015-01-01 03:57:08.555, 0.906, 0.239, 0.31, 0.061, 0.122, 0.061, 37.689, -66.66, 153.512, -26.160, -15.367, -8.180, 32.31, 0.01096, 0.56857, 0.14163, 0.81021,
 15:45:53.709,ed:40:fe:65:30:6c, 2015-01-01 03:57:13.370, 0.542, 0.014, 0.842, 0.183, 0.183, 0.183, 1.214, -32.943, -123.426, -17.947, -7.013, -8.127, 28.47, 0.45676, -0.24518, -0.14349, -0.84296,
 15:45:53.709,ed:40:fe:65:30:6c, 2015-01-01 03:57:13.370, 0.543, 0.016, 0.842, 0.122, 0.244, 0.122, 1.214, -32.937, -123.426, -17.947, -7.013, -8.127, 28.47, 0.45676, -0.24518, -0.14349, -0.84296,
 15:45:53.709,e3:ca:2d:fd:e0:8c, 2015-01-01 03:57:08.290, 0.956, 0.089, 0.337, -0.061, -0.183, 0, 14.897, -69.977, 147.92, -25.433, -13.687, -12.860, 29.62, 0.15262, 0.57581, -0.05469, 0.8013,
 15:45:53.709,e3:ca:2d:fd:e0:8c, 2015-01-01 03:57:08.290, 0.958, 0.09, 0.338, 0.061, -0.305, 0.122, 14.897, -69.983, 147.887, -25.433, -13.687, -12.860, 29.62, 0.15262, 0.57581, -0.05469, 0.8013,
 15:45:53.711,ed:35:33:d3:6c:f8, 2015-01-01 03:57:08.480, 0.359, -0.041, 0.926, -0.183, 0.183, 0.122, -2.543, -21.242, 158.483, -10.233, -7.193, -35.840, 30.67, -0.18597, -0.17746, 0.05551, -0.96475,
 15:45:53.711,ed:35:33:d3:6c:f8, 2015-01-01 03:57:08.480, 0.365, -0.038, 0.925, -0.305, 0.244, 0, -2.543, -21.237, 158.456, -10.233, -7.193, -35.840, 30.67, -0.18597, -0.17746, 0.05551, -0.96475,
 15:45:53.729,ed:40:fe:65:30:6c, 2015-01-01 03:57:13.370, 0.547, 0.019, 0.842, 0.061, 0.244, 0.061, 1.214, -32.932, -123.426, -17.987, -6.600, -7.867, 28.47, 0.45676, -0.24518, -0.14349, -0.84296,
 15:45:53.729,ed:40:fe:65:30:6c, 2015-01-01 03:57:13.370, 0.547, 0.019, 0.845, 0, 0.244, 0, 1.214, -32.926, -123.426, -17.987, -6.600, -7.867, 28.47, 0.45676, -0.24518, -0.14349, -0.84296,
 15:45:53.732,f6:90:cc:01:6d:25, 2015-01-01 03:57:08.555, 0.909, 0.241, 0.309, 0.183, 0.183, 0.122, 37.683, -66.66, 153.556, -26.160, -15.367, -8.180, 32.31, 0.01096, 0.56857, 0.14163, 0.81021,
 15:45:53.732,f6:90:cc:01:6d:25, 2015-01-01 03:57:08.555, 0.909, 0.241, 0.309, 0.183, 0.183, 0.061, 37.678, -66.66, 153.6, -26.160, -15.367, -8.180, 32.31, 0.01096, 0.56857, 0.14163, 0.81021,
 15:45:53.753,e3:ca:2d:fd:e0:8c, 2015-01-01 03:57:08.290, 0.96, 0.09, 0.338, 0, -0.244, 0.122, 14.892, -69.988, 147.881, -25.433, -13.687, -12.860, 29.62, 0.15262, 0.57581, -0.05469, 0.8013,
 15:45:53.753,e3:ca:2d:fd:e0:8c, 2015-01-01 03:57:08.290, 0.959, 0.09, 0.338, -0.061, -0.244, 0.061, 14.892, -69.988, 147.914, -25.433, -13.687, -12.860, 29.62, 0.15262, 0.57581, -0.05469, 0.8013,
 15:45:53.756,ed:35:33:d3:6c:f8, 2015-01-01 03:57:08.480, 0.363, -0.04, 0.927, -0.488, 0.61, -0.061, -2.554, -21.226, 158.445, -10.233, -7.193, -35.840, 30.67, -0.18597, -0.17746, 0.05551, -0.96475,
 15:45:53.756,ed:35:33:d3:6c:f8, 2015-01-01 03:57:08.480, 0.36, -0.038, 0.932, -0.366, 0.305, 0, -2.56, -21.22, 158.434, -10.233, -7.193, -35.840, 30.67, -0.18597, -0.17746, 0.05551, -0.96475,
 15:45:53.775,ed:40:fe:65:30:6c, 2015-01-01 03:57:13.370, 0.545, 0.017, 0.847, 0, 0.183, 0, 1.214, -32.921, -123.431, -17.987, -6.600, -7.867, 28.47, 0.45676, -0.24518, -0.14349, -0.84296,
 15:45:53.775,ed:40:fe:65:30:6c, 2015-01-01 03:57:13.370, 0.545, 0.016, 0.847, 0, 0.122, 0.061, 1.208, -32.921, -123.431, -17.987, -6.600, -7.867, 28.47, 0.45676, -0.24518, -0.14349, -0.84296,
 15:45:53.777,e3:ca:2d:fd:e0:8c, 2015-01-01 03:57:08.290, 0.957, 0.089, 0.337, 0, -0.183, 0, 14.892, -69.994, 147.942, -25.433, -13.687, -12.860, 29.62, 0.15262, 0.57581, -0.05469, 0.8013,
 15:45:53.777,e3:ca:2d:fd:e0:8c, 2015-01-01 03:57:08.290, 0.957, 0.088, 0.337, -0.183, -0.061, 0, 14.886, -69.994, 147.958, -25.433, -13.687, -12.860, 29.62, 0.15262, 0.57581, -0.05469, 0.8013,
 15:45:53.800,f6:90:cc:01:6d:25, 2015-01-01 03:57:08.555, 0.908, 0.238, 0.307, 0.244, 0.061, 0.061, 37.678, -66.66, 153.638, -26.160, -15.367, -8.180, 32.31, 0.01096, 0.56857, 0.14163, 0.81021,
 15:45:53.800,f6:90:cc:01:6d:25, 2015-01-01 03:57:08.555, 0.907, 0.236, 0.307, 0.427, 0.061, 0, 37.689, -66.66, 153.677, -26.160, -15.367, -8.180, 32.31, 0.01096, 0.56857, 0.14163, 0.81021,
 15:45:53.801,ed:35:33:d3:6c:f8, 2015-01-01 03:57:08.480, 0.362, -0.04, 0.932, -0.122, 0.183, 0, -2.56, -21.22, 158.428, -10.233, -7.193, -35.840, 30.67, -0.18597, -0.17746, 0.05551, -0.96475,
 15:45:53.801,ed:35:33:d3:6c:f8, 2015-01-01 03:57:08.480, 0.361, -0.042, 0.927, 0.061, 0, 0, -2.554, -21.22, 158.428, -10.233, -7.193, -35.840, 30.67, -0.18597, -0.17746, 0.05551, -0.96475,
 15:45:53.821,e3:ca:2d:fd:e0:8c, 2015-01-01 03:57:08.290, 0.956, 0.089, 0.336, -0.183, -0.061, -0.122, 14.886, -69.994, 147.958, -25.433, -13.687, -12.860, 29.62, 0.15262, 0.57581, -0.05469, 0.8013,
 15:45:53.821,e3:ca:2d:fd:e0:8c, 2015-01-01 03:57:08.290, 0.957, 0.088, 0.337, -0.183, -0.244, -0.122, 14.892, -69.994, 147.953, -25.433, -13.687, -12.860, 29.62, 0.15262, 0.57581, -0.05469, 0.8013,
 15:45:53.822,f6:90:cc:01:6d:25, 2015-01-01 03:57:08.555, 0.904, 0.236, 0.306, 0.183, -0.183, -0.061, 37.694, -66.66, 153.704, -26.567, -14.953, -8.287, 32.31, 0.01096, 0.56857, 0.14163, 0.81021,
 15:45:53.822,f6:90:cc:01:6d:25, 2015-01-01 03:57:08.555, 0.903, 0.238, 0.309, 0.183, -0.122, -0.122, 37.705, -66.66, 153.726, -26.567, -14.953, -8.287, 32.31, 0.01096, 0.56857, 0.14163, 0.81021,
 15:45:53.842,ed:40:fe:65:30:6c, 2015-01-01 03:57:13.370, 0.545, 0.014, 0.844, 0.061, 0, 0.061, 1.208, -32.921, -123.431, -17.987, -6.600, -7.867, 28.47, 0.457, -0.24469, -0.14319, -0.84302,
 15:45:53.842,ed:40:fe:65:30:6c, 2015-01-01 03:57:13.370, 0.542, 0.013, 0.842, 0.244, -0.061, 0.122, 1.214, -32.921, -123.431, -17.987, -6.600, -7.867, 28.47, 0.457, -0.24469, -0.14319, -0.84302,
 15:45:53.846,ed:35:33:d3:6c:f8, 2015-01-01 03:57:08.480, 0.36, -0.042, 0.923, 0.061, -0.305, 0.183, -2.554, -21.226, 158.434, -9.847, -7.147, -35.053, 30.67, -0.18597, -0.17746, 0.05551, -0.96475,
 15:45:53.846,ed:35:33:d3:6c:f8, 2015-01-01 03:57:08.480, 0.361, -0.035, 0.922, 0, -0.488, 0.183, -2.554, -21.237, 158.434, -9.847, -7.147, -35.053, 30.67, -0.18597, -0.17746, 0.05551, -0.96475,
 15:45:53.865,ed:40:fe:65:30:6c, 2015-01-01 03:57:13.725, 0.542, 0.019, 0.84, 0.244, 0, 0.183, 1.214, -32.915, -123.426, -17.987, -6.600, -7.867, 28.47, 0.457, -0.24469, -0.14319, -0.84302,
 15:45:53.865,ed:40:fe:65:30:6c, 2015-01-01 03:57:13.725, 0.543, 0.022, 0.842, 0.244, 0.122, 0.244, 1.214, -32.915, -123.426, -17.987, -6.600, -7.867, 28.47, 0.457, -0.24469, -0.14319, -0.84302,
 15:45:53.868,ed:35:33:d3:6c:f8, 2015-01-01 03:57:08.480, 0.364, -0.035, 0.923, 0.61, -0.732, 0.549, -2.549, -21.253, 158.45, -9.847, -7.147, -35.053, 30.67, -0.18762, -0.17709, 0.05588, -0.96448,
 15:45:53.868,ed:35:33:d3:6c:f8, 2015-01-01 03:57:08.480, 0.365, -0.041, 0.927, 1.465, -2.197, 1.465, -2.527, -21.292, 158.478, -9.847, -7.147, -35.053, 30.67, -0.18762, -0.17709, 0.05588, -0.96448,
 15:45:53.887,ed:40:fe:65:30:6c, 2015-01-01 03:57:13.725, 0.543, 0.016, 0.844, 0.61, 0.244, 0.183, 1.225, -32.91, -123.42, -17.987, -6.600, -7.867, 28.47, 0.457, -0.24469, -0.14319, -0.84302,
 15:45:53.887,ed:40:fe:65:30:6c, 2015-01-01 03:57:13.725, 0.545, 0.009, 0.846, 1.099, 0.244, 0.061, 1.241, -32.904, -123.42, -17.987, -6.600, -7.867, 28.47, 0.457, -0.24469, -0.14319, -0.84302,
 15:45:53.888,e3:ca:2d:fd:e0:8c, 2015-01-01 03:57:08.290, 0.957, 0.088, 0.337, -0.305, -0.305, -0.061, 14.892, -69.999, 147.942, -25.433, -13.687, -12.860, 29.62, 0.15262, 0.57581, -0.05469, 0.8013,
 15:45:53.888,e3:ca:2d:fd:e0:8c, 2015-01-01 03:57:08.290, 0.958, 0.089, 0.337, -0.488, -0.244, -0.061, 14.892, -70.005, 147.936, -25.433, -13.687, -12.860, 29.62, 0.15262, 0.57581, -0.05469, 0.8013,
 15:45:53.889,f6:90:cc:01:6d:25, 2015-01-01 03:57:08.555, 0.905, 0.24, 0.306, 0.366, -0.183, -0.122, 37.722, -66.665, 153.748, -26.567, -14.953, -8.287, 32.31, 0.01096, 0.56857, 0.14163, 0.81021,
 15:45:53.889,f6:90:cc:01:6d:25, 2015-01-01 03:57:08.555, 0.906, 0.24, 0.307, 0.671, -0.183, 0, 37.744, -66.665, 153.776, -26.567, -14.953, -8.287, 32.31, 0.01096, 0.56857, 0.14163, 0.81021,
 15:45:53.911,e3:ca:2d:fd:e0:8c, 2015-01-01 03:57:08.290, 0.958, 0.089, 0.341, -0.61, 0, -0.122, 14.886, -70.005, 147.925, -25.267, -13.420, -12.893, 29.62, 0.15262, 0.57581, -0.05469, 0.8013,
 15:45:53.911,e3:ca:2d:fd:e0:8c, 2015-01-01 03:57:08.290, 0.957, 0.091, 0.34, -0.671, 0.061, -0.305, 14.881, -69.999, 147.925, -25.267, -13.420, -12.893, 29.62, 0.15262, 0.57581, -0.05469, 0.8013,
 15:45:53.912,f6:90:cc:01:6d:25, 2015-01-01 03:57:08.555, 0.909, 0.237, 0.305, 0.61, -0.671, 0, 37.771, -66.676, 153.787, -26.567, -14.953, -8.287, 32.31, 0.00613, 0.56769, 0.14529, 0.81021,
 15:45:53.912,f6:90:cc:01:6d:25, 2015-01-01 03:57:08.555, 0.908, 0.236, 0.312, 0.244, -1.099, -0.305, 37.815, -66.687, 153.781, -26.567, -14.953, -8.287, 32.31, 0.00613, 0.56769, 0.14529, 0.81021,
 15:45:53.913,ed:35:33:d3:6c:f8, 2015-01-01 03:57:08.480, 0.369, -0.05, 0.925, 2.991, -3.357, 2.441, -2.488, -21.357, 158.522, -9.847, -7.147, -35.053, 30.67, -0.18762, -0.17709, 0.05588, -0.96448,
 15:45:53.913,ed:35:33:d3:6c:f8, 2015-01-01 03:57:08.480, 0.365, -0.053, 0.926, 3.418, -4.089, 3.723, -2.45, -21.434, 158.593, -9.847, -7.147, -35.053, 30.67, -0.18762, -0.17709, 0.05588, -0.96448,
 15:45:53.933,ed:40:fe:65:30:6c, 2015-01-01 03:57:13.725, 0.547, 0.005, 0.847, 1.221, 0.244, -0.244, 1.269, -32.899, -123.404, -17.987, -6.600, -7.867, 28.47, 0.457, -0.24469, -0.14319, -0.84302,
 15:45:53.933,ed:40:fe:65:30:6c, 2015-01-01 03:57:13.725, 0.54, 0.012, 0.844, 1.099, 0.061, -0.488, 1.291, -32.893, -123.404, -17.987, -6.600, -7.867, 28.47, 0.457, -0.24469, -0.14319, -0.84302,
 15:45:53.956,f6:90:cc:01:6d:25, 2015-01-01 03:57:08.555, 0.905, 0.239, 0.31, 0.549, -1.221, -0.61, 37.875, -66.703, 153.693, -26.567, -14.953, -8.287, 32.31, 0.00613, 0.56769, 0.14529, 0.81021,
 15:45:53.956,f6:90:cc:01:6d:25, 2015-01-01 03:57:08.555, 0.902, 0.24, 0.31, 0.732, -1.038, -0.854, 37.947, -66.709, 153.556, -26.567, -14.953, -8.287, 32.31, 0.00613, 0.56769, 0.14529, 0.81021,
 15:45:53.956,e3:ca:2d:fd:e0:8c, 2015-01-01 03:57:08.290, 0.955, 0.092, 0.34, -0.916, 0, -0.427, 14.886, -69.999, 147.953, -25.267, -13.420, -12.893, 29.62, 0.15262, 0.57581, -0.05469, 0.8013,
 15:45:53.956,e3:ca:2d:fd:e0:8c, 2015-01-01 03:57:08.290, 0.955, 0.091, 0.338, -0.977, -0.244, -0.427, 14.892, -69.999, 147.969, -25.267, -13.420, -12.893, 29.62, 0.15262, 0.57581, -0.05469, 0.8013,
 15:45:53.959,ed:35:33:d3:6c:f8, 2015-01-01 03:57:08.480, 0.356, -0.042, 0.928, 2.441, -4.333, 3.357, -2.433, -21.522, 158.681, -9.847, -7.147, -35.053, 30.67, -0.18762, -0.17709, 0.05588, -0.96448,
 15:45:53.959,ed:35:33:d3:6c:f8, 2015-01-01 03:57:08.480, 0.363, -0.03, 0.926, 1.038, -2.747, 1.404, -2.428, -21.572, 158.725, -9.847, -7.147, -35.053, 30.67, -0.18762, -0.17709, 0.05588, -0.96448,
 15:45:53.977,ed:40:fe:65:30:6c, 2015-01-01 03:57:13.725, 0.54, 0.021, 0.844, 0.916, 0, -0.366, 1.313, -32.893, -123.42, -17.987, -6.600, -7.867, 28.47, 0.457, -0.24469, -0.14319, -0.84302,
 15:45:53.977,ed:40:fe:65:30:6c, 2015-01-01 03:57:13.725, 0.543, 0.022, 0.842, 0.549, 0.061, -0.183, 1.324, -32.888, -123.42, -17.987, -6.600, -7.867, 28.47, 0.457, -0.24469, -0.14319, -0.84302,
 15:45:53.978,e3:ca:2d:fd:e0:8c, 2015-01-01 03:57:08.290, 0.957, 0.088, 0.338, -0.732, -0.366, -0.305, 14.897, -69.999, 147.975, -25.267, -13.420, -12.893, 29.62, 0.15259, 0.57593, -0.05481, 0.80121,
 15:45:53.978,e3:ca:2d:fd:e0:8c, 2015-01-01 03:57:08.290, 0.958, 0.088, 0.339, -0.488, -0.488, -0.244, 14.908, -70.005, 147.975, -25.267, -13.420, -12.893, 29.62, 0.15259, 0.57593, -0.05481, 0.80121,
 15:45:53.979,f6:90:cc:01:6d:25, 2015-01-01 03:57:08.910, 0.904, 0.239, 0.308, 0.977, -0.61, -0.854, 38.013, -66.709, 153.441, -26.567, -14.953, -8.287, 32.31, 0.00613, 0.56769, 0.14529, 0.81021,
 15:45:53.979,f6:90:cc:01:6d:25, 2015-01-01 03:57:08.910, 0.905, 0.239, 0.308, 0.977, -0.427, -0.793, 38.073, -66.709, 153.336, -26.567, -14.953, -8.287, 32.31, 0.00613, 0.56769, 0.14529, 0.81021,
 15:45:54.004,ed:35:33:d3:6c:f8, 2015-01-01 03:57:08.480, 0.366, -0.033, 0.924, 0.671, -1.343, 0.732, -2.422, -21.594, 158.752, -9.847, -7.147, -35.053, 30.72, -0.18762, -0.17709, 0.05588, -0.96448,
 15:45:54.004,ed:35:33:d3:6c:f8, 2015-01-01 03:57:08.480, 0.367, -0.032, 0.921, 0.427, -0.793, 0.427, -2.417, -21.61, 158.796, -9.847, -7.147, -35.053, 30.72, -0.18762, -0.17709, 0.05588, -0.96448,
 15:45:54.023,e3:ca:2d:fd:e0:8c, 2015-01-01 03:57:08.290, 0.958, 0.088, 0.338, -0.305, -0.488, -0.122, 14.914, -70.016, 147.947, -25.267, -13.420, -12.893, 29.62, 0.15259, 0.57593, -0.05481, 0.80121,
 15:45:54.023,e3:ca:2d:fd:e0:8c, 2015-01-01 03:57:08.290, 0.958, 0.089, 0.338, -0.366, -0.549, -0.061, 14.914, -70.021, 147.925, -25.267, -13.420, -12.893, 29.62, 0.15259, 0.57593, -0.05481, 0.80121,
 15:45:54.026,f6:90:cc:01:6d:25, 2015-01-01 03:57:08.910, 0.906, 0.243, 0.306, 0.854, -0.305, -0.671, 38.123, -66.703, 153.265, -26.567, -14.953, -8.287, 32.31, 0.00613, 0.56769, 0.14529, 0.81021,
 15:45:54.026,f6:90:cc:01:6d:25, 2015-01-01 03:57:08.910, 0.906, 0.245, 0.306, 0.427, -0.183, -0.427, 38.156, -66.703, 153.199, -26.567, -14.953, -8.287, 32.31, 0.00613, 0.56769, 0.14529, 0.81021,
 15:45:54.026,ed:35:33:d3:6c:f8, 2015-01-01 03:57:08.885, 0.369, -0.029, 0.927, 0, 0.183, 0, -2.406, -21.605, 158.818, -9.847, -7.147, -35.053, 30.72, -0.18762, -0.17709, 0.05588, -0.96448,
 15:45:54.026,ed:35:33:d3:6c:f8, 2015-01-01 03:57:08.885, 0.371, -0.031, 0.928, -0.916, 0.305, -0.427, -2.406, -21.599, 158.835, -9.847, -7.147, -35.053, 30.72, -0.18762, -0.17709, 0.05588, -0.96448,
 15:45:54.045,ed:40:fe:65:30:6c, 2015-01-01 03:57:13.725, 0.544, 0.022, 0.841, 0.549, 0.061, -0.122, 1.329, -32.888, -123.409, -17.987, -6.600, -7.867, 28.47, 0.457, -0.24469, -0.14319, -0.84302,
 15:45:54.045,ed:40:fe:65:30:6c, 2015-01-01 03:57:13.725, 0.544, 0.026, 0.843, 0.366, 0.244, -0.061, 1.34, -32.882, -123.398, -17.987, -6.600, -7.867, 28.47, 0.457, -0.24469, -0.14319, -0.84302,
 15:45:54.068,e3:ca:2d:fd:e0:8c, 2015-01-01 03:57:08.650, 0.959, 0.089, 0.338, -0.366, -0.427, -0.061, 14.919, -70.027, 147.909, -25.267, -13.420, -12.893, 29.62, 0.15259, 0.57593, -0.05481, 0.80121,
 15:45:54.068,e3:ca:2d:fd:e0:8c, 2015-01-01 03:57:08.650, 0.96, 0.089, 0.335, -0.183, -0.305, -0.061, 14.919, -70.032, 147.92, -25.267, -13.420, -12.893, 29.62, 0.15259, 0.57593, -0.05481, 0.80121,
 15:45:54.068,ed:40:fe:65:30:6c, 2015-01-01 03:57:13.725, 0.546, 0.027, 0.844, 0, 0.183, -0.122, 1.34, -32.877, -123.382, -18.027, -6.867, -7.380, 28.47, 0.457, -0.24469, -0.14319, -0.84302,
 15:45:54.068,ed:40:fe:65:30:6c, 2015-01-01 03:57:13.725, 0.548, 0.025, 0.844, -0.366, 0.061, -0.122, 1.335, -32.877, -123.354, -18.027, -6.867, -7.380, 28.47, 0.457, -0.24469, -0.14319, -0.84302,
 15:45:54.069,f6:90:cc:01:6d:25, 2015-01-01 03:57:08.910, 0.907, 0.246, 0.306, 0, -0.122, -0.183, 38.167, -66.698, 153.149, -26.567, -14.953, -8.287, 32.31, 0.00613, 0.56769, 0.14529, 0.81021,
 15:45:54.069,f6:90:cc:01:6d:25, 2015-01-01 03:57:08.910, 0.909, 0.245, 0.304, -0.427, -0.061, 0, 38.167, -66.698, 153.116, -26.567, -14.953, -8.287, 32.31, 0.00613, 0.56769, 0.14529, 0.81021,
 15:45:54.070,ed:35:33:d3:6c:f8, 2015-01-01 03:57:08.885, 0.373, -0.033, 0.925, -1.038, 0.549, -0.732, -2.422, -21.594, 158.829, -9.847, -7.147, -35.053, 30.72, -0.18762, -0.17709, 0.05588, -0.96448,
 15:45:54.070,ed:35:33:d3:6c:f8, 2015-01-01 03:57:08.885, 0.373, -0.034, 0.924, -1.221, 0.61, -0.854, -2.433, -21.583, 158.824, -9.847, -7.147, -35.053, 30.72, -0.18762, -0.17709, 0.05588, -0.96448,
 15:45:54.093,f6:90:cc:01:6d:25, 2015-01-01 03:57:08.910, 0.911, 0.243, 0.302, -0.61, -0.305, 0.061, 38.161, -66.703, 153.094, -26.567, -14.953, -8.287, 32.31, 0.00613, 0.56769, 0.14529, 0.81021,
 15:45:54.093,f6:90:cc:01:6d:25, 2015-01-01 03:57:08.910, 0.911, 0.24, 0.303, -0.61, -0.183, 0.183, 38.15, -66.709, 153.083, -26.567, -14.953, -8.287, 32.31, 0.00613, 0.56769, 0.14529, 0.81021,
 15:45:54.112,ed:40:fe:65:30:6c, 2015-01-01 03:57:13.725, 0.55, 0.024, 0.842, -0.732, -0.061, -0.183, 1.324, -32.877, -123.333, -18.027, -6.867, -7.380, 28.47, 0.457, -0.24469, -0.14319, -0.84302,
 15:45:54.112,ed:40:fe:65:30:6c, 2015-01-01 03:57:13.725, 0.55, 0.02, 0.842, -0.916, -0.122, -0.183, 1.313, -32.877, -123.305, -18.027, -6.867, -7.380, 28.47, 0.457, -0.24469, -0.14319, -0.84302,
 15:45:54.112,e3:ca:2d:fd:e0:8c, 2015-01-01 03:57:08.650, 0.96, 0.088, 0.336, -0.183, -0.122, 0, 14.919, -70.038, 147.931, -25.267, -13.420, -12.893, 29.62, 0.15259, 0.57593, -0.05481, 0.80121,
 15:45:54.112,e3:ca:2d:fd:e0:8c, 2015-01-01 03:57:08.650, 0.96, 0.088, 0.335, 0, -0.122, 0, 14.919, -70.038, 147.942, -25.267, -13.420, -12.893, 29.62, 0.15259, 0.57593, -0.05481, 0.80121,
 15:45:54.115,ed:35:33:d3:6c:f8, 2015-01-01 03:57:08.885, 0.375, -0.033, 0.922, -1.526, 0.977, -0.793, -2.444, -21.572, 158.818, -9.847, -7.147, -35.053, 30.72, -0.18762, -0.17709, 0.05588, -0.96448,
 15:45:54.115,ed:35:33:d3:6c:f8, 2015-01-01 03:57:08.885, 0.373, -0.037, 0.919, -1.465, 0.671, -0.305, -2.466, -21.555, 158.818, -9.847, -7.147, -35.053, 30.72, -0.18762, -0.17709, 0.05588, -0.96448,
 15:45:54.134,ed:40:fe:65:30:6c, 2015-01-01 03:57:13.725, 0.551, 0.019, 0.84, -0.916, -0.061, 0, 1.296, -32.882, -123.3, -18.027, -6.867, -7.380, 28.47, 0.45819, -0.24387, -0.14395, -0.84247,
 15:45:54.134,ed:40:fe:65:30:6c, 2015-01-01 03:57:13.725, 0.548, 0.017, 0.839, -0.671, 0, 0.366, 1.28, -32.882, -123.283, -18.027, -6.867, -7.380, 28.47, 0.45819, -0.24387, -0.14395, -0.84247,
 15:45:54.159,e3:ca:2d:fd:e0:8c, 2015-01-01 03:57:08.650, 0.959, 0.088, 0.335, 0.122, 0, -0.061, 14.925, -70.038, 147.953, -25.267, -13.420, -12.893, 29.62, 0.15259, 0.57593, -0.05481, 0.80121,
 15:45:54.159,e3:ca:2d:fd:e0:8c, 2015-01-01 03:57:08.650, 0.958, 0.089, 0.335, 0.305, 0.122, 0, 14.925, -70.032, 147.969, -25.267, -13.420, -12.893, 29.62, 0.15259, 0.57593, -0.05481, 0.80121,
 15:45:54.159,f6:90:cc:01:6d:25, 2015-01-01 03:57:08.910, 0.91, 0.239, 0.302, -0.244, 0.061, 0.122, 38.145, -66.709, 153.089, -26.567, -14.953, -8.287, 32.31, 0.00613, 0.56769, 0.14529, 0.81021,
 15:45:54.159,f6:90:cc:01:6d:25, 2015-01-01 03:57:08.910, 0.907, 0.24, 0.301, 0.061, 0.366, 0.061, 38.134, -66.709, 153.083, -26.567, -14.953, -8.287, 32.31, 0.00613, 0.56769, 0.14529, 0.81021,
 15:45:54.161,ed:35:33:d3:6c:f8, 2015-01-01 03:57:08.885, 0.371, -0.044, 0.918, -1.16, 0.366, 0, -2.488, -21.544, 158.802, -9.847, -7.147, -35.053, 30.72, -0.18762, -0.17709, 0.05588, -0.96448,
 15:45:54.161,ed:35:33:d3:6c:f8, 2015-01-01 03:57:08.885, 0.368, -0.045, 0.92, -0.61, 0.488, -0.061, -2.505, -21.539, 158.785, -9.847, -7.147, -35.053, 30.72, -0.18762, -0.17709, 0.05588, -0.96448,
 15:45:54.179,ed:40:fe:65:30:6c, 2015-01-01 03:57:13.725, 0.548, 0.014, 0.839, -0.366, 0.183, 0.427, 1.269, -32.882, -123.245, -18.027, -6.867, -7.380, 28.47, 0.45819, -0.24387, -0.14395, -0.84247,
 15:45:54.179,ed:40:fe:65:30:6c, 2015-01-01 03:57:13.725, 0.547, 0.014, 0.84, -0.061, 0.183, 0.122, 1.263, -32.877, -123.217, -18.027, -6.867, -7.380, 28.47, 0.45819, -0.24387, -0.14395, -0.84247,
 15:45:54.180,e3:ca:2d:fd:e0:8c, 2015-01-01 03:57:08.650, 0.958, 0.089, 0.336, 0.305, 0.061, -0.061, 14.93, -70.032, 147.975, -25.267, -13.420, -12.893, 29.62, 0.15259, 0.57593, -0.05481, 0.80121,
 15:45:54.180,e3:ca:2d:fd:e0:8c, 2015-01-01 03:57:08.650, 0.958, 0.09, 0.336, 0.183, 0.122, 0, 14.936, -70.032, 147.991, -25.267, -13.420, -12.893, 29.62, 0.15259, 0.57593, -0.05481, 0.80121,
 15:45:54.181,f6:90:cc:01:6d:25, 2015-01-01 03:57:08.910, 0.907, 0.241, 0.302, 0.061, 0.488, 0, 38.128, -66.703, 153.073, -25.747, -15.267, -7.567, 32.31, 0.00613, 0.56769, 0.14529, 0.81021,
 15:45:54.181,f6:90:cc:01:6d:25, 2015-01-01 03:57:08.910, 0.907, 0.243, 0.304, -0.122, 0.549, 0, 38.112, -66.693, 153.051, -25.747, -15.267, -7.567, 32.31, 0.00613, 0.56769, 0.14529, 0.81021,
 15:45:54.203,ed:40:fe:65:30:6c, 2015-01-01 03:57:14.060, 0.545, 0.016, 0.841, -0.061, 0.183, -0.244, 1.263, -32.877, -123.195, -18.027, -6.867, -7.380, 28.47, 0.45819, -0.24387, -0.14395, -0.84247,
 15:45:54.203,ed:40:fe:65:30:6c, 2015-01-01 03:57:14.060, 0.543, 0.021, 0.843, -0.122, 0.183, -0.244, 1.263, -32.877, -123.168, -18.027, -6.867, -7.380, 28.47, 0.45819, -0.24387, -0.14395, -0.84247,
 15:45:54.206,ed:35:33:d3:6c:f8, 2015-01-01 03:57:08.885, 0.368, -0.04, 0.922, -0.61, 0.61, -0.488, -2.516, -21.533, 158.769, -9.847, -7.147, -35.053, 30.72, -0.18762, -0.17709, 0.05588, -0.96448,
 15:45:54.206,ed:35:33:d3:6c:f8, 2015-01-01 03:57:08.885, 0.365, -0.034, 0.924, -0.793, 0.854, -0.671, -2.521, -21.528, 158.741, -9.847, -7.147, -35.053, 30.72, -0.18762, -0.17709, 0.05588, -0.96448,
 15:45:54.226,e3:ca:2d:fd:e0:8c, 2015-01-01 03:57:08.650, 0.958, 0.091, 0.337, 0.122, 0.305, 0, 14.93, -70.027, 148.008, -25.267, -13.420, -12.893, 29.62, 0.15259, 0.57593, -0.05481, 0.80121,
 15:45:54.226,e3:ca:2d:fd:e0:8c, 2015-01-01 03:57:08.650, 0.957, 0.09, 0.338, 0.183, 0.427, 0, 14.93, -70.016, 148.024, -25.267, -13.420, -12.893, 29.62, 0.15259, 0.57593, -0.05481, 0.80121,
 15:45:54.227,f6:90:cc:01:6d:25, 2015-01-01 03:57:08.910, 0.907, 0.243, 0.305, -0.183, 0.671, 0, 38.095, -66.687, 153.034, -25.747, -15.267, -7.567, 32.31, 0.00613, 0.56769, 0.14529, 0.81021,
 15:45:54.227,f6:90:cc:01:6d:25, 2015-01-01 03:57:08.910, 0.907, 0.242, 0.307, -0.061, 0.854, 0.061, 38.068, -66.676, 153.012, -25.747, -15.267, -7.567, 32.31, 0.00613, 0.56769, 0.14529, 0.81021,
 15:45:54.228,ed:35:33:d3:6c:f8, 2015-01-01 03:57:08.885, 0.365, -0.033, 0.926, -0.549, 0.977, -0.61, -2.527, -21.511, 158.703, -10.313, -6.607, -35.313, 30.72, -0.18762, -0.17709, 0.05588, -0.96448,
 15:45:54.228,ed:35:33:d3:6c:f8, 2015-01-01 03:57:08.885, 0.364, -0.033, 0.925, -0.183, 1.16, -0.488, -2.532, -21.495, 158.659, -10.313, -6.607, -35.313, 30.72, -0.18762, -0.17709, 0.05588, -0.96448,
 15:45:54.247,ed:40:fe:65:30:6c, 2015-01-01 03:57:14.060, 0.543, 0.022, 0.845, 0, 0.244, -0.183, 1.269, -32.871, -123.129, -18.027, -6.867, -7.380, 28.47, 0.45819, -0.24387, -0.14395, -0.84247,
 15:45:54.247,ed:40:fe:65:30:6c, 2015-01-01 03:57:14.060, 0.542, 0.021, 0.845, 0.061, 0.305, 0, 1.269, -32.866, -123.107, -18.027, -6.867, -7.380, 28.47, 0.45819, -0.24387, -0.14395, -0.84247,
 15:45:54.273,ed:35:33:d3:6c:f8, 2015-01-01 03:57:08.885, 0.361, -0.035, 0.925, 0, 1.282, -0.305, -2.527, -21.473, 158.621, -10.313, -6.607, -35.313, 30.72, -0.18762, -0.17709, 0.05588, -0.96448,
 15:45:54.273,ed:35:33:d3:6c:f8, 2015-01-01 03:57:08.885, 0.361, -0.037, 0.926, -0.061, 1.465, -0.183, -2.521, -21.451, 158.577, -10.313, -6.607, -35.313, 30.72, -0.18762, -0.17709, 0.05588, -0.96448,
 15:45:54.292,ed:40:fe:65:30:6c, 2015-01-01 03:57:14.060, 0.54, 0.02, 0.845, 0.244, 0.305, 0.244, 1.274, -32.86, -123.074, -18.027, -6.867, -7.380, 28.47, 0.45819, -0.24387, -0.14395, -0.84247,
 15:45:54.292,ed:40:fe:65:30:6c, 2015-01-01 03:57:14.060, 0.541, 0.019, 0.846, 0.122, 0.244, 0.305, 1.274, -32.855, -123.041, -18.027, -6.867, -7.380, 28.47, 0.45819, -0.24387, -0.14395, -0.84247,
 15:45:54.294,f6:90:cc:01:6d:25, 2015-01-01 03:57:08.910, 0.906, 0.241, 0.309, 0.061, 0.916, 0.122, 38.046, -66.665, 152.979, -25.747, -15.267, -7.567, 32.31, 0.00995, 0.56873, 0.14374, 0.80972,
 15:45:54.294,f6:90:cc:01:6d:25, 2015-01-01 03:57:08.910, 0.904, 0.24, 0.309, 0.244, 0.793, 0.122, 38.024, -66.654, 152.93, -25.747, -15.267, -7.567, 32.31, 0.00995, 0.56873, 0.14374, 0.80972,
 15:45:54.294,e3:ca:2d:fd:e0:8c, 2015-01-01 03:57:08.650, 0.957, 0.089, 0.338, 0.183, 0.366, 0, 14.925, -70.01, 148.046, -25.087, -13.173, -13.007, 29.62, 0.15259, 0.57593, -0.05481, 0.80121,
 15:45:54.294,e3:ca:2d:fd:e0:8c, 2015-01-01 03:57:08.650, 0.954, 0.089, 0.338, 0.122, 0.366, 0, 14.925, -69.999, 148.063, -25.087, -13.173, -13.007, 29.62, 0.15259, 0.57593, -0.05481, 0.80121,
 15:45:54.318,e3:ca:2d:fd:e0:8c, 2015-01-01 03:57:08.650, 0.956, 0.089, 0.339, 0.061, 0.244, 0, 14.919, -69.999, 148.079, -25.087, -13.173, -13.007, 29.62, 0.1517, 0.57602, -0.05408, 0.80136,
 15:45:54.318,e3:ca:2d:fd:e0:8c, 2015-01-01 03:57:08.650, 0.956, 0.088, 0.338, 0.061, 0.183, 0.061, 14.914, -69.994, 148.096, -25.087, -13.173, -13.007, 29.62, 0.1517, 0.57602, -0.05408, 0.80136,
 15:45:54.318,f6:90:cc:01:6d:25, 2015-01-01 03:57:09.245, 0.903, 0.24, 0.308, 0.244, 0.671, 0.183, 38.007, -66.643, 152.902, -25.747, -15.267, -7.567, 32.31, 0.00995, 0.56873, 0.14374, 0.80972,
 15:45:54.318,f6:90:cc:01:6d:25, 2015-01-01 03:57:09.245, 0.904, 0.239, 0.308, 0, 0.61, 0.183, 37.985, -66.638, 152.897, -25.747, -15.267, -7.567, 32.31, 0.00995, 0.56873, 0.14374, 0.80972,
 15:45:54.319,ed:35:33:d3:6c:f8, 2015-01-01 03:57:08.885, 0.361, -0.038, 0.927, -0.122, 1.709, -0.122, -2.516, -21.423, 158.566, -10.313, -6.607, -35.313, 30.72, -0.18643, -0.17889, 0.05585, -0.96439,
 15:45:54.319,ed:35:33:d3:6c:f8, 2015-01-01 03:57:08.885, 0.361, -0.04, 0.929, -0.183, 1.465, 0, -2.516, -21.39, 158.566, -10.313, -6.607, -35.313, 30.72, -0.18643, -0.17889, 0.05585, -0.96439,
 15:45:54.337,ed:40:fe:65:30:6c, 2015-01-01 03:57:14.060, 0.542, 0.017, 0.846, 0.061, 0.061, 0.305, 1.269, -32.849, -123.014, -18.027, -6.867, -7.380, 28.47, 0.45819, -0.24387, -0.14395, -0.84247,
 15:45:54.337,ed:40:fe:65:30:6c, 2015-01-01 03:57:14.060, 0.542, 0.017, 0.847, 0, 0, 0.366, 1.269, -32.849, -122.975, -18.027, -6.867, -7.380, 28.47, 0.45819, -0.24387, -0.14395, -0.84247,
 15:45:54.361,e3:ca:2d:fd:e0:8c, 2015-01-01 03:57:08.650, 0.957, 0.089, 0.34, 0, 0.122, 0.061, 14.908, -69.988, 148.112, -25.087, -13.173, -13.007, 29.62, 0.1517, 0.57602, -0.05408, 0.80136,
 15:45:54.361,e3:ca:2d:fd:e0:8c, 2015-01-01 03:57:08.650, 0.957, 0.089, 0.339, 0, 0.061, 0, 14.908, -69.988, 148.123, -25.087, -13.173, -13.007, 29.62, 0.1517, 0.57602, -0.05408, 0.80136,
 15:45:54.362,f6:90:cc:01:6d:25, 2015-01-01 03:57:09.245, 0.906, 0.239, 0.309, -0.122, 0.549, 0.244, 37.958, -66.632, 152.913, -25.747, -15.267, -7.567, 32.31, 0.00995, 0.56873, 0.14374, 0.80972,
 15:45:54.362,f6:90:cc:01:6d:25, 2015-01-01 03:57:09.245, 0.907, 0.239, 0.309, -0.244, 0.488, 0.244, 37.93, -66.632, 152.957, -25.747, -15.267, -7.567, 32.31, 0.00995, 0.56873, 0.14374, 0.80972,
 15:45:54.364,ed:35:33:d3:6c:f8, 2015-01-01 03:57:09.195, 0.361, -0.041, 0.928, -0.488, 1.099, 0, -2.516, -21.363, 158.577, -10.313, -6.607, -35.313, 30.72, -0.18643, -0.17889, 0.05585, -0.96439,
 15:45:54.364,ed:35:33:d3:6c:f8, 2015-01-01 03:57:09.195, 0.362, -0.041, 0.928, -0.366, 1.099, 0, -2.527, -21.346, 158.582, -10.313, -6.607, -35.313, 30.72, -0.18643, -0.17889, 0.05585, -0.96439,
 15:45:54.382,ed:40:fe:65:30:6c, 2015-01-01 03:57:14.060, 0.543, 0.015, 0.848, -0.061, 0, 0.305, 1.263, -32.844, -122.932, -18.027, -6.867, -7.380, 28.47, 0.45819, -0.24387, -0.14395, -0.84247,
 15:45:54.382,ed:40:fe:65:30:6c, 2015-01-01 03:57:14.060, 0.542, 0.013, 0.846, 0, 0.061, 0.366, 1.258, -32.844, -122.888, -18.027, -6.867, -7.380, 28.47, 0.45819, -0.24387, -0.14395, -0.84247,
 15:45:54.383,e3:ca:2d:fd:e0:8c, 2015-01-01 03:57:08.985, 0.958, 0.088, 0.34, 0.061, 0, 0, 14.903, -69.988, 148.134, -25.087, -13.173, -13.007, 29.62, 0.1517, 0.57602, -0.05408, 0.80136,
 15:45:54.383,e3:ca:2d:fd:e0:8c, 2015-01-01 03:57:08.985, 0.956, 0.089, 0.339, 0.122, 0, 0, 14.908, -69.983, 148.145, -25.087, -13.173, -13.007, 29.62, 0.1517, 0.57602, -0.05408, 0.80136,
 15:45:54.384,f6:90:cc:01:6d:25, 2015-01-01 03:57:09.245, 0.908, 0.238, 0.311, -0.183, 0.366, 0.183, 37.908, -66.627, 152.968, -25.747, -15.267, -7.567, 32.31, 0.00995, 0.56873, 0.14374, 0.80972,
 15:45:54.384,f6:90:cc:01:6d:25, 2015-01-01 03:57:09.245, 0.906, 0.238, 0.31, 0, 0.488, 0.122, 37.892, -66.621, 152.957, -25.747, -15.267, -7.567, 32.31, 0.00995, 0.56873, 0.14374, 0.80972,
 15:45:54.405,ed:40:fe:65:30:6c, 2015-01-01 03:57:14.060, 0.541, 0.015, 0.842, 0.183, 0.061, 0.305, 1.252, -32.838, -122.844, -18.053, -6.573, -7.013, 28.47, 0.45819, -0.24387, -0.14395, -0.84247,
 15:45:54.405,ed:40:fe:65:30:6c, 2015-01-01 03:57:14.060, 0.542, 0.019, 0.842, 0.183, 0.122, 0.305, 1.252, -32.838, -122.8, -18.053, -6.573, -7.013, 28.47, 0.45819, -0.24387, -0.14395, -0.84247,
 15:45:54.408,ed:35:33:d3:6c:f8, 2015-01-01 03:57:09.195, 0.361, -0.042, 0.927, -0.366, 1.282, 0, -2.527, -21.324, 158.582, -10.313, -6.607, -35.313, 30.72, -0.18643, -0.17889, 0.05585, -0.96439,
 15:45:54.408,ed:35:33:d3:6c:f8, 2015-01-01 03:57:09.195, 0.361, -0.041, 0.922, -0.183, 0.977, 0.061, -2.532, -21.297, 158.588, -10.313, -6.607, -35.313, 30.72, -0.18643, -0.17889, 0.05585, -0.96439,
 15:45:54.428,e3:ca:2d:fd:e0:8c, 2015-01-01 03:57:08.985, 0.955, 0.088, 0.338, 0.244, -0.061, 0, 14.908, -69.988, 148.156, -25.087, -13.173, -13.007, 29.62, 0.1517, 0.57602, -0.05408, 0.80136,
 15:45:54.428,e3:ca:2d:fd:e0:8c, 2015-01-01 03:57:08.985, 0.956, 0.089, 0.337, 0.183, -0.061, 0, 14.914, -69.988, 148.167, -25.087, -13.173, -13.007, 29.62, 0.1517, 0.57602, -0.05408, 0.80136,
 15:45:54.429,f6:90:cc:01:6d:25, 2015-01-01 03:57:09.245, 0.903, 0.238, 0.31, 0.305, 0.549, 0, 37.881, -66.616, 152.935, -25.747, -15.267, -7.567, 32.31, 0.00995, 0.56873, 0.14374, 0.80972,
 15:45:54.429,f6:90:cc:01:6d:25, 2015-01-01 03:57:09.245, 0.903, 0.239, 0.308, 0.366, 0.427, 0, 37.875, -66.61, 152.886, -25.747, -15.267, -7.567, 32.31, 0.00995, 0.56873, 0.14374, 0.80972,
 15:45:54.430,ed:35:33:d3:6c:f8, 2015-01-01 03:57:09.195, 0.361, -0.038, 0.923, 0.061, 1.099, 0.122, -2.538, -21.281, 158.593, -10.313, -6.607, -35.313, 30.72, -0.18643, -0.17889, 0.05585, -0.96439,
 15:45:54.430,ed:35:33:d3:6c:f8, 2015-01-01 03:57:09.195, 0.362, -0.038, 0.928, -0.122, 1.038, 0, -2.532, -21.259, 158.577, -10.313, -6.607, -35.313, 30.72, -0.18643, -0.17889, 0.05585, -0.96439,
 15:45:54.450,ed:40:fe:65:30:6c, 2015-01-01 03:57:14.060, 0.544, 0.02, 0.846, 0.061, 0.122, 0.122, 1.252, -32.833, -122.767, -18.053, -6.573, -7.013, 28.47, 0.45819, -0.24387, -0.14395, -0.84247,
 15:45:54.450,ed:40:fe:65:30:6c, 2015-01-01 03:57:14.060, 0.544, 0.02, 0.847, 0.061, 0.061, 0.061, 1.247, -32.827, -122.734, -18.053, -6.573, -7.013, 28.47, 0.45819, -0.24387, -0.14395, -0.84247,
 15:45:54.452,f6:90:cc:01:6d:25, 2015-01-01 03:57:09.245, 0.907, 0.241, 0.308, 0.305, 0.427, 0.061, 37.864, -66.605, 152.809, -25.747, -15.267, -7.567, 32.31, 0.00995, 0.56873, 0.14374, 0.80972,
 15:45:54.452,f6:90:cc:01:6d:25, 2015-01-01 03:57:09.245, 0.907, 0.242, 0.309, 0.061, 0.305, 0, 37.859, -66.599, 152.748, -25.747, -15.267, -7.567, 32.31, 0.00995, 0.56873, 0.14374, 0.80972,
 15:45:54.474,e3:ca:2d:fd:e0:8c, 2015-01-01 03:57:08.985, 0.959, 0.09, 0.338, 0.122, 0, 0.061, 14.908, -69.983, 148.178, -25.087, -13.173, -13.007, 29.62, 0.1517, 0.57602, -0.05408, 0.80136,
 15:45:54.474,e3:ca:2d:fd:e0:8c, 2015-01-01 03:57:08.985, 0.958, 0.091, 0.339, 0.061, -0.061, 0, 14.908, -69.983, 148.189, -25.087, -13.173, -13.007, 29.62, 0.1517, 0.57602, -0.05408, 0.80136,
 15:45:54.476,ed:35:33:d3:6c:f8, 2015-01-01 03:57:09.195, 0.361, -0.037, 0.931, -0.061, 0.916, 0, -2.532, -21.242, 158.571, -10.313, -6.607, -35.313, 30.72, -0.18643, -0.17889, 0.05585, -0.96439,
 15:45:54.476,ed:35:33:d3:6c:f8, 2015-01-01 03:57:09.195, 0.362, -0.04, 0.929, 0, 0.671, 0, -2.532, -21.226, 158.582, -10.313, -6.607, -35.313, 30.72, -0.18643, -0.17889, 0.05585, -0.96439,
 15:45:54.497,f6:90:cc:01:6d:25, 2015-01-01 03:57:09.245, 0.906, 0.241, 0.309, 0, 0.122, 0.061, 37.853, -66.594, 152.726, -25.747, -15.267, -7.567, 32.31, 0.00995, 0.56873, 0.14374, 0.80972,
 15:45:54.497,f6:90:cc:01:6d:25, 2015-01-01 03:57:09.245, 0.904, 0.241, 0.308, 0, 0.122, -0.061, 37.848, -66.594, 152.721, -25.747, -15.267, -7.567, 32.31, 0.00995, 0.56873, 0.14374, 0.80972,
 15:45:54.517,ed:40:fe:65:30:6c, 2015-01-01 03:57:14.060, 0.544, 0.019, 0.846, 0.061, 0, 0.122, 1.247, -32.827, -122.695, -18.053, -6.573, -7.013, 28.47, 0.46219, -0.24304, -0.14456, -0.84042,
 15:45:54.517,ed:40:fe:65:30:6c, 2015-01-01 03:57:14.060, 0.543, 0.016, 0.846, 0, -0.061, 0.061, 1.247, -32.827, -122.662, -18.053, -6.573, -7.013, 28.47, 0.46219, -0.24304, -0.14456, -0.84042,
 15:45:54.519,e3:ca:2d:fd:e0:8c, 2015-01-01 03:57:08.985, 0.958, 0.09, 0.339, 0, 0, 0, 14.908, -69.983, 148.2, -25.087, -13.173, -13.007, 29.62, 0.1517, 0.57602, -0.05408, 0.80136,
 15:45:54.519,e3:ca:2d:fd:e0:8c, 2015-01-01 03:57:08.985, 0.958, 0.09, 0.337, 0, 0.061, 0, 14.908, -69.983, 148.211, -25.087, -13.173, -13.007, 29.62, 0.1517, 0.57602, -0.05408, 0.80136,
 15:45:54.521,ed:35:33:d3:6c:f8, 2015-01-01 03:57:09.195, 0.36, -0.042, 0.929, 0, 0.366, -0.061, -2.532, -21.215, 158.615, -10.313, -6.607, -35.313, 30.72, -0.18643, -0.17889, 0.05585, -0.96439,
 15:45:54.521,ed:35:33:d3:6c:f8, 2015-01-01 03:57:09.195, 0.358, -0.041, 0.927, 0, 0.183, -0.122, -2.527, -21.209, 158.637, -10.313, -6.607, -35.313, 30.72, -0.18643, -0.17889, 0.05585, -0.96439,
 15:45:54.540,ed:40:fe:65:30:6c, 2015-01-01 03:57:14.395, 0.541, 0.016, 0.845, -0.061, -0.122, -0.061, 1.247, -32.827, -122.651, -18.053, -6.573, -7.013, 28.47, 0.46219, -0.24304, -0.14456, -0.84042,
 15:45:54.540,ed:40:fe:65:30:6c, 2015-01-01 03:57:14.395, 0.541, 0.018, 0.845, -0.061, -0.305, -0.183, 1.247, -32.827, -122.657, -18.053, -6.573, -7.013, 28.47, 0.46219, -0.24304, -0.14456, -0.84042,
 15:45:54.564,f6:90:cc:01:6d:25, 2015-01-01 03:57:09.245, 0.904, 0.24, 0.309, 0, 0, -0.061, 37.853, -66.594, 152.732, -25.867, -15.280, -7.633, 32.31, 0.00995, 0.56873, 0.14374, 0.80972,
 15:45:54.564,f6:90:cc:01:6d:25, 2015-01-01 03:57:09.245, 0.904, 0.239, 0.309, -0.122, -0.305, 0, 37.853, -66.594, 152.743, -25.867, -15.280, -7.633, 32.31, 0.00995, 0.56873, 0.14374, 0.80972,
 15:45:54.564,e3:ca:2d:fd:e0:8c, 2015-01-01 03:57:08.985, 0.957, 0.089, 0.336, 0, 0, 0, 14.908, -69.983, 148.222, -25.087, -13.173, -13.007, 29.62, 0.1517, 0.57602, -0.05408, 0.80136,
 15:45:54.564,e3:ca:2d:fd:e0:8c, 2015-01-01 03:57:08.985, 0.956, 0.089, 0.337, 0.061, 0, 0, 14.908, -69.983, 148.233, -25.087, -13.173, -13.007, 29.62, 0.1517, 0.57602, -0.05408, 0.80136,
 15:45:54.567,ed:35:33:d3:6c:f8, 2015-01-01 03:57:09.195, 0.359, -0.039, 0.927, 0, 0.122, -0.305, -2.527, -21.209, 158.643, -10.167, -6.667, -34.653, 30.72, -0.18643, -0.17889, 0.05585, -0.96439,
 15:45:54.567,ed:35:33:d3:6c:f8, 2015-01-01 03:57:09.195, 0.358, -0.037, 0.928, -0.183, -0.061, -0.244, -2.527, -21.209, 158.637, -10.167, -6.667, -34.653, 30.72, -0.18643, -0.17889, 0.05585, -0.96439,
 15:45:54.585,ed:40:fe:65:30:6c, 2015-01-01 03:57:14.395, 0.541, 0.019, 0.844, -0.183, -0.366, -0.122, 1.247, -32.833, -122.657, -18.053, -6.573, -7.013, 28.47, 0.46219, -0.24304, -0.14456, -0.84042,
 15:45:54.585,ed:40:fe:65:30:6c, 2015-01-01 03:57:14.395, 0.543, 0.017, 0.844, -0.122, -0.427, -0.061, 1.241, -32.838, -122.646, -18.053, -6.573, -7.013, 28.47, 0.46219, -0.24304, -0.14456, -0.84042,
 15:45:54.587,f6:90:cc:01:6d:25, 2015-01-01 03:57:09.245, 0.905, 0.239, 0.309, -0.122, -0.427, 0, 37.864, -66.599, 152.721, -25.867, -15.280, -7.633, 32.31, 0.01324, 0.5686, 0.14108, 0.81027,
 15:45:54.587,f6:90:cc:01:6d:25, 2015-01-01 03:57:09.245, 0.908, 0.238, 0.31, -0.122, -0.366, 0, 37.87, -66.61, 152.672, -25.867, -15.280, -7.633, 32.31, 0.01324, 0.5686, 0.14108, 0.81027,
 15:45:54.587,e3:ca:2d:fd:e0:8c, 2015-01-01 03:57:08.985, 0.956, 0.089, 0.338, 0.061, 0, 0, 14.908, -69.977, 148.244, -25.333, -13.320, -12.593, 29.62, 0.1517, 0.57602, -0.05408, 0.80136,
 15:45:54.587,e3:ca:2d:fd:e0:8c, 2015-01-01 03:57:08.985, 0.957, 0.089, 0.339, 0.061, 0, 0, 14.908, -69.977, 148.25, -25.333, -13.320, -12.593, 29.62, 0.1517, 0.57602, -0.05408, 0.80136,
 15:45:54.606,ed:40:fe:65:30:6c, 2015-01-01 03:57:14.395, 0.544, 0.015, 0.844, -0.122, -0.488, 0, 1.241, -32.844, -122.629, -18.053, -6.573, -7.013, 28.47, 0.46219, -0.24304, -0.14456, -0.84042,
 15:45:54.606,ed:40:fe:65:30:6c, 2015-01-01 03:57:14.395, 0.544, 0.016, 0.845, -0.061, -0.427, 0, 1.241, -32.855, -122.618, -18.053, -6.573, -7.013, 28.47, 0.46219, -0.24304, -0.14456, -0.84042,
 15:45:54.613,ed:35:33:d3:6c:f8, 2015-01-01 03:57:09.195, 0.362, -0.039, 0.927, -0.061, -0.183, -0.183, -2.527, -21.209, 158.626, -10.167, -6.667, -34.653, 30.72, -0.18619, -0.17679, 0.05539, -0.96484,
 15:45:54.613,ed:35:33:d3:6c:f8, 2015-01-01 03:57:09.195, 0.362, -0.04, 0.926, -0.061, -0.061, -0.122, -2.521, -21.215, 158.599, -10.167, -6.667, -34.653, 30.72, -0.18619, -0.17679, 0.05539, -0.96484,
 15:45:54.633,f6:90:cc:01:6d:25, 2015-01-01 03:57:09.245, 0.908, 0.238, 0.311, 0, -0.427, 0, 37.881, -66.616, 152.617, -25.867, -15.280, -7.633, 32.31, 0.01324, 0.5686, 0.14108, 0.81027,
 15:45:54.633,f6:90:cc:01:6d:25, 2015-01-01 03:57:09.245, 0.906, 0.239, 0.308, 0.183, -0.244, 0, 37.892, -66.621, 152.556, -25.867, -15.280, -7.633, 32.31, 0.01324, 0.5686, 0.14108, 0.81027,
 15:45:54.633,ed:35:33:d3:6c:f8, 2015-01-01 03:57:09.485, 0.361, -0.039, 0.928, 0.061, -0.305, -0.122, -2.521, -21.215, 158.582, -10.167, -6.667, -34.653, 30.72, -0.18619, -0.17679, 0.05539, -0.96484,
 15:45:54.633,ed:35:33:d3:6c:f8, 2015-01-01 03:57:09.485, 0.36, -0.038, 0.929, 0.183, -0.488, -0.122, -2.516, -21.226, 158.582, -10.167, -6.667, -34.653, 30.72, -0.18619, -0.17679, 0.05539, -0.96484,
 15:45:54.634,e3:ca:2d:fd:e0:8c, 2015-01-01 03:57:08.985, 0.958, 0.088, 0.34, 0.122, 0, 0, 14.908, -69.977, 148.26, -25.333, -13.320, -12.593, 29.62, 0.1517, 0.57602, -0.05408, 0.80136,
 15:45:54.634,e3:ca:2d:fd:e0:8c, 2015-01-01 03:57:08.985, 0.957, 0.088, 0.34, 0.183, 0, 0, 14.914, -69.977, 148.271, -25.333, -13.320, -12.593, 29.62, 0.1517, 0.57602, -0.05408, 0.80136,
 15:45:54.652,ed:40:fe:65:30:6c, 2015-01-01 03:57:14.395, 0.542, 0.018, 0.844, 0, -0.427, 0, 1.236, -32.86, -122.602, -18.053, -6.573, -7.013, 28.47, 0.46219, -0.24304, -0.14456, -0.84042,
 15:45:54.652,ed:40:fe:65:30:6c, 2015-01-01 03:57:14.395, 0.543, 0.019, 0.843, 0, -0.427, 0.061, 1.236, -32.866, -122.585, -18.053, -6.573, -7.013, 28.47, 0.46219, -0.24304, -0.14456, -0.84042,
 15:45:54.654,f6:90:cc:01:6d:25, 2015-01-01 03:57:09.585, 0.905, 0.241, 0.309, 0.122, -0.244, 0, 37.897, -66.627, 152.479, -25.867, -15.280, -7.633, 32.31, 0.01324, 0.5686, 0.14108, 0.81027,
 15:45:54.654,f6:90:cc:01:6d:25, 2015-01-01 03:57:09.585, 0.904, 0.24, 0.308, 0.061, -0.244, 0, 37.908, -66.627, 152.408, -25.867, -15.280, -7.633, 32.31, 0.01324, 0.5686, 0.14108, 0.81027,
 15:45:54.679,ed:35:33:d3:6c:f8, 2015-01-01 03:57:09.485, 0.361, -0.036, 0.926, 0, -0.549, -0.183, -2.51, -21.231, 158.577, -10.167, -6.667, -34.653, 30.72, -0.18619, -0.17679, 0.05539, -0.96484,
 15:45:54.679,ed:35:33:d3:6c:f8, 2015-01-01 03:57:09.485, 0.363, -0.037, 0.924, 0.061, -0.244, -0.122, -2.51, -21.242, 158.56, -10.167, -6.667, -34.653, 30.72, -0.18619, -0.17679, 0.05539, -0.96484,
 15:45:54.698,ed:40:fe:65:30:6c, 2015-01-01 03:57:14.395, 0.544, 0.02, 0.842, 0.061, -0.366, 0, 1.236, -32.871, -122.569, -18.053, -6.573, -7.013, 28.47, 0.46219, -0.24304, -0.14456, -0.84042,
 15:45:54.698,ed:40:fe:65:30:6c, 2015-01-01 03:57:14.395, 0.545, 0.017, 0.841, 0, -0.427, 0, 1.236, -32.882, -122.542, -18.053, -6.573, -7.013, 28.47, 0.46219, -0.24304, -0.14456, -0.84042,
 15:45:54.698,e3:ca:2d:fd:e0:8c, 2015-01-01 03:57:08.985, 0.957, 0.088, 0.34, 0.305, 0, 0, 14.914, -69.977, 148.282, -25.333, -13.320, -12.593, 29.62, 0.15045, 0.57596, -0.05313, 0.8017,
 15:45:54.698,e3:ca:2d:fd:e0:8c, 2015-01-01 03:57:08.985, 0.957, 0.09, 0.339, 0.183, 0, 0, 14.914, -69.977, 148.288, -25.333, -13.320, -12.593, 29.62, 0.15045, 0.57596, -0.05313, 0.8017,
 15:45:54.700,f6:90:cc:01:6d:25, 2015-01-01 03:57:09.585, 0.906, 0.241, 0.307, 0, -0.244, 0, 37.914, -66.632, 152.353, -25.867, -15.280, -7.633, 32.31, 0.01324, 0.5686, 0.14108, 0.81027,
 15:45:54.700,f6:90:cc:01:6d:25, 2015-01-01 03:57:09.585, 0.906, 0.241, 0.305, -0.305, -0.244, 0, 37.919, -66.638, 152.314, -25.867, -15.280, -7.633, 32.31, 0.01324, 0.5686, 0.14108, 0.81027,
 15:45:54.721,e3:ca:2d:fd:e0:8c, 2015-01-01 03:57:09.320, 0.956, 0.09, 0.337, 0.122, 0, 0, 14.919, -69.972, 148.299, -25.333, -13.320, -12.593, 29.62, 0.15045, 0.57596, -0.05313, 0.8017,
 15:45:54.721,e3:ca:2d:fd:e0:8c, 2015-01-01 03:57:09.320, 0.957, 0.089, 0.337, 0.183, 0, 0, 14.919, -69.972, 148.31, -25.333, -13.320, -12.593, 29.62, 0.15045, 0.57596, -0.05313, 0.8017,
 15:45:54.725,ed:35:33:d3:6c:f8, 2015-01-01 03:57:09.485, 0.362, -0.038, 0.926, 0.122, -0.305, -0.061, -2.505, -21.248, 158.555, -10.167, -6.667, -34.653, 30.72, -0.18619, -0.17679, 0.05539, -0.96484,
 15:45:54.725,ed:35:33:d3:6c:f8, 2015-01-01 03:57:09.485, 0.363, -0.038, 0.927, 0.244, -0.366, 0, -2.499, -21.253, 158.555, -10.167, -6.667, -34.653, 30.72, -0.18619, -0.17679, 0.05539, -0.96484,
 15:45:54.742,ed:40:fe:65:30:6c, 2015-01-01 03:57:14.395, 0.545, 0.017, 0.843, 0.122, -0.427, 0, 1.236, -32.888, -122.514, -18.053, -6.573, -7.013, 28.47, 0.46219, -0.24304, -0.14456, -0.84042,
 15:45:54.742,ed:40:fe:65:30:6c, 2015-01-01 03:57:14.395, 0.547, 0.018, 0.844, 0.061, -0.366, 0.061, 1.236, -32.893, -122.487, -18.053, -6.573, -7.013, 28.47, 0.46219, -0.24304, -0.14456, -0.84042,
 15:45:54.743,e3:ca:2d:fd:e0:8c, 2015-01-01 03:57:09.320, 0.958, 0.09, 0.337, 0.061, 0, 0, 14.919, -69.972, 148.315, -25.333, -13.320, -12.593, 29.62, 0.15045, 0.57596, -0.05313, 0.8017,
 15:45:54.743,e3:ca:2d:fd:e0:8c, 2015-01-01 03:57:09.320, 0.958, 0.091, 0.338, 0.061, 0.061, 0, 14.919, -69.972, 148.326, -25.333, -13.320, -12.593, 29.62, 0.15045, 0.57596, -0.05313, 0.8017,
 15:45:54.745,f6:90:cc:01:6d:25, 2015-01-01 03:57:09.585, 0.907, 0.241, 0.306, -0.366, -0.183, 0, 37.919, -66.638, 152.271, -25.867, -15.280, -7.633, 32.31, 0.01324, 0.5686, 0.14108, 0.81027,
 15:45:54.745,f6:90:cc:01:6d:25, 2015-01-01 03:57:09.585, 0.908, 0.242, 0.306, -0.244, -0.183, 0, 37.919, -66.643, 152.26, -25.867, -15.280, -7.633, 32.31, 0.01324, 0.5686, 0.14108, 0.81027,
 15:45:54.768,ed:35:33:d3:6c:f8, 2015-01-01 03:57:09.485, 0.364, -0.038, 0.929, 0, -0.366, 0, -2.494, -21.264, 158.571, -10.167, -6.667, -34.653, 30.72, -0.18619, -0.17679, 0.05539, -0.96484,
 15:45:54.768,ed:35:33:d3:6c:f8, 2015-01-01 03:57:09.485, 0.364, -0.038, 0.928, -0.122, -0.427, -0.061, -2.494, -21.27, 158.582, -10.167, -6.667, -34.653, 30.72, -0.18619, -0.17679, 0.05539, -0.96484,
 15:45:54.788,e3:ca:2d:fd:e0:8c, 2015-01-01 03:57:09.320, 0.957, 0.089, 0.338, 0.122, 0.061, 0, 14.919, -69.966, 148.337, -25.333, -13.320, -12.593, 29.62, 0.15045, 0.57596, -0.05313, 0.8017,
 15:45:54.788,e3:ca:2d:fd:e0:8c, 2015-01-01 03:57:09.320, 0.956, 0.089, 0.339, 0.122, 0.122, 0, 14.919, -69.966, 148.348, -25.333, -13.320, -12.593, 29.62, 0.15045, 0.57596, -0.05313, 0.8017,
 15:45:54.790,f6:90:cc:01:6d:25, 2015-01-01 03:57:09.585, 0.907, 0.241, 0.308, -0.244, -0.183, 0, 37.919, -66.649, 152.276, -25.867, -15.280, -7.633, 32.31, 0.01324, 0.5686, 0.14108, 0.81027,
 15:45:54.790,f6:90:cc:01:6d:25, 2015-01-01 03:57:09.585, 0.905, 0.241, 0.307, 0, 0, 0, 37.925, -66.649, 152.32, -25.867, -15.280, -7.633, 32.31, 0.01324, 0.5686, 0.14108, 0.81027,
 15:45:54.792,ed:35:33:d3:6c:f8, 2015-01-01 03:57:09.485, 0.361, -0.038, 0.926, -0.244, -0.488, -0.061, -2.494, -21.281, 158.593, -10.167, -6.667, -34.653, 30.72, -0.18619, -0.17679, 0.05539, -0.96484,
 15:45:54.792,ed:35:33:d3:6c:f8, 2015-01-01 03:57:09.485, 0.362, -0.036, 0.926, -0.061, -0.366, 0, -2.499, -21.292, 158.61, -10.167, -6.667, -34.653, 30.72, -0.18619, -0.17679, 0.05539, -0.96484,
 15:45:54.809,ed:40:fe:65:30:6c, 2015-01-01 03:57:14.395, 0.546, 0.018, 0.844, -0.061, -0.549, 0, 1.236, -32.899, -122.459, -17.933, -6.453, -7.553, 28.47, 0.46219, -0.24304, -0.14456, -0.84042,
 15:45:54.809,ed:40:fe:65:30:6c, 2015-01-01 03:57:14.395, 0.545, 0.017, 0.843, 0, -0.488, 0, 1.236, -32.91, -122.421, -17.933, -6.453, -7.553, 28.47, 0.46219, -0.24304, -0.14456, -0.84042,
 15:45:54.832,ed:40:fe:65:30:6c, 2015-01-01 03:57:14.395, 0.544, 0.019, 0.843, 0, -0.488, 0, 1.236, -32.921, -122.388, -17.933, -6.453, -7.553, 28.47, 0.46475, -0.24329, -0.14563, -0.83875,
 15:45:54.832,ed:40:fe:65:30:6c, 2015-01-01 03:57:14.395, 0.545, 0.019, 0.841, 0, -0.427, 0.061, 1.236, -32.926, -122.36, -17.933, -6.453, -7.553, 28.47, 0.46475, -0.24329, -0.14563, -0.83875,
 15:45:54.832,e3:ca:2d:fd:e0:8c, 2015-01-01 03:57:09.320, 0.956, 0.089, 0.339, 0.122, 0, 0, 14.919, -69.966, 148.354, -25.333, -13.320, -12.593, 29.62, 0.15045, 0.57596, -0.05313, 0.8017,
 15:45:54.832,e3:ca:2d:fd:e0:8c, 2015-01-01 03:57:09.320, 0.956, 0.089, 0.339, 0.122, -0.061, 0, 14.925, -69.966, 148.365, -25.333, -13.320, -12.593, 29.62, 0.15045, 0.57596, -0.05313, 0.8017,
 15:45:54.835,ed:35:33:d3:6c:f8, 2015-01-01 03:57:09.485, 0.364, -0.036, 0.923, 0.122, -0.244, 0, -2.494, -21.297, 158.61, -10.167, -6.667, -34.653, 30.72, -0.18619, -0.17679, 0.05539, -0.96484,
 15:45:54.835,ed:35:33:d3:6c:f8, 2015-01-01 03:57:09.485, 0.366, -0.037, 0.922, 0.061, 0, 0, -2.494, -21.302, 158.626, -10.167, -6.667, -34.653, 30.72, -0.18619, -0.17679, 0.05539, -0.96484,
 15:45:54.877,ed:40:fe:65:30:6c, 2015-01-01 03:57:14.395, 0.548, 0.017, 0.839, 0.122, -0.305, 0.061, 1.236, -32.937, -122.327, -17.933, -6.453, -7.553, 28.47, 0.46475, -0.24329, -0.14563, -0.83875,
 15:45:54.877,ed:40:fe:65:30:6c, 2015-01-01 03:57:14.395, 0.547, 0.017, 0.838, 0.122, -0.183, 0.061, 1.236, -32.943, -122.289, -17.933, -6.453, -7.553, 28.47, 0.46475, -0.24329, -0.14563, -0.83875,
 15:45:54.879,f6:90:cc:01:6d:25, 2015-01-01 03:57:09.585, 0.905, 0.241, 0.308, 0.061, 0, 0, 37.925, -66.649, 152.331, -25.867, -15.280, -7.633, 32.31, 0.01324, 0.5686, 0.14108, 0.81027,
 15:45:54.879,f6:90:cc:01:6d:25, 2015-01-01 03:57:09.585, 0.906, 0.24, 0.307, 0.061, 0.122, 0, 37.925, -66.649, 152.309, -25.867, -15.280, -7.633, 32.31, 0.01324, 0.5686, 0.14108, 0.81027,
 15:45:54.879,e3:ca:2d:fd:e0:8c, 2015-01-01 03:57:09.320, 0.957, 0.09, 0.339, 0.061, -0.061, 0, 14.925, -69.966, 148.37, -25.333, -13.320, -12.593, 29.62, 0.15045, 0.57596, -0.05313, 0.8017,
 15:45:54.879,e3:ca:2d:fd:e0:8c, 2015-01-01 03:57:09.320, 0.958, 0.089, 0.338, 0, 0, 0, 14.925, -69.966, 148.381, -25.333, -13.320, -12.593, 29.62, 0.15045, 0.57596, -0.05313, 0.8017,
 15:45:54.882,ed:35:33:d3:6c:f8, 2015-01-01 03:57:09.485, 0.364, -0.038, 0.923, -0.122, 0.366, 0.122, -2.488, -21.302, 158.659, -9.927, -6.953, -34.160, 30.72, -0.18619, -0.17679, 0.05539, -0.96484,
 15:45:54.882,ed:35:33:d3:6c:f8, 2015-01-01 03:57:09.485, 0.364, -0.039, 0.927, -0.671, 1.038, 0.061, -2.494, -21.292, 158.703, -9.927, -6.953, -34.160, 30.72, -0.18619, -0.17679, 0.05539, -0.96484,
 15:45:54.900,ed:40:fe:65:30:6c, 2015-01-01 03:57:14.755, 0.548, 0.018, 0.842, 0.061, -0.122, 0, 1.241, -32.943, -122.261, -17.933, -6.453, -7.553, 28.47, 0.46475, -0.24329, -0.14563, -0.83875,
 15:45:54.900,ed:40:fe:65:30:6c, 2015-01-01 03:57:14.755, 0.545, 0.017, 0.844, 0, -0.244, 0, 1.241, -32.948, -122.239, -17.933, -6.453, -7.553, 28.47, 0.46475, -0.24329, -0.14563, -0.83875,
 15:45:54.901,f6:90:cc:01:6d:25, 2015-01-01 03:57:09.585, 0.906, 0.24, 0.307, 0, 0.244, 0, 37.925, -66.649, 152.314, -25.873, -15.313, -7.767, 32.31, 0.01324, 0.5686, 0.14108, 0.81027,
 15:45:54.901,f6:90:cc:01:6d:25, 2015-01-01 03:57:09.585, 0.907, 0.241, 0.306, -0.061, 0.671, 0, 37.914, -66.643, 152.303, -25.873, -15.313, -7.767, 32.31, 0.01324, 0.5686, 0.14108, 0.81027,
 15:45:54.925,e3:ca:2d:fd:e0:8c, 2015-01-01 03:57:09.320, 0.957, 0.089, 0.338, 0.061, 0.122, 0, 14.925, -69.961, 148.387, -25.333, -13.320, -12.593, 29.62, 0.15045, 0.57596, -0.05313, 0.8017,
 15:45:54.925,e3:ca:2d:fd:e0:8c, 2015-01-01 03:57:09.320, 0.958, 0.09, 0.338, 0, 0.061, 0, 14.925, -69.961, 148.398, -25.333, -13.320, -12.593, 29.62, 0.15045, 0.57596, -0.05313, 0.8017,
 15:45:54.927,f6:90:cc:01:6d:25, 2015-01-01 03:57:09.585, 0.908, 0.24, 0.305, -0.183, 1.038, 0, 37.886, -66.627, 152.287, -25.873, -15.313, -7.767, 32.31, 0.01324, 0.5686, 0.14108, 0.81027,
 15:45:54.927,f6:90:cc:01:6d:25, 2015-01-01 03:57:09.585, 0.908, 0.239, 0.306, -0.549, 1.221, 0, 37.853, -66.61, 152.292, -25.873, -15.313, -7.767, 32.31, 0.01324, 0.5686, 0.14108, 0.81027,
 15:45:54.927,ed:35:33:d3:6c:f8, 2015-01-01 03:57:09.485, 0.36, -0.038, 0.928, -0.732, 1.465, 0.183, -2.505, -21.27, 158.73, -9.927, -6.953, -34.160, 30.72, -0.18527, -0.17743, 0.05518, -0.9649,
 15:45:54.927,ed:35:33:d3:6c:f8, 2015-01-01 03:57:09.485, 0.359, -0.036, 0.929, 0, 2.197, 0.061, -2.516, -21.242, 158.763, -9.927, -6.953, -34.160, 30.72, -0.18527, -0.17743, 0.05518, -0.9649,
 15:45:54.945,ed:40:fe:65:30:6c, 2015-01-01 03:57:14.755, 0.544, 0.018, 0.846, 0, -0.244, 0, 1.241, -32.953, -122.212, -17.933, -6.453, -7.553, 28.47, 0.46475, -0.24329, -0.14563, -0.83875,
 15:45:54.945,ed:40:fe:65:30:6c, 2015-01-01 03:57:14.755, 0.545, 0.02, 0.845, 0.061, -0.183, 0, 1.241, -32.953, -122.19, -17.933, -6.453, -7.553, 28.47, 0.46475, -0.24329, -0.14563, -0.83875,
 15:45:54.946,e3:ca:2d:fd:e0:8c, 2015-01-01 03:57:09.320, 0.956, 0.089, 0.338, -0.122, 0.061, 0, 14.919, -69.955, 148.409, -25.567, -13.113, -12.960, 29.62, 0.15045, 0.57596, -0.05313, 0.8017,
 15:45:54.946,e3:ca:2d:fd:e0:8c, 2015-01-01 03:57:09.320, 0.955, 0.091, 0.339, -0.183, 0, 0, 14.914, -69.955, 148.414, -25.567, -13.113, -12.960, 29.62, 0.15045, 0.57596, -0.05313, 0.8017,
 15:45:54.968,ed:40:fe:65:30:6c, 2015-01-01 03:57:14.755, 0.543, 0.019, 0.843, 0.061, -0.061, 0, 1.241, -32.959, -122.162, -17.933, -6.453, -7.553, 28.47, 0.46475, -0.24329, -0.14563, -0.83875,
 15:45:54.968,ed:40:fe:65:30:6c, 2015-01-01 03:57:14.755, 0.544, 0.019, 0.843, -0.061, -0.122, 0, 1.241, -32.959, -122.141, -17.933, -6.453, -7.553, 28.47, 0.46475, -0.24329, -0.14563, -0.83875,
 15:45:54.969,f6:90:cc:01:6d:25, 2015-01-01 03:57:09.585, 0.907, 0.239, 0.31, -0.549, 0.916, 0, 37.815, -66.599, 152.281, -25.873, -15.313, -7.767, 32.31, 0.01324, 0.5686, 0.14108, 0.81027,
 15:45:54.969,f6:90:cc:01:6d:25, 2015-01-01 03:57:09.585, 0.904, 0.24, 0.311, -0.122, 0.793, 0.305, 37.782, -66.588, 152.309, -25.873, -15.313, -7.767, 32.31, 0.01324, 0.5686, 0.14108, 0.81027,
 15:45:54.970,ed:35:33:d3:6c:f8, 2015-01-01 03:57:09.800, 0.359, -0.036, 0.927, 0, 2.747, 0.122, -2.516, -21.193, 158.802, -9.927, -6.953, -34.160, 30.72, -0.18527, -0.17743, 0.05518, -0.9649,
 15:45:54.970,ed:35:33:d3:6c:f8, 2015-01-01 03:57:09.800, 0.356, -0.036, 0.927, 0.061, 2.38, 0.122, -2.51, -21.143, 158.824, -9.927, -6.953, -34.160, 30.72, -0.18527, -0.17743, 0.05518, -0.9649,
 15:45:54.991,f6:90:cc:01:6d:25, 2015-01-01 03:57:09.585, 0.904, 0.239, 0.309, -0.061, 0.732, 0.183, 37.749, -66.577, 152.336, -25.873, -15.313, -7.767, 32.31, 0.01666, 0.56903, 0.13846, 0.81033,
 15:45:54.991,f6:90:cc:01:6d:25, 2015-01-01 03:57:09.585, 0.905, 0.24, 0.307, -0.122, 0.549, 0.183, 37.727, -66.572, 152.331, -25.873, -15.313, -7.767, 32.31, 0.01666, 0.56903, 0.13846, 0.81033,
 15:45:54.991,e3:ca:2d:fd:e0:8c, 2015-01-01 03:57:09.320, 0.957, 0.09, 0.338, -0.061, 0, 0, 14.914, -69.955, 148.425, -25.567, -13.113, -12.960, 29.62, 0.15045, 0.57596, -0.05313, 0.8017,
 15:45:54.991,e3:ca:2d:fd:e0:8c, 2015-01-01 03:57:09.320, 0.957, 0.089, 0.339, -0.061, 0, 0, 14.908, -69.955, 148.431, -25.567, -13.113, -12.960, 29.62, 0.15045, 0.57596, -0.05313, 0.8017,
 15:45:54.993,ed:35:33:d3:6c:f8, 2015-01-01 03:57:09.800, 0.357, -0.039, 0.93, 0.183, 1.953, 0, -2.505, -21.099, 158.84, -9.927, -6.953, -34.160, 30.72, -0.18527, -0.17743, 0.05518, -0.9649,
 15:45:54.993,ed:35:33:d3:6c:f8, 2015-01-01 03:57:09.800, 0.356, -0.044, 0.929, 0, 1.221, -0.061, -2.499, -21.066, 158.857, -9.927, -6.953, -34.160, 30.72, -0.18527, -0.17743, 0.05518, -0.9649,
 15:45:55.013,ed:40:fe:65:30:6c, 2015-01-01 03:57:14.755, 0.545, 0.014, 0.843, -0.244, -0.183, 0, 1.236, -32.959, -122.113, -17.933, -6.453, -7.553, 28.47, 0.46475, -0.24329, -0.14563, -0.83875,
 15:45:55.013,ed:40:fe:65:30:6c, 2015-01-01 03:57:14.755, 0.544, 0.013, 0.846, -0.244, -0.305, 0, 1.23, -32.964, -122.091, -17.933, -6.453, -7.553, 28.47, 0.46475, -0.24329, -0.14563, -0.83875,
 15:45:55.036,f6:90:cc:01:6d:25, 2015-01-01 03:57:09.585, 0.907, 0.238, 0.309, -0.427, 0.366, 0.122, 37.705, -66.566, 152.303, -25.873, -15.313, -7.767, 32.31, 0.01666, 0.56903, 0.13846, 0.81033,
 15:45:55.036,f6:90:cc:01:6d:25, 2015-01-01 03:57:09.585, 0.907, 0.238, 0.311, -0.671, 0.366, 0.061, 37.683, -66.566, 152.281, -25.873, -15.313, -7.767, 32.31, 0.01666, 0.56903, 0.13846, 0.81033,
 15:45:55.038,ed:35:33:d3:6c:f8, 2015-01-01 03:57:09.800, 0.355, -0.042, 0.932, -0.122, 0.366, -0.061, -2.499, -21.05, 158.895, -9.927, -6.953, -34.160, 30.72, -0.18527, -0.17743, 0.05518, -0.9649,
 15:45:55.038,ed:35:33:d3:6c:f8, 2015-01-01 03:57:09.800, 0.358, -0.039, 0.93, 0, 0.305, -0.244, -2.499, -21.044, 158.934, -9.927, -6.953, -34.160, 30.72, -0.18527, -0.17743, 0.05518, -0.9649,
 15:45:55.059,f6:90:cc:01:6d:25, 2015-01-01 03:57:09.985, 0.905, 0.235, 0.311, -0.916, 0.244, 0, 37.656, -66.561, 152.26, -25.873, -15.313, -7.767, 32.31, 0.01666, 0.56903, 0.13846, 0.81033,
 15:45:55.059,f6:90:cc:01:6d:25, 2015-01-01 03:57:09.985, 0.907, 0.238, 0.311, -0.183, 0.305, 0, 37.639, -66.561, 152.238, -25.873, -15.313, -7.767, 32.31, 0.01666, 0.56903, 0.13846, 0.81033,
 15:45:55.059,e3:ca:2d:fd:e0:8c, 2015-01-01 03:57:09.320, 0.957, 0.089, 0.339, -0.244, 0.061, 0, 14.908, -69.955, 148.436, -25.567, -13.113, -12.960, 29.62, 0.14938, 0.5759, -0.05228, 0.802,
 15:45:55.059,e3:ca:2d:fd:e0:8c, 2015-01-01 03:57:09.320, 0.956, 0.09, 0.34, -0.183, 0, 0, 14.903, -69.95, 148.447, -25.567, -13.113, -12.960, 29.62, 0.14938, 0.5759, -0.05228, 0.802,
 15:45:55.079,ed:40:fe:65:30:6c, 2015-01-01 03:57:14.755, 0.544, 0.014, 0.846, -0.122, -0.549, 0, 1.23, -32.97, -122.069, -17.933, -6.453, -7.553, 28.47, 0.46475, -0.24329, -0.14563, -0.83875,
 15:45:55.079,ed:40:fe:65:30:6c, 2015-01-01 03:57:14.755, 0.546, 0.017, 0.842, 0.183, -0.549, 0, 1.225, -32.981, -122.047, -17.933, -6.453, -7.553, 28.47, 0.46475, -0.24329, -0.14563, -0.83875,
 15:45:55.081,e3:ca:2d:fd:e0:8c, 2015-01-01 03:57:09.675, 0.957, 0.087, 0.339, -0.122, -0.061, 0, 14.897, -69.95, 148.453, -25.567, -13.113, -12.960, 29.62, 0.14938, 0.5759, -0.05228, 0.802,
 15:45:55.081,e3:ca:2d:fd:e0:8c, 2015-01-01 03:57:09.675, 0.956, 0.089, 0.339, -0.061, 0, 0, 14.897, -69.95, 148.458, -25.567, -13.113, -12.960, 29.62, 0.14938, 0.5759, -0.05228, 0.802,
 15:45:55.083,ed:35:33:d3:6c:f8, 2015-01-01 03:57:09.800, 0.36, -0.036, 0.928, -0.122, 0.183, 0, -2.499, -21.039, 159, -9.927, -6.953, -34.160, 30.72, -0.18527, -0.17743, 0.05518, -0.9649,
 15:45:55.083,ed:35:33:d3:6c:f8, 2015-01-01 03:57:09.800, 0.36, -0.035, 0.925, -0.122, 0, 0, -2.499, -21.039, 159.038, -9.927, -6.953, -34.160, 30.72, -0.18527, -0.17743, 0.05518, -0.9649,
 15:45:55.102,ed:40:fe:65:30:6c, 2015-01-01 03:57:14.755, 0.548, 0.02, 0.842, 0.061, -0.488, 0, 1.23, -32.992, -122.025, -18.107, -6.720, -7.720, 28.47, 0.46475, -0.24329, -0.14563, -0.83875,
 15:45:55.102,ed:40:fe:65:30:6c, 2015-01-01 03:57:14.755, 0.545, 0.018, 0.838, -0.061, -0.305, 0, 1.23, -32.997, -122.003, -18.107, -6.720, -7.720, 28.47, 0.46475, -0.24329, -0.14563, -0.83875,
 15:45:55.104,f6:90:cc:01:6d:25, 2015-01-01 03:57:09.985, 0.904, 0.238, 0.31, 0.061, 0.488, 0, 37.628, -66.555, 152.238, -25.873, -15.313, -7.767, 32.31, 0.01666, 0.56903, 0.13846, 0.81033,
 15:45:55.104,f6:90:cc:01:6d:25, 2015-01-01 03:57:09.985, 0.903, 0.239, 0.31, -0.183, 0.488, 0.122, 37.612, -66.55, 152.249, -25.873, -15.313, -7.767, 32.31, 0.01666, 0.56903, 0.13846, 0.81033,
 15:45:55.127,e3:ca:2d:fd:e0:8c, 2015-01-01 03:57:09.675, 0.954, 0.088, 0.34, 0, 0, 0, 14.892, -69.95, 148.469, -25.567, -13.113, -12.960, 29.62, 0.14938, 0.5759, -0.05228, 0.802,
 15:45:55.127,e3:ca:2d:fd:e0:8c, 2015-01-01 03:57:09.675, 0.956, 0.089, 0.34, 0, 0, 0, 14.892, -69.95, 148.475, -25.567, -13.113, -12.960, 29.62, 0.14938, 0.5759, -0.05228, 0.802,
 15:45:55.128,ed:35:33:d3:6c:f8, 2015-01-01 03:57:09.800, 0.357, -0.04, 0.924, -0.122, 0, 0, -2.499, -21.039, 159.055, -9.927, -6.953, -34.160, 30.72, -0.18527, -0.17743, 0.05518, -0.9649,
 15:45:55.128,ed:35:33:d3:6c:f8, 2015-01-01 03:57:09.800, 0.359, -0.04, 0.923, -0.244, 0.244, 0, -2.499, -21.039, 159.055, -9.927, -6.953, -34.160, 30.72, -0.18527, -0.17743, 0.05518, -0.9649,
 15:45:55.147,ed:40:fe:65:30:6c, 2015-01-01 03:57:14.755, 0.544, 0.015, 0.838, 0, -0.366, 0, 1.225, -33.003, -121.981, -18.107, -6.720, -7.720, 28.47, 0.46475, -0.24329, -0.14563, -0.83875,
 15:45:55.147,ed:40:fe:65:30:6c, 2015-01-01 03:57:14.755, 0.552, 0.016, 0.842, 0.183, -0.244, 0, 1.23, -33.008, -121.959, -18.107, -6.720, -7.720, 28.47, 0.46475, -0.24329, -0.14563, -0.83875,
 15:45:55.148,e3:ca:2d:fd:e0:8c, 2015-01-01 03:57:09.675, 0.959, 0.089, 0.339, -0.061, 0, 0, 14.886, -69.95, 148.48, -25.567, -13.113, -12.960, 29.62, 0.14938, 0.5759, -0.05228, 0.802,
 15:45:55.148,e3:ca:2d:fd:e0:8c, 2015-01-01 03:57:09.675, 0.959, 0.091, 0.338, 0, 0, 0, 14.886, -69.944, 148.491, -25.567, -13.113, -12.960, 29.62, 0.14938, 0.5759, -0.05228, 0.802,
 15:45:55.170,ed:40:fe:65:30:6c, 2015-01-01 03:57:14.755, 0.551, 0.02, 0.84, 0.061, -0.061, 0, 1.23, -33.008, -121.937, -18.107, -6.720, -7.720, 28.47, 0.46774, -0.24341, -0.14679, -0.83685,
 15:45:55.170,ed:40:fe:65:30:6c, 2015-01-01 03:57:14.755, 0.543, 0.023, 0.845, 0.061, 0, 0.305, 1.23, -33.008, -121.91, -18.107, -6.720, -7.720, 28.47, 0.46774, -0.24341, -0.14679, -0.83685,
 15:45:55.172,f6:90:cc:01:6d:25, 2015-01-01 03:57:09.985, 0.907, 0.238, 0.311, -0.732, 0.427, 0.183, 37.584, -66.544, 152.287, -25.873, -15.313, -7.767, 32.31, 0.01666, 0.56903, 0.13846, 0.81033,
 15:45:55.172,f6:90:cc:01:6d:25, 2015-01-01 03:57:09.985, 0.909, 0.238, 0.312, -0.671, 0.488, 0.122, 37.551, -66.539, 152.32, -25.873, -15.313, -7.767, 32.31, 0.01666, 0.56903, 0.13846, 0.81033,
 15:45:55.174,ed:35:33:d3:6c:f8, 2015-01-01 03:57:09.800, 0.365, -0.038, 0.924, 0.183, 2.38, 0, -2.499, -21.022, 159.044, -10.093, -6.533, -35.180, 30.72, -0.18527, -0.17743, 0.05518, -0.9649,
 15:45:55.174,ed:35:33:d3:6c:f8, 2015-01-01 03:57:09.800, 0.355, -0.03, 0.927, 0.366, 3.479, 0.427, -2.494, -20.973, 159.049, -10.093, -6.533, -35.180, 30.72, -0.18527, -0.17743, 0.05518, -0.9649,
 15:45:55.193,e3:ca:2d:fd:e0:8c, 2015-01-01 03:57:09.675, 0.957, 0.091, 0.338, 0.122, 0, 0, 14.886, -69.944, 148.497, -25.567, -13.113, -12.960, 29.62, 0.14938, 0.5759, -0.05228, 0.802,
 15:45:55.193,e3:ca:2d:fd:e0:8c, 2015-01-01 03:57:09.675, 0.958, 0.091, 0.337, 0, 0.061, 0, 14.886, -69.944, 148.502, -25.567, -13.113, -12.960, 29.62, 0.14938, 0.5759, -0.05228, 0.802,
 15:45:55.194,f6:90:cc:01:6d:25, 2015-01-01 03:57:09.985, 0.907, 0.241, 0.31, -0.244, 0.793, 0.183, 37.518, -66.533, 152.342, -25.873, -15.313, -7.767, 32.31, 0.01666, 0.56903, 0.13846, 0.81033,
 15:45:55.194,f6:90:cc:01:6d:25, 2015-01-01 03:57:09.985, 0.904, 0.241, 0.312, -0.183, 0.916, 0.427, 37.48, -66.522, 152.364, -25.873, -15.313, -7.767, 32.31, 0.01666, 0.56903, 0.13846, 0.81033,
 15:45:55.195,ed:35:33:d3:6c:f8, 2015-01-01 03:57:09.800, 0.348, -0.033, 0.938, 0, 1.892, 0.732, -2.488, -20.912, 159.06, -10.093, -6.533, -35.180, 30.72, -0.18246, -0.17447, 0.05399, -0.96603,
 15:45:55.195,ed:35:33:d3:6c:f8, 2015-01-01 03:57:09.800, 0.356, -0.043, 0.937, 0, 1.343, 0.549, -2.494, -20.88, 159.071, -10.093, -6.533, -35.180, 30.72, -0.18246, -0.17447, 0.05399, -0.96603,
 15:45:55.214,ed:40:fe:65:30:6c, 2015-01-01 03:57:14.755, 0.542, 0.018, 0.849, 0, -0.244, 0.366, 1.225, -33.014, -121.882, -18.107, -6.720, -7.720, 28.47, 0.46774, -0.24341, -0.14679, -0.83685,
 15:45:55.214,ed:40:fe:65:30:6c, 2015-01-01 03:57:14.755, 0.546, 0.013, 0.845, 0, -0.488, 0.122, 1.219, -33.019, -121.855, -18.107, -6.720, -7.720, 28.47, 0.46774, -0.24341, -0.14679, -0.83685,
 15:45:55.216,f6:90:cc:01:6d:25, 2015-01-01 03:57:09.985, 0.904, 0.241, 0.312, -0.183, 0.793, 0.366, 37.441, -66.517, 152.413, -25.873, -15.313, -7.767, 32.31, 0.01666, 0.56903, 0.13846, 0.81033,
 15:45:55.216,f6:90:cc:01:6d:25, 2015-01-01 03:57:09.985, 0.903, 0.238, 0.313, -0.305, 0.427, 0.244, 37.408, -66.511, 152.419, -25.873, -15.313, -7.767, 32.31, 0.01666, 0.56903, 0.13846, 0.81033,
 15:45:55.239,e3:ca:2d:fd:e0:8c, 2015-01-01 03:57:09.675, 0.956, 0.091, 0.338, -0.122, 0.122, 0, 14.881, -69.944, 148.513, -25.567, -13.113, -12.960, 29.62, 0.14938, 0.5759, -0.05228, 0.802,
 15:45:55.239,e3:ca:2d:fd:e0:8c, 2015-01-01 03:57:09.675, 0.955, 0.091, 0.338, -0.061, 0, 0, 14.881, -69.939, 148.519, -25.567, -13.113, -12.960, 29.62, 0.14938, 0.5759, -0.05228, 0.802,
 15:45:55.241,ed:35:33:d3:6c:f8, 2015-01-01 03:57:09.800, 0.352, -0.042, 0.927, -0.366, 1.953, -0.671, -2.494, -20.852, 159.06, -10.093, -6.533, -35.180, 30.72, -0.18246, -0.17447, 0.05399, -0.96603,
 15:45:55.241,ed:35:33:d3:6c:f8, 2015-01-01 03:57:09.800, 0.354, -0.037, 0.924, 0.183, 2.502, -0.671, -2.488, -20.814, 159.027, -10.093, -6.533, -35.180, 30.72, -0.18246, -0.17447, 0.05399, -0.96603,
 15:45:55.259,ed:40:fe:65:30:6c, 2015-01-01 03:57:15.090, 0.546, 0.015, 0.838, 0.366, -0.427, 0, 1.225, -33.025, -121.833, -18.107, -6.720, -7.720, 28.47, 0.46774, -0.24341, -0.14679, -0.83685,
 15:45:55.259,ed:40:fe:65:30:6c, 2015-01-01 03:57:15.090, 0.546, 0.018, 0.837, 0.549, -0.366, 0.061, 1.23, -33.036, -121.816, -18.107, -6.720, -7.720, 28.47, 0.46774, -0.24341, -0.14679, -0.83685,
 15:45:55.262,f6:90:cc:01:6d:25, 2015-01-01 03:57:09.985, 0.903, 0.238, 0.309, -0.244, 0.427, 0.122, 37.392, -66.506, 152.413, -25.873, -15.313, -7.767, 32.31, 0.01666, 0.56903, 0.13846, 0.81033,
 15:45:55.262,f6:90:cc:01:6d:25, 2015-01-01 03:57:09.985, 0.903, 0.237, 0.311, -0.061, 0.366, 0.122, 37.375, -66.5, 152.419, -25.873, -15.313, -7.767, 32.31, 0.01666, 0.56903, 0.13846, 0.81033,
 15:45:55.285,e3:ca:2d:fd:e0:8c, 2015-01-01 03:57:09.675, 0.954, 0.089, 0.339, -0.061, 0.061, 0, 14.881, -69.939, 148.524, -25.567, -13.113, -12.960, 29.62, 0.14938, 0.5759, -0.05228, 0.802,
 15:45:55.285,e3:ca:2d:fd:e0:8c, 2015-01-01 03:57:09.675, 0.956, 0.089, 0.338, -0.122, 0.061, 0, 14.875, -69.939, 148.535, -25.567, -13.113, -12.960, 29.62, 0.14938, 0.5759, -0.05228, 0.802,
 15:45:55.286,ed:35:33:d3:6c:f8, 2015-01-01 03:57:10.090, 0.351, -0.035, 0.923, 0.793, 2.747, -0.305, -2.477, -20.764, 159.016, -10.093, -6.533, -35.180, 30.72, -0.18246, -0.17447, 0.05399, -0.96603,
 15:45:55.286,ed:35:33:d3:6c:f8, 2015-01-01 03:57:10.090, 0.347, -0.036, 0.931, 0.488, 1.16, 0.61, -2.461, -20.72, 159.022, -10.093, -6.533, -35.180, 30.72, -0.18246, -0.17447, 0.05399, -0.96603,
 15:45:55.305,ed:40:fe:65:30:6c, 2015-01-01 03:57:15.090, 0.542, 0.018, 0.841, 0.427, -0.244, 0.122, 1.241, -33.036, -121.794, -18.107, -6.720, -7.720, 28.47, 0.46774, -0.24341, -0.14679, -0.83685,
 15:45:55.305,ed:40:fe:65:30:6c, 2015-01-01 03:57:15.090, 0.545, 0.017, 0.847, 0.183, -0.366, 0.244, 1.241, -33.041, -121.767, -18.107, -6.720, -7.720, 28.47, 0.46774, -0.24341, -0.14679, -0.83685,
 15:45:55.307,e3:ca:2d:fd:e0:8c, 2015-01-01 03:57:09.675, 0.957, 0.089, 0.342, 0, -0.061, 0, 14.875, -69.933, 148.541, -25.200, -12.893, -12.993, 29.62, 0.14938, 0.5759, -0.05228, 0.802,
 15:45:55.307,e3:ca:2d:fd:e0:8c, 2015-01-01 03:57:09.675, 0.954, 0.088, 0.343, 0.061, -0.244, 0, 14.875, -69.939, 148.546, -25.200, -12.893, -12.993, 29.62, 0.14938, 0.5759, -0.05228, 0.802,
 15:45:55.330,ed:35:33:d3:6c:f8, 2015-01-01 03:57:10.090, 0.35, -0.039, 0.93, 0.854, 1.953, 0.793, -2.45, -20.698, 159.033, -10.093, -6.533, -35.180, 30.72, -0.18246, -0.17447, 0.05399, -0.96603,
 15:45:55.330,ed:35:33:d3:6c:f8, 2015-01-01 03:57:10.090, 0.349, -0.041, 0.933, 1.404, 2.747, 0.61, -2.433, -20.654, 159.082, -10.093, -6.533, -35.180, 30.72, -0.18246, -0.17447, 0.05399, -0.96603,
 15:45:55.349,ed:40:fe:65:30:6c, 2015-01-01 03:57:15.090, 0.546, 0.016, 0.844, 0.244, -0.122, 0.122, 1.247, -33.047, -121.745, -18.107, -6.720, -7.720, 28.47, 0.46774, -0.24341, -0.14679, -0.83685,
 15:45:55.349,ed:40:fe:65:30:6c, 2015-01-01 03:57:15.090, 0.544, 0.014, 0.841, 0.244, -0.061, 0, 1.247, -33.047, -121.723, -18.107, -6.720, -7.720, 28.47, 0.46774, -0.24341, -0.14679, -0.83685,
 15:45:55.351,f6:90:cc:01:6d:25, 2015-01-01 03:57:09.985, 0.905, 0.236, 0.313, 0.061, 0.305, 0.122, 37.365, -66.5, 152.413, -26.113, -14.813, -7.973, 32.31, 0.01666, 0.56903, 0.13846, 0.81033,
 15:45:55.351,f6:90:cc:01:6d:25, 2015-01-01 03:57:09.985, 0.906, 0.236, 0.319, 0.122, 0.061, 0, 37.359, -66.5, 152.375, -26.113, -14.813, -7.973, 32.31, 0.01666, 0.56903, 0.13846, 0.81033,
 15:45:55.351,e3:ca:2d:fd:e0:8c, 2015-01-01 03:57:09.675, 0.954, 0.087, 0.34, 0, -0.061, 0, 14.881, -69.939, 148.546, -25.200, -12.893, -12.993, 29.62, 0.14938, 0.5759, -0.05228, 0.802,
 15:45:55.351,e3:ca:2d:fd:e0:8c, 2015-01-01 03:57:09.675, 0.956, 0.087, 0.339, 0, -0.122, 0, 14.881, -69.939, 148.552, -25.200, -12.893, -12.993, 29.62, 0.14938, 0.5759, -0.05228, 0.802,
 15:45:55.372,ed:40:fe:65:30:6c, 2015-01-01 03:57:15.090, 0.544, 0.011, 0.841, 0.366, -0.061, 0.061, 1.252, -33.047, -121.701, -18.107, -6.720, -7.720, 28.47, 0.46774, -0.24341, -0.14679, -0.83685,
 15:45:55.372,ed:40:fe:65:30:6c, 2015-01-01 03:57:15.090, 0.544, 0.019, 0.847, 0.122, -0.305, 0.061, 1.252, -33.047, -121.685, -18.107, -6.720, -7.720, 28.47, 0.46774, -0.24341, -0.14679, -0.83685,
 15:45:55.375,f6:90:cc:01:6d:25, 2015-01-01 03:57:09.985, 0.904, 0.237, 0.312, 0.061, 0, 0.122, 37.359, -66.5, 152.391, -26.113, -14.813, -7.973, 32.31, 0.01852, 0.5683, 0.13614, 0.81119,
 15:45:55.375,f6:90:cc:01:6d:25, 2015-01-01 03:57:09.985, 0.905, 0.235, 0.312, 0.061, 0, 0.122, 37.354, -66.5, 152.424, -26.113, -14.813, -7.973, 32.31, 0.01852, 0.5683, 0.13614, 0.81119,
 15:45:55.375,ed:35:33:d3:6c:f8, 2015-01-01 03:57:10.090, 0.347, -0.04, 0.93, 1.16, 1.282, 0.61, -2.411, -20.61, 159.115, -10.093, -6.533, -35.180, 30.72, -0.18246, -0.17447, 0.05399, -0.96603,
 15:45:55.375,ed:35:33:d3:6c:f8, 2015-01-01 03:57:10.090, 0.347, -0.042, 0.933, 0.854, 1.038, 0.671, -2.395, -20.583, 159.148, -10.093, -6.533, -35.180, 30.72, -0.18246, -0.17447, 0.05399, -0.96603,
 15:45:55.398,ed:35:33:d3:6c:f8, 2015-01-01 03:57:10.090, 0.35, -0.033, 0.933, 0.305, 0.793, 0.305, -2.384, -20.566, 159.197, -10.093, -6.533, -35.180, 30.72, -0.18246, -0.17447, 0.05399, -0.96603,
 15:45:55.398,ed:35:33:d3:6c:f8, 2015-01-01 03:57:10.090, 0.351, -0.03, 0.929, 0.305, 2.014, 0.122, -2.379, -20.544, 159.241, -10.093, -6.533, -35.180, 30.72, -0.18246, -0.17447, 0.05399, -0.96603,
 15:45:55.418,e3:ca:2d:fd:e0:8c, 2015-01-01 03:57:09.675, 0.958, 0.088, 0.339, 0.061, -0.305, 0, 14.875, -69.939, 148.557, -25.200, -12.893, -12.993, 29.62, 0.14871, 0.57581, -0.05185, 0.80222,
 15:45:55.418,e3:ca:2d:fd:e0:8c, 2015-01-01 03:57:09.675, 0.956, 0.09, 0.341, 0.061, -0.488, 0, 14.881, -69.944, 148.557, -25.200, -12.893, -12.993, 29.62, 0.14871, 0.57581, -0.05185, 0.80222,
 15:45:55.419,f6:90:cc:01:6d:25, 2015-01-01 03:57:09.985, 0.906, 0.232, 0.312, 0, 0, 0, 37.348, -66.5, 152.435, -26.113, -14.813, -7.973, 32.31, 0.01852, 0.5683, 0.13614, 0.81119,
 15:45:55.419,f6:90:cc:01:6d:25, 2015-01-01 03:57:09.985, 0.905, 0.238, 0.317, 0.061, 0, 0, 37.348, -66.5, 152.474, -26.113, -14.813, -7.973, 32.31, 0.01852, 0.5683, 0.13614, 0.81119,
 15:45:55.441,ed:40:fe:65:30:6c, 2015-01-01 03:57:15.090, 0.547, 0.023, 0.844, -0.183, -0.122, -0.061, 1.252, -33.052, -121.663, -18.107, -6.720, -7.720, 28.47, 0.46774, -0.24341, -0.14679, -0.83685,
 15:45:55.441,ed:40:fe:65:30:6c, 2015-01-01 03:57:15.090, 0.55, 0.02, 0.838, -0.305, 0, 0, 1.247, -33.047, -121.646, -18.107, -6.720, -7.720, 28.47, 0.46774, -0.24341, -0.14679, -0.83685,
 15:45:55.441,e3:ca:2d:fd:e0:8c, 2015-01-01 03:57:10.035, 0.956, 0.088, 0.338, 0, -0.488, 0, 14.886, -69.955, 148.557, -25.200, -12.893, -12.993, 29.62, 0.14871, 0.57581, -0.05185, 0.80222,
 15:45:55.441,e3:ca:2d:fd:e0:8c, 2015-01-01 03:57:10.035, 0.958, 0.088, 0.338, 0, -0.305, 0, 14.892, -69.961, 148.557, -25.200, -12.893, -12.993, 29.62, 0.14871, 0.57581, -0.05185, 0.80222,
 15:45:55.443,f6:90:cc:01:6d:25, 2015-01-01 03:57:10.365, 0.904, 0.239, 0.314, 0.183, -0.122, 0, 37.348, -66.506, 152.501, -26.113, -14.813, -7.973, 32.31, 0.01852, 0.5683, 0.13614, 0.81119,
 15:45:55.443,f6:90:cc:01:6d:25, 2015-01-01 03:57:10.365, 0.907, 0.237, 0.31, 0.305, -0.061, 0.122, 37.354, -66.506, 152.529, -26.113, -14.813, -7.973, 32.31, 0.01852, 0.5683, 0.13614, 0.81119,
 15:45:55.445,ed:35:33:d3:6c:f8, 2015-01-01 03:57:10.090, 0.353, -0.037, 0.927, 0.122, 1.526, 0.427, -2.373, -20.511, 159.252, -10.093, -6.533, -35.180, 30.72, -0.18246, -0.17447, 0.05399, -0.96603,
 15:45:55.445,ed:35:33:d3:6c:f8, 2015-01-01 03:57:10.090, 0.352, -0.044, 0.931, 0.366, 0.854, 0.61, -2.373, -20.49, 159.252, -10.093, -6.533, -35.180, 30.72, -0.18246, -0.17447, 0.05399, -0.96603,
 15:45:55.462,ed:40:fe:65:30:6c, 2015-01-01 03:57:15.090, 0.551, 0.011, 0.84, -0.244, 0, 0, 1.241, -33.047, -121.63, -18.060, -6.433, -7.700, 28.47, 0.46774, -0.24341, -0.14679, -0.83685,
 15:45:55.462,ed:40:fe:65:30:6c, 2015-01-01 03:57:15.090, 0.549, 0.009, 0.84, -0.061, -0.122, 0, 1.236, -33.047, -121.613, -18.060, -6.433, -7.700, 28.47, 0.46774, -0.24341, -0.14679, -0.83685,
 15:45:55.465,f6:90:cc:01:6d:25, 2015-01-01 03:57:10.365, 0.908, 0.236, 0.31, 0.183, -0.183, 0.061, 37.354, -66.511, 152.551, -26.113, -14.813, -7.973, 32.31, 0.01852, 0.5683, 0.13614, 0.81119,
 15:45:55.465,f6:90:cc:01:6d:25, 2015-01-01 03:57:10.365, 0.907, 0.237, 0.311, -0.122, -0.061, -0.061, 37.354, -66.511, 152.556, -26.113, -14.813, -7.973, 32.31, 0.01852, 0.5683, 0.13614, 0.81119,
 15:45:55.487,e3:ca:2d:fd:e0:8c, 2015-01-01 03:57:10.035, 0.959, 0.089, 0.338, 0, -0.183, 0, 14.892, -69.966, 148.557, -25.200, -12.893, -12.993, 29.62, 0.14871, 0.57581, -0.05185, 0.80222,
 15:45:55.487,e3:ca:2d:fd:e0:8c, 2015-01-01 03:57:10.035, 0.959, 0.09, 0.337, 0.061, -0.061, 0, 14.892, -69.966, 148.563, -25.200, -12.893, -12.993, 29.62, 0.14871, 0.57581, -0.05185, 0.80222,
 15:45:55.488,ed:35:33:d3:6c:f8, 2015-01-01 03:57:10.090, 0.355, -0.039, 0.935, -0.122, 0.854, -0.061, -2.373, -20.473, 159.258, -9.593, -6.753, -35.040, 30.72, -0.18246, -0.17447, 0.05399, -0.96603,
 15:45:55.488,ed:35:33:d3:6c:f8, 2015-01-01 03:57:10.090, 0.347, -0.034, 0.92, -0.916, 3.662, -3.174, -2.368, -20.429, 159.23, -9.593, -6.753, -35.040, 30.72, -0.18246, -0.17447, 0.05399, -0.96603,
 15:45:55.507,ed:40:fe:65:30:6c, 2015-01-01 03:57:15.090, 0.555, 0.02, 0.839, 0, -0.061, 0.061, 1.23, -33.047, -121.591, -18.060, -6.433, -7.700, 28.47, 0.46774, -0.24341, -0.14679, -0.83685,
 15:45:55.507,ed:40:fe:65:30:6c, 2015-01-01 03:57:15.090, 0.548, 0.02, 0.839, -0.061, 0.305, 0, 1.23, -33.047, -121.575, -18.060, -6.433, -7.700, 28.47, 0.46774, -0.24341, -0.14679, -0.83685,
 15:45:55.509,f6:90:cc:01:6d:25, 2015-01-01 03:57:10.365, 0.908, 0.24, 0.309, 0.061, 0.122, -0.183, 37.359, -66.511, 152.551, -26.113, -14.813, -7.973, 32.31, 0.01852, 0.5683, 0.13614, 0.81119,
 15:45:55.509,f6:90:cc:01:6d:25, 2015-01-01 03:57:10.365, 0.907, 0.242, 0.31, 0.122, 0.183, -0.061, 37.359, -66.506, 152.54, -26.113, -14.813, -7.973, 32.31, 0.01852, 0.5683, 0.13614, 0.81119,
 15:45:55.509,e3:ca:2d:fd:e0:8c, 2015-01-01 03:57:10.035, 0.959, 0.091, 0.335, 0, 0, 0, 14.892, -69.966, 148.568, -25.200, -12.893, -12.993, 29.62, 0.14871, 0.57581, -0.05185, 0.80222,
 15:45:55.509,e3:ca:2d:fd:e0:8c, 2015-01-01 03:57:10.035, 0.956, 0.091, 0.337, 0, -0.061, 0, 14.892, -69.966, 148.574, -25.200, -12.893, -12.993, 29.62, 0.14871, 0.57581, -0.05185, 0.80222,
 15:45:55.533,ed:35:33:d3:6c:f8, 2015-01-01 03:57:10.090, 0.338, -0.037, 0.938, -1.16, 1.587, -1.648, -2.373, -20.385, 159.159, -9.593, -6.753, -35.040, 30.72, -0.18152, -0.17032, 0.05203, -0.96707,
 15:45:55.533,ed:35:33:d3:6c:f8, 2015-01-01 03:57:10.090, 0.348, -0.035, 0.94, -0.854, -1.099, -0.549, -2.384, -20.385, 159.137, -9.593, -6.753, -35.040, 30.72, -0.18152, -0.17032, 0.05203, -0.96707,
 15:45:55.553,e3:ca:2d:fd:e0:8c, 2015-01-01 03:57:10.035, 0.958, 0.088, 0.338, 0, -0.427, 0, 14.892, -69.972, 148.574, -25.200, -12.893, -12.993, 29.62, 0.14871, 0.57581, -0.05185, 0.80222,
 15:45:55.553,e3:ca:2d:fd:e0:8c, 2015-01-01 03:57:10.035, 0.957, 0.087, 0.338, 0.122, -0.183, 0, 14.897, -69.977, 148.574, -25.200, -12.893, -12.993, 29.62, 0.14871, 0.57581, -0.05185, 0.80222,
 15:45:55.555,f6:90:cc:01:6d:25, 2015-01-01 03:57:10.365, 0.902, 0.239, 0.315, -0.122, -0.061, 0, 37.359, -66.506, 152.545, -26.113, -14.813, -7.973, 32.31, 0.01852, 0.5683, 0.13614, 0.81119,
 15:45:55.555,f6:90:cc:01:6d:25, 2015-01-01 03:57:10.365, 0.908, 0.235, 0.311, 0.244, -0.122, -0.061, 37.37, -66.511, 152.573, -26.113, -14.813, -7.973, 32.31, 0.01852, 0.5683, 0.13614, 0.81119,
 15:45:55.578,ed:35:33:d3:6c:f8, 2015-01-01 03:57:10.405, 0.369, -0.035, 0.929, -0.244, 0.977, -1.77, -2.384, -20.385, 159.131, -9.593, -6.753, -35.040, 30.72, -0.18152, -0.17032, 0.05203, -0.96707,
 15:45:55.578,ed:35:33:d3:6c:f8, 2015-01-01 03:57:10.405, 0.332, -0.032, 0.921, -0.549, 5.493, -2.075, -2.373, -20.325, 159.12, -9.593, -6.753, -35.040, 30.72, -0.18152, -0.17032, 0.05203, -0.96707,
 15:45:55.597,ed:40:fe:65:30:6c, 2015-01-01 03:57:15.090, 0.537, 0.019, 0.849, -0.427, 0, -0.244, 1.225, -33.047, -121.558, -18.060, -6.433, -7.700, 28.47, 0.47049, -0.24319, -0.1478, -0.83517,
 15:45:55.597,ed:40:fe:65:30:6c, 2015-01-01 03:57:15.090, 0.554, 0.015, 0.845, -0.061, 0, -0.183, 1.219, -33.047, -121.547, -18.060, -6.433, -7.700, 28.47, 0.47049, -0.24319, -0.1478, -0.83517,
 15:45:55.601,f6:90:cc:01:6d:25, 2015-01-01 03:57:10.365, 0.908, 0.239, 0.307, 0.671, 0.244, 0, 37.375, -66.506, 152.578, -26.113, -14.813, -7.973, 32.31, 0.01852, 0.5683, 0.13614, 0.81119,
 15:45:55.601,f6:90:cc:01:6d:25, 2015-01-01 03:57:10.365, 0.904, 0.24, 0.311, 0.061, 0.488, 0.122, 37.365, -66.506, 152.578, -26.113, -14.813, -7.973, 32.31, 0.01852, 0.5683, 0.13614, 0.81119,
 15:45:55.601,ed:35:33:d3:6c:f8, 2015-01-01 03:57:10.405, 0.35, -0.024, 0.936, -1.038, 1.831, -2.319, -2.373, -20.259, 159.082, -9.593, -6.753, -35.040, 30.72, -0.18152, -0.17032, 0.05203, -0.96707,
 15:45:55.601,ed:35:33:d3:6c:f8, 2015-01-01 03:57:10.405, 0.332, -0.042, 0.928, 0.183, 2.747, -0.244, -2.368, -20.22, 159.049, -9.593, -6.753, -35.040, 30.72, -0.18152, -0.17032, 0.05203, -0.96707,
 15:45:55.620,ed:40:fe:65:30:6c, 2015-01-01 03:57:15.445, 0.556, 0.021, 0.833, 0.244, 0, 0.061, 1.225, -33.047, -121.531, -18.060, -6.433, -7.700, 28.47, 0.47049, -0.24319, -0.1478, -0.83517,
 15:45:55.620,ed:40:fe:65:30:6c, 2015-01-01 03:57:15.445, 0.546, 0.024, 0.838, 0.427, 0.244, 0.427, 1.225, -33.041, -121.509, -18.060, -6.433, -7.700, 28.47, 0.47049, -0.24319, -0.1478, -0.83517,
 15:45:55.621,e3:ca:2d:fd:e0:8c, 2015-01-01 03:57:10.035, 0.956, 0.088, 0.341, 0.061, 0.061, 0, 14.897, -69.977, 148.579, -25.200, -12.893, -12.993, 29.62, 0.14871, 0.57581, -0.05185, 0.80222,
 15:45:55.621,e3:ca:2d:fd:e0:8c, 2015-01-01 03:57:10.035, 0.957, 0.09, 0.34, 0, 0.183, 0, 14.897, -69.972, 148.585, -25.200, -12.893, -12.993, 29.62, 0.14871, 0.57581, -0.05185, 0.80222,
 15:45:55.643,ed:40:fe:65:30:6c, 2015-01-01 03:57:15.445, 0.546, 0.016, 0.84, 0.183, 0.183, 0.366, 1.225, -33.041, -121.481, -18.060, -6.433, -7.700, 28.47, 0.47049, -0.24319, -0.1478, -0.83517,
 15:45:55.643,ed:40:fe:65:30:6c, 2015-01-01 03:57:15.445, 0.547, 0.015, 0.838, 0.61, 0.244, 0.427, 1.23, -33.036, -121.454, -18.060, -6.433, -7.700, 28.47, 0.47049, -0.24319, -0.1478, -0.83517,
 15:45:55.643,e3:ca:2d:fd:e0:8c, 2015-01-01 03:57:10.035, 0.957, 0.089, 0.337, -0.061, 0.122, 0, 14.892, -69.966, 148.596, -25.533, -13.433, -12.600, 29.62, 0.14871, 0.57581, -0.05185, 0.80222,
 15:45:55.643,e3:ca:2d:fd:e0:8c, 2015-01-01 03:57:10.035, 0.959, 0.09, 0.336, -0.061, 0.244, 0, 14.886, -69.966, 148.601, -25.533, -13.433, -12.600, 29.62, 0.14871, 0.57581, -0.05185, 0.80222,
 15:45:55.645,f6:90:cc:01:6d:25, 2015-01-01 03:57:10.365, 0.904, 0.237, 0.314, -0.244, 0.488, 0.244, 37.343, -66.5, 152.595, -26.113, -14.813, -7.973, 32.31, 0.01852, 0.5683, 0.13614, 0.81119,
 15:45:55.645,f6:90:cc:01:6d:25, 2015-01-01 03:57:10.365, 0.906, 0.238, 0.308, -0.183, 0.488, 0.183, 37.321, -66.495, 152.617, -26.113, -14.813, -7.973, 32.31, 0.01852, 0.5683, 0.13614, 0.81119,
 15:45:55.645,ed:35:33:d3:6c:f8, 2015-01-01 03:57:10.405, 0.34, -0.03, 0.94, 1.587, 1.831, 1.587, -2.351, -20.176, 159.049, -9.593, -6.753, -35.040, 30.72, -0.18152, -0.17032, 0.05203, -0.96707,
 15:45:55.645,ed:35:33:d3:6c:f8, 2015-01-01 03:57:10.405, 0.338, -0.04, 0.94, 1.038, -0.366, 0.854, -2.329, -20.16, 159.077, -9.593, -6.753, -35.040, 30.72, -0.18152, -0.17032, 0.05203, -0.96707,
 15:45:55.666,ed:40:fe:65:30:6c, 2015-01-01 03:57:15.445, 0.545, 0.015, 0.847, 0.732, 0.183, 0.427, 1.241, -33.03, -121.426, -18.060, -6.433, -7.700, 28.47, 0.47049, -0.24319, -0.1478, -0.83517,
 15:45:55.666,ed:40:fe:65:30:6c, 2015-01-01 03:57:15.445, 0.543, 0.017, 0.844, 0.488, 0, 0.305, 1.247, -33.03, -121.404, -18.060, -6.433, -7.700, 28.47, 0.47049, -0.24319, -0.1478, -0.83517,
 15:45:55.667,f6:90:cc:01:6d:25, 2015-01-01 03:57:10.365, 0.907, 0.238, 0.315, 0, 0.366, 0.122, 37.31, -66.495, 152.644, -26.193, -14.840, -7.673, 32.31, 0.01852, 0.5683, 0.13614, 0.81119,
 15:45:55.667,f6:90:cc:01:6d:25, 2015-01-01 03:57:10.365, 0.902, 0.237, 0.314, 0, 0.183, 0.061, 37.299, -66.489, 152.666, -26.193, -14.840, -7.673, 32.31, 0.01852, 0.5683, 0.13614, 0.81119,
 15:45:55.689,e3:ca:2d:fd:e0:8c, 2015-01-01 03:57:10.035, 0.955, 0.089, 0.338, 0, -0.122, 0, 14.886, -69.961, 148.607, -25.533, -13.433, -12.600, 29.62, 0.14871, 0.57581, -0.05185, 0.80222,
 15:45:55.689,e3:ca:2d:fd:e0:8c, 2015-01-01 03:57:10.035, 0.955, 0.088, 0.337, 0, -0.183, 0, 14.886, -69.966, 148.612, -25.533, -13.433, -12.600, 29.62, 0.14871, 0.57581, -0.05185, 0.80222,
 15:45:55.691,ed:35:33:d3:6c:f8, 2015-01-01 03:57:10.405, 0.339, -0.036, 0.938, 0.61, 0.244, 0.366, -2.318, -20.165, 159.115, -9.593, -6.753, -35.040, 30.72, -0.18152, -0.17032, 0.05203, -0.96707,
 15:45:55.691,ed:35:33:d3:6c:f8, 2015-01-01 03:57:10.405, 0.332, -0.036, 0.935, 0.427, -1.587, 0.488, -2.307, -20.176, 159.131, -9.593, -6.753, -35.040, 30.72, -0.18152, -0.17032, 0.05203, -0.96707,
 15:45:55.710,ed:40:fe:65:30:6c, 2015-01-01 03:57:15.445, 0.537, 0.019, 0.847, 0.305, 0.122, 0.244, 1.247, -33.03, -121.382, -18.060, -6.433, -7.700, 28.47, 0.47049, -0.24319, -0.1478, -0.83517,
 15:45:55.710,ed:40:fe:65:30:6c, 2015-01-01 03:57:15.445, 0.542, 0.016, 0.844, 0.122, 0, 0.244, 1.247, -33.03, -121.36, -18.060, -6.433, -7.700, 28.47, 0.47049, -0.24319, -0.1478, -0.83517,
 15:45:55.711,f6:90:cc:01:6d:25, 2015-01-01 03:57:10.365, 0.901, 0.236, 0.312, 0.244, 0.183, 0, 37.299, -66.489, 152.682, -26.193, -14.840, -7.673, 32.31, 0.01852, 0.5683, 0.13614, 0.81119,
 15:45:55.711,f6:90:cc:01:6d:25, 2015-01-01 03:57:10.365, 0.903, 0.234, 0.316, 0.122, 0, 0, 37.304, -66.489, 152.693, -26.193, -14.840, -7.673, 32.31, 0.01852, 0.5683, 0.13614, 0.81119,
 15:45:55.732,ed:40:fe:65:30:6c, 2015-01-01 03:57:15.445, 0.547, 0.012, 0.84, 0.305, 0.061, 0.122, 1.247, -33.025, -121.344, -18.060, -6.433, -7.700, 28.47, 0.47049, -0.24319, -0.1478, -0.83517,
 15:45:55.732,ed:40:fe:65:30:6c, 2015-01-01 03:57:15.445, 0.544, 0.013, 0.838, 0.366, 0.244, 0, 1.252, -33.019, -121.328, -18.060, -6.433, -7.700, 28.47, 0.47049, -0.24319, -0.1478, -0.83517,
 15:45:55.733,e3:ca:2d:fd:e0:8c, 2015-01-01 03:57:10.035, 0.954, 0.088, 0.341, 0.061, -0.122, 0, 14.886, -69.966, 148.612, -25.533, -13.433, -12.600, 29.62, 0.14819, 0.57602, -0.05154, 0.80219,
 15:45:55.733,e3:ca:2d:fd:e0:8c, 2015-01-01 03:57:10.035, 0.953, 0.088, 0.342, 0.061, -0.183, 0, 14.886, -69.972, 148.618, -25.533, -13.433, -12.600, 29.62, 0.14819, 0.57602, -0.05154, 0.80219,
 15:45:55.735,ed:35:33:d3:6c:f8, 2015-01-01 03:57:10.405, 0.346, -0.04, 0.934, 0.916, -2.258, 1.709, -2.302, -20.215, 159.186, -9.593, -6.753, -35.040, 30.72, -0.18152, -0.17032, 0.05203, -0.96707,
 15:45:55.735,ed:35:33:d3:6c:f8, 2015-01-01 03:57:10.405, 0.343, -0.04, 0.927, 1.16, -2.075, 0.488, -2.291, -20.253, 159.247, -9.593, -6.753, -35.040, 30.72, -0.18152, -0.17032, 0.05203, -0.96707,
 15:45:55.758,ed:35:33:d3:6c:f8, 2015-01-01 03:57:10.405, 0.344, -0.036, 0.931, 0.916, -2.197, 1.16, -2.274, -20.292, 159.291, -9.753, -6.767, -34.767, 30.72, -0.18152, -0.17032, 0.05203, -0.96707,
 15:45:55.758,ed:35:33:d3:6c:f8, 2015-01-01 03:57:10.405, 0.349, -0.032, 0.934, 1.953, -0.549, 2.686, -2.263, -20.319, 159.346, -9.753, -6.767, -34.767, 30.72, -0.18152, -0.17032, 0.05203, -0.96707,
 15:45:55.779,e3:ca:2d:fd:e0:8c, 2015-01-01 03:57:10.035, 0.955, 0.087, 0.343, 0, -0.061, 0, 14.886, -69.972, 148.618, -25.533, -13.433, -12.600, 29.62, 0.14819, 0.57602, -0.05154, 0.80219,
 15:45:55.779,e3:ca:2d:fd:e0:8c, 2015-01-01 03:57:10.035, 0.957, 0.088, 0.342, 0, -0.061, 0, 14.886, -69.972, 148.623, -25.533, -13.433, -12.600, 29.62, 0.14819, 0.57602, -0.05154, 0.80219,
 15:45:55.780,f6:90:cc:01:6d:25, 2015-01-01 03:57:10.365, 0.905, 0.235, 0.314, 0.061, -0.122, 0, 37.304, -66.489, 152.688, -26.193, -14.840, -7.673, 32.31, 0.0166, 0.56787, 0.1373, 0.81134,
 15:45:55.780,f6:90:cc:01:6d:25, 2015-01-01 03:57:10.365, 0.904, 0.235, 0.316, -0.061, 0, 0, 37.299, -66.495, 152.688, -26.193, -14.840, -7.673, 32.31, 0.0166, 0.56787, 0.1373, 0.81134,
 15:45:55.800,ed:40:fe:65:30:6c, 2015-01-01 03:57:15.445, 0.547, 0.016, 0.842, 0.366, 0.244, 0, 1.258, -33.014, -121.311, -18.060, -6.433, -7.700, 28.47, 0.47049, -0.24319, -0.1478, -0.83517,
 15:45:55.800,ed:40:fe:65:30:6c, 2015-01-01 03:57:15.445, 0.55, 0.019, 0.843, 0.427, 0.305, 0.061, 1.263, -33.008, -121.295, -18.060, -6.433, -7.700, 28.47, 0.47049, -0.24319, -0.1478, -0.83517,
 15:45:55.800,e3:ca:2d:fd:e0:8c, 2015-01-01 03:57:10.370, 0.96, 0.089, 0.34, 0.061, 0, 0, 14.886, -69.966, 148.629, -25.533, -13.433, -12.600, 29.62, 0.14819, 0.57602, -0.05154, 0.80219,
 15:45:55.800,e3:ca:2d:fd:e0:8c, 2015-01-01 03:57:10.370, 0.959, 0.09, 0.337, 0, 0, 0, 14.881, -69.966, 148.634, -25.533, -13.433, -12.600, 29.62, 0.14819, 0.57602, -0.05154, 0.80219,
 15:45:55.802,f6:90:cc:01:6d:25, 2015-01-01 03:57:10.720, 0.909, 0.236, 0.315, 0.061, 0.061, 0, 37.293, -66.489, 152.693, -26.193, -14.840, -7.673, 32.31, 0.0166, 0.56787, 0.1373, 0.81134,
 15:45:55.802,f6:90:cc:01:6d:25, 2015-01-01 03:57:10.720, 0.909, 0.237, 0.313, 0.244, 0.366, 0, 37.288, -66.484, 152.71, -26.193, -14.840, -7.673, 32.31, 0.0166, 0.56787, 0.1373, 0.81134,
 15:45:55.803,ed:35:33:d3:6c:f8, 2015-01-01 03:57:10.405, 0.345, -0.031, 0.937, 3.052, -0.854, 4.7, -2.241, -20.325, 159.434, -9.753, -6.767, -34.767, 30.72, -0.18152, -0.17032, 0.05203, -0.96707,
 15:45:55.803,ed:35:33:d3:6c:f8, 2015-01-01 03:57:10.405, 0.342, -0.027, 0.94, 2.258, -1.831, 4.211, -2.219, -20.347, 159.554, -9.753, -6.767, -34.767, 30.72, -0.18152, -0.17032, 0.05203, -0.96707,
 15:45:55.823,ed:40:fe:65:30:6c, 2015-01-01 03:57:15.445, 0.545, 0.021, 0.846, 0.366, 0.366, 0.183, 1.269, -32.997, -121.278, -17.860, -6.233, -7.433, 28.47, 0.47049, -0.24319, -0.1478, -0.83517,
 15:45:55.823,ed:40:fe:65:30:6c, 2015-01-01 03:57:15.445, 0.547, 0.022, 0.844, 0.122, 0.183, 0.244, 1.269, -32.992, -121.256, -17.860, -6.233, -7.433, 28.47, 0.47049, -0.24319, -0.1478, -0.83517,
 15:45:55.824,f6:90:cc:01:6d:25, 2015-01-01 03:57:10.720, 0.905, 0.239, 0.311, 0.244, 0.488, 0, 37.277, -66.478, 152.737, -26.193, -14.840, -7.673, 32.31, 0.0166, 0.56787, 0.1373, 0.81134,
 15:45:55.824,f6:90:cc:01:6d:25, 2015-01-01 03:57:10.720, 0.905, 0.24, 0.311, -0.061, 0.305, 0, 37.266, -66.473, 152.765, -26.193, -14.840, -7.673, 32.31, 0.0166, 0.56787, 0.1373, 0.81134,
 15:45:55.848,ed:35:33:d3:6c:f8, 2015-01-01 03:57:10.405, 0.35, -0.029, 0.938, 1.038, -2.38, 3.479, -2.214, -20.385, 159.659, -9.753, -6.767, -34.767, 30.72, -0.17847, -0.17026, 0.0502, -0.96774,
 15:45:55.848,ed:35:33:d3:6c:f8, 2015-01-01 03:57:10.405, 0.353, -0.028, 0.933, 0, -1.648, 1.526, -2.219, -20.418, 159.725, -9.753, -6.767, -34.767, 30.72, -0.17847, -0.17026, 0.0502, -0.96774,
 15:45:55.848,e3:ca:2d:fd:e0:8c, 2015-01-01 03:57:10.370, 0.958, 0.09, 0.335, 0, 0, 0, 14.881, -69.966, 148.64, -25.533, -13.433, -12.600, 29.62, 0.14819, 0.57602, -0.05154, 0.80219,
 15:45:55.848,e3:ca:2d:fd:e0:8c, 2015-01-01 03:57:10.370, 0.96, 0.088, 0.334, -0.061, -0.183, 0, 14.881, -69.966, 148.64, -25.533, -13.433, -12.600, 29.62, 0.14819, 0.57602, -0.05154, 0.80219,
 15:45:55.867,ed:40:fe:65:30:6c, 2015-01-01 03:57:15.445, 0.552, 0.022, 0.844, -0.061, -0.061, 0.305, 1.263, -32.992, -121.234, -17.860, -6.233, -7.433, 28.47, 0.47049, -0.24319, -0.1478, -0.83517,
 15:45:55.867,ed:40:fe:65:30:6c, 2015-01-01 03:57:15.445, 0.55, 0.023, 0.84, -0.305, -0.305, 0.366, 1.252, -32.997, -121.212, -17.860, -6.233, -7.433, 28.47, 0.47049, -0.24319, -0.1478, -0.83517,
 15:45:55.869,f6:90:cc:01:6d:25, 2015-01-01 03:57:10.720, 0.908, 0.239, 0.31, -0.061, 0.122, 0, 37.26, -66.473, 152.792, -26.193, -14.840, -7.673, 32.31, 0.0166, 0.56787, 0.1373, 0.81134,
 15:45:55.869,f6:90:cc:01:6d:25, 2015-01-01 03:57:10.720, 0.906, 0.241, 0.31, -0.061, 0.183, 0, 37.255, -66.473, 152.836, -26.193, -14.840, -7.673, 32.31, 0.0166, 0.56787, 0.1373, 0.81134,
 15:45:55.891,e3:ca:2d:fd:e0:8c, 2015-01-01 03:57:10.370, 0.959, 0.089, 0.335, 0, -0.244, 0, 14.881, -69.966, 148.645, -25.533, -13.433, -12.600, 29.62, 0.14819, 0.57602, -0.05154, 0.80219,
 15:45:55.891,e3:ca:2d:fd:e0:8c, 2015-01-01 03:57:10.370, 0.957, 0.09, 0.335, 0, -0.061, 0, 14.881, -69.972, 148.645, -25.533, -13.433, -12.600, 29.62, 0.14819, 0.57602, -0.05154, 0.80219,
 15:45:55.893,ed:35:33:d3:6c:f8, 2015-01-01 03:57:10.715, 0.351, -0.031, 0.931, -0.122, -0.549, 1.16, -2.225, -20.44, 159.752, -9.753, -6.767, -34.767, 30.72, -0.17847, -0.17026, 0.0502, -0.96774,
 15:45:55.893,ed:35:33:d3:6c:f8, 2015-01-01 03:57:10.715, 0.348, -0.043, 0.931, 1.038, -1.038, 0.61, -2.219, -20.451, 159.78, -9.753, -6.767, -34.767, 30.72, -0.17847, -0.17026, 0.0502, -0.96774,
 15:45:55.913,e3:ca:2d:fd:e0:8c, 2015-01-01 03:57:10.370, 0.957, 0.09, 0.337, 0, 0, 0, 14.881, -69.972, 148.651, -25.533, -13.433, -12.600, 29.62, 0.14819, 0.57602, -0.05154, 0.80219,
 15:45:55.913,e3:ca:2d:fd:e0:8c, 2015-01-01 03:57:10.370, 0.957, 0.089, 0.337, -0.122, 0.122, 0, 14.881, -69.972, 148.656, -25.533, -13.433, -12.600, 29.62, 0.14819, 0.57602, -0.05154, 0.80219,
 15:45:55.914,f6:90:cc:01:6d:25, 2015-01-01 03:57:10.720, 0.904, 0.24, 0.309, -0.305, 0.061, 0.305, 37.238, -66.473, 152.88, -26.193, -14.840, -7.673, 32.31, 0.0166, 0.56787, 0.1373, 0.81134,
 15:45:55.914,f6:90:cc:01:6d:25, 2015-01-01 03:57:10.720, 0.906, 0.237, 0.311, -0.427, 0, 0.183, 37.227, -66.478, 152.886, -26.193, -14.840, -7.673, 32.31, 0.0166, 0.56787, 0.1373, 0.81134,
 15:45:55.934,ed:40:fe:65:30:6c, 2015-01-01 03:57:15.445, 0.546, 0.017, 0.841, -0.183, -0.183, 0.305, 1.247, -33.003, -121.19, -17.860, -6.233, -7.433, 28.47, 0.47321, -0.24225, -0.14853, -0.8338,
 15:45:55.934,ed:40:fe:65:30:6c, 2015-01-01 03:57:15.445, 0.547, 0.009, 0.84, 0.061, -0.305, -0.061, 1.247, -33.008, -121.174, -17.860, -6.233, -7.433, 28.47, 0.47321, -0.24225, -0.14853, -0.8338,
 15:45:55.939,ed:35:33:d3:6c:f8, 2015-01-01 03:57:10.715, 0.351, -0.047, 0.926, 0.427, -1.16, 0.122, -2.208, -20.473, 159.791, -9.753, -6.767, -34.767, 30.72, -0.17847, -0.17026, 0.0502, -0.96774,
 15:45:55.939,ed:35:33:d3:6c:f8, 2015-01-01 03:57:10.715, 0.344, -0.036, 0.929, -0.366, -0.793, -0.366, -2.208, -20.49, 159.802, -9.753, -6.767, -34.767, 30.72, -0.17847, -0.17026, 0.0502, -0.96774,
 15:45:55.959,ed:40:fe:65:30:6c, 2015-01-01 03:57:15.805, 0.545, 0.008, 0.838, 0.244, -0.305, -0.366, 1.252, -33.014, -121.168, -17.860, -6.233, -7.433, 28.47, 0.47321, -0.24225, -0.14853, -0.8338,
 15:45:55.959,ed:40:fe:65:30:6c, 2015-01-01 03:57:15.805, 0.541, 0.017, 0.843, 0.488, -0.122, -0.244, 1.263, -33.019, -121.163, -17.860, -6.233, -7.433, 28.47, 0.47321, -0.24225, -0.14853, -0.8338,
 15:45:55.959,e3:ca:2d:fd:e0:8c, 2015-01-01 03:57:10.370, 0.955, 0.087, 0.338, -0.061, 0.122, 0, 14.875, -69.972, 148.661, -25.533, -13.433, -12.600, 29.62, 0.14819, 0.57602, -0.05154, 0.80219,
 15:45:55.959,e3:ca:2d:fd:e0:8c, 2015-01-01 03:57:10.370, 0.954, 0.088, 0.341, 0.061, 0.061, 0, 14.87, -69.966, 148.667, -25.533, -13.433, -12.600, 29.62, 0.14819, 0.57602, -0.05154, 0.80219,
 15:45:55.960,f6:90:cc:01:6d:25, 2015-01-01 03:57:10.720, 0.904, 0.234, 0.312, -0.244, 0.061, 0, 37.222, -66.478, 152.869, -26.193, -14.840, -7.673, 32.31, 0.0166, 0.56787, 0.1373, 0.81134,
 15:45:55.960,f6:90:cc:01:6d:25, 2015-01-01 03:57:10.720, 0.902, 0.235, 0.314, -0.061, 0.122, -0.122, 37.222, -66.478, 152.853, -26.193, -14.840, -7.673, 32.31, 0.0166, 0.56787, 0.1373, 0.81134,
 15:45:55.961,ed:35:33:d3:6c:f8, 2015-01-01 03:57:10.715, 0.342, -0.031, 0.935, -1.831, -3.357, -0.793, -2.225, -20.533, 159.835, -9.753, -6.767, -34.767, 30.72, -0.17847, -0.17026, 0.0502, -0.96774,
 15:45:55.961,ed:35:33:d3:6c:f8, 2015-01-01 03:57:10.715, 0.348, -0.033, 0.933, -2.197, -4.578, -1.343, -2.258, -20.61, 159.879, -9.753, -6.767, -34.767, 30.72, -0.17847, -0.17026, 0.0502, -0.96774,
 15:45:55.980,ed:40:fe:65:30:6c, 2015-01-01 03:57:15.805, 0.541, 0.02, 0.845, 0.488, -0.122, -0.061, 1.274, -33.019, -121.152, -17.860, -6.233, -7.433, 28.47, 0.47321, -0.24225, -0.14853, -0.8338,
 15:45:55.980,ed:40:fe:65:30:6c, 2015-01-01 03:57:15.805, 0.544, 0.019, 0.843, 0.61, 0, 0, 1.285, -33.019, -121.141, -17.860, -6.233, -7.433, 28.47, 0.47321, -0.24225, -0.14853, -0.8338,
 15:45:56.003,e3:ca:2d:fd:e0:8c, 2015-01-01 03:57:10.370, 0.954, 0.088, 0.343, 0.122, -0.061, 0, 14.87, -69.966, 148.672, -25.533, -13.433, -12.600, 29.62, 0.14819, 0.57602, -0.05154, 0.80219,
 15:45:56.003,e3:ca:2d:fd:e0:8c, 2015-01-01 03:57:10.370, 0.954, 0.087, 0.342, 0.122, -0.183, 0, 14.875, -69.966, 148.672, -25.533, -13.433, -12.600, 29.62, 0.14819, 0.57602, -0.05154, 0.80219,
 15:45:56.004,f6:90:cc:01:6d:25, 2015-01-01 03:57:10.720, 0.903, 0.235, 0.319, 0.366, 0.061, -0.061, 37.227, -66.478, 152.836, -26.193, -14.840, -7.673, 32.31, 0.0166, 0.56787, 0.1373, 0.81134,
 15:45:56.004,f6:90:cc:01:6d:25, 2015-01-01 03:57:10.720, 0.903, 0.235, 0.317, 0.793, 0, 0.061, 37.244, -66.478, 152.82, -26.193, -14.840, -7.673, 32.31, 0.0166, 0.56787, 0.1373, 0.81134,
 15:45:56.010,ed:35:33:d3:6c:f8, 2015-01-01 03:57:10.715, 0.351, -0.033, 0.929, -2.136, -4.333, -1.77, -2.291, -20.698, 159.922, -9.753, -6.767, -34.767, 30.72, -0.17847, -0.17026, 0.0502, -0.96774,
 15:45:56.010,ed:35:33:d3:6c:f8, 2015-01-01 03:57:10.715, 0.353, -0.03, 0.929, -1.831, -3.54, -1.77, -2.318, -20.775, 159.933, -9.753, -6.767, -34.767, 30.72, -0.17847, -0.17026, 0.0502, -0.96774,
 15:45:56.025,ed:40:fe:65:30:6c, 2015-01-01 03:57:15.805, 0.543, 0.02, 0.842, 0.732, 0, 0, 1.296, -33.019, -121.124, -17.860, -6.233, -7.433, 28.47, 0.47321, -0.24225, -0.14853, -0.8338,
 15:45:56.025,ed:40:fe:65:30:6c, 2015-01-01 03:57:15.805, 0.545, 0.022, 0.842, 0.61, 0.122, 0.122, 1.307, -33.014, -121.113, -17.860, -6.233, -7.433, 28.47, 0.47321, -0.24225, -0.14853, -0.8338,
 15:45:56.028,f6:90:cc:01:6d:25, 2015-01-01 03:57:10.720, 0.904, 0.236, 0.316, 0.549, -0.122, 0.122, 37.249, -66.478, 152.803, -26.173, -15.420, -8.340, 32.31, 0.0166, 0.56787, 0.1373, 0.81134,
 15:45:56.028,f6:90:cc:01:6d:25, 2015-01-01 03:57:10.720, 0.905, 0.238, 0.315, 0.183, -0.183, 0.183, 37.255, -66.484, 152.792, -26.173, -15.420, -8.340, 32.31, 0.0166, 0.56787, 0.1373, 0.81134,
 15:45:56.050,ed:35:33:d3:6c:f8, 2015-01-01 03:57:10.715, 0.356, -0.029, 0.928, -1.343, -2.808, -1.709, -2.335, -20.836, 159.917, -9.753, -6.767, -34.767, 30.72, -0.17847, -0.17026, 0.0502, -0.96774,
 15:45:56.050,ed:35:33:d3:6c:f8, 2015-01-01 03:57:10.715, 0.356, -0.035, 0.93, -0.549, -1.77, -1.16, -2.335, -20.88, 159.895, -9.753, -6.767, -34.767, 30.72, -0.17847, -0.17026, 0.0502, -0.96774,
 15:45:56.071,e3:ca:2d:fd:e0:8c, 2015-01-01 03:57:10.370, 0.956, 0.087, 0.342, 0.183, -0.122, 0, 14.875, -69.972, 148.672, -25.040, -13.200, -12.273, 29.62, 0.14819, 0.57602, -0.05154, 0.80219,
 15:45:56.071,e3:ca:2d:fd:e0:8c, 2015-01-01 03:57:10.370, 0.958, 0.089, 0.341, 0.122, -0.244, 0, 14.881, -69.972, 148.678, -25.040, -13.200, -12.273, 29.62, 0.14819, 0.57602, -0.05154, 0.80219,
 15:45:56.071,ed:40:fe:65:30:6c, 2015-01-01 03:57:15.805, 0.547, 0.021, 0.842, 0.488, 0.061, 0.183, 1.313, -33.008, -121.097, -17.860, -6.233, -7.433, 28.47, 0.47321, -0.24225, -0.14853, -0.8338,
 15:45:56.071,ed:40:fe:65:30:6c, 2015-01-01 03:57:15.805, 0.548, 0.018, 0.842, 0.366, 0.061, 0.061, 1.324, -33.008, -121.08, -17.860, -6.233, -7.433, 28.47, 0.47321, -0.24225, -0.14853, -0.8338,
 15:45:56.072,f6:90:cc:01:6d:25, 2015-01-01 03:57:10.720, 0.907, 0.238, 0.313, 0.183, -0.244, 0.183, 37.255, -66.484, 152.776, -26.173, -15.420, -8.340, 32.31, 0.0166, 0.56787, 0.1373, 0.81134,
 15:45:56.072,f6:90:cc:01:6d:25, 2015-01-01 03:57:10.720, 0.907, 0.237, 0.311, 0.122, -0.183, 0.061, 37.255, -66.489, 152.759, -26.173, -15.420, -8.340, 32.31, 0.0166, 0.56787, 0.1373, 0.81134,
 15:45:56.094,e3:ca:2d:fd:e0:8c, 2015-01-01 03:57:10.370, 0.958, 0.091, 0.339, 0, -0.244, 0, 14.881, -69.972, 148.678, -25.040, -13.200, -12.273, 29.62, 0.14777, 0.57608, -0.0513, 0.80222,
 15:45:56.094,e3:ca:2d:fd:e0:8c, 2015-01-01 03:57:10.370, 0.959, 0.09, 0.337, -0.061, -0.244, 0, 14.881, -69.977, 148.678, -25.040, -13.200, -12.273, 29.62, 0.14777, 0.57608, -0.0513, 0.80222,
 15:45:56.096,ed:35:33:d3:6c:f8, 2015-01-01 03:57:10.715, 0.359, -0.038, 0.928, 0.061, -0.488, -0.244, -2.335, -20.896, 159.895, -9.880, -6.867, -34.560, 30.72, -0.17847, -0.17026, 0.0502, -0.96774,
 15:45:56.096,ed:35:33:d3:6c:f8, 2015-01-01 03:57:10.715, 0.358, -0.037, 0.929, 0, 0, 0.061, -2.329, -20.901, 159.906, -9.880, -6.867, -34.560, 30.72, -0.17847, -0.17026, 0.0502, -0.96774,
 15:45:56.137,ed:40:fe:65:30:6c, 2015-01-01 03:57:15.805, 0.55, 0.015, 0.842, 0.366, 0.244, 0, 1.329, -33.003, -121.069, -17.860, -6.233, -7.433, 28.47, 0.47321, -0.24225, -0.14853, -0.8338,
 15:45:56.137,ed:40:fe:65:30:6c, 2015-01-01 03:57:15.805, 0.549, 0.019, 0.841, 0.061, 0.183, 0, 1.329, -32.997, -121.053, -17.860, -6.233, -7.433, 28.47, 0.47321, -0.24225, -0.14853, -0.8338,
 15:45:56.139,e3:ca:2d:fd:e0:8c, 2015-01-01 03:57:10.370, 0.959, 0.089, 0.335, -0.061, -0.244, 0, 14.881, -69.983, 148.678, -25.040, -13.200, -12.273, 29.62, 0.14777, 0.57608, -0.0513, 0.80222,
 15:45:56.139,e3:ca:2d:fd:e0:8c, 2015-01-01 03:57:10.370, 0.96, 0.088, 0.335, -0.061, -0.366, 0, 14.886, -69.988, 148.678, -25.040, -13.200, -12.273, 29.62, 0.14777, 0.57608, -0.0513, 0.80222,
 15:45:56.140,f6:90:cc:01:6d:25, 2015-01-01 03:57:10.720, 0.908, 0.237, 0.31, 0.122, 0, 0, 37.255, -66.495, 152.743, -26.173, -15.420, -8.340, 32.31, 0.01636, 0.56778, 0.1373, 0.81143,
 15:45:56.140,f6:90:cc:01:6d:25, 2015-01-01 03:57:10.720, 0.908, 0.239, 0.312, -0.244, 0, 0, 37.255, -66.495, 152.726, -26.173, -15.420, -8.340, 32.31, 0.01636, 0.56778, 0.1373, 0.81143,
 15:45:56.141,ed:35:33:d3:6c:f8, 2015-01-01 03:57:10.715, 0.358, -0.033, 0.931, 0.122, -0.549, 0.427, -2.329, -20.901, 159.917, -9.880, -6.867, -34.560, 30.72, -0.17502, -0.17511, 0.0513, -0.96747,
 15:45:56.141,ed:35:33:d3:6c:f8, 2015-01-01 03:57:10.715, 0.356, -0.036, 0.934, -0.061, -1.526, 0.305, -2.329, -20.923, 159.922, -9.880, -6.867, -34.560, 30.72, -0.17502, -0.17511, 0.0513, -0.96747,
 15:45:56.160,ed:40:fe:65:30:6c, 2015-01-01 03:57:15.805, 0.548, 0.021, 0.845, -0.244, 0.183, 0, 1.324, -32.997, -121.042, -18.073, -6.713, -7.940, 28.47, 0.47321, -0.24225, -0.14853, -0.8338,
 15:45:56.160,ed:40:fe:65:30:6c, 2015-01-01 03:57:15.805, 0.548, 0.016, 0.847, -0.549, 0, -0.061, 1.313, -32.992, -121.031, -18.073, -6.713, -7.940, 28.47, 0.47321, -0.24225, -0.14853, -0.8338,
 15:45:56.162,f6:90:cc:01:6d:25, 2015-01-01 03:57:11.080, 0.909, 0.239, 0.313, -0.61, 0, 0, 37.249, -66.495, 152.71, -26.173, -15.420, -8.340, 32.31, 0.01636, 0.56778, 0.1373, 0.81143,
 15:45:56.162,f6:90:cc:01:6d:25, 2015-01-01 03:57:11.080, 0.909, 0.239, 0.316, -0.854, 0.183, -0.061, 37.233, -66.495, 152.699, -26.173, -15.420, -8.340, 32.31, 0.01636, 0.56778, 0.1373, 0.81143,
 15:45:56.162,e3:ca:2d:fd:e0:8c, 2015-01-01 03:57:10.750, 0.961, 0.089, 0.336, 0, -0.244, 0, 14.886, -69.994, 148.678, -25.040, -13.200, -12.273, 29.62, 0.14777, 0.57608, -0.0513, 0.80222,
 15:45:56.162,e3:ca:2d:fd:e0:8c, 2015-01-01 03:57:10.750, 0.959, 0.089, 0.336, 0, -0.183, 0, 14.886, -69.994, 148.678, -25.040, -13.200, -12.273, 29.62, 0.14777, 0.57608, -0.0513, 0.80222,
 15:45:56.164,ed:35:33:d3:6c:f8, 2015-01-01 03:57:11.005, 0.359, -0.042, 0.934, -0.732, -0.977, 0.061, -2.335, -20.945, 159.933, -9.880, -6.867, -34.560, 30.72, -0.17502, -0.17511, 0.0513, -0.96747,
 15:45:56.164,ed:35:33:d3:6c:f8, 2015-01-01 03:57:11.005, 0.359, -0.039, 0.926, -1.465, 1.526, -0.366, -2.357, -20.94, 159.928, -9.880, -6.867, -34.560, 30.72, -0.17502, -0.17511, 0.0513, -0.96747,
 15:45:56.184,f6:90:cc:01:6d:25, 2015-01-01 03:57:11.080, 0.906, 0.24, 0.312, -0.732, 0.488, -0.244, 37.211, -66.489, 152.688, -26.173, -15.420, -8.340, 32.31, 0.01636, 0.56778, 0.1373, 0.81143,
 15:45:56.184,f6:90:cc:01:6d:25, 2015-01-01 03:57:11.080, 0.907, 0.237, 0.308, -0.793, 0.977, -0.427, 37.194, -66.478, 152.677, -26.173, -15.420, -8.340, 32.31, 0.01636, 0.56778, 0.1373, 0.81143,
 15:45:56.205,ed:40:fe:65:30:6c, 2015-01-01 03:57:15.805, 0.552, 0.014, 0.849, -0.793, -0.183, -0.244, 1.302, -32.997, -121.025, -18.073, -6.713, -7.940, 28.47, 0.47321, -0.24225, -0.14853, -0.8338,
 15:45:56.205,ed:40:fe:65:30:6c, 2015-01-01 03:57:15.805, 0.552, 0.018, 0.84, -1.038, 0.061, -0.366, 1.285, -32.997, -121.02, -18.073, -6.713, -7.940, 28.47, 0.47321, -0.24225, -0.14853, -0.8338,
 15:45:56.208,ed:35:33:d3:6c:f8, 2015-01-01 03:57:11.005, 0.358, -0.041, 0.917, -0.916, 4.517, -1.465, -2.368, -20.88, 159.901, -9.880, -6.867, -34.560, 30.72, -0.17502, -0.17511, 0.0513, -0.96747,
 15:45:56.208,ed:35:33:d3:6c:f8, 2015-01-01 03:57:11.005, 0.349, -0.042, 0.919, -0.671, 5.188, -2.38, -2.368, -20.786, 159.84, -9.880, -6.867, -34.560, 30.72, -0.17502, -0.17511, 0.0513, -0.96747,
 15:45:56.228,ed:40:fe:65:30:6c, 2015-01-01 03:57:15.805, 0.549, 0.015, 0.835, -1.221, 0.61, -0.61, 1.269, -32.981, -121.014, -18.073, -6.713, -7.940, 28.47, 0.4747, -0.24185, -0.14908, -0.83295,
 15:45:56.228,ed:40:fe:65:30:6c, 2015-01-01 03:57:15.805, 0.54, 0.014, 0.839, -1.099, 0.977, -0.916, 1.258, -32.964, -121.025, -18.073, -6.713, -7.940, 28.47, 0.4747, -0.24185, -0.14908, -0.83295,
 15:45:56.228,e3:ca:2d:fd:e0:8c, 2015-01-01 03:57:10.750, 0.957, 0.091, 0.335, 0.244, -0.122, 0, 14.892, -69.999, 148.678, -25.040, -13.200, -12.273, 29.62, 0.14777, 0.57608, -0.0513, 0.80222,
 15:45:56.228,e3:ca:2d:fd:e0:8c, 2015-01-01 03:57:10.750, 0.955, 0.089, 0.333, 0.183, -0.244, 0, 14.903, -70.005, 148.678, -25.040, -13.200, -12.273, 29.62, 0.14777, 0.57608, -0.0513, 0.80222,
 15:45:56.229,f6:90:cc:01:6d:25, 2015-01-01 03:57:11.080, 0.906, 0.235, 0.312, -0.305, 0.977, -0.183, 37.167, -66.456, 152.682, -26.173, -15.420, -8.340, 32.31, 0.01636, 0.56778, 0.1373, 0.81143,
 15:45:56.229,f6:90:cc:01:6d:25, 2015-01-01 03:57:11.080, 0.903, 0.232, 0.32, 0.488, 0.916, -0.244, 37.145, -66.44, 152.688, -26.173, -15.420, -8.340, 32.31, 0.01636, 0.56778, 0.1373, 0.81143,
 15:45:56.250,e3:ca:2d:fd:e0:8c, 2015-01-01 03:57:10.750, 0.954, 0.088, 0.336, 0.122, -0.793, 0, 14.914, -70.016, 148.672, -25.040, -13.200, -12.273, 29.62, 0.14777, 0.57608, -0.0513, 0.80222,
 15:45:56.250,e3:ca:2d:fd:e0:8c, 2015-01-01 03:57:10.750, 0.955, 0.089, 0.342, -0.061, -1.221, 0, 14.925, -70.038, 148.645, -25.040, -13.200, -12.273, 29.62, 0.14777, 0.57608, -0.0513, 0.80222,
 15:45:56.254,ed:35:33:d3:6c:f8, 2015-01-01 03:57:11.005, 0.344, -0.037, 0.93, -0.671, 4.822, -2.258, -2.362, -20.693, 159.78, -9.880, -6.867, -34.560, 30.72, -0.17502, -0.17511, 0.0513, -0.96747,
 15:45:56.254,ed:35:33:d3:6c:f8, 2015-01-01 03:57:11.005, 0.337, -0.03, 0.946, -0.61, 4.883, -2.014, -2.357, -20.599, 159.708, -9.880, -6.867, -34.560, 30.72, -0.17502, -0.17511, 0.0513, -0.96747,
 15:45:56.272,ed:40:fe:65:30:6c, 2015-01-01 03:57:15.805, 0.535, 0.015, 0.851, -0.977, 1.099, -0.793, 1.247, -32.943, -121.036, -18.073, -6.713, -7.940, 28.47, 0.4747, -0.24185, -0.14908, -0.83295,
 15:45:56.272,ed:40:fe:65:30:6c, 2015-01-01 03:57:15.805, 0.533, 0.018, 0.855, -1.099, 0.61, -0.366, 1.225, -32.932, -121.031, -18.073, -6.713, -7.940, 28.47, 0.4747, -0.24185, -0.14908, -0.83295,
 15:45:56.272,e3:ca:2d:fd:e0:8c, 2015-01-01 03:57:10.750, 0.951, 0.09, 0.348, 0.183, -1.587, 0, 14.947, -70.065, 148.607, -25.040, -13.200, -12.273, 29.62, 0.14777, 0.57608, -0.0513, 0.80222,
 15:45:56.272,e3:ca:2d:fd:e0:8c, 2015-01-01 03:57:10.750, 0.951, 0.087, 0.348, 0.366, -1.038, 0, 14.969, -70.082, 148.568, -25.040, -13.200, -12.273, 29.62, 0.14777, 0.57608, -0.0513, 0.80222,
 15:45:56.274,f6:90:cc:01:6d:25, 2015-01-01 03:57:11.080, 0.897, 0.233, 0.324, 0.793, 1.038, -0.366, 37.139, -66.423, 152.693, -26.173, -15.420, -8.340, 32.31, 0.01636, 0.56778, 0.1373, 0.81143,
 15:45:56.274,f6:90:cc:01:6d:25, 2015-01-01 03:57:11.080, 0.893, 0.235, 0.316, 0.122, 1.526, -0.183, 37.128, -66.401, 152.704, -26.173, -15.420, -8.340, 32.31, 0.01636, 0.56778, 0.1373, 0.81143,
 15:45:56.298,ed:35:33:d3:6c:f8, 2015-01-01 03:57:11.005, 0.338, -0.033, 0.945, -1.526, 3.357, -0.916, -2.368, -20.522, 159.664, -9.880, -6.867, -34.560, 30.72, -0.17502, -0.17511, 0.0513, -0.96747,
 15:45:56.298,ed:35:33:d3:6c:f8, 2015-01-01 03:57:11.005, 0.348, -0.036, 0.929, -1.16, 3.906, -1.038, -2.384, -20.451, 159.626, -9.880, -6.867, -34.560, 30.72, -0.17502, -0.17511, 0.0513, -0.96747,
 15:45:56.317,ed:40:fe:65:30:6c, 2015-01-01 03:57:16.140, 0.538, 0.021, 0.844, -0.854, -0.061, -0.122, 1.208, -32.926, -121.02, -18.073, -6.713, -7.940, 28.47, 0.4747, -0.24185, -0.14908, -0.83295,
 15:45:56.317,ed:40:fe:65:30:6c, 2015-01-01 03:57:16.140, 0.546, 0.018, 0.832, -0.488, -0.549, -0.305, 1.203, -32.937, -121.014, -18.073, -6.713, -7.940, 28.47, 0.4747, -0.24185, -0.14908, -0.83295,
 15:45:56.318,e3:ca:2d:fd:e0:8c, 2015-01-01 03:57:10.750, 0.956, 0.083, 0.341, 0.122, 0.061, 0, 14.969, -70.082, 148.546, -25.040, -13.200, -12.273, 29.62, 0.14777, 0.57608, -0.0513, 0.80222,
 15:45:56.318,e3:ca:2d:fd:e0:8c, 2015-01-01 03:57:10.750, 0.959, 0.086, 0.333, -0.122, 0.488, 0, 14.958, -70.071, 148.535, -25.040, -13.200, -12.273, 29.62, 0.14777, 0.57608, -0.0513, 0.80222,
 15:45:56.340,ed:40:fe:65:30:6c, 2015-01-01 03:57:16.140, 0.545, 0.017, 0.833, -0.305, -0.549, -0.488, 1.203, -32.948, -121.02, -18.073, -6.713, -7.940, 28.47, 0.4747, -0.24185, -0.14908, -0.83295,
 15:45:56.340,ed:40:fe:65:30:6c, 2015-01-01 03:57:16.140, 0.547, 0.019, 0.839, -0.427, -0.183, -0.305, 1.198, -32.948, -121.003, -18.073, -6.713, -7.940, 28.47, 0.4747, -0.24185, -0.14908, -0.83295,
 15:45:56.342,f6:90:cc:01:6d:25, 2015-01-01 03:57:11.080, 0.899, 0.237, 0.309, -0.732, 1.892, 0, 37.084, -66.379, 152.776, -26.173, -15.420, -8.340, 32.31, 0.01636, 0.56778, 0.1373, 0.81143,
 15:45:56.342,f6:90:cc:01:6d:25, 2015-01-01 03:57:11.080, 0.904, 0.236, 0.31, -2.014, 1.953, 0.061, 37.007, -66.346, 152.858, -26.173, -15.420, -8.340, 32.31, 0.01636, 0.56778, 0.1373, 0.81143,
 15:45:56.343,ed:35:33:d3:6c:f8, 2015-01-01 03:57:11.005, 0.35, -0.04, 0.917, 0.671, 3.601, -0.671, -2.379, -20.38, 159.582, -9.880, -6.867, -34.560, 30.72, -0.17502, -0.17511, 0.0513, -0.96747,
 15:45:56.343,ed:35:33:d3:6c:f8, 2015-01-01 03:57:11.005, 0.345, -0.03, 0.924, -0.793, 3.174, -0.916, -2.373, -20.314, 159.543, -9.880, -6.867, -34.560, 30.72, -0.17502, -0.17511, 0.0513, -0.96747,
 15:45:56.363,e3:ca:2d:fd:e0:8c, 2015-01-01 03:57:10.750, 0.962, 0.088, 0.328, -0.183, -0.366, 0, 14.952, -70.071, 148.535, -25.040, -13.200, -12.273, 29.62, 0.14777, 0.57608, -0.0513, 0.80222,
 15:45:56.363,e3:ca:2d:fd:e0:8c, 2015-01-01 03:57:10.750, 0.963, 0.088, 0.332, 0.122, -1.16, 0, 14.963, -70.093, 148.519, -25.040, -13.200, -12.273, 29.62, 0.14777, 0.57608, -0.0513, 0.80222,
 15:45:56.368,ed:35:33:d3:6c:f8, 2015-01-01 03:57:11.005, 0.346, -0.028, 0.934, -0.793, 3.418, -0.244, -2.379, -20.248, 159.51, -9.520, -6.800, -35.160, 30.72, -0.17502, -0.17511, 0.0513, -0.96747,
 15:45:56.368,ed:35:33:d3:6c:f8, 2015-01-01 03:57:11.005, 0.349, -0.029, 0.948, -1.038, 3.479, 0, -2.39, -20.187, 159.5, -9.520, -6.800, -35.160, 30.72, -0.17502, -0.17511, 0.0513, -0.96747,
 15:45:56.385,ed:40:fe:65:30:6c, 2015-01-01 03:57:16.140, 0.551, 0.02, 0.846, -0.916, -0.061, 0.061, 1.181, -32.948, -120.987, -18.073, -6.713, -7.940, 28.47, 0.4747, -0.24185, -0.14908, -0.83295,
 15:45:56.385,ed:40:fe:65:30:6c, 2015-01-01 03:57:16.140, 0.553, 0.019, 0.85, -0.977, -0.366, 0.549, 1.154, -32.953, -120.97, -18.073, -6.713, -7.940, 28.47, 0.4747, -0.24185, -0.14908, -0.83295,
 15:45:56.387,f6:90:cc:01:6d:25, 2015-01-01 03:57:11.080, 0.908, 0.234, 0.317, -2.441, 1.709, 0.122, 36.909, -66.319, 152.93, -26.173, -15.420, -8.340, 32.31, 0.01636, 0.56778, 0.1373, 0.81143,
 15:45:56.387,f6:90:cc:01:6d:25, 2015-01-01 03:57:11.080, 0.91, 0.235, 0.315, -1.892, 1.526, 0.061, 36.815, -66.297, 153.012, -26.173, -15.420, -8.340, 32.31, 0.01636, 0.56778, 0.1373, 0.81143,
 15:45:56.410,f6:90:cc:01:6d:25, 2015-01-01 03:57:11.080, 0.911, 0.238, 0.31, -1.526, 1.038, 0.183, 36.744, -66.281, 153.067, -26.180, -14.987, -7.793, 32.31, 0.01636, 0.56778, 0.1373, 0.81143,
 15:45:56.410,f6:90:cc:01:6d:25, 2015-01-01 03:57:11.080, 0.906, 0.237, 0.308, -2.014, 1.16, 0.305, 36.672, -66.27, 153.083, -26.180, -14.987, -7.793, 32.31, 0.01636, 0.56778, 0.1373, 0.81143,
 15:45:56.411,ed:35:33:d3:6c:f8, 2015-01-01 03:57:11.005, 0.344, -0.034, 0.949, -1.099, 1.343, 0.671, -2.411, -20.138, 159.527, -9.520, -6.800, -35.160, 30.72, -0.17502, -0.17511, 0.0513, -0.96747,
 15:45:56.411,ed:35:33:d3:6c:f8, 2015-01-01 03:57:11.005, 0.346, -0.041, 0.94, -0.854, 0.427, 1.221, -2.433, -20.121, 159.62, -9.520, -6.800, -35.160, 30.72, -0.17502, -0.17511, 0.0513, -0.96747,
 15:45:56.430,ed:40:fe:65:30:6c, 2015-01-01 03:57:16.140, 0.545, 0.015, 0.844, -0.732, -1.038, 0.916, 1.132, -32.975, -120.948, -18.073, -6.713, -7.940, 28.47, 0.4747, -0.24185, -0.14908, -0.83295,
 15:45:56.430,ed:40:fe:65:30:6c, 2015-01-01 03:57:16.140, 0.546, 0.013, 0.847, -0.61, -1.526, 0.916, 1.11, -33.003, -120.921, -18.073, -6.713, -7.940, 28.47, 0.4747, -0.24185, -0.14908, -0.83295,
 15:45:56.431,e3:ca:2d:fd:e0:8c, 2015-01-01 03:57:10.750, 0.963, 0.087, 0.333, 0.061, -1.221, 0, 14.98, -70.115, 148.502, -25.420, -13.167, -12.547, 29.62, 0.14777, 0.57608, -0.0513, 0.80222,
 15:45:56.431,e3:ca:2d:fd:e0:8c, 2015-01-01 03:57:10.750, 0.961, 0.089, 0.334, 0, -0.549, 0, 14.985, -70.126, 148.491, -25.420, -13.167, -12.547, 29.62, 0.14777, 0.57608, -0.0513, 0.80222,
 15:45:56.453,e3:ca:2d:fd:e0:8c, 2015-01-01 03:57:10.750, 0.959, 0.089, 0.336, 0, 0.061, 0, 14.98, -70.131, 148.486, -25.420, -13.167, -12.547, 29.62, 0.14822, 0.57715, -0.05191, 0.80133,
 15:45:56.453,e3:ca:2d:fd:e0:8c, 2015-01-01 03:57:10.750, 0.956, 0.09, 0.337, 0.183, 0, 0, 14.98, -70.126, 148.464, -25.420, -13.167, -12.547, 29.62, 0.14822, 0.57715, -0.05191, 0.80133,
 15:45:56.455,f6:90:cc:01:6d:25, 2015-01-01 03:57:11.080, 0.903, 0.236, 0.319, -2.136, 0.854, 0.183, 36.601, -66.259, 153.078, -26.180, -14.987, -7.793, 32.31, 0.01636, 0.56778, 0.1373, 0.81143,
 15:45:56.455,f6:90:cc:01:6d:25, 2015-01-01 03:57:11.080, 0.896, 0.238, 0.328, -2.136, 0.061, 0.122, 36.541, -66.259, 153.067, -26.180, -14.987, -7.793, 32.31, 0.01636, 0.56778, 0.1373, 0.81143,
 15:45:56.456,ed:35:33:d3:6c:f8, 2015-01-01 03:57:11.005, 0.345, -0.041, 0.929, -0.183, 4.272, 0.427, -2.444, -20.078, 159.736, -9.520, -6.800, -35.160, 30.72, -0.17819, -0.16824, 0.05148, -0.96808,
 15:45:56.456,ed:35:33:d3:6c:f8, 2015-01-01 03:57:11.005, 0.334, -0.033, 0.92, 0.366, 7.019, -2.136, -2.433, -19.968, 159.791, -9.520, -6.800, -35.160, 30.72, -0.17819, -0.16824, 0.05148, -0.96808,
 15:45:56.475,ed:40:fe:65:30:6c, 2015-01-01 03:57:16.140, 0.548, 0.017, 0.841, -0.854, -1.404, 0.61, 1.082, -33.03, -120.91, -18.073, -6.713, -7.940, 28.47, 0.4747, -0.24185, -0.14908, -0.83295,
 15:45:56.475,ed:40:fe:65:30:6c, 2015-01-01 03:57:16.140, 0.541, 0.021, 0.832, -0.549, -0.793, 0.427, 1.066, -33.047, -120.899, -18.073, -6.713, -7.940, 28.47, 0.4747, -0.24185, -0.14908, -0.83295,
 15:45:56.477,f6:90:cc:01:6d:25, 2015-01-01 03:57:11.080, 0.891, 0.243, 0.324, -1.648, -0.366, 0.122, 36.508, -66.264, 153.018, -26.180, -14.987, -7.793, 32.31, 0.01877, 0.56586, 0.13422, 0.81323,
 15:45:56.477,f6:90:cc:01:6d:25, 2015-01-01 03:57:11.080, 0.891, 0.242, 0.324, -0.549, -1.099, 0.183, 36.502, -66.275, 152.979, -26.180, -14.987, -7.793, 32.31, 0.01877, 0.56586, 0.13422, 0.81323,
 15:45:56.501,ed:35:33:d3:6c:f8, 2015-01-01 03:57:11.320, 0.327, -0.035, 0.927, 0, 5.493, -1.77, -2.406, -19.852, 159.796, -9.520, -6.800, -35.160, 30.72, -0.17819, -0.16824, 0.05148, -0.96808,
 15:45:56.501,ed:35:33:d3:6c:f8, 2015-01-01 03:57:11.320, 0.329, -0.038, 0.933, -0.183, 2.93, -1.343, -2.395, -19.775, 159.785, -9.520, -6.800, -35.160, 30.72, -0.17819, -0.16824, 0.05148, -0.96808,
 15:45:56.501,e3:ca:2d:fd:e0:8c, 2015-01-01 03:57:10.750, 0.952, 0.092, 0.336, 0.183, -0.122, 0, 14.985, -70.131, 148.447, -25.420, -13.167, -12.547, 29.62, 0.14822, 0.57715, -0.05191, 0.80133,
 15:45:56.501,e3:ca:2d:fd:e0:8c, 2015-01-01 03:57:10.750, 0.951, 0.092, 0.336, 0.183, 0.061, 0, 14.985, -70.126, 148.458, -25.420, -13.167, -12.547, 29.62, 0.14822, 0.57715, -0.05191, 0.80133,
 15:45:56.521,e3:ca:2d:fd:e0:8c, 2015-01-01 03:57:11.105, 0.951, 0.092, 0.339, 0.366, 0.671, 0, 14.985, -70.115, 148.464, -25.420, -13.167, -12.547, 29.62, 0.14822, 0.57715, -0.05191, 0.80133,
 15:45:56.521,e3:ca:2d:fd:e0:8c, 2015-01-01 03:57:11.105, 0.958, 0.087, 0.339, 0.61, 0.793, 0.427, 14.969, -70.104, 148.475, -25.420, -13.167, -12.547, 29.62, 0.14822, 0.57715, -0.05191, 0.80133,
 15:45:56.522,f6:90:cc:01:6d:25, 2015-01-01 03:57:11.080, 0.891, 0.238, 0.322, 0.549, -1.831, 0, 36.541, -66.297, 152.919, -26.180, -14.987, -7.793, 32.31, 0.01877, 0.56586, 0.13422, 0.81323,
 15:45:56.522,f6:90:cc:01:6d:25, 2015-01-01 03:57:11.080, 0.9, 0.233, 0.325, 1.465, -2.869, -0.061, 36.628, -66.335, 152.847, -26.180, -14.987, -7.793, 32.31, 0.01877, 0.56586, 0.13422, 0.81323,
 15:45:56.524,ed:35:33:d3:6c:f8, 2015-01-01 03:57:11.320, 0.341, -0.042, 0.922, 1.221, 1.831, -0.427, -2.373, -19.731, 159.802, -9.520, -6.800, -35.160, 30.72, -0.17819, -0.16824, 0.05148, -0.96808,
 15:45:56.524,ed:35:33:d3:6c:f8, 2015-01-01 03:57:11.320, 0.34, -0.041, 0.921, 2.38, 4.7, 0.122, -2.335, -19.671, 159.829, -9.520, -6.800, -35.160, 30.72, -0.17819, -0.16824, 0.05148, -0.96808,
 15:45:56.565,ed:40:fe:65:30:6c, 2015-01-01 03:57:16.140, 0.537, 0.019, 0.836, -0.732, -0.61, 0.061, 1.055, -33.058, -120.872, -18.347, -6.573, -7.660, 28.47, 0.4747, -0.24185, -0.14908, -0.83295,
 15:45:56.565,ed:40:fe:65:30:6c, 2015-01-01 03:57:16.140, 0.536, 0.013, 0.835, -0.793, -0.793, -0.244, 1.044, -33.074, -120.855, -18.347, -6.573, -7.660, 28.47, 0.4747, -0.24185, -0.14908, -0.83295,
 15:45:56.566,e3:ca:2d:fd:e0:8c, 2015-01-01 03:57:11.105, 0.967, 0.084, 0.337, 0.671, 0.61, 0.488, 14.947, -70.087, 148.486, -25.420, -13.167, -12.547, 29.62, 0.14822, 0.57715, -0.05191, 0.80133,
 15:45:56.566,e3:ca:2d:fd:e0:8c, 2015-01-01 03:57:11.105, 0.968, 0.092, 0.339, 0.671, 0.549, 0.305, 14.93, -70.082, 148.508, -25.420, -13.167, -12.547, 29.62, 0.14822, 0.57715, -0.05191, 0.80133,
 15:45:56.567,f6:90:cc:01:6d:25, 2015-01-01 03:57:11.460, 0.915, 0.233, 0.32, 1.343, -3.845, 0.183, 36.744, -66.385, 152.726, -26.180, -14.987, -7.793, 32.31, 0.01877, 0.56586, 0.13422, 0.81323,
 15:45:56.567,f6:90:cc:01:6d:25, 2015-01-01 03:57:11.460, 0.917, 0.246, 0.321, 1.892, -4.333, 0.427, 36.876, -66.451, 152.622, -26.180, -14.987, -7.793, 32.31, 0.01877, 0.56586, 0.13422, 0.81323,
 15:45:56.568,ed:35:33:d3:6c:f8, 2015-01-01 03:57:11.320, 0.345, -0.033, 0.947, 1.404, 4.333, -1.709, -2.291, -19.583, 159.829, -9.520, -6.800, -35.160, 30.72, -0.17819, -0.16824, 0.05148, -0.96808,
 15:45:56.568,ed:35:33:d3:6c:f8, 2015-01-01 03:57:11.320, 0.343, -0.029, 0.952, 1.16, 0.793, -2.136, -2.252, -19.539, 159.802, -9.520, -6.800, -35.160, 30.72, -0.17819, -0.16824, 0.05148, -0.96808,
 15:45:56.588,ed:40:fe:65:30:6c, 2015-01-01 03:57:16.140, 0.547, 0.013, 0.827, -0.549, -0.916, -0.122, 1.033, -33.091, -120.833, -18.347, -6.573, -7.660, 28.47, 0.47546, -0.24338, -0.14813, -0.83224,
 15:45:56.588,ed:40:fe:65:30:6c, 2015-01-01 03:57:16.140, 0.56, 0.016, 0.842, -0.366, -1.404, -0.183, 1.033, -33.118, -120.822, -18.347, -6.573, -7.660, 28.47, 0.47546, -0.24338, -0.14813, -0.83224,
 15:45:56.589,f6:90:cc:01:6d:25, 2015-01-01 03:57:11.460, 0.911, 0.249, 0.307, 2.563, -4.028, 0.427, 37.018, -66.517, 152.518, -26.180, -14.987, -7.793, 32.31, 0.01877, 0.56586, 0.13422, 0.81323,
 15:45:56.589,f6:90:cc:01:6d:25, 2015-01-01 03:57:11.460, 0.91, 0.239, 0.308, 2.319, -3.54, 0.061, 37.161, -66.577, 152.43, -26.180, -14.987, -7.793, 32.31, 0.01877, 0.56586, 0.13422, 0.81323,
 15:45:56.611,e3:ca:2d:fd:e0:8c, 2015-01-01 03:57:11.105, 0.965, 0.095, 0.332, 0.366, 1.404, 0.122, 14.914, -70.054, 148.513, -25.420, -13.167, -12.547, 29.62, 0.14822, 0.57715, -0.05191, 0.80133,
 15:45:56.611,e3:ca:2d:fd:e0:8c, 2015-01-01 03:57:11.105, 0.961, 0.094, 0.328, 0.244, 1.953, 0.122, 14.892, -70.021, 148.502, -25.420, -13.167, -12.547, 29.62, 0.14822, 0.57715, -0.05191, 0.80133,
 15:45:56.611,ed:40:fe:65:30:6c, 2015-01-01 03:57:16.140, 0.561, 0.02, 0.849, -0.244, -2.136, -0.549, 1.033, -33.157, -120.817, -18.347, -6.573, -7.660, 28.47, 0.47546, -0.24338, -0.14813, -0.83224,
 15:45:56.611,ed:40:fe:65:30:6c, 2015-01-01 03:57:16.140, 0.555, 0.02, 0.847, 0.122, -2.197, -0.977, 1.055, -33.201, -120.839, -18.347, -6.573, -7.660, 28.47, 0.47546, -0.24338, -0.14813, -0.83224,
 15:45:56.613,ed:35:33:d3:6c:f8, 2015-01-01 03:57:11.320, 0.334, -0.035, 0.945, 2.93, -0.122, -2.563, -2.192, -19.539, 159.758, -9.520, -6.800, -35.160, 30.72, -0.17819, -0.16824, 0.05148, -0.96808,
 15:45:56.613,ed:35:33:d3:6c:f8, 2015-01-01 03:57:11.320, 0.334, -0.035, 0.935, 3.662, -0.793, -1.282, -2.115, -19.556, 159.73, -9.520, -6.800, -35.160, 30.72, -0.17819, -0.16824, 0.05148, -0.96808,
 15:45:56.635,f6:90:cc:01:6d:25, 2015-01-01 03:57:11.460, 0.909, 0.232, 0.302, 2.747, -2.563, -0.488, 37.304, -66.616, 152.347, -26.180, -14.987, -7.793, 32.31, 0.01877, 0.56586, 0.13422, 0.81323,
 15:45:56.635,f6:90:cc:01:6d:25, 2015-01-01 03:57:11.460, 0.914, 0.229, 0.31, 2.808, -2.747, -0.916, 37.458, -66.649, 152.249, -26.180, -14.987, -7.793, 32.31, 0.01877, 0.56586, 0.13422, 0.81323,
 15:45:56.655,ed:40:fe:65:30:6c, 2015-01-01 03:57:16.140, 0.556, 0.013, 0.841, 0.61, -2.075, -0.977, 1.077, -33.239, -120.855, -18.347, -6.573, -7.660, 28.47, 0.47546, -0.24338, -0.14813, -0.83224,
 15:45:56.655,ed:40:fe:65:30:6c, 2015-01-01 03:57:16.140, 0.553, 0.006, 0.833, 0.427, -1.404, -0.793, 1.099, -33.267, -120.861, -18.347, -6.573, -7.660, 28.47, 0.47546, -0.24338, -0.14813, -0.83224,
 15:45:56.657,e3:ca:2d:fd:e0:8c, 2015-01-01 03:57:11.105, 0.958, 0.088, 0.326, 0.244, 1.77, 0.183, 14.865, -69.988, 148.497, -25.420, -13.167, -12.547, 29.62, 0.14822, 0.57715, -0.05191, 0.80133,
 15:45:56.657,e3:ca:2d:fd:e0:8c, 2015-01-01 03:57:11.105, 0.959, 0.085, 0.332, 0.427, 1.16, 0.244, 14.848, -69.972, 148.491, -25.420, -13.167, -12.547, 29.62, 0.14822, 0.57715, -0.05191, 0.80133,
 15:45:56.658,ed:35:33:d3:6c:f8, 2015-01-01 03:57:11.320, 0.339, -0.037, 0.933, 2.502, -0.977, -2.075, -2.043, -19.578, 159.725, -9.520, -6.800, -35.160, 30.72, -0.17819, -0.16824, 0.05148, -0.96808,
 15:45:56.658,ed:35:33:d3:6c:f8, 2015-01-01 03:57:11.320, 0.343, -0.036, 0.932, 0.732, -0.183, -2.014, -2, -19.594, 159.714, -9.520, -6.800, -35.160, 30.72, -0.17819, -0.16824, 0.05148, -0.96808,
 15:45:56.677,ed:40:fe:65:30:6c, 2015-01-01 03:57:16.495, 0.561, 0.009, 0.84, -0.244, -0.793, -0.854, 1.104, -33.283, -120.855, -18.347, -6.573, -7.660, 28.47, 0.47546, -0.24338, -0.14813, -0.83224,
 15:45:56.677,ed:40:fe:65:30:6c, 2015-01-01 03:57:16.495, 0.559, 0.011, 0.836, -0.854, -0.122, -1.221, 1.099, -33.283, -120.844, -18.347, -6.573, -7.660, 28.47, 0.47546, -0.24338, -0.14813, -0.83224,
 15:45:56.679,e3:ca:2d:fd:e0:8c, 2015-01-01 03:57:11.105, 0.955, 0.084, 0.337, 0.671, 0.366, 0.183, 14.843, -69.961, 148.486, -25.420, -13.167, -12.547, 29.62, 0.14822, 0.57715, -0.05191, 0.80133,
 15:45:56.679,e3:ca:2d:fd:e0:8c, 2015-01-01 03:57:11.105, 0.952, 0.086, 0.346, 0.366, 0.305, 0, 14.843, -69.961, 148.486, -25.420, -13.167, -12.547, 29.62, 0.14822, 0.57715, -0.05191, 0.80133,
 15:45:56.680,f6:90:cc:01:6d:25, 2015-01-01 03:57:11.460, 0.914, 0.233, 0.303, 2.197, -3.052, -0.916, 37.617, -66.687, 152.133, -26.180, -14.987, -7.793, 32.31, 0.01877, 0.56586, 0.13422, 0.81323,
 15:45:56.680,f6:90:cc:01:6d:25, 2015-01-01 03:57:11.460, 0.912, 0.236, 0.312, 1.648, -3.113, -0.977, 37.776, -66.72, 152.018, -26.180, -14.987, -7.793, 32.31, 0.01877, 0.56586, 0.13422, 0.81323,
 15:45:56.699,ed:40:fe:65:30:6c, 2015-01-01 03:57:16.495, 0.554, 0.009, 0.839, -1.343, 0.183, -1.465, 1.088, -33.283, -120.861, -18.347, -6.573, -7.660, 28.47, 0.47546, -0.24338, -0.14813, -0.83224,
 15:45:56.699,ed:40:fe:65:30:6c, 2015-01-01 03:57:16.495, 0.546, 0.009, 0.836, -1.038, 0.61, -1.587, 1.088, -33.272, -120.877, -18.347, -6.573, -7.660, 28.47, 0.47546, -0.24338, -0.14813, -0.83224,
 15:45:56.704,ed:35:33:d3:6c:f8, 2015-01-01 03:57:11.320, 0.338, -0.037, 0.936, 0.427, -0.244, -2.625, -1.972, -19.605, 159.67, -9.733, -6.420, -35.680, 30.72, -0.17819, -0.16824, 0.05148, -0.96808,
 15:45:56.704,ed:35:33:d3:6c:f8, 2015-01-01 03:57:11.320, 0.333, -0.034, 0.938, 0.671, -0.793, -2.93, -1.945, -19.622, 159.615, -9.733, -6.420, -35.680, 30.72, -0.17819, -0.16824, 0.05148, -0.96808,
 15:45:56.723,e3:ca:2d:fd:e0:8c, 2015-01-01 03:57:11.105, 0.95, 0.086, 0.349, -0.061, 0.488, -0.244, 14.848, -69.95, 148.486, -25.420, -13.167, -12.547, 29.62, 0.14822, 0.57715, -0.05191, 0.80133,
 15:45:56.723,e3:ca:2d:fd:e0:8c, 2015-01-01 03:57:11.105, 0.953, 0.083, 0.351, 0, 0.61, -0.427, 14.854, -69.933, 148.48, -25.420, -13.167, -12.547, 29.62, 0.14822, 0.57715, -0.05191, 0.80133,
 15:45:56.724,f6:90:cc:01:6d:25, 2015-01-01 03:57:11.460, 0.91, 0.233, 0.31, 1.282, -2.319, -0.793, 37.908, -66.753, 151.908, -26.180, -14.987, -7.793, 32.31, 0.01877, 0.56586, 0.13422, 0.81323,
 15:45:56.724,f6:90:cc:01:6d:25, 2015-01-01 03:57:11.460, 0.906, 0.228, 0.315, 0.61, -1.404, -0.549, 37.991, -66.775, 151.831, -26.180, -14.987, -7.793, 32.31, 0.01877, 0.56586, 0.13422, 0.81323,
 15:45:56.726,ed:35:33:d3:6c:f8, 2015-01-01 03:57:11.320, 0.327, -0.027, 0.936, 1.099, -0.671, -2.441, -1.912, -19.644, 159.571, -9.733, -6.420, -35.680, 30.72, -0.17758, -0.16498, 0.04636, -0.96902,
 15:45:56.726,ed:35:33:d3:6c:f8, 2015-01-01 03:57:11.320, 0.327, -0.024, 0.94, 2.075, -0.305, -1.831, -1.868, -19.655, 159.538, -9.733, -6.420, -35.680, 30.72, -0.17758, -0.16498, 0.04636, -0.96902,
 15:45:56.744,ed:40:fe:65:30:6c, 2015-01-01 03:57:16.495, 0.542, 0.014, 0.842, -0.671, 0.793, -1.282, 1.088, -33.256, -120.888, -18.347, -6.573, -7.660, 28.47, 0.47546, -0.24338, -0.14813, -0.83224,
 15:45:56.744,ed:40:fe:65:30:6c, 2015-01-01 03:57:16.495, 0.543, 0.016, 0.843, -0.427, 0.61, -0.793, 1.082, -33.245, -120.888, -18.347, -6.573, -7.660, 28.47, 0.47546, -0.24338, -0.14813, -0.83224,
 15:45:56.770,f6:90:cc:01:6d:25, 2015-01-01 03:57:11.460, 0.905, 0.231, 0.314, 0.244, -0.854, -0.244, 38.024, -66.786, 151.82, -26.240, -14.860, -7.887, 32.31, 0.01877, 0.56586, 0.13422, 0.81323,
 15:45:56.770,f6:90:cc:01:6d:25, 2015-01-01 03:57:11.460, 0.9, 0.235, 0.311, 0.427, -0.61, -0.061, 38.046, -66.797, 151.815, -26.240, -14.860, -7.887, 32.31, 0.01877, 0.56586, 0.13422, 0.81323,
 15:45:56.770,ed:35:33:d3:6c:f8, 2015-01-01 03:57:11.320, 0.322, -0.022, 0.939, 1.648, -0.366, -0.977, -1.818, -19.666, 159.549, -9.733, -6.420, -35.680, 30.72, -0.17758, -0.16498, 0.04636, -0.96902,
 15:45:56.770,ed:35:33:d3:6c:f8, 2015-01-01 03:57:11.320, 0.325, -0.025, 0.937, 0.427, -0.061, -0.977, -1.791, -19.666, 159.582, -9.733, -6.420, -35.680, 30.72, -0.17758, -0.16498, 0.04636, -0.96902,
 15:45:56.791,ed:40:fe:65:30:6c, 2015-01-01 03:57:16.495, 0.54, 0.015, 0.841, -0.305, 0.549, -0.366, 1.082, -33.234, -120.894, -18.347, -6.573, -7.660, 28.47, 0.47546, -0.24338, -0.14813, -0.83224,
 15:45:56.791,ed:40:fe:65:30:6c, 2015-01-01 03:57:16.495, 0.541, 0.017, 0.842, -0.305, 0.671, -0.244, 1.077, -33.217, -120.894, -18.347, -6.573, -7.660, 28.47, 0.47546, -0.24338, -0.14813, -0.83224,
 15:45:56.791,e3:ca:2d:fd:e0:8c, 2015-01-01 03:57:11.105, 0.954, 0.084, 0.347, 0.183, 0.488, -0.366, 14.865, -69.922, 148.486, -25.053, -13.240, -12.440, 29.62, 0.14822, 0.57715, -0.05191, 0.80133,
 15:45:56.791,e3:ca:2d:fd:e0:8c, 2015-01-01 03:57:11.105, 0.954, 0.085, 0.343, 0.244, 0.366, -0.366, 14.875, -69.911, 148.497, -25.053, -13.240, -12.440, 29.62, 0.14822, 0.57715, -0.05191, 0.80133,
 15:45:56.814,e3:ca:2d:fd:e0:8c, 2015-01-01 03:57:11.105, 0.954, 0.089, 0.337, 0.244, 0.061, -0.305, 14.886, -69.906, 148.508, -25.053, -13.240, -12.440, 29.62, 0.14908, 0.57556, -0.05191, 0.80231,
 15:45:56.814,e3:ca:2d:fd:e0:8c, 2015-01-01 03:57:11.105, 0.956, 0.09, 0.335, 0.305, -0.244, -0.122, 14.897, -69.906, 148.491, -25.053, -13.240, -12.440, 29.62, 0.14908, 0.57556, -0.05191, 0.80231,
 15:45:56.814,f6:90:cc:01:6d:25, 2015-01-01 03:57:11.460, 0.901, 0.238, 0.306, 0.671, -0.61, -0.061, 38.062, -66.802, 151.809, -26.240, -14.860, -7.887, 32.31, 0.01877, 0.56586, 0.13422, 0.81323,
 15:45:56.814,f6:90:cc:01:6d:25, 2015-01-01 03:57:11.460, 0.904, 0.239, 0.306, 0.305, -0.916, -0.183, 38.09, -66.813, 151.787, -26.240, -14.860, -7.887, 32.31, 0.01877, 0.56586, 0.13422, 0.81323,
 15:45:56.815,ed:35:33:d3:6c:f8, 2015-01-01 03:57:11.610, 0.325, -0.025, 0.939, 0.427, 0.732, -1.404, -1.774, -19.66, 159.593, -9.733, -6.420, -35.680, 30.72, -0.17758, -0.16498, 0.04636, -0.96902,
 15:45:56.815,ed:35:33:d3:6c:f8, 2015-01-01 03:57:11.610, 0.328, -0.027, 0.941, 0.122, 0.488, -1.831, -1.758, -19.649, 159.582, -9.733, -6.420, -35.680, 30.72, -0.17758, -0.16498, 0.04636, -0.96902,
 15:45:56.834,ed:40:fe:65:30:6c, 2015-01-01 03:57:16.495, 0.545, 0.017, 0.844, -0.427, 0.488, -0.244, 1.071, -33.206, -120.894, -18.347, -6.573, -7.660, 28.47, 0.47546, -0.24338, -0.14813, -0.83224,
 15:45:56.834,ed:40:fe:65:30:6c, 2015-01-01 03:57:16.495, 0.551, 0.012, 0.845, -0.366, 0.183, -0.366, 1.06, -33.195, -120.899, -18.347, -6.573, -7.660, 28.47, 0.47546, -0.24338, -0.14813, -0.83224,
 15:45:56.837,f6:90:cc:01:6d:25, 2015-01-01 03:57:11.460, 0.907, 0.238, 0.303, 0, -1.404, -0.366, 38.128, -66.83, 151.738, -26.240, -14.860, -7.887, 32.31, 0.01804, 0.57108, 0.13733, 0.80905,
 15:45:56.837,f6:90:cc:01:6d:25, 2015-01-01 03:57:11.460, 0.911, 0.236, 0.302, -0.183, -1.587, -0.488, 38.183, -66.846, 151.644, -26.240, -14.860, -7.887, 32.31, 0.01804, 0.57108, 0.13733, 0.80905,
 15:45:56.859,e3:ca:2d:fd:e0:8c, 2015-01-01 03:57:11.105, 0.958, 0.09, 0.336, 0.183, -0.61, -0.122, 14.914, -69.917, 148.453, -25.053, -13.240, -12.440, 29.62, 0.14908, 0.57556, -0.05191, 0.80231,
 15:45:56.859,e3:ca:2d:fd:e0:8c, 2015-01-01 03:57:11.105, 0.958, 0.09, 0.339, 0, -0.793, -0.183, 14.93, -69.933, 148.403, -25.053, -13.240, -12.440, 29.62, 0.14908, 0.57556, -0.05191, 0.80231,
 15:45:56.861,ed:35:33:d3:6c:f8, 2015-01-01 03:57:11.610, 0.333, -0.026, 0.945, 0.183, 0, -1.709, -1.741, -19.644, 159.598, -9.733, -6.420, -35.680, 30.72, -0.17758, -0.16498, 0.04636, -0.96902,
 15:45:56.861,ed:35:33:d3:6c:f8, 2015-01-01 03:57:11.610, 0.341, -0.022, 0.946, 0.183, -0.549, -0.977, -1.73, -19.649, 159.631, -9.733, -6.420, -35.680, 30.72, -0.17758, -0.16498, 0.04636, -0.96902,
 15:45:56.880,ed:40:fe:65:30:6c, 2015-01-01 03:57:16.495, 0.557, 0.014, 0.843, -0.061, -0.061, 0, 1.06, -33.19, -120.894, -18.347, -6.573, -7.660, 28.47, 0.47546, -0.24338, -0.14813, -0.83224,
 15:45:56.880,ed:40:fe:65:30:6c, 2015-01-01 03:57:16.495, 0.556, 0.016, 0.839, -0.061, -0.244, 0.183, 1.055, -33.19, -120.872, -18.347, -6.573, -7.660, 28.47, 0.47546, -0.24338, -0.14813, -0.83224,
 15:45:56.882,e3:ca:2d:fd:e0:8c, 2015-01-01 03:57:11.465, 0.958, 0.09, 0.34, 0, -0.671, -0.122, 14.941, -69.944, 148.354, -25.053, -13.240, -12.440, 29.62, 0.14908, 0.57556, -0.05191, 0.80231,
 15:45:56.882,e3:ca:2d:fd:e0:8c, 2015-01-01 03:57:11.465, 0.957, 0.091, 0.341, 0.183, -0.366, 0, 14.947, -69.95, 148.337, -25.053, -13.240, -12.440, 29.62, 0.14908, 0.57556, -0.05191, 0.80231,
 15:45:56.884,f6:90:cc:01:6d:25, 2015-01-01 03:57:11.460, 0.913, 0.237, 0.301, -0.061, -1.404, -0.488, 38.232, -66.863, 151.551, -26.240, -14.860, -7.887, 32.31, 0.01804, 0.57108, 0.13733, 0.80905,
 15:45:56.884,f6:90:cc:01:6d:25, 2015-01-01 03:57:11.460, 0.91, 0.241, 0.301, 0.366, -0.671, -0.488, 38.271, -66.874, 151.479, -26.240, -14.860, -7.887, 32.31, 0.01804, 0.57108, 0.13733, 0.80905,
 15:45:56.903,ed:40:fe:65:30:6c, 2015-01-01 03:57:16.495, 0.553, 0.018, 0.837, 0, -0.183, 0.122, 1.049, -33.195, -120.85, -18.233, -6.347, -7.827, 28.47, 0.47546, -0.24338, -0.14813, -0.83224,
 15:45:56.903,ed:40:fe:65:30:6c, 2015-01-01 03:57:16.495, 0.551, 0.016, 0.835, 0, -0.061, -0.061, 1.049, -33.195, -120.828, -18.233, -6.347, -7.827, 28.47, 0.47546, -0.24338, -0.14813, -0.83224,
 15:45:56.905,ed:35:33:d3:6c:f8, 2015-01-01 03:57:11.610, 0.341, -0.022, 0.941, 0, -0.916, -0.427, -1.725, -19.66, 159.659, -9.733, -6.420, -35.680, 30.72, -0.17758, -0.16498, 0.04636, -0.96902,
 15:45:56.905,ed:35:33:d3:6c:f8, 2015-01-01 03:57:11.610, 0.339, -0.022, 0.936, -0.793, -0.488, -0.61, -1.73, -19.671, 159.686, -9.733, -6.420, -35.680, 30.72, -0.17758, -0.16498, 0.04636, -0.96902,
 15:45:56.926,e3:ca:2d:fd:e0:8c, 2015-01-01 03:57:11.465, 0.957, 0.09, 0.339, 0.183, -0.122, 0, 14.952, -69.95, 148.332, -25.053, -13.240, -12.440, 29.62, 0.14908, 0.57556, -0.05191, 0.80231,
 15:45:56.926,e3:ca:2d:fd:e0:8c, 2015-01-01 03:57:11.465, 0.956, 0.089, 0.337, 0.061, 0, -0.061, 14.952, -69.95, 148.321, -25.053, -13.240, -12.440, 29.62, 0.14908, 0.57556, -0.05191, 0.80231,
 15:45:56.928,ed:35:33:d3:6c:f8, 2015-01-01 03:57:11.610, 0.337, -0.025, 0.933, -1.77, 0.244, -1.282, -1.752, -19.671, 159.692, -9.733, -6.420, -35.680, 30.72, -0.17758, -0.16498, 0.04636, -0.96902,
 15:45:56.928,ed:35:33:d3:6c:f8, 2015-01-01 03:57:11.610, 0.337, -0.022, 0.933, -0.671, -0.244, -1.587, -1.758, -19.671, 159.686, -9.733, -6.420, -35.680, 30.72, -0.17758, -0.16498, 0.04636, -0.96902,
 15:45:56.948,ed:40:fe:65:30:6c, 2015-01-01 03:57:16.495, 0.552, 0.016, 0.834, 0.122, 0.061, -0.061, 1.049, -33.195, -120.822, -18.233, -6.347, -7.827, 28.47, 0.47546, -0.24338, -0.14813, -0.83224,
 15:45:56.948,ed:40:fe:65:30:6c, 2015-01-01 03:57:16.495, 0.552, 0.016, 0.834, 0.305, 0.183, 0.061, 1.055, -33.195, -120.822, -18.233, -6.347, -7.827, 28.47, 0.47546, -0.24338, -0.14813, -0.83224,
 15:45:56.950,f6:90:cc:01:6d:25, 2015-01-01 03:57:11.460, 0.908, 0.244, 0.301, 0.122, -0.122, -0.305, 38.293, -66.874, 151.458, -26.240, -14.860, -7.887, 32.31, 0.01804, 0.57108, 0.13733, 0.80905,
 15:45:56.950,f6:90:cc:01:6d:25, 2015-01-01 03:57:11.460, 0.906, 0.242, 0.299, 0, -0.061, -0.122, 38.298, -66.874, 151.441, -26.240, -14.860, -7.887, 32.31, 0.01804, 0.57108, 0.13733, 0.80905,
 15:45:56.970,e3:ca:2d:fd:e0:8c, 2015-01-01 03:57:11.465, 0.958, 0.089, 0.334, -0.061, -0.061, -0.061, 14.958, -69.95, 148.277, -25.053, -13.240, -12.440, 29.62, 0.14908, 0.57556, -0.05191, 0.80231,
 15:45:56.970,e3:ca:2d:fd:e0:8c, 2015-01-01 03:57:11.465, 0.958, 0.089, 0.335, 0, -0.061, 0, 14.952, -69.95, 148.228, -25.053, -13.240, -12.440, 29.62, 0.14908, 0.57556, -0.05191, 0.80231,
 15:45:56.971,f6:90:cc:01:6d:25, 2015-01-01 03:57:11.460, 0.907, 0.239, 0.298, -0.122, -0.183, 0, 38.304, -66.874, 151.419, -26.240, -14.860, -7.887, 32.33, 0.01804, 0.57108, 0.13733, 0.80905,
 15:45:56.971,f6:90:cc:01:6d:25, 2015-01-01 03:57:11.460, 0.908, 0.24, 0.298, 0.183, 0, 0, 38.309, -66.874, 151.414, -26.240, -14.860, -7.887, 32.33, 0.01804, 0.57108, 0.13733, 0.80905,
 15:45:56.973,ed:35:33:d3:6c:f8, 2015-01-01 03:57:11.610, 0.338, -0.021, 0.932, -0.061, 0, -0.61, -1.752, -19.677, 159.681, -9.733, -6.420, -35.680, 30.72, -0.17758, -0.16498, 0.04636, -0.96902,
 15:45:56.973,ed:35:33:d3:6c:f8, 2015-01-01 03:57:11.610, 0.336, -0.023, 0.934, 0, -0.061, -0.793, -1.747, -19.677, 159.686, -9.733, -6.420, -35.680, 30.72, -0.17758, -0.16498, 0.04636, -0.96902,
 15:45:57.015,e3:ca:2d:fd:e0:8c, 2015-01-01 03:57:11.465, 0.957, 0.089, 0.336, 0, -0.061, 0.061, 14.952, -69.95, 148.184, -25.053, -13.240, -12.440, 29.62, 0.14908, 0.57556, -0.05191, 0.80231,
 15:45:57.015,e3:ca:2d:fd:e0:8c, 2015-01-01 03:57:11.465, 0.958, 0.089, 0.339, -0.061, 0, 0.061, 14.947, -69.95, 148.145, -25.053, -13.240, -12.440, 29.62, 0.14908, 0.57556, -0.05191, 0.80231,
 15:45:57.017,f6:90:cc:01:6d:25, 2015-01-01 03:57:11.460, 0.911, 0.241, 0.298, 0.427, 0.183, 0.061, 38.309, -66.874, 151.414, -26.240, -14.860, -7.887, 32.33, 0.01804, 0.57108, 0.13733, 0.80905,
 15:45:57.017,f6:90:cc:01:6d:25, 2015-01-01 03:57:11.460, 0.911, 0.239, 0.301, 0.488, 0.366, 0.122, 38.309, -66.874, 151.403, -26.240, -14.860, -7.887, 32.33, 0.01804, 0.57108, 0.13733, 0.80905,
 15:45:57.018,ed:35:33:d3:6c:f8, 2015-01-01 03:57:11.610, 0.341, -0.024, 0.935, 0.061, 0.732, -0.122, -1.736, -19.666, 159.686, -9.627, -6.973, -35.073, 30.72, -0.17758, -0.16498, 0.04636, -0.96902,
 15:45:57.018,ed:35:33:d3:6c:f8, 2015-01-01 03:57:11.610, 0.333, -0.025, 0.937, 1.282, 1.587, 0.854, -1.719, -19.638, 159.686, -9.627, -6.973, -35.073, 30.72, -0.17758, -0.16498, 0.04636, -0.96902,
 15:45:57.037,ed:40:fe:65:30:6c, 2015-01-01 03:57:16.495, 0.553, 0.015, 0.838, 0.305, 0.305, 0.183, 1.06, -33.195, -120.828, -18.233, -6.347, -7.827, 28.47, 0.47543, -0.24402, -0.14871, -0.83197,
 15:45:57.037,ed:40:fe:65:30:6c, 2015-01-01 03:57:16.495, 0.554, 0.013, 0.838, 0.549, 0.427, 0.183, 1.066, -33.19, -120.828, -18.233, -6.347, -7.827, 28.47, 0.47543, -0.24402, -0.14871, -0.83197,
 15:45:57.038,e3:ca:2d:fd:e0:8c, 2015-01-01 03:57:11.465, 0.957, 0.089, 0.339, -0.061, 0, 0.061, 14.941, -69.95, 148.101, -25.053, -13.240, -12.440, 29.62, 0.14908, 0.57556, -0.05191, 0.80231,
 15:45:57.038,e3:ca:2d:fd:e0:8c, 2015-01-01 03:57:11.465, 0.955, 0.09, 0.339, -0.061, 0.061, 0, 14.936, -69.95, 148.052, -25.053, -13.240, -12.440, 29.62, 0.14908, 0.57556, -0.05191, 0.80231,
 15:45:57.039,f6:90:cc:01:6d:25, 2015-01-01 03:57:11.950, 0.909, 0.24, 0.3, 0.732, 0.61, 0.183, 38.304, -66.868, 151.403, -26.240, -14.860, -7.887, 32.33, 0.01804, 0.57108, 0.13733, 0.80905,
 15:45:57.039,f6:90:cc:01:6d:25, 2015-01-01 03:57:11.950, 0.906, 0.24, 0.303, 0.732, 0.61, 0.183, 38.298, -66.863, 151.419, -26.240, -14.860, -7.887, 32.33, 0.01804, 0.57108, 0.13733, 0.80905,
 15:45:57.061,ed:40:fe:65:30:6c, 2015-01-01 03:57:16.875, 0.549, 0.014, 0.84, 0.732, 0.488, 0.122, 1.071, -33.179, -120.822, -18.233, -6.347, -7.827, 28.47, 0.47543, -0.24402, -0.14871, -0.83197,
 15:45:57.061,ed:40:fe:65:30:6c, 2015-01-01 03:57:16.875, 0.545, 0.018, 0.843, 0.61, 0.366, 0.122, 1.088, -33.173, -120.806, -18.233, -6.347, -7.827, 28.47, 0.47543, -0.24402, -0.14871, -0.83197,
 15:45:57.064,ed:35:33:d3:6c:f8, 2015-01-01 03:57:11.610, 0.33, -0.023, 0.942, 1.099, 1.038, 1.16, -1.703, -19.616, 159.697, -9.627, -6.973, -35.073, 30.72, -0.17615, -0.16513, 0.04449, -0.96933,
 15:45:57.064,ed:35:33:d3:6c:f8, 2015-01-01 03:57:11.610, 0.33, -0.021, 0.94, 1.038, 0.854, 1.404, -1.686, -19.6, 159.714, -9.627, -6.973, -35.073, 30.72, -0.17615, -0.16513, 0.04449, -0.96933,
 15:45:57.083,e3:ca:2d:fd:e0:8c, 2015-01-01 03:57:11.465, 0.955, 0.09, 0.34, -0.061, 0, 0, 14.936, -69.95, 148.008, -25.053, -13.240, -12.440, 29.62, 0.14908, 0.57556, -0.05191, 0.80231,
 15:45:57.083,e3:ca:2d:fd:e0:8c, 2015-01-01 03:57:11.465, 0.956, 0.088, 0.339, -0.122, -0.061, 0.061, 14.93, -69.95, 147.98, -25.053, -13.240, -12.440, 29.62, 0.14908, 0.57556, -0.05191, 0.80231,
 15:45:57.084,f6:90:cc:01:6d:25, 2015-01-01 03:57:11.950, 0.906, 0.241, 0.304, 0.61, 0.732, 0.244, 38.282, -66.857, 151.425, -26.240, -14.860, -7.887, 32.33, 0.01804, 0.57108, 0.13733, 0.80905,
 15:45:57.084,f6:90:cc:01:6d:25, 2015-01-01 03:57:11.950, 0.906, 0.239, 0.306, 0.488, 0.61, 0.305, 38.265, -66.852, 151.458, -26.240, -14.860, -7.887, 32.33, 0.01804, 0.57108, 0.13733, 0.80905,
 15:45:57.084,ed:40:fe:65:30:6c, 2015-01-01 03:57:16.875, 0.545, 0.019, 0.843, 0.427, 0.183, 0.183, 1.093, -33.168, -120.773, -18.233, -6.347, -7.827, 28.47, 0.47543, -0.24402, -0.14871, -0.83197,
 15:45:57.084,ed:40:fe:65:30:6c, 2015-01-01 03:57:16.875, 0.545, 0.016, 0.842, 0.427, 0.183, 0.183, 1.099, -33.168, -120.756, -18.233, -6.347, -7.827, 28.47, 0.47543, -0.24402, -0.14871, -0.83197,
 15:45:57.104,ed:40:fe:65:30:6c, 2015-01-01 03:57:16.875, 0.543, 0.012, 0.843, 0.488, 0.244, 0.061, 1.11, -33.162, -120.745, -18.233, -6.347, -7.827, 28.47, 0.47543, -0.24402, -0.14871, -0.83197,
 15:45:57.104,ed:40:fe:65:30:6c, 2015-01-01 03:57:16.875, 0.545, 0.011, 0.844, 0.671, 0.122, 0.061, 1.115, -33.157, -120.745, -18.233, -6.347, -7.827, 28.47, 0.47543, -0.24402, -0.14871, -0.83197,
 15:45:57.109,ed:35:33:d3:6c:f8, 2015-01-01 03:57:11.920, 0.329, -0.023, 0.938, 0.671, 0.427, 1.343, -1.681, -19.589, 159.725, -9.627, -6.973, -35.073, 30.72, -0.17615, -0.16513, 0.04449, -0.96933,
 15:45:57.109,ed:35:33:d3:6c:f8, 2015-01-01 03:57:11.920, 0.328, -0.028, 0.939, 0.244, 0.061, 1.038, -1.675, -19.589, 159.736, -9.627, -6.973, -35.073, 30.72, -0.17615, -0.16513, 0.04449, -0.96933,
 15:45:57.130,f6:90:cc:01:6d:25, 2015-01-01 03:57:11.950, 0.907, 0.238, 0.306, 0.61, 0.427, 0.305, 38.254, -66.852, 151.512, -26.240, -14.860, -7.887, 32.33, 0.01804, 0.57108, 0.13733, 0.80905,
 15:45:57.130,f6:90:cc:01:6d:25, 2015-01-01 03:57:11.950, 0.906, 0.236, 0.306, 0.732, 0.305, 0.244, 38.249, -66.852, 151.562, -26.240, -14.860, -7.887, 32.33, 0.01804, 0.57108, 0.13733, 0.80905,
 15:45:57.132,ed:35:33:d3:6c:f8, 2015-01-01 03:57:11.920, 0.329, -0.028, 0.938, 0.305, -0.732, 0.977, -1.675, -19.594, 159.763, -9.627, -6.973, -35.073, 30.72, -0.17615, -0.16513, 0.04449, -0.96933,
 15:45:57.132,ed:35:33:d3:6c:f8, 2015-01-01 03:57:11.920, 0.334, -0.028, 0.939, 0.427, -1.038, 0.61, -1.67, -19.611, 159.796, -9.627, -6.973, -35.073, 30.72, -0.17615, -0.16513, 0.04449, -0.96933,
 15:45:57.150,ed:40:fe:65:30:6c, 2015-01-01 03:57:16.875, 0.549, 0.014, 0.843, 0.854, 0.061, 0, 1.126, -33.157, -120.729, -18.233, -6.347, -7.827, 28.47, 0.47543, -0.24402, -0.14871, -0.83197,
 15:45:57.150,ed:40:fe:65:30:6c, 2015-01-01 03:57:16.875, 0.548, 0.013, 0.841, 1.038, 0.122, 0, 1.143, -33.151, -120.712, -18.233, -6.347, -7.827, 28.47, 0.47543, -0.24402, -0.14871, -0.83197,
 15:45:57.152,e3:ca:2d:fd:e0:8c, 2015-01-01 03:57:11.465, 0.955, 0.088, 0.339, -0.122, -0.122, 0.061, 14.919, -69.95, 147.969, -25.453, -12.700, -12.953, 29.62, 0.14908, 0.57556, -0.05191, 0.80231,
 15:45:57.152,e3:ca:2d:fd:e0:8c, 2015-01-01 03:57:11.465, 0.957, 0.088, 0.34, -0.061, -0.244, 0.061, 14.919, -69.955, 147.953, -25.453, -12.700, -12.953, 29.62, 0.14908, 0.57556, -0.05191, 0.80231,
 15:45:57.152,f6:90:cc:01:6d:25, 2015-01-01 03:57:11.950, 0.909, 0.237, 0.307, 0.854, 0.244, 0.122, 38.254, -66.846, 151.611, -26.240, -14.860, -7.887, 32.33, 0.01804, 0.57108, 0.13733, 0.80905,
 15:45:57.152,f6:90:cc:01:6d:25, 2015-01-01 03:57:11.950, 0.911, 0.238, 0.305, 1.038, 0.244, 0.061, 38.265, -66.846, 151.655, -26.240, -14.860, -7.887, 32.33, 0.01804, 0.57108, 0.13733, 0.80905,
 15:45:57.173,e3:ca:2d:fd:e0:8c, 2015-01-01 03:57:11.465, 0.958, 0.088, 0.34, 0, -0.305, 0.122, 14.914, -69.961, 147.953, -25.453, -12.700, -12.953, 29.62, 0.15268, 0.57568, -0.05463, 0.80136,
 15:45:57.173,e3:ca:2d:fd:e0:8c, 2015-01-01 03:57:11.465, 0.958, 0.089, 0.34, 0, -0.244, 0.061, 14.914, -69.961, 147.936, -25.453, -12.700, -12.953, 29.62, 0.15268, 0.57568, -0.05463, 0.80136,
 15:45:57.176,ed:35:33:d3:6c:f8, 2015-01-01 03:57:11.920, 0.336, -0.026, 0.936, 0.305, -0.671, 0.122, -1.664, -19.627, 159.818, -9.627, -6.973, -35.073, 30.72, -0.17615, -0.16513, 0.04449, -0.96933,
 15:45:57.176,ed:35:33:d3:6c:f8, 2015-01-01 03:57:11.920, 0.33, -0.024, 0.937, -0.061, -1.282, 0, -1.664, -19.649, 159.835, -9.627, -6.973, -35.073, 30.72, -0.17615, -0.16513, 0.04449, -0.96933,
 15:45:57.196,ed:40:fe:65:30:6c, 2015-01-01 03:57:16.875, 0.543, 0.015, 0.842, 0.977, 0.305, 0.122, 1.165, -33.146, -120.712, -18.233, -6.347, -7.827, 28.47, 0.47543, -0.24402, -0.14871, -0.83197,
 15:45:57.196,ed:40:fe:65:30:6c, 2015-01-01 03:57:16.875, 0.545, 0.018, 0.843, 0.793, 0.244, 0.061, 1.176, -33.14, -120.685, -18.233, -6.347, -7.827, 28.47, 0.47543, -0.24402, -0.14871, -0.83197,
 15:45:57.218,e3:ca:2d:fd:e0:8c, 2015-01-01 03:57:11.465, 0.956, 0.088, 0.34, 0.061, -0.183, 0, 14.914, -69.966, 147.925, -25.453, -12.700, -12.953, 29.62, 0.15268, 0.57568, -0.05463, 0.80136,
 15:45:57.218,e3:ca:2d:fd:e0:8c, 2015-01-01 03:57:11.465, 0.957, 0.088, 0.339, 0.122, -0.244, 0, 14.914, -69.966, 147.925, -25.453, -12.700, -12.953, 29.62, 0.15268, 0.57568, -0.05463, 0.80136,
 15:45:57.219,f6:90:cc:01:6d:25, 2015-01-01 03:57:11.950, 0.906, 0.238, 0.305, 1.16, 0.244, 0, 38.276, -66.841, 151.655, -26.240, -14.860, -7.887, 32.33, 0.01804, 0.57108, 0.13733, 0.80905,
 15:45:57.219,f6:90:cc:01:6d:25, 2015-01-01 03:57:11.950, 0.904, 0.24, 0.304, 0.732, 0.122, 0, 38.287, -66.841, 151.644, -26.240, -14.860, -7.887, 32.33, 0.01804, 0.57108, 0.13733, 0.80905,
 15:45:57.221,ed:35:33:d3:6c:f8, 2015-01-01 03:57:11.920, 0.332, -0.021, 0.94, 0, -2.625, -0.244, -1.664, -19.693, 159.84, -9.627, -6.973, -35.073, 30.72, -0.17615, -0.16513, 0.04449, -0.96933,
 15:45:57.221,ed:35:33:d3:6c:f8, 2015-01-01 03:57:11.920, 0.337, -0.024, 0.939, -0.183, -2.625, -0.061, -1.664, -19.742, 159.84, -9.627, -6.973, -35.073, 30.72, -0.17615, -0.16513, 0.04449, -0.96933,
 15:45:57.239,ed:40:fe:65:30:6c, 2015-01-01 03:57:16.875, 0.55, 0.018, 0.843, 0.732, 0, -0.061, 1.192, -33.135, -120.641, -18.233, -6.347, -7.827, 28.47, 0.47543, -0.24402, -0.14871, -0.83197,
 15:45:57.239,ed:40:fe:65:30:6c, 2015-01-01 03:57:16.875, 0.55, 0.017, 0.846, 0.549, -0.061, -0.183, 1.203, -33.135, -120.619, -18.233, -6.347, -7.827, 28.47, 0.47543, -0.24402, -0.14871, -0.83197,
 15:45:57.241,e3:ca:2d:fd:e0:8c, 2015-01-01 03:57:11.820, 0.959, 0.089, 0.338, 0.122, -0.305, 0.122, 14.914, -69.972, 147.903, -25.453, -12.700, -12.953, 29.62, 0.15268, 0.57568, -0.05463, 0.80136,
 15:45:57.241,e3:ca:2d:fd:e0:8c, 2015-01-01 03:57:11.820, 0.96, 0.09, 0.336, 0, -0.305, 0.122, 14.908, -69.977, 147.87, -25.453, -12.700, -12.953, 29.62, 0.15268, 0.57568, -0.05463, 0.80136,
 15:45:57.264,f6:90:cc:01:6d:25, 2015-01-01 03:57:11.950, 0.909, 0.241, 0.304, 0.244, 0, 0.061, 38.287, -66.841, 151.606, -26.040, -14.953, -8.113, 32.33, 0.01804, 0.57108, 0.13733, 0.80905,
 15:45:57.264,f6:90:cc:01:6d:25, 2015-01-01 03:57:11.950, 0.912, 0.242, 0.302, 0.183, -0.244, 0, 38.298, -66.846, 151.551, -26.040, -14.953, -8.113, 32.33, 0.01804, 0.57108, 0.13733, 0.80905,
 15:45:57.266,ed:35:33:d3:6c:f8, 2015-01-01 03:57:11.920, 0.338, -0.025, 0.941, 0.549, -2.563, -0.183, -1.653, -19.792, 159.851, -9.627, -6.973, -35.073, 30.72, -0.17615, -0.16513, 0.04449, -0.96933,
 15:45:57.266,ed:35:33:d3:6c:f8, 2015-01-01 03:57:11.920, 0.34, -0.022, 0.943, 0.671, -2.991, 0.061, -1.642, -19.847, 159.873, -9.627, -6.973, -35.073, 30.72, -0.17615, -0.16513, 0.04449, -0.96933,
 15:45:57.285,e3:ca:2d:fd:e0:8c, 2015-01-01 03:57:11.820, 0.959, 0.088, 0.336, 0, -0.305, 0.061, 14.908, -69.983, 147.832, -25.453, -12.700, -12.953, 29.62, 0.15268, 0.57568, -0.05463, 0.80136,
 15:45:57.285,e3:ca:2d:fd:e0:8c, 2015-01-01 03:57:11.820, 0.957, 0.087, 0.335, 0.061, -0.244, 0, 14.914, -69.988, 147.81, -25.453, -12.700, -12.953, 29.62, 0.15268, 0.57568, -0.05463, 0.80136,
 15:45:57.289,ed:35:33:d3:6c:f8, 2015-01-01 03:57:11.920, 0.339, -0.024, 0.941, 0.671, -3.662, 0.549, -1.626, -19.913, 159.89, -9.573, -6.940, -35.147, 30.72, -0.17615, -0.16513, 0.04449, -0.96933,
 15:45:57.289,ed:35:33:d3:6c:f8, 2015-01-01 03:57:11.920, 0.342, -0.023, 0.937, 0.305, -4.395, 0.488, -1.626, -19.99, 159.922, -9.573, -6.940, -35.147, 30.72, -0.17615, -0.16513, 0.04449, -0.96933,
 15:45:57.307,ed:40:fe:65:30:6c, 2015-01-01 03:57:16.875, 0.549, 0.015, 0.846, 0.61, -0.183, -0.061, 1.214, -33.135, -120.602, -18.180, -6.580, -6.433, 28.47, 0.47543, -0.24402, -0.14871, -0.83197,
 15:45:57.307,ed:40:fe:65:30:6c, 2015-01-01 03:57:16.875, 0.547, 0.016, 0.844, 0.549, -0.366, 0.122, 1.225, -33.135, -120.586, -18.180, -6.580, -6.433, 28.47, 0.47543, -0.24402, -0.14871, -0.83197,
 15:45:57.309,f6:90:cc:01:6d:25, 2015-01-01 03:57:11.950, 0.911, 0.239, 0.303, 0.305, -0.488, -0.061, 38.32, -66.857, 151.501, -26.040, -14.953, -8.113, 32.33, 0.01804, 0.57108, 0.13733, 0.80905,
 15:45:57.309,f6:90:cc:01:6d:25, 2015-01-01 03:57:11.950, 0.909, 0.238, 0.301, 0.61, -0.488, -0.122, 38.348, -66.863, 151.474, -26.040, -14.953, -8.113, 32.33, 0.01804, 0.57108, 0.13733, 0.80905,
 15:45:57.329,ed:40:fe:65:30:6c, 2015-01-01 03:57:16.875, 0.547, 0.017, 0.842, 0.427, -0.549, 0.183, 1.23, -33.146, -120.575, -18.180, -6.580, -6.433, 28.47, 0.47766, -0.24258, -0.15033, -0.83081,
 15:45:57.329,ed:40:fe:65:30:6c, 2015-01-01 03:57:16.875, 0.546, 0.021, 0.839, 0.366, -0.671, 0.122, 1.236, -33.151, -120.564, -18.180, -6.580, -6.433, 28.47, 0.47766, -0.24258, -0.15033, -0.83081,
 15:45:57.330,e3:ca:2d:fd:e0:8c, 2015-01-01 03:57:11.820, 0.957, 0.087, 0.335, 0.061, -0.244, 0, 14.914, -69.988, 147.794, -25.453, -12.700, -12.953, 29.62, 0.15268, 0.57568, -0.05463, 0.80136,
 15:45:57.330,e3:ca:2d:fd:e0:8c, 2015-01-01 03:57:11.820, 0.959, 0.085, 0.333, 0.061, -0.244, 0, 14.914, -69.994, 147.766, -25.453, -12.700, -12.953, 29.62, 0.15268, 0.57568, -0.05463, 0.80136,
 15:45:57.332,f6:90:cc:01:6d:25, 2015-01-01 03:57:11.950, 0.906, 0.238, 0.3, 0.61, -0.549, -0.183, 38.386, -66.868, 151.419, -26.040, -14.953, -8.113, 32.33, 0.01877, 0.57184, 0.13745, 0.80847,
 15:45:57.332,f6:90:cc:01:6d:25, 2015-01-01 03:57:11.950, 0.904, 0.242, 0.3, 0.488, -0.488, -0.122, 38.414, -66.879, 151.392, -26.040, -14.953, -8.113, 32.33, 0.01877, 0.57184, 0.13745, 0.80847,
 15:45:57.333,ed:35:33:d3:6c:f8, 2015-01-01 03:57:11.920, 0.343, -0.022, 0.931, 0.549, -3.235, 0.427, -1.615, -20.056, 159.944, -9.573, -6.940, -35.147, 30.72, -0.17615, -0.16513, 0.04449, -0.96933,
 15:45:57.333,ed:35:33:d3:6c:f8, 2015-01-01 03:57:11.920, 0.343, -0.022, 0.931, 1.099, -2.747, 0.977, -1.604, -20.11, 159.966, -9.573, -6.940, -35.147, 30.72, -0.17615, -0.16513, 0.04449, -0.96933,
 15:45:57.376,e3:ca:2d:fd:e0:8c, 2015-01-01 03:57:11.820, 0.96, 0.086, 0.333, 0.427, -0.61, 0, 14.919, -70.005, 147.722, -25.453, -12.700, -12.953, 29.62, 0.15268, 0.57568, -0.05463, 0.80136,
 15:45:57.376,e3:ca:2d:fd:e0:8c, 2015-01-01 03:57:11.820, 0.96, 0.083, 0.332, 0.61, -1.038, 0.427, 14.93, -70.016, 147.662, -25.453, -12.700, -12.953, 29.62, 0.15268, 0.57568, -0.05463, 0.80136,
 15:45:57.376,ed:40:fe:65:30:6c, 2015-01-01 03:57:16.875, 0.548, 0.018, 0.84, 0.244, -0.671, 0, 1.241, -33.168, -120.531, -18.180, -6.580, -6.433, 28.47, 0.47766, -0.24258, -0.15033, -0.83081,
 15:45:57.376,ed:40:fe:65:30:6c, 2015-01-01 03:57:16.875, 0.549, 0.015, 0.842, 0, -0.793, 0, 1.241, -33.179, -120.515, -18.180, -6.580, -6.433, 28.47, 0.47766, -0.24258, -0.15033, -0.83081,
 15:45:57.377,f6:90:cc:01:6d:25, 2015-01-01 03:57:11.950, 0.908, 0.241, 0.297, 0.549, -0.61, 0, 38.441, -66.89, 151.342, -26.040, -14.953, -8.113, 32.33, 0.01877, 0.57184, 0.13745, 0.80847,
 15:45:57.377,f6:90:cc:01:6d:25, 2015-01-01 03:57:11.950, 0.909, 0.237, 0.307, 0.305, -0.671, 0, 38.469, -66.901, 151.271, -26.040, -14.953, -8.113, 32.33, 0.01877, 0.57184, 0.13745, 0.80847,
 15:45:57.379,ed:35:33:d3:6c:f8, 2015-01-01 03:57:11.920, 0.345, -0.027, 0.935, 0.977, -3.296, 1.404, -1.588, -20.171, 159.994, -9.573, -6.940, -35.147, 30.72, -0.17377, -0.16928, 0.04398, -0.96909,
 15:45:57.379,ed:35:33:d3:6c:f8, 2015-01-01 03:57:11.920, 0.346, -0.022, 0.938, -0.61, -2.686, -0.183, -1.593, -20.22, 160.021, -9.573, -6.940, -35.147, 30.72, -0.17377, -0.16928, 0.04398, -0.96909,
 15:45:57.397,ed:40:fe:65:30:6c, 2015-01-01 03:57:17.235, 0.551, 0.02, 0.842, -0.061, -0.916, 0, 1.241, -33.19, -120.504, -18.180, -6.580, -6.433, 28.47, 0.47766, -0.24258, -0.15033, -0.83081,
 15:45:57.397,ed:40:fe:65:30:6c, 2015-01-01 03:57:17.235, 0.55, 0.022, 0.844, -0.061, -1.16, 0, 1.241, -33.212, -120.493, -18.180, -6.580, -6.433, 28.47, 0.47766, -0.24258, -0.15033, -0.83081,
 15:45:57.399,f6:90:cc:01:6d:25, 2015-01-01 03:57:12.310, 0.91, 0.24, 0.296, 0.854, -0.793, 0, 38.507, -66.912, 151.21, -26.040, -14.953, -8.113, 32.33, 0.01877, 0.57184, 0.13745, 0.80847,
 15:45:57.399,f6:90:cc:01:6d:25, 2015-01-01 03:57:12.310, 0.912, 0.237, 0.293, 0.427, -1.16, 0.183, 38.54, -66.934, 151.15, -26.040, -14.953, -8.113, 32.33, 0.01877, 0.57184, 0.13745, 0.80847,
 15:45:57.421,e3:ca:2d:fd:e0:8c, 2015-01-01 03:57:11.820, 0.96, 0.083, 0.333, 0.732, -1.038, 0.549, 14.925, -70.043, 147.645, -25.453, -12.700, -12.953, 29.62, 0.15268, 0.57568, -0.05463, 0.80136,
 15:45:57.421,e3:ca:2d:fd:e0:8c, 2015-01-01 03:57:11.820, 0.955, 0.087, 0.341, 1.038, -0.854, 0.427, 14.925, -70.065, 147.645, -25.453, -12.700, -12.953, 29.62, 0.15268, 0.57568, -0.05463, 0.80136,
 15:45:57.423,ed:35:33:d3:6c:f8, 2015-01-01 03:57:12.235, 0.347, -0.012, 0.94, -0.793, -2.441, 0, -1.609, -20.27, 160.027, -9.573, -6.940, -35.147, 30.72, -0.17377, -0.16928, 0.04398, -0.96909,
 15:45:57.423,ed:35:33:d3:6c:f8, 2015-01-01 03:57:12.235, 0.345, -0.021, 0.939, -0.549, -1.16, 0.488, -1.62, -20.297, 160.038, -9.573, -6.940, -35.147, 30.72, -0.17377, -0.16928, 0.04398, -0.96909,
 15:45:57.443,ed:40:fe:65:30:6c, 2015-01-01 03:57:17.235, 0.551, 0.016, 0.843, 0.244, -1.526, 0.61, 1.241, -33.234, -120.476, -18.180, -6.580, -6.433, 28.47, 0.47766, -0.24258, -0.15033, -0.83081,
 15:45:57.443,ed:40:fe:65:30:6c, 2015-01-01 03:57:17.235, 0.555, 0.013, 0.839, 0.61, -1.587, 0.793, 1.236, -33.261, -120.443, -18.180, -6.580, -6.433, 28.47, 0.47766, -0.24258, -0.15033, -0.83081,
 15:45:57.444,e3:ca:2d:fd:e0:8c, 2015-01-01 03:57:11.820, 0.952, 0.093, 0.349, 0.793, -0.427, 0.244, 14.93, -70.082, 147.651, -25.660, -12.827, -12.900, 29.62, 0.15268, 0.57568, -0.05463, 0.80136,
 15:45:57.444,e3:ca:2d:fd:e0:8c, 2015-01-01 03:57:11.820, 0.952, 0.098, 0.35, 0.244, 0, -0.061, 14.93, -70.087, 147.656, -25.660, -12.827, -12.900, 29.62, 0.15268, 0.57568, -0.05463, 0.80136,
 15:45:57.444,f6:90:cc:01:6d:25, 2015-01-01 03:57:12.310, 0.911, 0.238, 0.3, 0.183, -1.16, 0.366, 38.568, -66.962, 151.111, -26.040, -14.953, -8.113, 32.33, 0.01877, 0.57184, 0.13745, 0.80847,
 15:45:57.444,f6:90:cc:01:6d:25, 2015-01-01 03:57:12.310, 0.911, 0.237, 0.303, 0.183, -0.977, 0.366, 38.584, -66.984, 151.068, -26.040, -14.953, -8.113, 32.33, 0.01877, 0.57184, 0.13745, 0.80847,
 15:45:57.466,ed:40:fe:65:30:6c, 2015-01-01 03:57:17.235, 0.551, 0.014, 0.836, 0.61, -1.221, 0.671, 1.241, -33.289, -120.394, -18.180, -6.580, -6.433, 28.47, 0.47766, -0.24258, -0.15033, -0.83081,
 15:45:57.466,ed:40:fe:65:30:6c, 2015-01-01 03:57:17.235, 0.547, 0.017, 0.833, 0.61, -0.549, 0.366, 1.241, -33.305, -120.35, -18.180, -6.580, -6.433, 28.47, 0.47766, -0.24258, -0.15033, -0.83081,
 15:45:57.470,ed:35:33:d3:6c:f8, 2015-01-01 03:57:12.235, 0.354, -0.027, 0.933, -0.366, -0.61, 0.916, -1.631, -20.308, 160.049, -9.573, -6.940, -35.147, 30.72, -0.17377, -0.16928, 0.04398, -0.96909,
 15:45:57.470,ed:35:33:d3:6c:f8, 2015-01-01 03:57:12.235, 0.349, -0.027, 0.924, -0.122, -0.061, 0.793, -1.637, -20.308, 160.043, -9.573, -6.940, -35.147, 30.72, -0.17377, -0.16928, 0.04398, -0.96909,
 15:45:57.489,e3:ca:2d:fd:e0:8c, 2015-01-01 03:57:11.820, 0.951, 0.094, 0.345, 0, 0.183, -0.244, 14.936, -70.082, 147.667, -25.660, -12.827, -12.900, 29.62, 0.15268, 0.57568, -0.05463, 0.80136,
 15:45:57.489,e3:ca:2d:fd:e0:8c, 2015-01-01 03:57:11.820, 0.954, 0.093, 0.339, 0.244, 0, -0.183, 14.947, -70.076, 147.667, -25.660, -12.827, -12.900, 29.62, 0.15268, 0.57568, -0.05463, 0.80136,
 15:45:57.489,f6:90:cc:01:6d:25, 2015-01-01 03:57:12.310, 0.902, 0.242, 0.311, 0.061, -0.427, 0.244, 38.584, -66.995, 151.073, -26.040, -14.953, -8.113, 32.33, 0.01877, 0.57184, 0.13745, 0.80847,
 15:45:57.489,f6:90:cc:01:6d:25, 2015-01-01 03:57:12.310, 0.901, 0.242, 0.309, 0.305, 0.244, -0.061, 38.578, -66.989, 151.057, -26.040, -14.953, -8.113, 32.33, 0.01877, 0.57184, 0.13745, 0.80847,
 15:45:57.490,ed:35:33:d3:6c:f8, 2015-01-01 03:57:12.235, 0.344, -0.025, 0.922, 0.305, -0.916, 0.732, -1.637, -20.325, 160.016, -9.573, -6.940, -35.147, 30.72, -0.17377, -0.16928, 0.04398, -0.96909,
 15:45:57.490,ed:35:33:d3:6c:f8, 2015-01-01 03:57:12.235, 0.346, -0.022, 0.914, 1.099, 0.122, 0.305, -1.62, -20.325, 159.977, -9.573, -6.940, -35.147, 30.72, -0.17377, -0.16928, 0.04398, -0.96909,
 15:45:57.509,ed:40:fe:65:30:6c, 2015-01-01 03:57:17.235, 0.55, 0.019, 0.828, 0.549, 0, 0.122, 1.252, -33.311, -120.3, -18.180, -6.580, -6.433, 28.47, 0.47766, -0.24258, -0.15033, -0.83081,
 15:45:57.509,ed:40:fe:65:30:6c, 2015-01-01 03:57:17.235, 0.549, 0.019, 0.83, 0.061, 0.488, -0.122, 1.258, -33.305, -120.262, -18.180, -6.580, -6.433, 28.47, 0.47766, -0.24258, -0.15033, -0.83081,
 15:45:57.534,f6:90:cc:01:6d:25, 2015-01-01 03:57:12.310, 0.904, 0.242, 0.303, 0.488, 0.244, -0.061, 38.578, -66.984, 151.029, -26.040, -14.953, -8.113, 32.33, 0.01877, 0.57184, 0.13745, 0.80847,
 15:45:57.534,f6:90:cc:01:6d:25, 2015-01-01 03:57:12.310, 0.907, 0.243, 0.298, 0.549, 0.366, -0.183, 38.578, -66.978, 151.057, -26.040, -14.953, -8.113, 32.33, 0.01877, 0.57184, 0.13745, 0.80847,
 15:45:57.536,ed:35:33:d3:6c:f8, 2015-01-01 03:57:12.235, 0.344, -0.025, 0.918, 0.305, 2.808, -0.671, -1.604, -20.286, 159.922, -9.573, -6.940, -35.147, 30.72, -0.17377, -0.16928, 0.04398, -0.96909,
 15:45:57.536,ed:35:33:d3:6c:f8, 2015-01-01 03:57:12.235, 0.341, -0.026, 0.93, -1.221, 3.906, -1.404, -1.609, -20.215, 159.857, -9.573, -6.940, -35.147, 30.72, -0.17377, -0.16928, 0.04398, -0.96909,
 15:45:57.556,e3:ca:2d:fd:e0:8c, 2015-01-01 03:57:11.820, 0.957, 0.091, 0.335, 0.488, -0.183, 0.061, 14.963, -70.071, 147.662, -25.660, -12.827, -12.900, 29.62, 0.15427, 0.57639, -0.05618, 0.80045,
 15:45:57.556,e3:ca:2d:fd:e0:8c, 2015-01-01 03:57:11.820, 0.958, 0.091, 0.335, 0.244, -0.122, 0.183, 14.969, -70.071, 147.678, -25.660, -12.827, -12.900, 29.62, 0.15427, 0.57639, -0.05618, 0.80045,
 15:45:57.556,ed:40:fe:65:30:6c, 2015-01-01 03:57:17.235, 0.548, 0.018, 0.837, -0.122, 0.732, -0.488, 1.258, -33.294, -120.251, -18.180, -6.580, -6.433, 28.47, 0.47766, -0.24258, -0.15033, -0.83081,
 15:45:57.556,ed:40:fe:65:30:6c, 2015-01-01 03:57:17.235, 0.551, 0.017, 0.844, -0.061, 0.488, -0.61, 1.263, -33.283, -120.24, -18.180, -6.580, -6.433, 28.47, 0.47766, -0.24258, -0.15033, -0.83081,
 15:45:57.557,f6:90:cc:01:6d:25, 2015-01-01 03:57:12.310, 0.911, 0.243, 0.299, 0.122, 0.183, -0.244, 38.584, -66.967, 151.007, -26.040, -14.953, -8.113, 32.33, 0.01877, 0.57184, 0.13745, 0.80847,
 15:45:57.557,f6:90:cc:01:6d:25, 2015-01-01 03:57:12.310, 0.913, 0.242, 0.299, -0.183, 0, -0.305, 38.595, -66.962, 150.864, -26.040, -14.953, -8.113, 32.33, 0.01877, 0.57184, 0.13745, 0.80847,
 15:45:57.578,e3:ca:2d:fd:e0:8c, 2015-01-01 03:57:12.155, 0.961, 0.091, 0.335, 0, -0.061, 0.122, 14.963, -70.071, 147.695, -25.660, -12.827, -12.900, 29.62, 0.15427, 0.57639, -0.05618, 0.80045,
 15:45:57.578,e3:ca:2d:fd:e0:8c, 2015-01-01 03:57:12.155, 0.96, 0.09, 0.335, -0.183, 0, 0, 14.958, -70.071, 147.728, -25.660, -12.827, -12.900, 29.62, 0.15427, 0.57639, -0.05618, 0.80045,
 15:45:57.580,ed:35:33:d3:6c:f8, 2015-01-01 03:57:12.235, 0.343, -0.023, 0.94, -1.404, 3.54, -1.648, -1.626, -20.149, 159.791, -9.573, -6.940, -35.147, 30.72, -0.17377, -0.16928, 0.04398, -0.96909,
 15:45:57.580,ed:35:33:d3:6c:f8, 2015-01-01 03:57:12.235, 0.346, -0.022, 0.942, -1.404, 2.563, -1.892, -1.637, -20.094, 159.719, -9.573, -6.940, -35.147, 30.72, -0.17377, -0.16928, 0.04398, -0.96909,
 15:45:57.600,ed:40:fe:65:30:6c, 2015-01-01 03:57:17.235, 0.555, 0.019, 0.844, 0.061, 0.244, -0.61, 1.269, -33.272, -120.245, -18.180, -6.580, -6.433, 28.47, 0.47766, -0.24258, -0.15033, -0.83081,
 15:45:57.600,ed:40:fe:65:30:6c, 2015-01-01 03:57:17.235, 0.557, 0.021, 0.841, 0.122, 0.183, -0.488, 1.28, -33.267, -120.251, -18.180, -6.580, -6.433, 28.47, 0.47766, -0.24258, -0.15033, -0.83081,
 15:45:57.602,f6:90:cc:01:6d:25, 2015-01-01 03:57:12.310, 0.913, 0.24, 0.298, -0.183, -0.183, -0.305, 38.6, -66.962, 150.732, -26.040, -14.953, -8.113, 32.33, 0.01877, 0.57184, 0.13745, 0.80847,
 15:45:57.602,f6:90:cc:01:6d:25, 2015-01-01 03:57:12.310, 0.909, 0.239, 0.299, -0.122, -0.183, -0.244, 38.617, -66.956, 150.612, -26.040, -14.953, -8.113, 32.33, 0.01877, 0.57184, 0.13745, 0.80847,
 15:45:57.624,e3:ca:2d:fd:e0:8c, 2015-01-01 03:57:12.155, 0.96, 0.086, 0.336, -0.366, 0, 0, 14.958, -70.065, 147.761, -25.660, -12.827, -12.900, 29.62, 0.15427, 0.57639, -0.05618, 0.80045,
 15:45:57.624,e3:ca:2d:fd:e0:8c, 2015-01-01 03:57:12.155, 0.962, 0.085, 0.333, -0.427, -0.061, 0, 14.952, -70.065, 147.777, -25.660, -12.827, -12.900, 29.62, 0.15427, 0.57639, -0.05618, 0.80045,
 15:45:57.625,ed:35:33:d3:6c:f8, 2015-01-01 03:57:12.235, 0.35, -0.02, 0.938, -1.404, 1.343, -2.197, -1.648, -20.067, 159.664, -10.013, -6.680, -35.347, 30.72, -0.17377, -0.16928, 0.04398, -0.96909,
 15:45:57.625,ed:35:33:d3:6c:f8, 2015-01-01 03:57:12.235, 0.344, -0.021, 0.93, -1.465, 0.488, -2.747, -1.653, -20.056, 159.598, -10.013, -6.680, -35.347, 30.72, -0.17377, -0.16928, 0.04398, -0.96909,
 15:45:57.646,e3:ca:2d:fd:e0:8c, 2015-01-01 03:57:12.155, 0.954, 0.079, 0.319, -0.244, -0.61, 0.061, 14.941, -70.071, 147.799, -25.660, -12.827, -12.900, 29.62, 0.15427, 0.57639, -0.05618, 0.80045,
 15:45:57.646,e3:ca:2d:fd:e0:8c, 2015-01-01 03:57:12.155, 0.953, 0.086, 0.345, 0.122, -0.244, 0.244, 14.941, -70.082, 147.81, -25.660, -12.827, -12.900, 29.62, 0.15427, 0.57639, -0.05618, 0.80045,
 15:45:57.667,ed:40:fe:65:30:6c, 2015-01-01 03:57:17.235, 0.551, 0.02, 0.834, 0.122, 0.427, -0.305, 1.285, -33.261, -120.245, -18.207, -6.327, -7.680, 28.47, 0.47766, -0.24258, -0.15033, -0.83081,
 15:45:57.667,ed:40:fe:65:30:6c, 2015-01-01 03:57:17.235, 0.549, 0.016, 0.835, 0.183, 0.671, -0.244, 1.291, -33.25, -120.24, -18.207, -6.327, -7.680, 28.47, 0.47766, -0.24258, -0.15033, -0.83081,
 15:45:57.669,f6:90:cc:01:6d:25, 2015-01-01 03:57:12.310, 0.907, 0.236, 0.293, 0.061, -0.061, -0.061, 38.628, -66.962, 150.507, -26.447, -15.113, -8.967, 32.33, 0.01877, 0.57184, 0.13745, 0.80847,
 15:45:57.669,f6:90:cc:01:6d:25, 2015-01-01 03:57:12.310, 0.909, 0.233, 0.288, 0.366, -0.305, 0.061, 38.639, -66.962, 150.408, -26.447, -15.113, -8.967, 32.33, 0.01877, 0.57184, 0.13745, 0.80847,
 15:45:57.672,ed:35:33:d3:6c:f8, 2015-01-01 03:57:12.235, 0.338, -0.024, 0.928, -1.221, 0.732, -2.991, -1.653, -20.045, 159.532, -10.013, -6.680, -35.347, 30.72, -0.17737, -0.16873, 0.04492, -0.96848,
 15:45:57.672,ed:35:33:d3:6c:f8, 2015-01-01 03:57:12.235, 0.347, -0.025, 0.938, -0.427, 1.709, -2.136, -1.648, -20.023, 159.478, -10.013, -6.680, -35.347, 30.72, -0.17737, -0.16873, 0.04492, -0.96848,
 15:45:57.690,ed:40:fe:65:30:6c, 2015-01-01 03:57:17.235, 0.556, 0.014, 0.839, 0.305, 0.488, 0, 1.296, -33.239, -120.24, -18.207, -6.327, -7.680, 28.47, 0.48013, -0.24255, -0.15192, -0.82913,
 15:45:57.690,ed:40:fe:65:30:6c, 2015-01-01 03:57:17.235, 0.558, 0.015, 0.836, 0.549, 0.244, 0.183, 1.302, -33.234, -120.229, -18.207, -6.327, -7.680, 28.47, 0.48013, -0.24255, -0.15192, -0.82913,
 15:45:57.691,e3:ca:2d:fd:e0:8c, 2015-01-01 03:57:12.155, 0.961, 0.094, 0.355, -0.061, 0.793, -0.061, 14.925, -70.082, 147.821, -25.660, -12.827, -12.900, 29.62, 0.15427, 0.57639, -0.05618, 0.80045,
 15:45:57.691,e3:ca:2d:fd:e0:8c, 2015-01-01 03:57:12.155, 0.952, 0.087, 0.344, -0.61, 1.282, -0.671, 14.919, -70.06, 147.821, -25.660, -12.827, -12.900, 29.62, 0.15427, 0.57639, -0.05618, 0.80045,
 15:45:57.693,ed:35:33:d3:6c:f8, 2015-01-01 03:57:12.525, 0.346, -0.026, 0.935, 0.183, 1.465, -1.099, -1.631, -19.995, 159.445, -10.013, -6.680, -35.347, 30.72, -0.17737, -0.16873, 0.04492, -0.96848,
 15:45:57.693,ed:35:33:d3:6c:f8, 2015-01-01 03:57:12.525, 0.337, -0.026, 0.934, -0.244, 1.221, -1.099, -1.626, -19.973, 159.417, -10.013, -6.680, -35.347, 30.72, -0.17737, -0.16873, 0.04492, -0.96848,
 15:45:57.693,f6:90:cc:01:6d:25, 2015-01-01 03:57:12.310, 0.918, 0.239, 0.305, -0.183, 0.061, 0.061, 38.644, -66.967, 150.32, -26.447, -15.113, -8.967, 32.33, 0.02505, 0.57394, 0.13342, 0.8075,
 15:45:57.693,f6:90:cc:01:6d:25, 2015-01-01 03:57:12.310, 0.913, 0.238, 0.31, -0.671, 1.221, 0, 38.628, -66.967, 150.266, -26.447, -15.113, -8.967, 32.33, 0.02505, 0.57394, 0.13342, 0.8075,
 15:45:57.734,ed:40:fe:65:30:6c, 2015-01-01 03:57:17.235, 0.545, 0.016, 0.843, 0.244, 0.671, 0.122, 1.307, -33.228, -120.223, -18.207, -6.327, -7.680, 28.47, 0.48013, -0.24255, -0.15192, -0.82913,
 15:45:57.734,ed:40:fe:65:30:6c, 2015-01-01 03:57:17.235, 0.533, 0.02, 0.843, 0, 1.099, 0, 1.307, -33.212, -120.229, -18.207, -6.327, -7.680, 28.47, 0.48013, -0.24255, -0.15192, -0.82913,
 15:45:57.738,ed:35:33:d3:6c:f8, 2015-01-01 03:57:12.525, 0.323, -0.024, 0.937, -0.305, 1.282, -0.183, -1.626, -19.951, 159.384, -10.013, -6.680, -35.347, 30.72, -0.17737, -0.16873, 0.04492, -0.96848,
 15:45:57.738,ed:35:33:d3:6c:f8, 2015-01-01 03:57:12.525, 0.325, -0.022, 0.942, -0.122, 0.916, -0.305, -1.626, -19.935, 159.351, -10.013, -6.680, -35.347, 30.72, -0.17737, -0.16873, 0.04492, -0.96848,
 15:45:57.757,ed:40:fe:65:30:6c, 2015-01-01 03:57:17.590, 0.534, 0.022, 0.847, 0.122, 0.61, -0.061, 1.307, -33.195, -120.245, -18.207, -6.327, -7.680, 28.47, 0.48013, -0.24255, -0.15192, -0.82913,
 15:45:57.757,ed:40:fe:65:30:6c, 2015-01-01 03:57:17.590, 0.541, 0.024, 0.851, 0.061, -0.061, -0.061, 1.307, -33.19, -120.251, -18.207, -6.327, -7.680, 28.47, 0.48013, -0.24255, -0.15192, -0.82913,
 15:45:57.759,f6:90:cc:01:6d:25, 2015-01-01 03:57:12.310, 0.897, 0.242, 0.305, -0.183, 1.526, -0.061, 38.578, -66.951, 150.276, -26.447, -15.113, -8.967, 32.33, 0.02505, 0.57394, 0.13342, 0.8075,
 15:45:57.759,f6:90:cc:01:6d:25, 2015-01-01 03:57:12.310, 0.897, 0.242, 0.303, 0.122, 1.038, -0.122, 38.535, -66.929, 150.348, -26.447, -15.113, -8.967, 32.33, 0.02505, 0.57394, 0.13342, 0.8075,
 15:45:57.759,e3:ca:2d:fd:e0:8c, 2015-01-01 03:57:12.155, 0.955, 0.094, 0.331, -0.671, 0.916, -0.793, 14.919, -70.032, 147.81, -25.660, -12.827, -12.900, 29.62, 0.15427, 0.57639, -0.05618, 0.80045,
 15:45:57.759,e3:ca:2d:fd:e0:8c, 2015-01-01 03:57:12.155, 0.963, 0.088, 0.327, 0.244, 0.122, 0, 14.93, -70.016, 147.783, -25.660, -12.827, -12.900, 29.62, 0.15427, 0.57639, -0.05618, 0.80045,
 15:45:57.781,e3:ca:2d:fd:e0:8c, 2015-01-01 03:57:12.155, 0.957, 0.083, 0.332, 0.366, -0.427, 0.366, 14.93, -70.016, 147.772, -25.273, -12.753, -12.940, 29.62, 0.15427, 0.57639, -0.05618, 0.80045,
 15:45:57.781,e3:ca:2d:fd:e0:8c, 2015-01-01 03:57:12.155, 0.956, 0.092, 0.332, -0.366, -0.854, 0.305, 14.919, -70.027, 147.772, -25.273, -12.753, -12.940, 29.62, 0.15427, 0.57639, -0.05618, 0.80045,
 15:45:57.781,f6:90:cc:01:6d:25, 2015-01-01 03:57:12.665, 0.904, 0.24, 0.3, 0.366, 0.488, -0.183, 38.518, -66.912, 150.414, -26.447, -15.113, -8.967, 32.33, 0.02505, 0.57394, 0.13342, 0.8075,
 15:45:57.781,f6:90:cc:01:6d:25, 2015-01-01 03:57:12.665, 0.906, 0.242, 0.3, 0.305, -0.305, -0.061, 38.524, -66.907, 150.436, -26.447, -15.113, -8.967, 32.33, 0.02505, 0.57394, 0.13342, 0.8075,
 15:45:57.784,ed:35:33:d3:6c:f8, 2015-01-01 03:57:12.525, 0.334, -0.02, 0.945, 0.366, 0.977, 0, -1.62, -19.913, 159.357, -10.013, -6.680, -35.347, 30.72, -0.17737, -0.16873, 0.04492, -0.96848,
 15:45:57.784,ed:35:33:d3:6c:f8, 2015-01-01 03:57:12.525, 0.337, -0.017, 0.948, 1.953, 1.343, 0, -1.582, -19.885, 159.362, -10.013, -6.680, -35.347, 30.72, -0.17737, -0.16873, 0.04492, -0.96848,
 15:45:57.802,ed:40:fe:65:30:6c, 2015-01-01 03:57:17.590, 0.542, 0.023, 0.852, 0.244, -0.549, 0.061, 1.313, -33.19, -120.245, -18.207, -6.327, -7.680, 28.47, 0.48013, -0.24255, -0.15192, -0.82913,
 15:45:57.802,ed:40:fe:65:30:6c, 2015-01-01 03:57:17.590, 0.539, 0.021, 0.851, 0.183, -1.099, 0.061, 1.313, -33.206, -120.24, -18.207, -6.327, -7.680, 28.47, 0.48013, -0.24255, -0.15192, -0.82913,
 15:45:57.805,f6:90:cc:01:6d:25, 2015-01-01 03:57:12.665, 0.907, 0.242, 0.303, 0.183, -0.916, 0, 38.546, -66.912, 150.441, -26.447, -15.113, -8.967, 32.33, 0.02505, 0.57394, 0.13342, 0.8075,
 15:45:57.805,f6:90:cc:01:6d:25, 2015-01-01 03:57:12.665, 0.907, 0.238, 0.306, 0.366, -1.099, -0.061, 38.578, -66.929, 150.408, -26.447, -15.113, -8.967, 32.33, 0.02505, 0.57394, 0.13342, 0.8075,
 15:45:57.827,e3:ca:2d:fd:e0:8c, 2015-01-01 03:57:12.155, 0.956, 0.09, 0.336, -0.122, -1.282, 0.305, 14.914, -70.049, 147.766, -25.273, -12.753, -12.940, 29.62, 0.15427, 0.57639, -0.05618, 0.80045,
 15:45:57.827,e3:ca:2d:fd:e0:8c, 2015-01-01 03:57:12.155, 0.954, 0.084, 0.342, 0.366, -1.221, 0.488, 14.908, -70.076, 147.755, -25.273, -12.753, -12.940, 29.62, 0.15427, 0.57639, -0.05618, 0.80045,
 15:45:57.828,ed:35:33:d3:6c:f8, 2015-01-01 03:57:12.525, 0.34, -0.023, 0.947, 3.052, 1.587, 0.671, -1.533, -19.852, 159.406, -10.013, -6.680, -35.347, 30.72, -0.17737, -0.16873, 0.04492, -0.96848,
 15:45:57.828,ed:35:33:d3:6c:f8, 2015-01-01 03:57:12.525, 0.332, -0.022, 0.948, 4.395, 4.333, -0.671, -1.445, -19.781, 159.434, -10.013, -6.680, -35.347, 30.72, -0.17737, -0.16873, 0.04492, -0.96848,
 15:45:57.847,ed:40:fe:65:30:6c, 2015-01-01 03:57:17.590, 0.536, 0.021, 0.854, -0.061, -1.831, 0.183, 1.318, -33.228, -120.234, -18.207, -6.327, -7.680, 28.47, 0.48013, -0.24255, -0.15192, -0.82913,
 15:45:57.847,ed:40:fe:65:30:6c, 2015-01-01 03:57:17.590, 0.538, 0.021, 0.859, -0.488, -2.563, 0.183, 1.307, -33.267, -120.212, -18.207, -6.327, -7.680, 28.47, 0.48013, -0.24255, -0.15192, -0.82913,
 15:45:57.848,e3:ca:2d:fd:e0:8c, 2015-01-01 03:57:12.155, 0.956, 0.084, 0.341, 0.305, -1.404, 0.61, 14.908, -70.104, 147.772, -25.273, -12.753, -12.940, 29.62, 0.15378, 0.57642, -0.05597, 0.80054,
 15:45:57.848,e3:ca:2d:fd:e0:8c, 2015-01-01 03:57:12.155, 0.96, 0.09, 0.338, 0.061, -1.77, 0.488, 14.897, -70.131, 147.761, -25.273, -12.753, -12.940, 29.62, 0.15378, 0.57642, -0.05597, 0.80054,
 15:45:57.849,f6:90:cc:01:6d:25, 2015-01-01 03:57:12.665, 0.906, 0.235, 0.307, 0.122, -1.404, 0, 38.617, -66.945, 150.375, -26.447, -15.113, -8.967, 32.33, 0.02505, 0.57394, 0.13342, 0.8075,
 15:45:57.849,f6:90:cc:01:6d:25, 2015-01-01 03:57:12.665, 0.909, 0.237, 0.309, -0.061, -1.892, 0.122, 38.655, -66.973, 150.353, -26.447, -15.113, -8.967, 32.33, 0.02505, 0.57394, 0.13342, 0.8075,
 15:45:57.869,ed:40:fe:65:30:6c, 2015-01-01 03:57:17.590, 0.558, 0.017, 0.851, -0.854, -3.113, 0.244, 1.296, -33.311, -120.185, -18.207, -6.327, -7.680, 28.47, 0.48013, -0.24255, -0.15192, -0.82913,
 15:45:57.869,ed:40:fe:65:30:6c, 2015-01-01 03:57:17.590, 0.569, 0.01, 0.828, -0.183, -2.258, 0, 1.285, -33.354, -120.174, -18.207, -6.327, -7.680, 28.47, 0.48013, -0.24255, -0.15192, -0.82913,
 15:45:57.874,ed:35:33:d3:6c:f8, 2015-01-01 03:57:12.525, 0.341, -0.017, 0.954, 3.906, 7.141, -0.793, -1.357, -19.649, 159.45, -10.013, -6.680, -35.347, 30.72, -0.17737, -0.16873, 0.04492, -0.96848,
 15:45:57.874,ed:35:33:d3:6c:f8, 2015-01-01 03:57:12.525, 0.349, -0.023, 0.938, 4.456, 11.23, -0.244, -1.263, -19.451, 159.478, -10.013, -6.680, -35.347, 30.72, -0.17737, -0.16873, 0.04492, -0.96848,
 15:45:57.894,e3:ca:2d:fd:e0:8c, 2015-01-01 03:57:12.155, 0.958, 0.091, 0.341, 0.305, -1.648, 0.427, 14.897, -70.164, 147.75, -25.273, -12.753, -12.940, 29.62, 0.15378, 0.57642, -0.05597, 0.80054,
 15:45:57.894,e3:ca:2d:fd:e0:8c, 2015-01-01 03:57:12.155, 0.951, 0.088, 0.344, 0.305, -1.221, 0.244, 14.903, -70.192, 147.744, -25.273, -12.753, -12.940, 29.62, 0.15378, 0.57642, -0.05597, 0.80054,
 15:45:57.894,f6:90:cc:01:6d:25, 2015-01-01 03:57:12.665, 0.917, 0.241, 0.306, 0.488, -2.014, 0, 38.71, -67, 150.309, -26.447, -15.113, -8.967, 32.33, 0.02505, 0.57394, 0.13342, 0.8075,
 15:45:57.894,f6:90:cc:01:6d:25, 2015-01-01 03:57:12.665, 0.913, 0.24, 0.305, 1.16, -2.075, -0.183, 38.782, -67.028, 150.271, -26.447, -15.113, -8.967, 32.33, 0.02505, 0.57394, 0.13342, 0.8075,
 15:45:57.896,ed:35:33:d3:6c:f8, 2015-01-01 03:57:12.525, 0.304, -0.03, 0.928, 0.977, 8.24, -3.357, -1.208, -19.276, 159.428, -9.553, -6.900, -35.473, 30.72, -0.17737, -0.16873, 0.04492, -0.96848,
 15:45:57.896,ed:35:33:d3:6c:f8, 2015-01-01 03:57:12.525, 0.371, -0.013, 0.905, 1.404, -12.878, -2.991, -1.165, -19.435, 159.351, -9.553, -6.900, -35.473, 30.72, -0.17737, -0.16873, 0.04492, -0.96848,
 15:45:57.916,ed:40:fe:65:30:6c, 2015-01-01 03:57:17.590, 0.569, 0.013, 0.816, 0.793, -0.366, -0.061, 1.291, -33.376, -120.174, -18.207, -6.327, -7.680, 28.47, 0.48013, -0.24255, -0.15192, -0.82913,
 15:45:57.916,ed:40:fe:65:30:6c, 2015-01-01 03:57:17.590, 0.583, 0.019, 0.794, 1.648, 1.953, 0.488, 1.313, -33.36, -120.152, -18.207, -6.327, -7.680, 28.47, 0.48013, -0.24255, -0.15192, -0.82913,
 15:45:57.917,f6:90:cc:01:6d:25, 2015-01-01 03:57:12.665, 0.904, 0.236, 0.304, 1.526, -1.648, -0.244, 38.864, -67.055, 150.249, -26.447, -15.113, -8.967, 32.33, 0.02505, 0.57394, 0.13342, 0.8075,
 15:45:57.917,f6:90:cc:01:6d:25, 2015-01-01 03:57:12.665, 0.912, 0.239, 0.287, 1.77, -0.305, -0.061, 38.925, -67.066, 150.255, -26.447, -15.113, -8.967, 32.33, 0.02505, 0.57394, 0.13342, 0.8075,
 15:45:57.938,e3:ca:2d:fd:e0:8c, 2015-01-01 03:57:12.495, 0.952, 0.086, 0.34, 0, -1.099, 0.061, 14.908, -70.214, 147.75, -25.273, -12.753, -12.940, 29.62, 0.15378, 0.57642, -0.05597, 0.80054,
 15:45:57.938,e3:ca:2d:fd:e0:8c, 2015-01-01 03:57:12.495, 0.963, 0.087, 0.333, 0, -0.549, 0, 14.914, -70.23, 147.733, -25.273, -12.753, -12.940, 29.62, 0.15378, 0.57642, -0.05597, 0.80054,
 15:45:57.940,ed:35:33:d3:6c:f8, 2015-01-01 03:57:12.525, 0.382, -0.004, 0.866, 6.714, 2.991, 3.235, -1.071, -19.457, 159.373, -9.553, -6.900, -35.473, 30.72, -0.17737, -0.16873, 0.04492, -0.96848,
 15:45:57.940,ed:35:33:d3:6c:f8, 2015-01-01 03:57:12.525, 0.34, -0.006, 0.883, 3.906, 10.437, -1.892, -0.978, -19.297, 159.296, -9.553, -6.900, -35.473, 30.72, -0.17737, -0.16873, 0.04492, -0.96848,
 15:45:57.960,ed:40:fe:65:30:6c, 2015-01-01 03:57:17.590, 0.586, 0.021, 0.787, 1.892, 3.601, 0.916, 1.335, -33.305, -120.125, -18.207, -6.327, -7.680, 28.47, 0.48013, -0.24255, -0.15192, -0.82913,
 15:45:57.960,ed:40:fe:65:30:6c, 2015-01-01 03:57:17.590, 0.572, 0.02, 0.812, 1.526, 4.089, 0.977, 1.351, -33.239, -120.092, -18.207, -6.327, -7.680, 28.47, 0.48013, -0.24255, -0.15192, -0.82913,
 15:45:57.963,f6:90:cc:01:6d:25, 2015-01-01 03:57:12.665, 0.923, 0.246, 0.275, 1.343, 1.77, 0.244, 38.925, -67.055, 150.32, -26.447, -15.113, -8.967, 32.33, 0.02505, 0.57394, 0.13342, 0.8075,
 15:45:57.963,f6:90:cc:01:6d:25, 2015-01-01 03:57:12.665, 0.925, 0.248, 0.276, 0.366, 2.991, 0.549, 38.859, -67.028, 150.397, -26.447, -15.113, -8.967, 32.33, 0.02505, 0.57394, 0.13342, 0.8075,
 15:45:57.984,e3:ca:2d:fd:e0:8c, 2015-01-01 03:57:12.495, 0.974, 0.086, 0.331, 0.061, 0.732, 0, 14.908, -70.225, 147.733, -25.273, -12.753, -12.940, 29.62, 0.15378, 0.57642, -0.05597, 0.80054,
 15:45:57.984,e3:ca:2d:fd:e0:8c, 2015-01-01 03:57:12.495, 0.978, 0.087, 0.324, 0, 1.831, -0.305, 14.897, -70.197, 147.75, -25.273, -12.753, -12.940, 29.62, 0.15378, 0.57642, -0.05597, 0.80054,
 15:45:57.986,ed:35:33:d3:6c:f8, 2015-01-01 03:57:12.525, 0.328, 0, 0.933, 2.502, 9.277, -0.977, -0.912, -19.127, 159.17, -9.553, -6.900, -35.473, 30.72, -0.17737, -0.16873, 0.04492, -0.96848,
 15:45:57.986,ed:35:33:d3:6c:f8, 2015-01-01 03:57:12.525, 0.32, -0.008, 0.966, 0.854, 7.141, 1.099, -0.89, -18.99, 159.082, -9.553, -6.900, -35.473, 30.72, -0.17737, -0.16873, 0.04492, -0.96848,
 15:45:58.006,e3:ca:2d:fd:e0:8c, 2015-01-01 03:57:12.495, 0.978, 0.09, 0.316, -0.183, 2.197, -0.427, 14.886, -70.153, 147.728, -25.273, -12.753, -12.940, 29.62, 0.15378, 0.57642, -0.05597, 0.80054,
 15:45:58.006,e3:ca:2d:fd:e0:8c, 2015-01-01 03:57:12.495, 0.969, 0.09, 0.312, -0.244, 1.77, -0.366, 14.875, -70.12, 147.7, -25.273, -12.753, -12.940, 29.62, 0.15378, 0.57642, -0.05597, 0.80054,
 15:45:58.028,ed:40:fe:65:30:6c, 2015-01-01 03:57:17.590, 0.558, 0.019, 0.845, 1.038, 3.601, 1.038, 1.362, -33.179, -120.064, -18.413, -6.360, -7.860, 28.47, 0.48013, -0.24255, -0.15192, -0.82913,
 15:45:58.028,ed:40:fe:65:30:6c, 2015-01-01 03:57:17.590, 0.549, 0.019, 0.863, 0.732, 2.563, 0.854, 1.368, -33.135, -120.031, -18.413, -6.360, -7.860, 28.47, 0.48013, -0.24255, -0.15192, -0.82913,
 15:45:58.030,ed:35:33:d3:6c:f8, 2015-01-01 03:57:12.840, 0.312, -0.015, 0.985, 0.366, 4.761, 1.099, -0.884, -18.896, 159.022, -9.553, -6.900, -35.473, 30.72, -0.17737, -0.16873, 0.04492, -0.96848,
 15:45:58.030,ed:35:33:d3:6c:f8, 2015-01-01 03:57:12.840, 0.31, -0.02, 0.985, 0.488, 1.892, 0.671, -0.879, -18.858, 158.983, -9.553, -6.900, -35.473, 30.72, -0.17737, -0.16873, 0.04492, -0.96848,
 15:45:58.030,f6:90:cc:01:6d:25, 2015-01-01 03:57:12.665, 0.921, 0.25, 0.28, -0.488, 3.052, 0.61, 38.754, -66.995, 150.452, -26.620, -14.847, -7.593, 32.33, 0.02505, 0.57394, 0.13342, 0.8075,
 15:45:58.030,f6:90:cc:01:6d:25, 2015-01-01 03:57:12.665, 0.914, 0.249, 0.285, -0.793, 2.319, 0.549, 38.655, -66.962, 150.529, -26.620, -14.847, -7.593, 32.33, 0.02505, 0.57394, 0.13342, 0.8075,
 15:45:58.049,ed:40:fe:65:30:6c, 2015-01-01 03:57:17.590, 0.542, 0.019, 0.867, 0.488, 1.16, 0.427, 1.368, -33.107, -120.009, -18.413, -6.360, -7.860, 28.47, 0.48209, -0.241, -0.15234, -0.82837,
 15:45:58.049,ed:40:fe:65:30:6c, 2015-01-01 03:57:17.590, 0.539, 0.019, 0.861, 0, -0.061, 0, 1.373, -33.102, -120.009, -18.413, -6.360, -7.860, 28.47, 0.48209, -0.241, -0.15234, -0.82837,
 15:45:58.051,e3:ca:2d:fd:e0:8c, 2015-01-01 03:57:12.495, 0.958, 0.087, 0.316, -0.244, 0.977, -0.244, 14.87, -70.098, 147.667, -25.273, -12.753, -12.940, 29.62, 0.15378, 0.57642, -0.05597, 0.80054,
 15:45:58.051,e3:ca:2d:fd:e0:8c, 2015-01-01 03:57:12.495, 0.95, 0.087, 0.325, -0.183, 0.305, -0.061, 14.865, -70.093, 147.629, -25.273, -12.753, -12.940, 29.62, 0.15378, 0.57642, -0.05597, 0.80054,
 15:45:58.052,f6:90:cc:01:6d:25, 2015-01-01 03:57:12.665, 0.907, 0.246, 0.287, -0.61, 1.282, 0.366, 38.589, -66.951, 150.568, -26.620, -14.847, -7.593, 32.33, 0.02365, 0.57352, 0.1344, 0.80768,
 15:45:58.052,f6:90:cc:01:6d:25, 2015-01-01 03:57:12.665, 0.901, 0.239, 0.292, -0.427, 0.427, 0.244, 38.562, -66.945, 150.579, -26.620, -14.847, -7.593, 32.33, 0.02365, 0.57352, 0.1344, 0.80768,
 15:45:58.076,ed:35:33:d3:6c:f8, 2015-01-01 03:57:12.840, 0.309, -0.017, 0.971, -0.244, 0, 0.122, -0.884, -18.853, 158.956, -9.553, -6.900, -35.473, 30.72, -0.17737, -0.16873, 0.04492, -0.96848,
 15:45:58.076,ed:35:33:d3:6c:f8, 2015-01-01 03:57:12.840, 0.308, -0.015, 0.955, -0.366, -1.282, 0, -0.89, -18.875, 158.95, -9.553, -6.900, -35.473, 30.72, -0.17737, -0.16873, 0.04492, -0.96848,
 15:45:58.096,ed:40:fe:65:30:6c, 2015-01-01 03:57:17.590, 0.534, 0.017, 0.85, -0.366, -0.916, -0.061, 1.368, -33.118, -120.009, -18.413, -6.360, -7.860, 28.47, 0.48209, -0.241, -0.15234, -0.82837,
 15:45:58.096,ed:40:fe:65:30:6c, 2015-01-01 03:57:17.590, 0.531, 0.013, 0.839, -0.427, -1.038, 0, 1.357, -33.14, -119.998, -18.413, -6.360, -7.860, 28.47, 0.48209, -0.241, -0.15234, -0.82837,
 15:45:58.098,ed:35:33:d3:6c:f8, 2015-01-01 03:57:12.840, 0.306, -0.018, 0.937, 0.061, -2.441, 0.061, -0.89, -18.913, 158.972, -9.553, -6.900, -35.473, 30.72, -0.17737, -0.16873, 0.04492, -0.96848,
 15:45:58.098,ed:35:33:d3:6c:f8, 2015-01-01 03:57:12.840, 0.307, -0.015, 0.93, 0.244, -1.16, 0.183, -0.89, -18.94, 159.016, -9.553, -6.900, -35.473, 30.72, -0.17737, -0.16873, 0.04492, -0.96848,
 15:45:58.098,f6:90:cc:01:6d:25, 2015-01-01 03:57:12.665, 0.897, 0.235, 0.3, -0.244, -0.244, 0, 38.568, -66.951, 150.529, -26.620, -14.847, -7.593, 32.33, 0.02365, 0.57352, 0.1344, 0.80768,
 15:45:58.098,f6:90:cc:01:6d:25, 2015-01-01 03:57:12.665, 0.896, 0.231, 0.311, -0.366, -0.366, -0.122, 38.584, -66.962, 150.48, -26.620, -14.847, -7.593, 32.33, 0.02365, 0.57352, 0.1344, 0.80768,
 15:45:58.118,ed:40:fe:65:30:6c, 2015-01-01 03:57:17.950, 0.532, 0.014, 0.835, -0.366, -0.916, -0.122, 1.351, -33.157, -119.998, -18.413, -6.360, -7.860, 28.47, 0.48209, -0.241, -0.15234, -0.82837,
 15:45:58.118,ed:40:fe:65:30:6c, 2015-01-01 03:57:17.950, 0.535, 0.019, 0.837, -0.244, -0.61, -0.061, 1.346, -33.168, -120.004, -18.413, -6.360, -7.860, 28.47, 0.48209, -0.241, -0.15234, -0.82837,
 15:45:58.120,e3:ca:2d:fd:e0:8c, 2015-01-01 03:57:12.495, 0.942, 0.087, 0.34, 0, 0, 0, 14.865, -70.098, 147.596, -25.273, -12.753, -12.940, 29.62, 0.15378, 0.57642, -0.05597, 0.80054,
 15:45:58.120,e3:ca:2d:fd:e0:8c, 2015-01-01 03:57:12.495, 0.941, 0.086, 0.351, 0.122, -0.061, 0.061, 14.865, -70.104, 147.557, -25.273, -12.753, -12.940, 29.62, 0.15378, 0.57642, -0.05597, 0.80054,
 15:45:58.120,f6:90:cc:01:6d:25, 2015-01-01 03:57:13.025, 0.901, 0.231, 0.318, -0.122, 0.061, -0.183, 38.595, -66.967, 150.491, -26.620, -14.847, -7.593, 32.33, 0.02365, 0.57352, 0.1344, 0.80768,
 15:45:58.120,f6:90:cc:01:6d:25, 2015-01-01 03:57:13.025, 0.905, 0.232, 0.324, -0.061, 0.549, -0.061, 38.584, -66.962, 150.513, -26.620, -14.847, -7.593, 32.33, 0.02365, 0.57352, 0.1344, 0.80768,
 15:45:58.142,e3:ca:2d:fd:e0:8c, 2015-01-01 03:57:12.495, 0.945, 0.085, 0.36, 0.244, 0.061, 0, 14.865, -70.104, 147.546, -25.760, -12.720, -12.780, 29.62, 0.15378, 0.57642, -0.05597, 0.80054,
 15:45:58.142,e3:ca:2d:fd:e0:8c, 2015-01-01 03:57:12.495, 0.949, 0.086, 0.36, 0.244, 0.244, -0.061, 14.865, -70.098, 147.557, -25.760, -12.720, -12.780, 29.62, 0.15378, 0.57642, -0.05597, 0.80054,
 15:45:58.143,ed:35:33:d3:6c:f8, 2015-01-01 03:57:12.840, 0.31, -0.008, 0.929, 0.61, -0.916, 0.427, -0.884, -18.957, 159.093, -9.553, -6.900, -35.473, 30.72, -0.17737, -0.16873, 0.04492, -0.96848,
 15:45:58.143,ed:35:33:d3:6c:f8, 2015-01-01 03:57:12.840, 0.308, -0.006, 0.935, 0.427, 0.183, 0.549, -0.879, -18.957, 159.164, -9.553, -6.900, -35.473, 30.72, -0.17737, -0.16873, 0.04492, -0.96848,
 15:45:58.162,ed:40:fe:65:30:6c, 2015-01-01 03:57:17.950, 0.535, 0.021, 0.843, 0.061, -0.061, 0.122, 1.34, -33.168, -120.015, -18.413, -6.360, -7.860, 28.47, 0.48209, -0.241, -0.15234, -0.82837,
 15:45:58.162,ed:40:fe:65:30:6c, 2015-01-01 03:57:17.950, 0.534, 0.02, 0.849, 0.122, 0.366, 0.122, 1.34, -33.157, -120.031, -18.413, -6.360, -7.860, 28.47, 0.48209, -0.241, -0.15234, -0.82837,
 15:45:58.165,f6:90:cc:01:6d:25, 2015-01-01 03:57:13.025, 0.905, 0.235, 0.323, 0, 0.854, 0, 38.557, -66.951, 150.584, -26.620, -14.847, -7.593, 32.33, 0.02365, 0.57352, 0.1344, 0.80768,
 15:45:58.165,f6:90:cc:01:6d:25, 2015-01-01 03:57:13.025, 0.903, 0.236, 0.32, 0, 0.793, 0.122, 38.518, -66.934, 150.672, -26.620, -14.847, -7.593, 32.33, 0.02365, 0.57352, 0.1344, 0.80768,
 15:45:58.186,e3:ca:2d:fd:e0:8c, 2015-01-01 03:57:12.495, 0.951, 0.089, 0.356, 0.244, 0.305, -0.122, 14.865, -70.087, 147.563, -25.760, -12.720, -12.780, 29.62, 0.15378, 0.57642, -0.05597, 0.80054,
 15:45:58.186,e3:ca:2d:fd:e0:8c, 2015-01-01 03:57:12.495, 0.954, 0.091, 0.347, 0.061, 0.122, -0.183, 14.865, -70.076, 147.574, -25.760, -12.720, -12.780, 29.62, 0.15378, 0.57642, -0.05597, 0.80054,
 15:45:58.188,ed:35:33:d3:6c:f8, 2015-01-01 03:57:12.840, 0.306, -0.01, 0.942, 0.732, 0, 0.61, -0.868, -18.946, 159.269, -9.553, -6.900, -35.473, 30.72, -0.17737, -0.16873, 0.04492, -0.96848,
 15:45:58.188,ed:35:33:d3:6c:f8, 2015-01-01 03:57:12.840, 0.306, -0.012, 0.949, 0.183, 0.122, 0.122, -0.862, -18.94, 159.362, -9.553, -6.900, -35.473, 30.72, -0.17737, -0.16873, 0.04492, -0.96848,
 15:45:58.208,e3:ca:2d:fd:e0:8c, 2015-01-01 03:57:12.495, 0.957, 0.092, 0.338, 0, -0.183, -0.122, 14.865, -70.071, 147.59, -25.760, -12.720, -12.780, 29.62, 0.15527, 0.5762, -0.05716, 0.80032,
 15:45:58.208,e3:ca:2d:fd:e0:8c, 2015-01-01 03:57:12.495, 0.959, 0.09, 0.331, -0.122, -0.732, 0.061, 14.87, -70.071, 147.596, -25.760, -12.720, -12.780, 29.62, 0.15527, 0.5762, -0.05716, 0.80032,
 15:45:58.208,ed:40:fe:65:30:6c, 2015-01-01 03:57:17.950, 0.534, 0.021, 0.853, 0.122, 0.488, 0.122, 1.34, -33.146, -120.037, -18.413, -6.360, -7.860, 28.47, 0.48209, -0.241, -0.15234, -0.82837,
 15:45:58.208,ed:40:fe:65:30:6c, 2015-01-01 03:57:17.950, 0.539, 0.021, 0.851, 0.122, 0.366, 0, 1.34, -33.129, -120.026, -18.413, -6.360, -7.860, 28.47, 0.48209, -0.241, -0.15234, -0.82837,
 15:45:58.210,f6:90:cc:01:6d:25, 2015-01-01 03:57:13.025, 0.902, 0.24, 0.315, 0, 0.305, 0.061, 38.485, -66.923, 150.749, -26.620, -14.847, -7.593, 32.33, 0.02365, 0.57352, 0.1344, 0.80768,
 15:45:58.210,f6:90:cc:01:6d:25, 2015-01-01 03:57:13.025, 0.903, 0.242, 0.305, 0.122, -0.061, 0, 38.469, -66.918, 150.82, -26.620, -14.847, -7.593, 32.33, 0.02365, 0.57352, 0.1344, 0.80768,
 15:45:58.230,ed:40:fe:65:30:6c, 2015-01-01 03:57:17.950, 0.544, 0.022, 0.846, -0.061, 0.061, -0.122, 1.34, -33.118, -120.026, -18.413, -6.360, -7.860, 28.47, 0.48209, -0.241, -0.15234, -0.82837,
 15:45:58.230,ed:40:fe:65:30:6c, 2015-01-01 03:57:17.950, 0.55, 0.021, 0.844, -0.244, -0.183, -0.183, 1.34, -33.113, -120.02, -18.413, -6.360, -7.860, 28.47, 0.48209, -0.241, -0.15234, -0.82837,
 15:45:58.233,ed:35:33:d3:6c:f8, 2015-01-01 03:57:12.840, 0.312, -0.011, 0.949, 0, 0, -0.061, -0.857, -18.929, 159.445, -9.740, -7.173, -35.573, 30.72, -0.17737, -0.16873, 0.04492, -0.96848,
 15:45:58.233,ed:35:33:d3:6c:f8, 2015-01-01 03:57:12.840, 0.319, -0.01, 0.948, -0.122, -0.427, -0.244, -0.857, -18.935, 159.505, -9.740, -7.173, -35.573, 30.72, -0.17737, -0.16873, 0.04492, -0.96848,
 15:45:58.254,e3:ca:2d:fd:e0:8c, 2015-01-01 03:57:12.495, 0.962, 0.089, 0.327, -0.244, -1.099, 0.183, 14.87, -70.087, 147.612, -25.760, -12.720, -12.780, 29.62, 0.15527, 0.5762, -0.05716, 0.80032,
 15:45:58.254,e3:ca:2d:fd:e0:8c, 2015-01-01 03:57:12.495, 0.964, 0.088, 0.326, -0.122, -1.343, 0.305, 14.87, -70.109, 147.618, -25.760, -12.720, -12.780, 29.62, 0.15527, 0.5762, -0.05716, 0.80032,
 15:45:58.254,f6:90:cc:01:6d:25, 2015-01-01 03:57:13.025, 0.907, 0.243, 0.298, 0.122, -0.549, -0.122, 38.474, -66.923, 150.859, -26.620, -14.847, -7.593, 32.33, 0.02365, 0.57352, 0.1344, 0.80768,
 15:45:58.254,f6:90:cc:01:6d:25, 2015-01-01 03:57:13.025, 0.911, 0.242, 0.294, 0.061, -0.977, -0.244, 38.502, -66.929, 150.848, -26.620, -14.847, -7.593, 32.33, 0.02365, 0.57352, 0.1344, 0.80768,
 15:45:58.256,ed:35:33:d3:6c:f8, 2015-01-01 03:57:12.840, 0.326, -0.009, 0.947, -0.366, -1.038, -0.244, -0.862, -18.946, 159.554, -9.740, -7.173, -35.573, 30.72, -0.17621, -0.16068, 0.03653, -0.97043,
 15:45:58.256,ed:35:33:d3:6c:f8, 2015-01-01 03:57:12.840, 0.333, -0.01, 0.945, -0.366, -1.038, -0.244, -0.868, -18.962, 159.582, -9.740, -7.173, -35.573, 30.72, -0.17621, -0.16068, 0.03653, -0.97043,
 15:45:58.275,ed:40:fe:65:30:6c, 2015-01-01 03:57:17.950, 0.559, 0.019, 0.841, -0.244, -0.488, -0.122, 1.335, -33.113, -120.02, -18.413, -6.360, -7.860, 28.47, 0.48209, -0.241, -0.15234, -0.82837,
 15:45:58.275,ed:40:fe:65:30:6c, 2015-01-01 03:57:17.950, 0.563, 0.019, 0.838, -0.122, -0.732, -0.183, 1.335, -33.124, -120.037, -18.413, -6.360, -7.860, 28.47, 0.48209, -0.241, -0.15234, -0.82837,
 15:45:58.298,e3:ca:2d:fd:e0:8c, 2015-01-01 03:57:12.850, 0.967, 0.087, 0.327, 0, -1.282, 0.427, 14.865, -70.131, 147.634, -25.760, -12.720, -12.780, 29.62, 0.15527, 0.5762, -0.05716, 0.80032,
 15:45:58.298,e3:ca:2d:fd:e0:8c, 2015-01-01 03:57:12.850, 0.966, 0.086, 0.33, 0.061, -0.854, 0.366, 14.859, -70.159, 147.651, -25.760, -12.720, -12.780, 29.62, 0.15527, 0.5762, -0.05716, 0.80032,
 15:45:58.299,f6:90:cc:01:6d:25, 2015-01-01 03:57:13.025, 0.915, 0.243, 0.292, 0.122, -1.16, -0.244, 38.54, -66.94, 150.82, -26.620, -14.847, -7.593, 32.33, 0.02365, 0.57352, 0.1344, 0.80768,
 15:45:58.299,f6:90:cc:01:6d:25, 2015-01-01 03:57:13.025, 0.918, 0.245, 0.291, 0.183, -0.977, -0.244, 38.578, -66.956, 150.809, -26.620, -14.847, -7.593, 32.33, 0.02365, 0.57352, 0.1344, 0.80768,
 15:45:58.302,ed:35:33:d3:6c:f8, 2015-01-01 03:57:12.840, 0.339, -0.01, 0.944, 0, -1.282, 0, -0.862, -18.979, 159.631, -9.740, -7.173, -35.573, 30.72, -0.17621, -0.16068, 0.03653, -0.97043,
 15:45:58.302,ed:35:33:d3:6c:f8, 2015-01-01 03:57:12.840, 0.339, -0.009, 0.943, 1.343, -1.709, 1.16, -0.84, -19.012, 159.703, -9.740, -7.173, -35.573, 30.72, -0.17621, -0.16068, 0.03653, -0.97043,
 15:45:58.342,ed:40:fe:65:30:6c, 2015-01-01 03:57:17.950, 0.564, 0.019, 0.837, -0.061, -0.916, -0.183, 1.34, -33.14, -120.042, -18.413, -6.360, -7.860, 28.47, 0.48209, -0.241, -0.15234, -0.82837,
 15:45:58.342,ed:40:fe:65:30:6c, 2015-01-01 03:57:17.950, 0.561, 0.018, 0.837, -0.183, -0.977, -0.183, 1.34, -33.157, -120.048, -18.413, -6.360, -7.860, 28.47, 0.48209, -0.241, -0.15234, -0.82837,
 15:45:58.343,e3:ca:2d:fd:e0:8c, 2015-01-01 03:57:12.850, 0.963, 0.086, 0.333, 0.183, -0.549, 0.305, 14.854, -70.17, 147.662, -25.760, -12.720, -12.780, 29.62, 0.15527, 0.5762, -0.05716, 0.80032,
 15:45:58.344,e3:ca:2d:fd:e0:8c, 2015-01-01 03:57:12.850, 0.96, 0.086, 0.334, 0.183, -0.244, 0.122, 14.848, -70.181, 147.651, -25.760, -12.720, -12.780, 29.62, 0.15527, 0.5762, -0.05716, 0.80032,
 15:45:58.345,f6:90:cc:01:6d:25, 2015-01-01 03:57:13.025, 0.918, 0.244, 0.293, 0.122, -0.732, -0.122, 38.617, -66.967, 150.809, -26.620, -14.847, -7.593, 32.33, 0.02365, 0.57352, 0.1344, 0.80768,
 15:45:58.345,f6:90:cc:01:6d:25, 2015-01-01 03:57:13.025, 0.915, 0.242, 0.293, 0, -0.427, -0.061, 38.639, -66.973, 150.804, -26.620, -14.847, -7.593, 32.33, 0.02365, 0.57352, 0.1344, 0.80768,
 15:45:58.347,ed:35:33:d3:6c:f8, 2015-01-01 03:57:13.150, 0.337, -0.01, 0.942, 1.099, -2.136, 0.977, -0.824, -19.056, 159.747, -9.740, -7.173, -35.573, 30.72, -0.17621, -0.16068, 0.03653, -0.97043,
 15:45:58.347,ed:35:33:d3:6c:f8, 2015-01-01 03:57:13.150, 0.334, -0.008, 0.938, 0.854, -2.319, 1.038, -0.813, -19.1, 159.796, -9.740, -7.173, -35.573, 30.72, -0.17621, -0.16068, 0.03653, -0.97043,
 15:45:58.366,ed:40:fe:65:30:6c, 2015-01-01 03:57:17.950, 0.557, 0.018, 0.836, -0.244, -0.854, -0.244, 1.335, -33.179, -120.053, -18.360, -6.513, -7.820, 28.47, 0.48209, -0.241, -0.15234, -0.82837,
 15:45:58.366,ed:40:fe:65:30:6c, 2015-01-01 03:57:17.950, 0.553, 0.02, 0.834, -0.122, -0.61, 0, 1.335, -33.19, -120.037, -18.360, -6.513, -7.820, 28.47, 0.48209, -0.241, -0.15234, -0.82837,
 15:45:58.367,f6:90:cc:01:6d:25, 2015-01-01 03:57:13.025, 0.911, 0.24, 0.295, 0, -0.183, 0, 38.65, -66.978, 150.815, -26.713, -15.120, -7.373, 32.33, 0.02365, 0.57352, 0.1344, 0.80768,
 15:45:58.367,f6:90:cc:01:6d:25, 2015-01-01 03:57:13.025, 0.907, 0.24, 0.296, 0, 0, 0, 38.655, -66.984, 150.826, -26.713, -15.120, -7.373, 32.33, 0.02365, 0.57352, 0.1344, 0.80768,
 15:45:58.388,e3:ca:2d:fd:e0:8c, 2015-01-01 03:57:12.850, 0.958, 0.087, 0.333, 0.244, 0, 0, 14.854, -70.186, 147.612, -25.760, -12.720, -12.780, 29.62, 0.15527, 0.5762, -0.05716, 0.80032,
 15:45:58.388,e3:ca:2d:fd:e0:8c, 2015-01-01 03:57:12.850, 0.956, 0.087, 0.333, 0.183, 0.183, 0, 14.854, -70.186, 147.601, -25.760, -12.720, -12.780, 29.62, 0.15527, 0.5762, -0.05716, 0.80032,
 15:45:58.392,ed:35:33:d3:6c:f8, 2015-01-01 03:57:13.150, 0.333, -0.004, 0.935, 0.305, -2.319, 0.488, -0.807, -19.149, 159.802, -9.740, -7.173, -35.573, 30.72, -0.17621, -0.16068, 0.03653, -0.97043,
 15:45:58.392,ed:35:33:d3:6c:f8, 2015-01-01 03:57:13.150, 0.326, -0.004, 0.934, 0.366, -2.258, 0.977, -0.802, -19.193, 159.818, -9.740, -7.173, -35.573, 30.72, -0.17621, -0.16068, 0.03653, -0.97043,
 15:45:58.410,e3:ca:2d:fd:e0:8c, 2015-01-01 03:57:12.850, 0.956, 0.088, 0.334, 0, 0.183, -0.061, 14.854, -70.181, 147.623, -25.760, -12.720, -12.780, 29.62, 0.15527, 0.5762, -0.05716, 0.80032,
 15:45:58.410,e3:ca:2d:fd:e0:8c, 2015-01-01 03:57:12.850, 0.958, 0.087, 0.336, 0, 0.122, 0, 14.854, -70.181, 147.634, -25.760, -12.720, -12.780, 29.62, 0.15527, 0.5762, -0.05716, 0.80032,
 15:45:58.412,ed:40:fe:65:30:6c, 2015-01-01 03:57:17.950, 0.548, 0.02, 0.835, 0, -0.366, 0.305, 1.329, -33.201, -120.02, -18.360, -6.513, -7.820, 28.47, 0.48209, -0.241, -0.15234, -0.82837,
 15:45:58.412,ed:40:fe:65:30:6c, 2015-01-01 03:57:17.950, 0.546, 0.017, 0.835, 0.122, -0.244, 0.366, 1.329, -33.212, -119.998, -18.360, -6.513, -7.820, 28.47, 0.48209, -0.241, -0.15234, -0.82837,
 15:45:58.414,f6:90:cc:01:6d:25, 2015-01-01 03:57:13.025, 0.905, 0.24, 0.298, 0, 0.183, 0, 38.655, -66.984, 150.826, -26.713, -15.120, -7.373, 32.33, 0.02365, 0.57352, 0.1344, 0.80768,
 15:45:58.414,f6:90:cc:01:6d:25, 2015-01-01 03:57:13.025, 0.908, 0.241, 0.3, 0, 0.122, 0, 38.655, -66.984, 150.798, -26.713, -15.120, -7.373, 32.33, 0.02365, 0.57352, 0.1344, 0.80768,
 15:45:58.433,ed:40:fe:65:30:6c, 2015-01-01 03:57:17.950, 0.55, 0.017, 0.838, 0.122, -0.061, 0.183, 1.329, -33.217, -119.976, -18.360, -6.513, -7.820, 28.47, 0.48196, -0.24191, -0.1525, -0.82816,
 15:45:58.433,ed:40:fe:65:30:6c, 2015-01-01 03:57:17.950, 0.552, 0.018, 0.836, 0.183, 0.244, 0.122, 1.329, -33.212, -119.976, -18.360, -6.513, -7.820, 28.47, 0.48196, -0.24191, -0.1525, -0.82816,
 15:45:58.436,ed:35:33:d3:6c:f8, 2015-01-01 03:57:13.150, 0.33, -0.014, 0.934, 0.427, -2.197, 0.671, -0.797, -19.243, 159.835, -9.740, -7.173, -35.573, 30.72, -0.17621, -0.16068, 0.03653, -0.97043,
 15:45:58.436,ed:35:33:d3:6c:f8, 2015-01-01 03:57:13.150, 0.331, -0.012, 0.933, 0.183, -0.977, 0.671, -0.797, -19.259, 159.857, -9.740, -7.173, -35.573, 30.72, -0.17621, -0.16068, 0.03653, -0.97043,
 15:45:58.459,ed:35:33:d3:6c:f8, 2015-01-01 03:57:13.150, 0.334, -0.008, 0.933, -0.183, -0.427, 0.061, -0.797, -19.27, 159.868, -9.740, -7.173, -35.573, 30.72, -0.17621, -0.16068, 0.03653, -0.97043,
 15:45:58.459,ed:35:33:d3:6c:f8, 2015-01-01 03:57:13.150, 0.329, -0.013, 0.931, 0.427, 0.061, 0.244, -0.786, -19.27, 159.868, -9.740, -7.173, -35.573, 30.72, -0.17621, -0.16068, 0.03653, -0.97043,
 15:45:58.477,ed:40:fe:65:30:6c, 2015-01-01 03:57:17.950, 0.549, 0.016, 0.835, 0.305, 0.427, 0.183, 1.329, -33.206, -119.976, -18.360, -6.513, -7.820, 28.47, 0.48196, -0.24191, -0.1525, -0.82816,
 15:45:58.477,ed:40:fe:65:30:6c, 2015-01-01 03:57:17.950, 0.55, 0.018, 0.838, 0.183, 0.61, 0, 1.335, -33.201, -119.976, -18.360, -6.513, -7.820, 28.47, 0.48196, -0.24191, -0.1525, -0.82816,
 15:45:58.479,e3:ca:2d:fd:e0:8c, 2015-01-01 03:57:12.850, 0.957, 0.086, 0.338, -0.061, 0.183, 0, 14.848, -70.175, 147.629, -25.760, -12.720, -12.780, 29.62, 0.15527, 0.5762, -0.05716, 0.80032,
 15:45:58.479,e3:ca:2d:fd:e0:8c, 2015-01-01 03:57:12.850, 0.956, 0.086, 0.338, 0, 0.244, -0.061, 14.843, -70.17, 147.634, -25.760, -12.720, -12.780, 29.62, 0.15527, 0.5762, -0.05716, 0.80032,
 15:45:58.479,f6:90:cc:01:6d:25, 2015-01-01 03:57:13.025, 0.909, 0.239, 0.302, 0.061, 0.122, 0, 38.655, -66.984, 150.771, -26.713, -15.120, -7.373, 32.33, 0.02151, 0.57346, 0.13589, 0.80753,
 15:45:58.479,f6:90:cc:01:6d:25, 2015-01-01 03:57:13.025, 0.908, 0.239, 0.302, 0.183, 0.305, 0, 38.65, -66.984, 150.787, -26.713, -15.120, -7.373, 32.33, 0.02151, 0.57346, 0.13589, 0.80753,
 15:45:58.501,e3:ca:2d:fd:e0:8c, 2015-01-01 03:57:12.850, 0.959, 0.087, 0.338, -0.061, 0.366, -0.183, 14.843, -70.164, 147.645, -25.693, -13.080, -12.573, 29.62, 0.15527, 0.5762, -0.05716, 0.80032,
 15:45:58.501,e3:ca:2d:fd:e0:8c, 2015-01-01 03:57:12.850, 0.96, 0.088, 0.337, -0.183, 0.366, -0.183, 14.837, -70.153, 147.667, -25.693, -13.080, -12.573, 29.62, 0.15527, 0.5762, -0.05716, 0.80032,
 15:45:58.502,f6:90:cc:01:6d:25, 2015-01-01 03:57:13.405, 0.909, 0.24, 0.3, -0.122, 0.366, 0, 38.639, -66.978, 150.782, -26.713, -15.120, -7.373, 32.33, 0.02151, 0.57346, 0.13589, 0.80753,
 15:45:58.502,f6:90:cc:01:6d:25, 2015-01-01 03:57:13.405, 0.913, 0.24, 0.302, -0.366, 0.488, 0.061, 38.622, -66.973, 150.815, -26.713, -15.120, -7.373, 32.33, 0.02151, 0.57346, 0.13589, 0.80753,
 15:45:58.503,ed:35:33:d3:6c:f8, 2015-01-01 03:57:13.150, 0.329, -0.013, 0.938, 0.244, 0.427, 0.061, -0.78, -19.265, 159.851, -9.740, -7.173, -35.573, 30.72, -0.17621, -0.16068, 0.03653, -0.97043,
 15:45:58.503,ed:35:33:d3:6c:f8, 2015-01-01 03:57:13.150, 0.327, -0.006, 0.944, -0.305, 0.854, -0.183, -0.786, -19.248, 159.813, -9.740, -7.173, -35.573, 30.72, -0.17621, -0.16068, 0.03653, -0.97043,
 15:45:58.522,ed:40:fe:65:30:6c, 2015-01-01 03:57:18.330, 0.55, 0.021, 0.843, 0, 0.671, -0.122, 1.335, -33.184, -119.976, -18.360, -6.513, -7.820, 28.47, 0.48196, -0.24191, -0.1525, -0.82816,
 15:45:58.522,ed:40:fe:65:30:6c, 2015-01-01 03:57:18.330, 0.547, 0.017, 0.846, 0, 0.671, 0, 1.335, -33.173, -119.982, -18.360, -6.513, -7.820, 28.47, 0.48196, -0.24191, -0.1525, -0.82816,
 15:45:58.525,f6:90:cc:01:6d:25, 2015-01-01 03:57:13.405, 0.911, 0.241, 0.302, -0.366, 0.61, 0.061, 38.595, -66.967, 150.853, -26.713, -15.120, -7.373, 32.33, 0.02151, 0.57346, 0.13589, 0.80753,
 15:45:58.525,f6:90:cc:01:6d:25, 2015-01-01 03:57:13.405, 0.907, 0.238, 0.299, -0.122, 0.549, 0.061, 38.573, -66.962, 150.908, -26.713, -15.120, -7.373, 32.33, 0.02151, 0.57346, 0.13589, 0.80753,
 15:45:58.546,e3:ca:2d:fd:e0:8c, 2015-01-01 03:57:12.850, 0.959, 0.088, 0.335, -0.061, 0.305, -0.244, 14.843, -70.148, 147.656, -25.693, -13.080, -12.573, 29.62, 0.15527, 0.5762, -0.05716, 0.80032,
 15:45:58.546,e3:ca:2d:fd:e0:8c, 2015-01-01 03:57:12.850, 0.958, 0.087, 0.333, 0, 0.427, -0.244, 14.843, -70.137, 147.662, -25.693, -13.080, -12.573, 29.62, 0.15527, 0.5762, -0.05716, 0.80032,
 15:45:58.548,ed:35:33:d3:6c:f8, 2015-01-01 03:57:13.150, 0.325, -0.008, 0.947, -0.305, 0.488, -0.061, -0.786, -19.243, 159.785, -9.173, -7.320, -35.087, 30.72, -0.17621, -0.16068, 0.03653, -0.97043,
 15:45:58.548,ed:35:33:d3:6c:f8, 2015-01-01 03:57:13.150, 0.324, -0.013, 0.946, -0.183, 0.244, 0.061, -0.791, -19.237, 159.763, -9.173, -7.320, -35.087, 30.72, -0.17621, -0.16068, 0.03653, -0.97043,
 15:45:58.567,ed:40:fe:65:30:6c, 2015-01-01 03:57:18.330, 0.545, 0.015, 0.845, 0.183, 0.488, 0.122, 1.335, -33.162, -119.987, -18.360, -6.513, -7.820, 28.47, 0.48196, -0.24191, -0.1525, -0.82816,
 15:45:58.567,ed:40:fe:65:30:6c, 2015-01-01 03:57:18.330, 0.546, 0.019, 0.843, 0.122, 0.183, 0.061, 1.335, -33.157, -119.987, -18.360, -6.513, -7.820, 28.47, 0.48196, -0.24191, -0.1525, -0.82816,
 15:45:58.569,f6:90:cc:01:6d:25, 2015-01-01 03:57:13.405, 0.906, 0.239, 0.3, 0.061, 0.488, 0, 38.557, -66.951, 150.958, -26.713, -15.120, -7.373, 32.33, 0.02151, 0.57346, 0.13589, 0.80753,
 15:45:58.569,f6:90:cc:01:6d:25, 2015-01-01 03:57:13.405, 0.904, 0.242, 0.3, 0.183, 0.244, 0, 38.557, -66.951, 150.991, -26.713, -15.120, -7.373, 32.33, 0.02151, 0.57346, 0.13589, 0.80753,
 15:45:58.593,ed:35:33:d3:6c:f8, 2015-01-01 03:57:13.150, 0.325, -0.01, 0.944, -0.366, 0.183, 0, -0.797, -19.232, 159.73, -9.173, -7.320, -35.087, 30.72, -0.17453, -0.16324, 0.03613, -0.97031,
 15:45:58.593,ed:35:33:d3:6c:f8, 2015-01-01 03:57:13.150, 0.325, -0.006, 0.94, -0.183, 0, -0.061, -0.797, -19.232, 159.725, -9.173, -7.320, -35.087, 30.72, -0.17453, -0.16324, 0.03613, -0.97031,
 15:45:58.612,ed:40:fe:65:30:6c, 2015-01-01 03:57:18.330, 0.545, 0.022, 0.841, 0.122, 0, 0, 1.335, -33.157, -119.971, -18.360, -6.513, -7.820, 28.47, 0.48196, -0.24191, -0.1525, -0.82816,
 15:45:58.612,ed:40:fe:65:30:6c, 2015-01-01 03:57:18.330, 0.544, 0.023, 0.841, 0.061, 0, -0.061, 1.335, -33.157, -119.954, -18.360, -6.513, -7.820, 28.47, 0.48196, -0.24191, -0.1525, -0.82816,
 15:45:58.614,f6:90:cc:01:6d:25, 2015-01-01 03:57:13.405, 0.905, 0.243, 0.3, 0.244, 0, 0, 38.557, -66.951, 150.996, -26.713, -15.120, -7.373, 32.33, 0.02151, 0.57346, 0.13589, 0.80753,
 15:45:58.614,f6:90:cc:01:6d:25, 2015-01-01 03:57:13.405, 0.907, 0.242, 0.302, 0.305, -0.122, 0, 38.568, -66.951, 150.974, -26.713, -15.120, -7.373, 32.33, 0.02151, 0.57346, 0.13589, 0.80753,
 15:45:58.634,ed:40:fe:65:30:6c, 2015-01-01 03:57:18.330, 0.546, 0.019, 0.842, 0, -0.183, -0.122, 1.34, -33.157, -119.954, -18.360, -6.513, -7.820, 28.47, 0.48196, -0.24191, -0.1525, -0.82816,
 15:45:58.634,ed:40:fe:65:30:6c, 2015-01-01 03:57:18.330, 0.548, 0.018, 0.844, -0.061, -0.305, -0.122, 1.34, -33.162, -119.971, -18.360, -6.513, -7.820, 28.47, 0.48196, -0.24191, -0.1525, -0.82816,
 15:45:58.635,e3:ca:2d:fd:e0:8c, 2015-01-01 03:57:12.850, 0.958, 0.088, 0.331, 0.061, 0.305, -0.183, 14.848, -70.126, 147.695, -25.693, -13.080, -12.573, 29.62, 0.15466, 0.57663, -0.05707, 0.80014,
 15:45:58.635,e3:ca:2d:fd:e0:8c, 2015-01-01 03:57:12.850, 0.955, 0.089, 0.332, 0.061, 0, -0.061, 14.854, -70.126, 147.722, -25.693, -13.080, -12.573, 29.62, 0.15466, 0.57663, -0.05707, 0.80014,
 15:45:58.638,ed:35:33:d3:6c:f8, 2015-01-01 03:57:13.440, 0.323, -0.007, 0.94, 0, -0.122, -0.061, -0.791, -19.232, 159.714, -9.173, -7.320, -35.087, 30.72, -0.17453, -0.16324, 0.03613, -0.97031,
 15:45:58.638,ed:35:33:d3:6c:f8, 2015-01-01 03:57:13.440, 0.325, -0.011, 0.943, -0.061, -0.366, -0.061, -0.791, -19.243, 159.719, -9.173, -7.320, -35.087, 30.72, -0.17453, -0.16324, 0.03613, -0.97031,
 15:45:58.659,e3:ca:2d:fd:e0:8c, 2015-01-01 03:57:12.850, 0.956, 0.089, 0.334, 0.122, 0, 0.061, 14.854, -70.126, 147.733, -25.693, -13.080, -12.573, 29.62, 0.15466, 0.57663, -0.05707, 0.80014,
 15:45:58.659,e3:ca:2d:fd:e0:8c, 2015-01-01 03:57:12.850, 0.956, 0.089, 0.338, 0, -0.061, 0.122, 14.848, -70.126, 147.755, -25.693, -13.080, -12.573, 29.62, 0.15466, 0.57663, -0.05707, 0.80014,
 15:45:58.661,ed:35:33:d3:6c:f8, 2015-01-01 03:57:13.440, 0.328, -0.01, 0.943, -0.244, -0.183, -0.183, -0.791, -19.243, 159.741, -9.173, -7.320, -35.087, 30.72, -0.17453, -0.16324, 0.03613, -0.97031,
 15:45:58.661,ed:35:33:d3:6c:f8, 2015-01-01 03:57:13.440, 0.327, -0.008, 0.94, -0.244, -0.366, -0.122, -0.791, -19.248, 159.747, -9.173, -7.320, -35.087, 30.72, -0.17453, -0.16324, 0.03613, -0.97031,
 15:45:58.681,e3:ca:2d:fd:e0:8c, 2015-01-01 03:57:13.210, 0.957, 0.088, 0.341, 0, -0.061, 0.061, 14.843, -70.126, 147.799, -25.693, -13.080, -12.573, 29.62, 0.15466, 0.57663, -0.05707, 0.80014,
 15:45:58.681,e3:ca:2d:fd:e0:8c, 2015-01-01 03:57:13.210, 0.957, 0.087, 0.34, 0, 0, 0, 14.843, -70.126, 147.832, -25.693, -13.080, -12.573, 29.62, 0.15466, 0.57663, -0.05707, 0.80014,
 15:45:58.682,f6:90:cc:01:6d:25, 2015-01-01 03:57:13.405, 0.909, 0.24, 0.304, 0.244, -0.061, 0, 38.578, -66.956, 150.952, -26.713, -15.120, -7.373, 32.33, 0.02151, 0.57346, 0.13589, 0.80753,
 15:45:58.682,f6:90:cc:01:6d:25, 2015-01-01 03:57:13.405, 0.91, 0.237, 0.306, 0.061, 0, 0, 38.578, -66.956, 150.919, -26.713, -15.120, -7.373, 32.33, 0.02151, 0.57346, 0.13589, 0.80753,
 15:45:58.702,ed:40:fe:65:30:6c, 2015-01-01 03:57:18.330, 0.547, 0.019, 0.843, 0, -0.244, -0.061, 1.34, -33.168, -119.982, -18.360, -6.513, -7.820, 28.47, 0.48196, -0.24191, -0.1525, -0.82816,
 15:45:58.702,ed:40:fe:65:30:6c, 2015-01-01 03:57:18.330, 0.545, 0.019, 0.843, 0, -0.122, 0, 1.34, -33.168, -119.982, -18.360, -6.513, -7.820, 28.47, 0.48196, -0.24191, -0.1525, -0.82816,
 15:45:58.704,e3:ca:2d:fd:e0:8c, 2015-01-01 03:57:13.210, 0.957, 0.086, 0.339, 0, -0.061, -0.061, 14.843, -70.126, 147.87, -25.693, -13.080, -12.573, 29.62, 0.15466, 0.57663, -0.05707, 0.80014,
 15:45:58.704,e3:ca:2d:fd:e0:8c, 2015-01-01 03:57:13.210, 0.956, 0.087, 0.337, 0, 0, -0.061, 14.843, -70.126, 147.87, -25.693, -13.080, -12.573, 29.62, 0.15466, 0.57663, -0.05707, 0.80014,
 15:45:58.705,f6:90:cc:01:6d:25, 2015-01-01 03:57:13.405, 0.908, 0.238, 0.304, -0.061, 0, 0, 38.573, -66.956, 150.875, -26.273, -14.713, -8.180, 32.33, 0.02151, 0.57346, 0.13589, 0.80753,
 15:45:58.705,f6:90:cc:01:6d:25, 2015-01-01 03:57:13.405, 0.906, 0.238, 0.303, 0, -0.061, 0, 38.573, -66.956, 150.837, -26.273, -14.713, -8.180, 32.33, 0.02151, 0.57346, 0.13589, 0.80753,
 15:45:58.705,ed:35:33:d3:6c:f8, 2015-01-01 03:57:13.440, 0.325, -0.009, 0.939, -0.244, -0.183, -0.122, -0.797, -19.248, 159.719, -9.173, -7.320, -35.087, 30.72, -0.17453, -0.16324, 0.03613, -0.97031,
 15:45:58.705,ed:35:33:d3:6c:f8, 2015-01-01 03:57:13.440, 0.326, -0.012, 0.937, -0.061, -0.305, -0.305, -0.791, -19.254, 159.681, -9.173, -7.320, -35.087, 30.72, -0.17453, -0.16324, 0.03613, -0.97031,
 15:45:58.726,ed:40:fe:65:30:6c, 2015-01-01 03:57:18.330, 0.545, 0.016, 0.84, 0.061, -0.061, 0.061, 1.34, -33.168, -119.971, -18.340, -6.360, -7.560, 28.47, 0.48196, -0.24191, -0.1525, -0.82816,
 15:45:58.726,ed:40:fe:65:30:6c, 2015-01-01 03:57:18.330, 0.547, 0.018, 0.839, 0.122, 0, 0, 1.34, -33.162, -119.965, -18.340, -6.360, -7.560, 28.47, 0.48196, -0.24191, -0.1525, -0.82816,
 15:45:58.751,f6:90:cc:01:6d:25, 2015-01-01 03:57:13.405, 0.905, 0.239, 0.303, 0.122, 0, 0, 38.573, -66.956, 150.826, -26.273, -14.713, -8.180, 32.33, 0.02151, 0.57346, 0.13589, 0.80753,
 15:45:58.751,f6:90:cc:01:6d:25, 2015-01-01 03:57:13.405, 0.908, 0.239, 0.301, 0.244, 0, 0, 38.578, -66.956, 150.787, -26.273, -14.713, -8.180, 32.33, 0.02151, 0.57346, 0.13589, 0.80753,
 15:45:58.751,ed:35:33:d3:6c:f8, 2015-01-01 03:57:13.440, 0.328, -0.012, 0.938, -0.183, -0.061, -0.061, -0.791, -19.254, 159.659, -9.173, -7.320, -35.087, 30.72, -0.17453, -0.16324, 0.03613, -0.97031,
 15:45:58.751,ed:35:33:d3:6c:f8, 2015-01-01 03:57:13.440, 0.327, -0.006, 0.937, -0.244, 0.061, -0.122, -0.797, -19.254, 159.631, -9.173, -7.320, -35.087, 30.72, -0.17453, -0.16324, 0.03613, -0.97031,
 15:45:58.752,e3:ca:2d:fd:e0:8c, 2015-01-01 03:57:13.210, 0.957, 0.086, 0.335, 0, -0.183, 0, 14.843, -70.126, 147.849, -25.693, -13.080, -12.573, 29.62, 0.15466, 0.57663, -0.05707, 0.80014,
 15:45:58.752,e3:ca:2d:fd:e0:8c, 2015-01-01 03:57:13.210, 0.958, 0.087, 0.335, 0.061, -0.183, 0.061, 14.843, -70.126, 147.827, -25.693, -13.080, -12.573, 29.62, 0.15466, 0.57663, -0.05707, 0.80014,
 15:45:58.769,ed:40:fe:65:30:6c, 2015-01-01 03:57:18.330, 0.549, 0.021, 0.839, 0.122, 0, -0.061, 1.34, -33.162, -119.965, -18.340, -6.360, -7.560, 28.47, 0.48196, -0.24191, -0.1525, -0.82816,
 15:45:58.769,ed:40:fe:65:30:6c, 2015-01-01 03:57:18.330, 0.549, 0.021, 0.84, 0.061, 0.122, 0, 1.346, -33.157, -119.96, -18.340, -6.360, -7.560, 28.47, 0.48196, -0.24191, -0.1525, -0.82816,
 15:45:58.770,e3:ca:2d:fd:e0:8c, 2015-01-01 03:57:13.210, 0.958, 0.085, 0.335, 0, -0.305, 0.061, 14.837, -70.131, 147.838, -25.693, -13.080, -12.573, 29.62, 0.15466, 0.57663, -0.05707, 0.80014,
 15:45:58.770,e3:ca:2d:fd:e0:8c, 2015-01-01 03:57:13.210, 0.959, 0.084, 0.334, 0.244, -0.366, 0, 14.843, -70.137, 147.849, -25.693, -13.080, -12.573, 29.62, 0.15466, 0.57663, -0.05707, 0.80014,
 15:45:58.772,f6:90:cc:01:6d:25, 2015-01-01 03:57:13.405, 0.909, 0.24, 0.3, 0.061, -0.122, 0, 38.578, -66.956, 150.76, -26.273, -14.713, -8.180, 32.33, 0.02228, 0.5733, 0.13525, 0.80771,
 15:45:58.772,f6:90:cc:01:6d:25, 2015-01-01 03:57:13.405, 0.91, 0.238, 0.299, 0.061, -0.183, 0, 38.584, -66.962, 150.738, -26.273, -14.713, -8.180, 32.33, 0.02228, 0.5733, 0.13525, 0.80771,
 15:45:58.796,ed:35:33:d3:6c:f8, 2015-01-01 03:57:13.440, 0.331, -0.005, 0.939, -0.366, 0.183, 0.183, -0.802, -19.248, 159.631, -9.173, -7.320, -35.087, 30.72, -0.17453, -0.16324, 0.03613, -0.97031,
 15:45:58.796,ed:35:33:d3:6c:f8, 2015-01-01 03:57:13.440, 0.329, -0.01, 0.941, -0.244, 0, 0.427, -0.807, -19.248, 159.631, -9.173, -7.320, -35.087, 30.72, -0.17453, -0.16324, 0.03613, -0.97031,
 15:45:58.815,e3:ca:2d:fd:e0:8c, 2015-01-01 03:57:13.210, 0.958, 0.085, 0.33, 0.366, -0.183, 0.061, 14.843, -70.142, 147.827, -25.693, -13.080, -12.573, 29.62, 0.15466, 0.57663, -0.05707, 0.80014,
 15:45:58.815,e3:ca:2d:fd:e0:8c, 2015-01-01 03:57:13.210, 0.96, 0.09, 0.339, 0.244, 0.061, 0.183, 14.837, -70.142, 147.827, -25.693, -13.080, -12.573, 29.62, 0.15466, 0.57663, -0.05707, 0.80014,
 15:45:58.817,f6:90:cc:01:6d:25, 2015-01-01 03:57:13.405, 0.908, 0.237, 0.299, 0, -0.061, 0, 38.584, -66.962, 150.705, -26.273, -14.713, -8.180, 32.33, 0.02228, 0.5733, 0.13525, 0.80771,
 15:45:58.817,f6:90:cc:01:6d:25, 2015-01-01 03:57:13.405, 0.909, 0.24, 0.295, 0.671, 0.122, 0, 38.595, -66.962, 150.667, -26.273, -14.713, -8.180, 32.33, 0.02228, 0.5733, 0.13525, 0.80771,
 15:45:58.837,ed:40:fe:65:30:6c, 2015-01-01 03:57:18.330, 0.549, 0.018, 0.841, 0, 0.122, 0.183, 1.34, -33.157, -119.954, -18.340, -6.360, -7.560, 28.47, 0.4823, -0.24142, -0.15247, -0.82809,
 15:45:58.837,ed:40:fe:65:30:6c, 2015-01-01 03:57:18.330, 0.549, 0.016, 0.841, 0.061, 0.122, 0.366, 1.335, -33.151, -119.965, -18.340, -6.360, -7.560, 28.47, 0.4823, -0.24142, -0.15247, -0.82809,
 15:45:58.841,ed:35:33:d3:6c:f8, 2015-01-01 03:57:13.440, 0.33, -0.013, 0.941, -0.122, -0.061, 0.244, -0.807, -19.248, 159.598, -9.260, -7.027, -35.773, 30.72, -0.17453, -0.16324, 0.03613, -0.97031,
 15:45:58.841,ed:35:33:d3:6c:f8, 2015-01-01 03:57:13.440, 0.334, -0.012, 0.938, -0.366, -0.305, 0.122, -0.813, -19.254, 159.565, -9.260, -7.027, -35.773, 30.72, -0.17453, -0.16324, 0.03613, -0.97031,
 15:45:58.861,ed:40:fe:65:30:6c, 2015-01-01 03:57:18.685, 0.553, 0.019, 0.839, 0.122, -0.122, 0.183, 1.335, -33.151, -119.982, -18.340, -6.360, -7.560, 28.47, 0.4823, -0.24142, -0.15247, -0.82809,
 15:45:58.861,ed:40:fe:65:30:6c, 2015-01-01 03:57:18.685, 0.552, 0.02, 0.84, 0.061, 0, 0, 1.335, -33.151, -119.982, -18.340, -6.360, -7.560, 28.47, 0.4823, -0.24142, -0.15247, -0.82809,
 15:45:58.862,f6:90:cc:01:6d:25, 2015-01-01 03:57:13.740, 0.913, 0.241, 0.302, 0.122, 0.122, 0, 38.589, -66.962, 150.623, -26.273, -14.713, -8.180, 32.33, 0.02228, 0.5733, 0.13525, 0.80771,
 15:45:58.862,f6:90:cc:01:6d:25, 2015-01-01 03:57:13.740, 0.909, 0.24, 0.301, 0.122, 0.122, 0, 38.589, -66.962, 150.606, -26.273, -14.713, -8.180, 32.33, 0.02228, 0.5733, 0.13525, 0.80771,
 15:45:58.863,ed:35:33:d3:6c:f8, 2015-01-01 03:57:13.440, 0.331, -0.009, 0.938, 0, 0.183, 0, -0.807, -19.254, 159.565, -9.260, -7.027, -35.773, 30.72, -0.17603, -0.16333, 0.03653, -0.97,
 15:45:58.863,ed:35:33:d3:6c:f8, 2015-01-01 03:57:13.440, 0.327, -0.011, 0.938, -0.183, 0, 0, -0.813, -19.254, 159.56, -9.260, -7.027, -35.773, 30.72, -0.17603, -0.16333, 0.03653, -0.97,
 15:45:58.883,e3:ca:2d:fd:e0:8c, 2015-01-01 03:57:13.210, 0.96, 0.088, 0.336, 0.183, 0, 0, 14.837, -70.142, 147.832, -25.693, -13.080, -12.573, 29.62, 0.15466, 0.57663, -0.05707, 0.80014,
 15:45:58.883,e3:ca:2d:fd:e0:8c, 2015-01-01 03:57:13.210, 0.959, 0.087, 0.334, 0.61, 0, 0, 14.843, -70.142, 147.838, -25.693, -13.080, -12.573, 29.62, 0.15466, 0.57663, -0.05707, 0.80014,
 15:45:58.883,ed:40:fe:65:30:6c, 2015-01-01 03:57:18.685, 0.548, 0.017, 0.839, 0, 0.122, 0, 1.335, -33.151, -119.982, -18.340, -6.360, -7.560, 28.47, 0.4823, -0.24142, -0.15247, -0.82809,
 15:45:58.883,ed:40:fe:65:30:6c, 2015-01-01 03:57:18.685, 0.549, 0.021, 0.842, 0, 0.061, 0.061, 1.335, -33.151, -119.987, -18.340, -6.360, -7.560, 28.47, 0.4823, -0.24142, -0.15247, -0.82809,
 15:45:58.885,f6:90:cc:01:6d:25, 2015-01-01 03:57:13.740, 0.909, 0.239, 0.298, 0.305, 0.427, 0, 38.584, -66.956, 150.617, -26.273, -14.713, -8.180, 32.33, 0.02228, 0.5733, 0.13525, 0.80771,
 15:45:58.885,f6:90:cc:01:6d:25, 2015-01-01 03:57:13.740, 0.91, 0.24, 0.3, 0.366, 0.427, 0, 38.578, -66.951, 150.606, -26.273, -14.713, -8.180, 32.33, 0.02228, 0.5733, 0.13525, 0.80771,
 15:45:58.907,e3:ca:2d:fd:e0:8c, 2015-01-01 03:57:13.210, 0.959, 0.087, 0.333, 0.732, 0, 0, 14.854, -70.142, 147.859, -25.820, -13.000, -12.493, 29.62, 0.15466, 0.57663, -0.05707, 0.80014,
 15:45:58.907,e3:ca:2d:fd:e0:8c, 2015-01-01 03:57:13.210, 0.96, 0.088, 0.333, 0.61, -0.061, 0, 14.865, -70.142, 147.865, -25.820, -13.000, -12.493, 29.62, 0.15466, 0.57663, -0.05707, 0.80014,
 15:45:58.909,ed:35:33:d3:6c:f8, 2015-01-01 03:57:13.440, 0.329, -0.007, 0.941, -0.366, 0.061, 0.061, -0.818, -19.254, 159.571, -9.260, -7.027, -35.773, 30.72, -0.17603, -0.16333, 0.03653, -0.97,
 15:45:58.909,ed:35:33:d3:6c:f8, 2015-01-01 03:57:13.440, 0.331, -0.009, 0.941, -0.183, 0.061, 0.183, -0.818, -19.248, 159.593, -9.260, -7.027, -35.773, 30.72, -0.17603, -0.16333, 0.03653, -0.97,
 15:45:58.927,ed:40:fe:65:30:6c, 2015-01-01 03:57:18.685, 0.55, 0.019, 0.843, 0.061, 0, 0.244, 1.329, -33.151, -119.987, -18.340, -6.360, -7.560, 28.47, 0.4823, -0.24142, -0.15247, -0.82809,
 15:45:58.927,ed:40:fe:65:30:6c, 2015-01-01 03:57:18.685, 0.55, 0.02, 0.842, 0.305, 0, 0.305, 1.335, -33.151, -119.987, -18.340, -6.360, -7.560, 28.47, 0.4823, -0.24142, -0.15247, -0.82809,
 15:45:58.930,f6:90:cc:01:6d:25, 2015-01-01 03:57:13.740, 0.909, 0.241, 0.299, 0.549, 0.244, 0, 38.584, -66.951, 150.601, -26.273, -14.713, -8.180, 32.33, 0.02228, 0.5733, 0.13525, 0.80771,
 15:45:58.930,f6:90:cc:01:6d:25, 2015-01-01 03:57:13.740, 0.909, 0.242, 0.299, 0.854, 0.244, 0, 38.595, -66.945, 150.612, -26.273, -14.713, -8.180, 32.33, 0.02228, 0.5733, 0.13525, 0.80771,
 15:45:58.953,e3:ca:2d:fd:e0:8c, 2015-01-01 03:57:13.210, 0.959, 0.088, 0.333, 0.671, 0, 0.366, 14.859, -70.142, 147.87, -25.820, -13.000, -12.493, 29.62, 0.15466, 0.57663, -0.05707, 0.80014,
 15:45:58.953,e3:ca:2d:fd:e0:8c, 2015-01-01 03:57:13.210, 0.959, 0.09, 0.334, 0.793, 0.061, 0.305, 14.854, -70.148, 147.87, -25.820, -13.000, -12.493, 29.62, 0.15466, 0.57663, -0.05707, 0.80014,
 15:45:58.953,ed:35:33:d3:6c:f8, 2015-01-01 03:57:13.730, 0.33, -0.009, 0.941, 0.061, 0.061, 0.366, -0.818, -19.248, 159.609, -9.260, -7.027, -35.773, 30.72, -0.17603, -0.16333, 0.03653, -0.97,
 15:45:58.953,ed:35:33:d3:6c:f8, 2015-01-01 03:57:13.730, 0.333, -0.008, 0.94, 0.366, 0.061, 0.366, -0.807, -19.248, 159.62, -9.260, -7.027, -35.773, 30.72, -0.17603, -0.16333, 0.03653, -0.97,
 15:45:58.972,ed:40:fe:65:30:6c, 2015-01-01 03:57:18.685, 0.552, 0.021, 0.841, 0.366, -0.122, 0.244, 1.335, -33.151, -119.982, -18.340, -6.360, -7.560, 28.47, 0.4823, -0.24142, -0.15247, -0.82809,
 15:45:58.972,ed:40:fe:65:30:6c, 2015-01-01 03:57:18.685, 0.552, 0.021, 0.839, 0.366, -0.122, 0.122, 1.34, -33.157, -119.982, -18.340, -6.360, -7.560, 28.47, 0.4823, -0.24142, -0.15247, -0.82809,
 15:45:58.974,e3:ca:2d:fd:e0:8c, 2015-01-01 03:57:13.210, 0.959, 0.09, 0.336, 0.488, 0.061, 0.305, 14.848, -70.148, 147.854, -25.820, -13.000, -12.493, 29.62, 0.15314, 0.57681, -0.05597, 0.80038,
 15:45:58.974,e3:ca:2d:fd:e0:8c, 2015-01-01 03:57:13.210, 0.958, 0.091, 0.335, 0.122, 0.122, 0.183, 14.837, -70.148, 147.838, -25.820, -13.000, -12.493, 29.62, 0.15314, 0.57681, -0.05597, 0.80038,
 15:45:58.975,f6:90:cc:01:6d:25, 2015-01-01 03:57:13.740, 0.91, 0.244, 0.3, 0.793, 0.244, 0, 38.606, -66.945, 150.628, -26.273, -14.713, -8.180, 32.33, 0.02228, 0.5733, 0.13525, 0.80771,
 15:45:58.975,f6:90:cc:01:6d:25, 2015-01-01 03:57:13.740, 0.91, 0.244, 0.3, 0.549, 0.183, 0, 38.611, -66.945, 150.661, -26.273, -14.713, -8.180, 32.33, 0.02228, 0.5733, 0.13525, 0.80771,
 15:45:58.997,ed:40:fe:65:30:6c, 2015-01-01 03:57:18.685, 0.552, 0.021, 0.838, 0.305, 0, 0, 1.351, -33.157, -119.971, -18.340, -6.360, -7.560, 28.47, 0.4823, -0.24142, -0.15247, -0.82809,
 15:45:58.997,ed:40:fe:65:30:6c, 2015-01-01 03:57:18.685, 0.552, 0.02, 0.837, 0.244, 0.122, 0.061, 1.351, -33.157, -119.965, -18.340, -6.360, -7.560, 28.47, 0.4823, -0.24142, -0.15247, -0.82809,
 15:45:58.999,ed:35:33:d3:6c:f8, 2015-01-01 03:57:13.730, 0.333, -0.009, 0.937, 0.244, 0, 0.244, -0.802, -19.248, 159.62, -9.260, -7.027, -35.773, 30.72, -0.17603, -0.16333, 0.03653, -0.97,
 15:45:58.999,ed:35:33:d3:6c:f8, 2015-01-01 03:57:13.730, 0.333, -0.007, 0.937, 0, 0.122, 0.061, -0.802, -19.248, 159.598, -9.260, -7.027, -35.773, 30.72, -0.17603, -0.16333, 0.03653, -0.97,
 15:45:59.018,e3:ca:2d:fd:e0:8c, 2015-01-01 03:57:13.210, 0.958, 0.092, 0.337, 0, 0.122, 0, 14.837, -70.142, 147.827, -25.820, -13.000, -12.493, 29.62, 0.15314, 0.57681, -0.05597, 0.80038,
 15:45:59.018,e3:ca:2d:fd:e0:8c, 2015-01-01 03:57:13.210, 0.958, 0.09, 0.336, -0.305, 0.122, -0.061, 14.837, -70.142, 147.827, -25.820, -13.000, -12.493, 29.62, 0.15314, 0.57681, -0.05597, 0.80038,
 15:45:59.019,f6:90:cc:01:6d:25, 2015-01-01 03:57:13.740, 0.91, 0.241, 0.3, -0.122, 0.305, 0, 38.611, -66.94, 150.683, -26.273, -14.713, -8.180, 32.33, 0.02228, 0.5733, 0.13525, 0.80771,
 15:45:59.019,f6:90:cc:01:6d:25, 2015-01-01 03:57:13.740, 0.908, 0.24, 0.3, -0.366, 0.366, 0, 38.6, -66.934, 150.683, -26.273, -14.713, -8.180, 32.33, 0.02228, 0.5733, 0.13525, 0.80771,
 15:45:59.020,ed:35:33:d3:6c:f8, 2015-01-01 03:57:13.730, 0.332, -0.008, 0.937, 0.061, 0.427, 0.122, -0.797, -19.243, 159.565, -9.260, -7.027, -35.773, 30.72, -0.17603, -0.16333, 0.03653, -0.97,
 15:45:59.020,ed:35:33:d3:6c:f8, 2015-01-01 03:57:13.730, 0.329, -0.011, 0.938, -0.061, 0.488, 0.183, -0.797, -19.237, 159.538, -9.260, -7.027, -35.773, 30.72, -0.17603, -0.16333, 0.03653, -0.97,
 15:45:59.041,ed:40:fe:65:30:6c, 2015-01-01 03:57:18.685, 0.55, 0.019, 0.838, 0.122, 0.244, 0.061, 1.357, -33.151, -119.965, -18.340, -6.360, -7.560, 28.47, 0.4823, -0.24142, -0.15247, -0.82809,
 15:45:59.041,ed:40:fe:65:30:6c, 2015-01-01 03:57:18.685, 0.548, 0.017, 0.839, 0.061, 0.305, 0.061, 1.357, -33.146, -119.965, -18.340, -6.360, -7.560, 28.47, 0.4823, -0.24142, -0.15247, -0.82809,
 15:45:59.063,e3:ca:2d:fd:e0:8c, 2015-01-01 03:57:13.610, 0.958, 0.088, 0.337, -0.61, 0.244, -0.183, 14.832, -70.131, 147.805, -25.820, -13.000, -12.493, 29.62, 0.15314, 0.57681, -0.05597, 0.80038,
 15:45:59.063,e3:ca:2d:fd:e0:8c, 2015-01-01 03:57:13.610, 0.958, 0.087, 0.335, -0.671, 0.305, -0.244, 14.826, -70.126, 147.777, -25.820, -13.000, -12.493, 29.62, 0.15314, 0.57681, -0.05597, 0.80038,
 15:45:59.067,ed:35:33:d3:6c:f8, 2015-01-01 03:57:13.730, 0.327, -0.013, 0.939, -0.122, 0.549, 0.183, -0.797, -19.226, 159.516, -9.260, -7.027, -35.773, 30.72, -0.17603, -0.16333, 0.03653, -0.97,
 15:45:59.067,ed:35:33:d3:6c:f8, 2015-01-01 03:57:13.730, 0.326, -0.012, 0.939, -0.305, 0.61, 0.061, -0.802, -19.215, 159.494, -9.260, -7.027, -35.773, 30.72, -0.17603, -0.16333, 0.03653, -0.97,
 15:45:59.087,f6:90:cc:01:6d:25, 2015-01-01 03:57:13.740, 0.908, 0.24, 0.301, -0.488, 0.366, 0, 38.584, -66.929, 150.677, -26.413, -15.053, -7.847, 32.33, 0.02228, 0.5733, 0.13525, 0.80771,
 15:45:59.087,f6:90:cc:01:6d:25, 2015-01-01 03:57:13.740, 0.908, 0.238, 0.301, -0.366, 0.427, 0, 38.568, -66.923, 150.667, -26.413, -15.053, -7.847, 32.33, 0.02228, 0.5733, 0.13525, 0.80771,
 15:45:59.108,ed:40:fe:65:30:6c, 2015-01-01 03:57:18.685, 0.546, 0.017, 0.84, 0.061, 0.305, 0, 1.357, -33.14, -119.965, -18.180, -6.440, -7.420, 28.47, 0.4823, -0.24142, -0.15247, -0.82809,
 15:45:59.108,ed:40:fe:65:30:6c, 2015-01-01 03:57:18.685, 0.545, 0.018, 0.841, 0.061, 0.366, 0, 1.357, -33.135, -119.965, -18.180, -6.440, -7.420, 28.47, 0.4823, -0.24142, -0.15247, -0.82809,
 15:45:59.108,e3:ca:2d:fd:e0:8c, 2015-01-01 03:57:13.610, 0.958, 0.085, 0.336, -0.488, 0.305, -0.183, 14.821, -70.12, 147.755, -25.820, -13.000, -12.493, 29.62, 0.15314, 0.57681, -0.05597, 0.80038,
 15:45:59.108,e3:ca:2d:fd:e0:8c, 2015-01-01 03:57:13.610, 0.956, 0.085, 0.336, -0.427, 0.244, -0.183, 14.821, -70.115, 147.739, -25.820, -13.000, -12.493, 29.62, 0.15314, 0.57681, -0.05597, 0.80038,
 15:45:59.109,f6:90:cc:01:6d:25, 2015-01-01 03:57:13.740, 0.907, 0.237, 0.301, -0.183, 0.366, 0, 38.551, -66.923, 150.639, -26.413, -15.053, -7.847, 32.33, 0.02353, 0.57324, 0.13446, 0.80786,
 15:45:59.109,f6:90:cc:01:6d:25, 2015-01-01 03:57:13.740, 0.905, 0.236, 0.302, 0, 0.366, 0, 38.54, -66.918, 150.612, -26.413, -15.053, -7.847, 32.33, 0.02353, 0.57324, 0.13446, 0.80786,
 15:45:59.110,ed:35:33:d3:6c:f8, 2015-01-01 03:57:13.730, 0.324, -0.011, 0.94, -0.244, 0.427, 0, -0.807, -19.21, 159.478, -9.260, -7.027, -35.773, 30.72, -0.17603, -0.16333, 0.03653, -0.97,
 15:45:59.110,ed:35:33:d3:6c:f8, 2015-01-01 03:57:13.730, 0.323, -0.012, 0.939, -0.244, 0.366, 0, -0.807, -19.204, 159.472, -9.260, -7.027, -35.773, 30.72, -0.17603, -0.16333, 0.03653, -0.97,
 15:45:59.130,ed:40:fe:65:30:6c, 2015-01-01 03:57:18.685, 0.543, 0.017, 0.841, 0.061, 0.427, 0, 1.357, -33.124, -119.965, -18.180, -6.440, -7.420, 28.47, 0.48233, -0.24115, -0.15244, -0.82816,
 15:45:59.130,ed:40:fe:65:30:6c, 2015-01-01 03:57:18.685, 0.546, 0.019, 0.84, 0.122, 0.366, 0, 1.357, -33.118, -119.965, -18.180, -6.440, -7.420, 28.47, 0.48233, -0.24115, -0.15244, -0.82816,
 15:45:59.153,e3:ca:2d:fd:e0:8c, 2015-01-01 03:57:13.610, 0.956, 0.084, 0.336, -0.122, 0.122, -0.183, 14.821, -70.109, 147.733, -25.820, -13.000, -12.493, 29.62, 0.15314, 0.57681, -0.05597, 0.80038,
 15:45:59.153,e3:ca:2d:fd:e0:8c, 2015-01-01 03:57:13.610, 0.958, 0.085, 0.336, 0, 0.183, -0.061, 14.821, -70.104, 147.739, -25.820, -13.000, -12.493, 29.62, 0.15314, 0.57681, -0.05597, 0.80038,
 15:45:59.155,f6:90:cc:01:6d:25, 2015-01-01 03:57:13.740, 0.908, 0.237, 0.302, -0.061, 0.305, 0, 38.529, -66.912, 150.584, -26.413, -15.053, -7.847, 32.33, 0.02353, 0.57324, 0.13446, 0.80786,
 15:45:59.155,f6:90:cc:01:6d:25, 2015-01-01 03:57:13.740, 0.911, 0.237, 0.303, 0, 0.366, 0, 38.518, -66.912, 150.584, -26.413, -15.053, -7.847, 32.33, 0.02353, 0.57324, 0.13446, 0.80786,
 15:45:59.155,ed:35:33:d3:6c:f8, 2015-01-01 03:57:13.730, 0.327, -0.009, 0.938, -0.244, 0.366, 0, -0.813, -19.199, 159.472, -9.507, -7.167, -36.213, 30.72, -0.17603, -0.16333, 0.03653, -0.97,
 15:45:59.155,ed:35:33:d3:6c:f8, 2015-01-01 03:57:13.730, 0.326, -0.011, 0.939, -0.122, 0.732, 0, -0.813, -19.182, 159.478, -9.507, -7.167, -36.213, 30.72, -0.17603, -0.16333, 0.03653, -0.97,
 15:45:59.174,ed:40:fe:65:30:6c, 2015-01-01 03:57:18.685, 0.547, 0.02, 0.841, 0.122, 0.427, 0.061, 1.357, -33.107, -119.965, -18.180, -6.440, -7.420, 28.47, 0.48233, -0.24115, -0.15244, -0.82816,
 15:45:59.176,ed:40:fe:65:30:6c, 2015-01-01 03:57:18.685, 0.545, 0.017, 0.844, 0.122, 0.427, 0.061, 1.357, -33.102, -119.965, -18.180, -6.440, -7.420, 28.47, 0.48233, -0.24115, -0.15244, -0.82816,
 15:45:59.176,e3:ca:2d:fd:e0:8c, 2015-01-01 03:57:13.610, 0.959, 0.087, 0.338, 0.061, 0, 0, 14.815, -70.104, 147.75, -25.820, -13.000, -12.493, 29.62, 0.15314, 0.57681, -0.05597, 0.80038,
 15:45:59.176,e3:ca:2d:fd:e0:8c, 2015-01-01 03:57:13.610, 0.957, 0.089, 0.337, 0.244, 0.061, 0, 14.815, -70.098, 147.761, -25.820, -13.000, -12.493, 29.62, 0.15314, 0.57681, -0.05597, 0.80038,
 15:45:59.178,f6:90:cc:01:6d:25, 2015-01-01 03:57:14.075, 0.909, 0.238, 0.304, 0.061, 0.427, 0, 38.502, -66.907, 150.573, -26.413, -15.053, -7.847, 32.33, 0.02353, 0.57324, 0.13446, 0.80786,
 15:45:59.178,f6:90:cc:01:6d:25, 2015-01-01 03:57:14.075, 0.908, 0.24, 0.303, 0.244, 0.244, 0, 38.491, -66.901, 150.579, -26.413, -15.053, -7.847, 32.33, 0.02353, 0.57324, 0.13446, 0.80786,
 15:45:59.197,ed:40:fe:65:30:6c, 2015-01-01 03:57:19.020, 0.544, 0.019, 0.848, 0.183, 0.366, 0.122, 1.357, -33.091, -119.96, -18.180, -6.440, -7.420, 28.47, 0.48233, -0.24115, -0.15244, -0.82816,
 15:45:59.197,ed:40:fe:65:30:6c, 2015-01-01 03:57:19.020, 0.546, 0.019, 0.845, 0.183, 0.061, 0.122, 1.362, -33.091, -119.96, -18.180, -6.440, -7.420, 28.47, 0.48233, -0.24115, -0.15244, -0.82816,
 15:45:59.202,ed:35:33:d3:6c:f8, 2015-01-01 03:57:13.730, 0.323, -0.012, 0.944, -0.122, 0.671, 0.061, -0.813, -19.171, 159.478, -9.507, -7.167, -36.213, 30.72, -0.17679, -0.1626, 0.03656, -0.96997,
 15:45:59.202,ed:35:33:d3:6c:f8, 2015-01-01 03:57:13.730, 0.324, -0.011, 0.949, 0, 0.488, 0.244, -0.813, -19.16, 159.489, -9.507, -7.167, -36.213, 30.72, -0.17679, -0.1626, 0.03656, -0.96997,
 15:45:59.222,f6:90:cc:01:6d:25, 2015-01-01 03:57:14.075, 0.907, 0.241, 0.304, 0.244, 0.244, 0, 38.485, -66.896, 150.601, -26.413, -15.053, -7.847, 32.33, 0.02353, 0.57324, 0.13446, 0.80786,
 15:45:59.222,f6:90:cc:01:6d:25, 2015-01-01 03:57:14.075, 0.905, 0.243, 0.304, 0.122, 0.122, 0, 38.485, -66.896, 150.634, -26.413, -15.053, -7.847, 32.33, 0.02353, 0.57324, 0.13446, 0.80786,
 15:45:59.222,e3:ca:2d:fd:e0:8c, 2015-01-01 03:57:13.610, 0.958, 0.091, 0.337, 0.244, 0.183, -0.061, 14.815, -70.098, 147.761, -25.820, -13.000, -12.493, 29.62, 0.15314, 0.57681, -0.05597, 0.80038,
 15:45:59.222,e3:ca:2d:fd:e0:8c, 2015-01-01 03:57:13.610, 0.957, 0.09, 0.336, 0.061, 0.061, 0, 14.815, -70.093, 147.766, -25.820, -13.000, -12.493, 29.62, 0.15314, 0.57681, -0.05597, 0.80038,
 15:45:59.223,ed:35:33:d3:6c:f8, 2015-01-01 03:57:14.045, 0.325, -0.013, 0.945, -0.061, -0.183, 0.122, -0.813, -19.16, 159.494, -9.507, -7.167, -36.213, 30.72, -0.17679, -0.1626, 0.03656, -0.96997,
 15:45:59.223,ed:35:33:d3:6c:f8, 2015-01-01 03:57:14.045, 0.324, -0.011, 0.942, -0.183, -0.366, 0, -0.818, -19.171, 159.483, -9.507, -7.167, -36.213, 30.72, -0.17679, -0.1626, 0.03656, -0.96997,
 15:45:59.242,ed:40:fe:65:30:6c, 2015-01-01 03:57:19.020, 0.545, 0.021, 0.844, 0.061, -0.061, 0, 1.362, -33.091, -119.96, -18.180, -6.440, -7.420, 28.47, 0.48233, -0.24115, -0.15244, -0.82816,
 15:45:59.242,ed:40:fe:65:30:6c, 2015-01-01 03:57:19.020, 0.544, 0.023, 0.841, 0, 0, -0.122, 1.362, -33.085, -119.965, -18.180, -6.440, -7.420, 28.47, 0.48233, -0.24115, -0.15244, -0.82816,
 15:45:59.245,f6:90:cc:01:6d:25, 2015-01-01 03:57:14.075, 0.904, 0.242, 0.303, 0, 0, 0, 38.48, -66.896, 150.672, -26.413, -15.053, -7.847, 32.33, 0.02353, 0.57324, 0.13446, 0.80786,
 15:45:59.245,f6:90:cc:01:6d:25, 2015-01-01 03:57:14.075, 0.906, 0.241, 0.302, -0.061, -0.183, 0, 38.48, -66.896, 150.705, -26.413, -15.053, -7.847, 32.33, 0.02353, 0.57324, 0.13446, 0.80786,
 15:45:59.268,ed:35:33:d3:6c:f8, 2015-01-01 03:57:14.045, 0.325, -0.007, 0.939, -0.183, -0.183, -0.122, -0.818, -19.171, 159.483, -9.507, -7.167, -36.213, 30.72, -0.17679, -0.1626, 0.03656, -0.96997,
 15:45:59.268,ed:35:33:d3:6c:f8, 2015-01-01 03:57:14.045, 0.325, -0.007, 0.938, -0.183, -0.183, -0.183, -0.818, -19.177, 159.467, -9.507, -7.167, -36.213, 30.72, -0.17679, -0.1626, 0.03656, -0.96997,
 15:45:59.287,ed:40:fe:65:30:6c, 2015-01-01 03:57:19.020, 0.544, 0.023, 0.84, 0, 0, -0.183, 1.362, -33.085, -119.971, -18.180, -6.440, -7.420, 28.47, 0.48233, -0.24115, -0.15244, -0.82816,
 15:45:59.287,ed:40:fe:65:30:6c, 2015-01-01 03:57:19.020, 0.545, 0.02, 0.841, 0, -0.061, -0.122, 1.368, -33.085, -119.976, -18.180, -6.440, -7.420, 28.47, 0.48233, -0.24115, -0.15244, -0.82816,
 15:45:59.289,e3:ca:2d:fd:e0:8c, 2015-01-01 03:57:13.610, 0.956, 0.089, 0.336, 0, -0.061, 0, 14.815, -70.093, 147.761, -25.647, -12.860, -12.493, 29.62, 0.15314, 0.57681, -0.05597, 0.80038,
 15:45:59.289,e3:ca:2d:fd:e0:8c, 2015-01-01 03:57:13.610, 0.957, 0.089, 0.335, -0.183, -0.183, 0, 14.815, -70.098, 147.739, -25.647, -12.860, -12.493, 29.62, 0.15314, 0.57681, -0.05597, 0.80038,
 15:45:59.290,f6:90:cc:01:6d:25, 2015-01-01 03:57:14.075, 0.908, 0.24, 0.304, -0.122, -0.305, 0, 38.485, -66.901, 150.738, -26.413, -15.053, -7.847, 32.33, 0.02353, 0.57324, 0.13446, 0.80786,
 15:45:59.290,f6:90:cc:01:6d:25, 2015-01-01 03:57:14.075, 0.911, 0.237, 0.303, -0.122, -0.122, 0, 38.491, -66.901, 150.782, -26.413, -15.053, -7.847, 32.33, 0.02353, 0.57324, 0.13446, 0.80786,
 15:45:59.310,e3:ca:2d:fd:e0:8c, 2015-01-01 03:57:13.610, 0.957, 0.087, 0.336, -0.305, -0.305, 0.061, 14.81, -70.104, 147.728, -25.647, -12.860, -12.493, 29.62, 0.15448, 0.57639, -0.05688, 0.80035,
 15:45:59.310,e3:ca:2d:fd:e0:8c, 2015-01-01 03:57:13.610, 0.958, 0.086, 0.338, -0.305, -0.366, 0.061, 14.804, -70.109, 147.739, -25.647, -12.860, -12.493, 29.62, 0.15448, 0.57639, -0.05688, 0.80035,
 15:45:59.313,ed:35:33:d3:6c:f8, 2015-01-01 03:57:14.045, 0.325, -0.009, 0.94, -0.122, -0.061, -0.122, -0.818, -19.177, 159.45, -9.507, -7.167, -36.213, 30.72, -0.17679, -0.1626, 0.03656, -0.96997,
 15:45:59.313,ed:35:33:d3:6c:f8, 2015-01-01 03:57:14.045, 0.328, -0.011, 0.942, -0.061, -0.061, 0, -0.813, -19.177, 159.423, -9.507, -7.167, -36.213, 30.72, -0.17679, -0.1626, 0.03656, -0.96997,
 15:45:59.332,ed:40:fe:65:30:6c, 2015-01-01 03:57:19.020, 0.547, 0.018, 0.842, 0, -0.061, -0.061, 1.368, -33.085, -119.976, -18.180, -6.440, -7.420, 28.47, 0.48233, -0.24115, -0.15244, -0.82816,
 15:45:59.332,ed:40:fe:65:30:6c, 2015-01-01 03:57:19.020, 0.549, 0.017, 0.843, 0, 0, 0, 1.368, -33.085, -119.976, -18.180, -6.440, -7.420, 28.47, 0.48233, -0.24115, -0.15244, -0.82816,
 15:45:59.356,e3:ca:2d:fd:e0:8c, 2015-01-01 03:57:13.610, 0.958, 0.084, 0.338, -0.122, -0.305, 0.061, 14.799, -70.115, 147.755, -25.647, -12.860, -12.493, 29.62, 0.15448, 0.57639, -0.05688, 0.80035,
 15:45:59.356,e3:ca:2d:fd:e0:8c, 2015-01-01 03:57:13.610, 0.958, 0.085, 0.338, -0.061, -0.183, 0, 14.799, -70.115, 147.772, -25.647, -12.860, -12.493, 29.62, 0.15448, 0.57639, -0.05688, 0.80035,
 15:45:59.358,f6:90:cc:01:6d:25, 2015-01-01 03:57:14.075, 0.911, 0.236, 0.302, 0, 0, 0, 38.491, -66.907, 150.831, -26.413, -15.053, -7.847, 32.33, 0.02353, 0.57324, 0.13446, 0.80786,
 15:45:59.358,f6:90:cc:01:6d:25, 2015-01-01 03:57:14.075, 0.908, 0.236, 0.304, 0, 0, 0, 38.485, -66.907, 150.886, -26.413, -15.053, -7.847, 32.33, 0.02353, 0.57324, 0.13446, 0.80786,
 15:45:59.360,ed:35:33:d3:6c:f8, 2015-01-01 03:57:14.045, 0.33, -0.013, 0.94, -0.061, -0.366, 0, -0.813, -19.182, 159.417, -9.507, -7.167, -36.213, 30.72, -0.17679, -0.1626, 0.03656, -0.96997,
 15:45:59.360,ed:35:33:d3:6c:f8, 2015-01-01 03:57:14.045, 0.326, -0.012, 0.942, 0, -0.305, 0.183, -0.813, -19.188, 159.412, -9.507, -7.167, -36.213, 30.72, -0.17679, -0.1626, 0.03656, -0.96997,
 15:45:59.378,e3:ca:2d:fd:e0:8c, 2015-01-01 03:57:13.945, 0.958, 0.086, 0.337, 0.122, -0.244, -0.061, 14.804, -70.12, 147.777, -25.647, -12.860, -12.493, 29.62, 0.15448, 0.57639, -0.05688, 0.80035,
 15:45:59.378,e3:ca:2d:fd:e0:8c, 2015-01-01 03:57:13.945, 0.958, 0.088, 0.334, 0.305, -0.244, 0, 14.81, -70.12, 147.788, -25.647, -12.860, -12.493, 29.62, 0.15448, 0.57639, -0.05688, 0.80035,
 15:45:59.380,f6:90:cc:01:6d:25, 2015-01-01 03:57:14.075, 0.906, 0.238, 0.303, 0, 0.061, 0, 38.485, -66.907, 150.936, -26.500, -15.100, -7.553, 32.33, 0.02353, 0.57324, 0.13446, 0.80786,
 15:45:59.380,f6:90:cc:01:6d:25, 2015-01-01 03:57:14.075, 0.908, 0.239, 0.3, 0.427, 0.122, 0, 38.48, -66.907, 150.991, -26.500, -15.100, -7.553, 32.33, 0.02353, 0.57324, 0.13446, 0.80786,
 15:45:59.401,ed:40:fe:65:30:6c, 2015-01-01 03:57:19.020, 0.546, 0.016, 0.843, 0, 0, 0, 1.368, -33.08, -119.976, -18.180, -6.440, -7.420, 28.47, 0.48233, -0.24115, -0.15244, -0.82816,
 15:45:59.401,ed:40:fe:65:30:6c, 2015-01-01 03:57:19.020, 0.548, 0.018, 0.84, 0.122, 0, 0.122, 1.362, -33.08, -119.976, -18.180, -6.440, -7.420, 28.47, 0.48233, -0.24115, -0.15244, -0.82816,
 15:45:59.403,ed:35:33:d3:6c:f8, 2015-01-01 03:57:14.045, 0.328, -0.013, 0.94, -0.122, -0.427, 0.244, -0.813, -19.193, 159.406, -9.507, -7.167, -36.213, 30.72, -0.17679, -0.1626, 0.03656, -0.96997,
 15:45:59.403,ed:35:33:d3:6c:f8, 2015-01-01 03:57:14.045, 0.329, -0.011, 0.938, -0.305, -0.183, 0.122, -0.818, -19.199, 159.401, -9.507, -7.167, -36.213, 30.72, -0.17679, -0.1626, 0.03656, -0.96997,
 15:45:59.423,e3:ca:2d:fd:e0:8c, 2015-01-01 03:57:13.945, 0.959, 0.088, 0.335, 0.244, -0.183, 0, 14.815, -70.126, 147.805, -25.647, -12.860, -12.493, 29.62, 0.15448, 0.57639, -0.05688, 0.80035,
 15:45:59.423,e3:ca:2d:fd:e0:8c, 2015-01-01 03:57:13.945, 0.959, 0.088, 0.335, 0.183, -0.183, 0, 14.815, -70.126, 147.816, -25.647, -12.860, -12.493, 29.62, 0.15448, 0.57639, -0.05688, 0.80035,
 15:45:59.423,ed:40:fe:65:30:6c, 2015-01-01 03:57:19.020, 0.55, 0.02, 0.839, 0.122, 0, 0.122, 1.362, -33.08, -119.971, -18.153, -6.473, -7.413, 28.47, 0.48233, -0.24115, -0.15244, -0.82816,
 15:45:59.423,ed:40:fe:65:30:6c, 2015-01-01 03:57:19.020, 0.552, 0.02, 0.839, 0.244, 0.122, 0.122, 1.362, -33.08, -119.971, -18.153, -6.473, -7.413, 28.47, 0.48233, -0.24115, -0.15244, -0.82816,
 15:45:59.425,f6:90:cc:01:6d:25, 2015-01-01 03:57:14.075, 0.908, 0.24, 0.302, 0.366, 0.061, 0, 38.485, -66.907, 151.046, -26.500, -15.100, -7.553, 32.33, 0.02353, 0.57324, 0.13446, 0.80786,
 15:45:59.425,f6:90:cc:01:6d:25, 2015-01-01 03:57:14.075, 0.909, 0.242, 0.3, 0.366, 0.122, 0, 38.485, -66.907, 151.095, -26.500, -15.100, -7.553, 32.33, 0.02353, 0.57324, 0.13446, 0.80786,
 15:45:59.427,ed:35:33:d3:6c:f8, 2015-01-01 03:57:14.045, 0.331, -0.01, 0.935, -0.427, -0.488, 0.061, -0.829, -19.204, 159.412, -9.500, -7.207, -35.373, 30.72, -0.17679, -0.1626, 0.03656, -0.96997,
 15:45:59.427,ed:35:33:d3:6c:f8, 2015-01-01 03:57:14.045, 0.334, -0.009, 0.938, 0, 0.061, 0.183, -0.829, -19.204, 159.423, -9.500, -7.207, -35.373, 30.72, -0.17679, -0.1626, 0.03656, -0.96997,
 15:45:59.448,f6:90:cc:01:6d:25, 2015-01-01 03:57:14.075, 0.911, 0.242, 0.298, 0.183, 0.305, 0, 38.485, -66.901, 151.15, -26.500, -15.100, -7.553, 32.33, 0.0206, 0.5726, 0.13641, 0.80807,
 15:45:59.448,f6:90:cc:01:6d:25, 2015-01-01 03:57:14.075, 0.91, 0.243, 0.298, 0, 0.854, 0, 38.474, -66.896, 151.216, -26.500, -15.100, -7.553, 32.33, 0.0206, 0.5726, 0.13641, 0.80807,
 15:45:59.468,ed:40:fe:65:30:6c, 2015-01-01 03:57:19.020, 0.554, 0.022, 0.837, 0.244, 0.183, 0, 1.368, -33.074, -119.971, -18.153, -6.473, -7.413, 28.47, 0.48233, -0.24115, -0.15244, -0.82816,
 15:45:59.468,ed:40:fe:65:30:6c, 2015-01-01 03:57:19.020, 0.55, 0.021, 0.837, 0.183, 0.183, 0, 1.373, -33.074, -119.971, -18.153, -6.473, -7.413, 28.47, 0.48233, -0.24115, -0.15244, -0.82816,
 15:45:59.470,ed:35:33:d3:6c:f8, 2015-01-01 03:57:14.045, 0.335, -0.007, 0.936, -0.061, 0.61, 0, -0.829, -19.193, 159.434, -9.500, -7.207, -35.373, 30.72, -0.17679, -0.1626, 0.03656, -0.96997,
 15:45:59.470,ed:35:33:d3:6c:f8, 2015-01-01 03:57:14.045, 0.328, -0.009, 0.941, -0.366, 0.732, 0.305, -0.835, -19.182, 159.45, -9.500, -7.207, -35.373, 30.72, -0.17679, -0.1626, 0.03656, -0.96997,
 15:45:59.470,e3:ca:2d:fd:e0:8c, 2015-01-01 03:57:13.945, 0.959, 0.089, 0.335, 0.122, -0.061, 0, 14.821, -70.126, 147.832, -25.647, -12.860, -12.493, 29.62, 0.15448, 0.57639, -0.05688, 0.80035,
 15:45:59.470,e3:ca:2d:fd:e0:8c, 2015-01-01 03:57:13.945, 0.96, 0.089, 0.335, 0, 0.061, 0, 14.815, -70.126, 147.849, -25.647, -12.860, -12.493, 29.62, 0.15448, 0.57639, -0.05688, 0.80035,
 15:45:59.491,ed:40:fe:65:30:6c, 2015-01-01 03:57:19.020, 0.549, 0.02, 0.845, 0.061, -0.061, 0, 1.373, -33.069, -119.971, -18.153, -6.473, -7.413, 28.47, 0.48242, -0.24066, -0.15231, -0.82828,
 15:45:59.491,ed:40:fe:65:30:6c, 2015-01-01 03:57:19.020, 0.556, 0.019, 0.839, 0.061, -0.061, 0, 1.373, -33.074, -119.971, -18.153, -6.473, -7.413, 28.47, 0.48242, -0.24066, -0.15231, -0.82828,
 15:45:59.492,f6:90:cc:01:6d:25, 2015-01-01 03:57:14.075, 0.909, 0.242, 0.302, -0.305, 0.916, 0, 38.447, -66.885, 151.293, -26.500, -15.100, -7.553, 32.33, 0.0206, 0.5726, 0.13641, 0.80807,
 15:45:59.492,f6:90:cc:01:6d:25, 2015-01-01 03:57:14.075, 0.911, 0.24, 0.301, -0.122, 1.099, 0, 38.414, -66.868, 151.375, -26.500, -15.100, -7.553, 32.33, 0.0206, 0.5726, 0.13641, 0.80807,
 15:45:59.513,e3:ca:2d:fd:e0:8c, 2015-01-01 03:57:13.945, 0.96, 0.089, 0.335, -0.183, 0.305, 0, 14.804, -70.12, 147.865, -25.647, -12.860, -12.493, 29.62, 0.15448, 0.57639, -0.05688, 0.80035,
 15:45:59.513,e3:ca:2d:fd:e0:8c, 2015-01-01 03:57:13.945, 0.96, 0.088, 0.335, -0.122, 0.427, 0, 14.799, -70.109, 147.887, -25.647, -12.860, -12.493, 29.62, 0.15448, 0.57639, -0.05688, 0.80035,
 15:45:59.516,ed:35:33:d3:6c:f8, 2015-01-01 03:57:14.045, 0.329, -0.011, 0.945, -0.244, 0.183, 0.488, -0.84, -19.182, 159.472, -9.500, -7.207, -35.373, 30.72, -0.17706, -0.16272, 0.03677, -0.96991,
 15:45:59.516,ed:35:33:d3:6c:f8, 2015-01-01 03:57:14.045, 0.334, -0.013, 0.935, -0.793, 1.831, 0.427, -0.857, -19.144, 159.51, -9.500, -7.207, -35.373, 30.72, -0.17706, -0.16272, 0.03677, -0.96991,
 15:45:59.535,ed:40:fe:65:30:6c, 2015-01-01 03:57:19.020, 0.558, 0.018, 0.833, 0.183, 0.305, 0, 1.379, -33.074, -119.971, -18.153, -6.473, -7.413, 28.47, 0.48242, -0.24066, -0.15231, -0.82828,
 15:45:59.535,ed:40:fe:65:30:6c, 2015-01-01 03:57:19.020, 0.547, 0.019, 0.834, 0.366, 0.427, 0, 1.379, -33.069, -119.971, -18.153, -6.473, -7.413, 28.47, 0.48242, -0.24066, -0.15231, -0.82828,
 15:45:59.536,e3:ca:2d:fd:e0:8c, 2015-01-01 03:57:13.945, 0.959, 0.087, 0.335, 0, 0.671, 0, 14.788, -70.098, 147.909, -25.647, -12.860, -12.493, 29.62, 0.15448, 0.57639, -0.05688, 0.80035,
 15:45:59.536,e3:ca:2d:fd:e0:8c, 2015-01-01 03:57:13.945, 0.959, 0.085, 0.334, 0, 1.038, 0, 14.771, -70.076, 147.942, -25.647, -12.860, -12.493, 29.62, 0.15448, 0.57639, -0.05688, 0.80035,
 15:45:59.537,f6:90:cc:01:6d:25, 2015-01-01 03:57:14.410, 0.911, 0.241, 0.299, -0.061, 1.221, 0, 38.381, -66.852, 151.425, -26.500, -15.100, -7.553, 32.33, 0.0206, 0.5726, 0.13641, 0.80807,
 15:45:59.537,f6:90:cc:01:6d:25, 2015-01-01 03:57:14.410, 0.909, 0.24, 0.296, -0.488, 1.831, 0, 38.337, -66.83, 151.463, -26.500, -15.100, -7.553, 32.33, 0.0206, 0.5726, 0.13641, 0.80807,
 15:45:59.561,ed:35:33:d3:6c:f8, 2015-01-01 03:57:14.355, 0.336, -0.01, 0.927, -0.916, 5.249, 0.366, -0.873, -19.045, 159.554, -9.500, -7.207, -35.373, 30.72, -0.17706, -0.16272, 0.03677, -0.96991,
 15:45:59.561,ed:35:33:d3:6c:f8, 2015-01-01 03:57:14.355, 0.307, -0.009, 0.949, -0.183, 4.333, 2.197, -0.89, -18.962, 159.642, -9.500, -7.207, -35.373, 30.72, -0.17706, -0.16272, 0.03677, -0.96991,
 15:45:59.580,ed:40:fe:65:30:6c, 2015-01-01 03:57:19.380, 0.54, 0.021, 0.844, 0.183, 0.122, 0, 1.384, -33.063, -119.971, -18.153, -6.473, -7.413, 28.47, 0.48242, -0.24066, -0.15231, -0.82828,
 15:45:59.580,ed:40:fe:65:30:6c, 2015-01-01 03:57:19.380, 0.542, 0.021, 0.848, 0, 0, 0, 1.39, -33.063, -119.976, -18.153, -6.473, -7.413, 28.47, 0.48242, -0.24066, -0.15231, -0.82828,
 15:45:59.581,e3:ca:2d:fd:e0:8c, 2015-01-01 03:57:13.945, 0.958, 0.086, 0.335, 0, 1.282, 0, 14.749, -70.054, 147.975, -25.647, -12.860, -12.493, 29.62, 0.15448, 0.57639, -0.05688, 0.80035,
 15:45:59.581,e3:ca:2d:fd:e0:8c, 2015-01-01 03:57:13.945, 0.958, 0.087, 0.334, 0, 1.038, 0, 14.738, -70.032, 148.008, -25.647, -12.860, -12.493, 29.62, 0.15448, 0.57639, -0.05688, 0.80035,
 15:45:59.582,f6:90:cc:01:6d:25, 2015-01-01 03:57:14.410, 0.906, 0.238, 0.302, -0.488, 1.953, 0, 38.276, -66.802, 151.49, -26.500, -15.100, -7.553, 32.33, 0.0206, 0.5726, 0.13641, 0.80807,
 15:45:59.582,f6:90:cc:01:6d:25, 2015-01-01 03:57:14.410, 0.907, 0.239, 0.305, -0.732, 1.648, 0, 38.216, -66.78, 151.529, -26.500, -15.100, -7.553, 32.33, 0.0206, 0.5726, 0.13641, 0.80807,
 15:45:59.602,ed:40:fe:65:30:6c, 2015-01-01 03:57:19.380, 0.546, 0.018, 0.846, -0.122, 0.122, 0, 1.39, -33.063, -119.976, -18.153, -6.473, -7.413, 28.47, 0.48242, -0.24066, -0.15231, -0.82828,
 15:45:59.602,ed:40:fe:65:30:6c, 2015-01-01 03:57:19.380, 0.546, 0.014, 0.844, -0.244, 0.061, 0, 1.384, -33.063, -119.976, -18.153, -6.473, -7.413, 28.47, 0.48242, -0.24066, -0.15231, -0.82828,
 15:45:59.606,ed:35:33:d3:6c:f8, 2015-01-01 03:57:14.355, 0.319, -0.011, 0.956, 0.549, -1.404, 3.357, -0.895, -18.99, 159.752, -9.500, -7.207, -35.373, 30.72, -0.17706, -0.16272, 0.03677, -0.96991,
 15:45:59.606,ed:35:33:d3:6c:f8, 2015-01-01 03:57:14.355, 0.324, -0.019, 0.945, 1.221, -3.54, 4.211, -0.906, -19.067, 159.928, -9.500, -7.207, -35.373, 30.72, -0.17706, -0.16272, 0.03677, -0.96991,
 15:45:59.628,ed:35:33:d3:6c:f8, 2015-01-01 03:57:14.355, 0.329, -0.018, 0.943, 0.854, -3.784, 5.005, -0.912, -19.133, 160.104, -9.500, -7.207, -35.373, 30.72, -0.17706, -0.16272, 0.03677, -0.96991,
 15:45:59.628,ed:35:33:d3:6c:f8, 2015-01-01 03:57:14.355, 0.315, -0.016, 0.939, -0.061, -2.991, 3.601, -0.934, -19.199, 160.302, -9.500, -7.207, -35.373, 30.72, -0.17706, -0.16272, 0.03677, -0.96991,
 15:45:59.628,f6:90:cc:01:6d:25, 2015-01-01 03:57:14.410, 0.907, 0.238, 0.309, -0.671, 1.221, 0, 38.167, -66.758, 151.523, -26.500, -15.100, -7.553, 32.33, 0.0206, 0.5726, 0.13641, 0.80807,
 15:45:59.628,f6:90:cc:01:6d:25, 2015-01-01 03:57:14.410, 0.906, 0.238, 0.306, -0.366, 1.16, 0, 38.123, -66.742, 151.562, -26.500, -15.100, -7.553, 32.33, 0.0206, 0.5726, 0.13641, 0.80807,
 15:45:59.649,ed:40:fe:65:30:6c, 2015-01-01 03:57:19.380, 0.543, 0.016, 0.844, -0.427, -0.122, -0.305, 1.379, -33.063, -119.976, -18.153, -6.473, -7.413, 28.47, 0.48242, -0.24066, -0.15231, -0.82828,
 15:45:59.649,ed:40:fe:65:30:6c, 2015-01-01 03:57:19.380, 0.538, 0.019, 0.842, -0.488, -0.183, -0.427, 1.373, -33.063, -119.987, -18.153, -6.473, -7.413, 28.47, 0.48242, -0.24066, -0.15231, -0.82828,
 15:45:59.649,e3:ca:2d:fd:e0:8c, 2015-01-01 03:57:13.945, 0.957, 0.088, 0.337, 0, 0.671, 0, 14.727, -70.021, 148.024, -25.993, -12.713, -12.480, 29.62, 0.15448, 0.57639, -0.05688, 0.80035,
 15:45:59.649,e3:ca:2d:fd:e0:8c, 2015-01-01 03:57:13.945, 0.954, 0.089, 0.337, -0.061, 0.244, 0, 14.722, -70.021, 148.035, -25.993, -12.713, -12.480, 29.62, 0.15448, 0.57639, -0.05688, 0.80035,
 15:45:59.671,f6:90:cc:01:6d:25, 2015-01-01 03:57:14.410, 0.905, 0.238, 0.309, -0.488, 1.282, 0, 38.079, -66.725, 151.589, -26.500, -15.100, -7.553, 32.33, 0.0206, 0.5726, 0.13641, 0.80807,
 15:45:59.671,f6:90:cc:01:6d:25, 2015-01-01 03:57:14.410, 0.904, 0.238, 0.312, -0.549, 1.343, 0, 38.035, -66.709, 151.617, -26.500, -15.100, -7.553, 32.33, 0.0206, 0.5726, 0.13641, 0.80807,
 15:45:59.671,e3:ca:2d:fd:e0:8c, 2015-01-01 03:57:13.945, 0.955, 0.088, 0.341, -0.122, 0.244, 0, 14.711, -70.016, 148.063, -25.993, -12.713, -12.480, 29.62, 0.15286, 0.57584, -0.05569, 0.80115,
 15:45:59.671,e3:ca:2d:fd:e0:8c, 2015-01-01 03:57:13.945, 0.955, 0.088, 0.344, -0.122, 0.305, 0, 14.705, -70.01, 148.074, -25.993, -12.713, -12.480, 29.62, 0.15286, 0.57584, -0.05569, 0.80115,
 15:45:59.675,ed:35:33:d3:6c:f8, 2015-01-01 03:57:14.355, 0.317, -0.011, 0.946, -1.16, -2.075, 3.54, -0.967, -19.254, 160.439, -9.500, -7.207, -35.373, 30.72, -0.17706, -0.16272, 0.03677, -0.96991,
 15:45:59.675,ed:35:33:d3:6c:f8, 2015-01-01 03:57:14.355, 0.326, -0.013, 0.953, -1.465, -5.554, 3.235, -1.011, -19.303, 160.576, -9.500, -7.207, -35.373, 30.72, -0.17706, -0.16272, 0.03677, -0.96991,
 15:45:59.694,ed:40:fe:65:30:6c, 2015-01-01 03:57:19.380, 0.53, 0.021, 0.852, -0.671, -0.366, -0.488, 1.368, -33.069, -119.998, -18.153, -6.473, -7.413, 28.47, 0.48242, -0.24066, -0.15231, -0.82828,
 15:45:59.694,ed:40:fe:65:30:6c, 2015-01-01 03:57:19.380, 0.533, 0.019, 0.852, -0.61, -0.671, -0.305, 1.357, -33.074, -120.009, -18.153, -6.473, -7.413, 28.47, 0.48242, -0.24066, -0.15231, -0.82828,
 15:45:59.716,e3:ca:2d:fd:e0:8c, 2015-01-01 03:57:13.945, 0.952, 0.087, 0.343, -0.183, 0.366, 0, 14.694, -69.999, 148.074, -25.993, -12.713, -12.480, 29.62, 0.15286, 0.57584, -0.05569, 0.80115,
 15:45:59.716,e3:ca:2d:fd:e0:8c, 2015-01-01 03:57:13.945, 0.954, 0.087, 0.341, -0.244, 0.061, 0, 14.689, -69.999, 148.052, -25.993, -12.713, -12.480, 29.62, 0.15286, 0.57584, -0.05569, 0.80115,
 15:45:59.718,f6:90:cc:01:6d:25, 2015-01-01 03:57:14.410, 0.9, 0.236, 0.313, -0.793, 1.16, 0, 37.985, -66.693, 151.666, -26.500, -15.100, -7.553, 32.33, 0.0206, 0.5726, 0.13641, 0.80807,
 15:45:59.718,f6:90:cc:01:6d:25, 2015-01-01 03:57:14.410, 0.899, 0.234, 0.314, -0.793, 0.61, 0, 37.941, -66.676, 151.683, -26.500, -15.100, -7.553, 32.33, 0.0206, 0.5726, 0.13641, 0.80807,
 15:45:59.718,ed:35:33:d3:6c:f8, 2015-01-01 03:57:14.355, 0.317, -0.016, 0.946, -0.305, -7.629, 2.93, -1.055, -19.418, 160.73, -9.500, -7.207, -35.373, 30.72, -0.17706, -0.16272, 0.03677, -0.96991,
 15:45:59.718,ed:35:33:d3:6c:f8, 2015-01-01 03:57:14.355, 0.338, -0.015, 0.945, -0.977, -9.705, 2.38, -1.082, -19.572, 160.851, -9.500, -7.207, -35.373, 30.72, -0.17706, -0.16272, 0.03677, -0.96991,
 15:45:59.737,ed:40:fe:65:30:6c, 2015-01-01 03:57:19.380, 0.538, 0.02, 0.85, -0.61, -1.038, -0.183, 1.346, -33.085, -120.015, -18.153, -6.473, -7.413, 28.47, 0.48242, -0.24066, -0.15231, -0.82828,
 15:45:59.737,ed:40:fe:65:30:6c, 2015-01-01 03:57:19.380, 0.539, 0.019, 0.848, -0.549, -1.16, -0.061, 1.34, -33.096, -120.015, -18.153, -6.473, -7.413, 28.47, 0.48242, -0.24066, -0.15231, -0.82828,
 15:45:59.738,e3:ca:2d:fd:e0:8c, 2015-01-01 03:57:14.300, 0.954, 0.086, 0.339, -0.183, -0.183, 0, 14.683, -69.999, 148.035, -25.993, -12.713, -12.480, 29.62, 0.15286, 0.57584, -0.05569, 0.80115,
 15:45:59.738,e3:ca:2d:fd:e0:8c, 2015-01-01 03:57:14.300, 0.954, 0.087, 0.342, -0.122, -0.488, 0, 14.689, -70.005, 148.035, -25.993, -12.713, -12.480, 29.62, 0.15286, 0.57584, -0.05569, 0.80115,
 15:45:59.740,f6:90:cc:01:6d:25, 2015-01-01 03:57:14.410, 0.903, 0.234, 0.313, -0.427, 0, 0, 37.914, -66.676, 151.677, -26.647, -14.853, -8.233, 32.33, 0.0206, 0.5726, 0.13641, 0.80807,
 15:45:59.740,f6:90:cc:01:6d:25, 2015-01-01 03:57:14.410, 0.903, 0.235, 0.315, -0.061, -0.427, 0, 37.914, -66.676, 151.677, -26.647, -14.853, -8.233, 32.33, 0.0206, 0.5726, 0.13641, 0.80807,
 15:45:59.765,ed:35:33:d3:6c:f8, 2015-01-01 03:57:14.355, 0.331, -0.016, 0.935, -0.61, -10.62, 3.235, -1.121, -19.759, 160.95, -9.860, -6.907, -35.180, 30.72, -0.17706, -0.16272, 0.03677, -0.96991,
 15:45:59.765,ed:35:33:d3:6c:f8, 2015-01-01 03:57:14.355, 0.341, -0.015, 0.938, -2.258, -11.047, 1.343, -1.159, -19.962, 161.06, -9.860, -6.907, -35.180, 30.72, -0.17706, -0.16272, 0.03677, -0.96991,
 15:45:59.784,e3:ca:2d:fd:e0:8c, 2015-01-01 03:57:14.300, 0.953, 0.087, 0.341, 0.061, -0.854, 0, 14.694, -70.021, 148.041, -25.993, -12.713, -12.480, 29.62, 0.15286, 0.57584, -0.05569, 0.80115,
 15:45:59.784,e3:ca:2d:fd:e0:8c, 2015-01-01 03:57:14.300, 0.955, 0.089, 0.343, 0.183, -1.038, 0, 14.711, -70.038, 148.046, -25.993, -12.713, -12.480, 29.62, 0.15286, 0.57584, -0.05569, 0.80115,
 15:45:59.784,f6:90:cc:01:6d:25, 2015-01-01 03:57:14.410, 0.903, 0.236, 0.313, 0.061, -0.549, 0, 37.925, -66.687, 151.661, -26.647, -14.853, -8.233, 32.33, 0.0206, 0.5726, 0.13641, 0.80807,
 15:45:59.784,f6:90:cc:01:6d:25, 2015-01-01 03:57:14.410, 0.904, 0.238, 0.316, 0.732, -0.732, 0, 37.947, -66.698, 151.644, -26.647, -14.853, -8.233, 32.33, 0.0206, 0.5726, 0.13641, 0.80807,
 15:45:59.786,ed:35:33:d3:6c:f8, 2015-01-01 03:57:14.355, 0.352, -0.016, 0.931, -2.197, -9.338, 0.61, -1.208, -20.16, 161.125, -9.860, -6.907, -35.180, 30.72, -0.16312, -0.1713, 0.03909, -0.97079,
 15:45:59.786,ed:35:33:d3:6c:f8, 2015-01-01 03:57:14.355, 0.347, -0.018, 0.926, -2.991, -9.277, -0.122, -1.258, -20.336, 161.169, -9.860, -6.907, -35.180, 30.72, -0.16312, -0.1713, 0.03909, -0.97079,
 15:45:59.805,ed:40:fe:65:30:6c, 2015-01-01 03:57:19.380, 0.54, 0.02, 0.847, -0.427, -1.282, 0, 1.329, -33.118, -119.993, -18.320, -5.953, -8.047, 28.47, 0.48242, -0.24066, -0.15231, -0.82828,
 15:45:59.805,ed:40:fe:65:30:6c, 2015-01-01 03:57:19.380, 0.543, 0.019, 0.846, -0.244, -1.404, 0.061, 1.318, -33.135, -119.965, -18.320, -5.953, -8.047, 28.47, 0.48242, -0.24066, -0.15231, -0.82828,
 15:45:59.827,ed:40:fe:65:30:6c, 2015-01-01 03:57:19.380, 0.548, 0.02, 0.84, -0.061, -1.16, 0, 1.318, -33.151, -119.943, -18.320, -5.953, -8.047, 28.47, 0.48242, -0.24149, -0.15231, -0.82803,
 15:45:59.827,ed:40:fe:65:30:6c, 2015-01-01 03:57:19.380, 0.554, 0.021, 0.834, 0, -1.038, 0.061, 1.313, -33.168, -119.921, -18.320, -5.953, -8.047, 28.47, 0.48242, -0.24149, -0.15231, -0.82803,
 15:45:59.828,e3:ca:2d:fd:e0:8c, 2015-01-01 03:57:14.300, 0.955, 0.088, 0.34, 0.244, -1.282, 0.366, 14.711, -70.06, 148.052, -25.993, -12.713, -12.480, 29.62, 0.15286, 0.57584, -0.05569, 0.80115,
 15:45:59.828,e3:ca:2d:fd:e0:8c, 2015-01-01 03:57:14.300, 0.957, 0.089, 0.339, 0.244, -1.16, 0.427, 14.711, -70.082, 148.063, -25.993, -12.713, -12.480, 29.62, 0.15286, 0.57584, -0.05569, 0.80115,
 15:45:59.831,ed:35:33:d3:6c:f8, 2015-01-01 03:57:14.355, 0.362, -0.017, 0.923, -3.296, -8.423, 0.488, -1.318, -20.5, 161.202, -9.860, -6.907, -35.180, 30.72, -0.16312, -0.1713, 0.03909, -0.97079,
 15:45:59.831,ed:35:33:d3:6c:f8, 2015-01-01 03:57:14.355, 0.365, -0.011, 0.923, -3.418, -7.263, 1.465, -1.384, -20.654, 161.252, -9.860, -6.907, -35.180, 30.72, -0.16312, -0.1713, 0.03909, -0.97079,
 15:45:59.852,f6:90:cc:01:6d:25, 2015-01-01 03:57:14.410, 0.903, 0.238, 0.309, 0.732, -0.671, 0, 37.974, -66.703, 151.628, -26.647, -14.853, -8.233, 32.33, 0.02017, 0.57053, 0.13599, 0.80963,
 15:45:59.852,f6:90:cc:01:6d:25, 2015-01-01 03:57:14.410, 0.907, 0.239, 0.307, 0.549, -0.732, 0, 37.996, -66.714, 151.595, -26.647, -14.853, -8.233, 32.33, 0.02017, 0.57053, 0.13599, 0.80963,
 15:45:59.872,ed:40:fe:65:30:6c, 2015-01-01 03:57:19.380, 0.557, 0.023, 0.838, -0.061, -0.793, 0.061, 1.313, -33.184, -119.91, -18.320, -5.953, -8.047, 28.47, 0.48242, -0.24149, -0.15231, -0.82803,
 15:45:59.872,ed:40:fe:65:30:6c, 2015-01-01 03:57:19.380, 0.555, 0.022, 0.843, -0.183, -0.793, 0.183, 1.313, -33.195, -119.883, -18.320, -5.953, -8.047, 28.47, 0.48242, -0.24149, -0.15231, -0.82803,
 15:45:59.873,e3:ca:2d:fd:e0:8c, 2015-01-01 03:57:14.300, 0.961, 0.09, 0.337, 0.122, -0.977, 0.427, 14.7, -70.098, 148.085, -25.993, -12.713, -12.480, 29.62, 0.15286, 0.57584, -0.05569, 0.80115,
 15:45:59.873,e3:ca:2d:fd:e0:8c, 2015-01-01 03:57:14.300, 0.96, 0.09, 0.337, 0.122, -0.977, 0.427, 14.694, -70.115, 148.107, -25.993, -12.713, -12.480, 29.62, 0.15286, 0.57584, -0.05569, 0.80115,
 15:45:59.875,f6:90:cc:01:6d:25, 2015-01-01 03:57:14.765, 0.913, 0.242, 0.307, 0.488, -0.732, 0, 38.018, -66.725, 151.545, -26.647, -14.853, -8.233, 32.33, 0.02017, 0.57053, 0.13599, 0.80963,
 15:45:59.875,f6:90:cc:01:6d:25, 2015-01-01 03:57:14.765, 0.911, 0.243, 0.307, 0.549, -0.61, 0, 38.046, -66.731, 151.507, -26.647, -14.853, -8.233, 32.33, 0.02017, 0.57053, 0.13599, 0.80963,
 15:45:59.877,ed:35:33:d3:6c:f8, 2015-01-01 03:57:14.650, 0.367, -0.017, 0.935, -4.822, -8.179, -0.671, -1.467, -20.797, 161.296, -9.860, -6.907, -35.180, 30.72, -0.16312, -0.1713, 0.03909, -0.97079,
 15:45:59.877,ed:35:33:d3:6c:f8, 2015-01-01 03:57:14.650, 0.37, -0.025, 0.929, -3.54, -6.836, 1.099, -1.549, -20.945, 161.307, -9.860, -6.907, -35.180, 30.72, -0.16312, -0.1713, 0.03909, -0.97079,
 15:45:59.895,ed:40:fe:65:30:6c, 2015-01-01 03:57:19.715, 0.553, 0.02, 0.839, -0.122, -0.671, 0.183, 1.307, -33.206, -119.855, -18.320, -5.953, -8.047, 28.47, 0.48242, -0.24149, -0.15231, -0.82803,
 15:45:59.895,ed:40:fe:65:30:6c, 2015-01-01 03:57:19.715, 0.554, 0.016, 0.84, -0.244, -0.732, 0.122, 1.307, -33.217, -119.833, -18.320, -5.953, -8.047, 28.47, 0.48242, -0.24149, -0.15231, -0.82803,
 15:45:59.897,f6:90:cc:01:6d:25, 2015-01-01 03:57:14.765, 0.908, 0.242, 0.301, 0.427, -0.549, 0, 38.068, -66.742, 151.49, -26.647, -14.853, -8.233, 32.33, 0.02017, 0.57053, 0.13599, 0.80963,
 15:45:59.897,f6:90:cc:01:6d:25, 2015-01-01 03:57:14.765, 0.91, 0.239, 0.299, 0.183, -0.549, 0, 38.084, -66.747, 151.485, -26.647, -14.853, -8.233, 32.33, 0.02017, 0.57053, 0.13599, 0.80963,
 15:45:59.919,e3:ca:2d:fd:e0:8c, 2015-01-01 03:57:14.300, 0.963, 0.088, 0.332, -0.061, -0.549, 0.244, 14.689, -70.131, 148.134, -25.993, -12.713, -12.480, 29.62, 0.15286, 0.57584, -0.05569, 0.80115,
 15:45:59.919,e3:ca:2d:fd:e0:8c, 2015-01-01 03:57:14.300, 0.962, 0.087, 0.329, -0.061, -0.549, 0.305, 14.678, -70.142, 148.156, -25.993, -12.713, -12.480, 29.62, 0.15286, 0.57584, -0.05569, 0.80115,
 15:45:59.921,ed:35:33:d3:6c:f8, 2015-01-01 03:57:14.650, 0.368, -0.031, 0.926, -3.601, -6.714, 0.244, -1.62, -21.072, 161.334, -9.860, -6.907, -35.180, 30.72, -0.16312, -0.1713, 0.03909, -0.97079,
 15:45:59.921,ed:35:33:d3:6c:f8, 2015-01-01 03:57:14.650, 0.379, -0.025, 0.923, -3.174, -6.47, 0, -1.686, -21.204, 161.318, -9.860, -6.907, -35.180, 30.72, -0.16312, -0.1713, 0.03909, -0.97079,
 15:45:59.940,ed:40:fe:65:30:6c, 2015-01-01 03:57:19.715, 0.558, 0.016, 0.839, -0.244, -1.038, 0.061, 1.302, -33.234, -119.806, -18.320, -5.953, -8.047, 28.47, 0.48242, -0.24149, -0.15231, -0.82803,
 15:45:59.940,ed:40:fe:65:30:6c, 2015-01-01 03:57:19.715, 0.561, 0.017, 0.833, -0.183, -0.854, 0, 1.296, -33.256, -119.784, -18.320, -5.953, -8.047, 28.47, 0.48242, -0.24149, -0.15231, -0.82803,
 15:45:59.943,e3:ca:2d:fd:e0:8c, 2015-01-01 03:57:14.300, 0.96, 0.086, 0.331, -0.061, -0.732, 0.244, 14.672, -70.153, 148.156, -25.793, -12.447, -12.627, 29.62, 0.15286, 0.57584, -0.05569, 0.80115,
 15:45:59.943,e3:ca:2d:fd:e0:8c, 2015-01-01 03:57:14.300, 0.958, 0.086, 0.333, -0.061, -0.549, 0.122, 14.672, -70.164, 148.14, -25.793, -12.447, -12.627, 29.62, 0.15286, 0.57584, -0.05569, 0.80115,
 15:45:59.943,f6:90:cc:01:6d:25, 2015-01-01 03:57:14.765, 0.911, 0.24, 0.3, 0, -0.61, 0, 38.101, -66.758, 151.452, -26.647, -14.853, -8.233, 32.33, 0.02017, 0.57053, 0.13599, 0.80963,
 15:45:59.943,f6:90:cc:01:6d:25, 2015-01-01 03:57:14.765, 0.912, 0.24, 0.3, -0.061, -0.671, 0, 38.123, -66.769, 151.436, -26.647, -14.853, -8.233, 32.33, 0.02017, 0.57053, 0.13599, 0.80963,
 15:45:59.963,ed:40:fe:65:30:6c, 2015-01-01 03:57:19.715, 0.56, 0.013, 0.831, -0.244, -0.549, -0.122, 1.291, -33.267, -119.778, -18.320, -5.953, -8.047, 28.47, 0.48242, -0.24149, -0.15231, -0.82803,
 15:45:59.963,ed:40:fe:65:30:6c, 2015-01-01 03:57:19.715, 0.557, 0.009, 0.831, -0.183, -0.366, -0.183, 1.285, -33.278, -119.784, -18.320, -5.953, -8.047, 28.47, 0.48242, -0.24149, -0.15231, -0.82803,
 15:45:59.967,ed:35:33:d3:6c:f8, 2015-01-01 03:57:14.650, 0.375, -0.031, 0.915, -1.648, -4.883, 0.549, -1.741, -21.319, 161.307, -9.860, -6.907, -35.180, 30.72, -0.16312, -0.1713, 0.03909, -0.97079,
 15:45:59.967,ed:35:33:d3:6c:f8, 2015-01-01 03:57:14.650, 0.379, -0.031, 0.915, -2.197, -4.15, -1.587, -1.774, -21.412, 161.285, -9.860, -6.907, -35.180, 30.72, -0.16312, -0.1713, 0.03909, -0.97079,
 15:45:59.986,e3:ca:2d:fd:e0:8c, 2015-01-01 03:57:14.300, 0.958, 0.085, 0.334, 0, -0.305, 0.122, 14.672, -70.175, 148.14, -25.793, -12.447, -12.627, 29.62, 0.15286, 0.57584, -0.05569, 0.80115,
 15:45:59.986,e3:ca:2d:fd:e0:8c, 2015-01-01 03:57:14.300, 0.958, 0.084, 0.337, 0, 0, 0, 14.672, -70.181, 148.134, -25.793, -12.447, -12.627, 29.62, 0.15286, 0.57584, -0.05569, 0.80115,
 15:45:59.988,f6:90:cc:01:6d:25, 2015-01-01 03:57:14.765, 0.911, 0.238, 0.299, 0.122, -0.549, 0, 38.139, -66.78, 151.43, -26.647, -14.853, -8.233, 32.33, 0.02017, 0.57053, 0.13599, 0.80963,
 15:45:59.988,f6:90:cc:01:6d:25, 2015-01-01 03:57:14.765, 0.91, 0.235, 0.3, 0.305, -0.183, 0, 38.156, -66.791, 151.397, -26.647, -14.853, -8.233, 32.33, 0.02017, 0.57053, 0.13599, 0.80963,
 15:45:59.988,ed:35:33:d3:6c:f8, 2015-01-01 03:57:14.650, 0.377, -0.033, 0.913, -2.136, -3.784, 0.549, -1.807, -21.489, 161.246, -9.860, -6.907, -35.180, 30.72, -0.16312, -0.1713, 0.03909, -0.97079,
 15:45:59.988,ed:35:33:d3:6c:f8, 2015-01-01 03:57:14.650, 0.374, -0.033, 0.916, -1.648, -1.404, 0, -1.846, -21.555, 161.23, -9.860, -6.907, -35.180, 30.72, -0.16312, -0.1713, 0.03909, -0.97079,
 15:46:00.007,ed:40:fe:65:30:6c, 2015-01-01 03:57:19.715, 0.556, 0.013, 0.832, 0, -0.061, -0.122, 1.285, -33.289, -119.789, -18.320, -5.953, -8.047, 28.47, 0.48242, -0.24149, -0.15231, -0.82803,
 15:46:00.007,ed:40:fe:65:30:6c, 2015-01-01 03:57:19.715, 0.552, 0.017, 0.835, 0, 0.061, 0, 1.285, -33.294, -119.795, -18.320, -5.953, -8.047, 28.47, 0.48242, -0.24149, -0.15231, -0.82803,
 15:46:00.032,f6:90:cc:01:6d:25, 2015-01-01 03:57:14.765, 0.91, 0.235, 0.303, 0.183, 0, 0, 38.161, -66.791, 151.375, -26.647, -14.853, -8.233, 32.33, 0.02017, 0.57053, 0.13599, 0.80963,
 15:46:00.032,f6:90:cc:01:6d:25, 2015-01-01 03:57:14.765, 0.91, 0.237, 0.304, 0.122, 0.427, 0, 38.156, -66.791, 151.359, -26.647, -14.853, -8.233, 32.33, 0.02017, 0.57053, 0.13599, 0.80963,
 15:46:00.034,ed:35:33:d3:6c:f8, 2015-01-01 03:57:14.650, 0.378, -0.024, 0.921, -1.526, -1.099, 0.244, -1.879, -21.583, 161.197, -9.860, -6.907, -35.180, 30.72, -0.16312, -0.1713, 0.03909, -0.97079,
 15:46:00.034,ed:35:33:d3:6c:f8, 2015-01-01 03:57:14.650, 0.373, -0.033, 0.924, -1.526, -1.709, 0.305, -1.906, -21.61, 161.164, -9.860, -6.907, -35.180, 30.72, -0.16312, -0.1713, 0.03909, -0.97079,
 15:46:00.053,ed:40:fe:65:30:6c, 2015-01-01 03:57:19.715, 0.553, 0.019, 0.839, 0, 0.183, 0, 1.28, -33.294, -119.795, -18.320, -5.953, -8.047, 28.47, 0.48242, -0.24149, -0.15231, -0.82803,
 15:46:00.053,ed:40:fe:65:30:6c, 2015-01-01 03:57:19.715, 0.551, 0.015, 0.839, -0.122, 0.244, 0, 1.28, -33.294, -119.806, -18.320, -5.953, -8.047, 28.47, 0.48242, -0.24149, -0.15231, -0.82803,
 15:46:00.053,e3:ca:2d:fd:e0:8c, 2015-01-01 03:57:14.300, 0.959, 0.084, 0.338, 0.122, 0.183, -0.122, 14.672, -70.181, 148.112, -25.793, -12.447, -12.627, 29.62, 0.15207, 0.57693, -0.05597, 0.80048,
 15:46:00.053,e3:ca:2d:fd:e0:8c, 2015-01-01 03:57:14.300, 0.959, 0.086, 0.337, 0.061, 0.305, -0.183, 14.672, -70.175, 148.096, -25.793, -12.447, -12.627, 29.62, 0.15207, 0.57693, -0.05597, 0.80048,
 15:46:00.077,e3:ca:2d:fd:e0:8c, 2015-01-01 03:57:14.635, 0.958, 0.087, 0.335, 0, 0.305, -0.183, 14.678, -70.17, 148.079, -25.793, -12.447, -12.627, 29.62, 0.15207, 0.57693, -0.05597, 0.80048,
 15:46:00.077,e3:ca:2d:fd:e0:8c, 2015-01-01 03:57:14.635, 0.956, 0.086, 0.334, -0.061, 0.244, -0.244, 14.683, -70.159, 148.057, -25.793, -12.447, -12.627, 29.62, 0.15207, 0.57693, -0.05597, 0.80048,
 15:46:00.078,f6:90:cc:01:6d:25, 2015-01-01 03:57:14.765, 0.909, 0.239, 0.305, -0.061, 0.671, 0, 38.139, -66.786, 151.348, -26.647, -14.853, -8.233, 32.33, 0.02017, 0.57053, 0.13599, 0.80963,
 15:46:00.078,f6:90:cc:01:6d:25, 2015-01-01 03:57:14.765, 0.907, 0.239, 0.307, -0.183, 0.671, 0, 38.117, -66.775, 151.37, -26.647, -14.853, -8.233, 32.33, 0.02017, 0.57053, 0.13599, 0.80963,
 15:46:00.078,ed:35:33:d3:6c:f8, 2015-01-01 03:57:14.650, 0.372, -0.03, 0.922, -1.465, -1.587, 1.343, -1.939, -21.649, 161.125, -10.680, -6.407, -35.280, 30.72, -0.16312, -0.1713, 0.03909, -0.97079,
 15:46:00.078,ed:35:33:d3:6c:f8, 2015-01-01 03:57:14.650, 0.367, -0.034, 0.923, -2.625, -0.977, -3.174, -1.978, -21.682, 161.093, -10.680, -6.407, -35.280, 30.72, -0.16312, -0.1713, 0.03909, -0.97079,
 15:46:00.097,ed:40:fe:65:30:6c, 2015-01-01 03:57:19.715, 0.544, 0.017, 0.84, -0.122, 0.183, -0.061, 1.274, -33.289, -119.795, -18.320, -5.953, -8.047, 28.47, 0.48242, -0.24149, -0.15231, -0.82803,
 15:46:00.097,ed:40:fe:65:30:6c, 2015-01-01 03:57:19.715, 0.542, 0.022, 0.843, 0, 0.183, -0.061, 1.274, -33.289, -119.789, -18.320, -5.953, -8.047, 28.47, 0.48242, -0.24149, -0.15231, -0.82803,
 15:46:00.100,f6:90:cc:01:6d:25, 2015-01-01 03:57:14.765, 0.904, 0.239, 0.304, 0, 0.488, 0, 38.101, -66.769, 151.408, -26.580, -15.127, -7.527, 32.33, 0.02017, 0.57053, 0.13599, 0.80963,
 15:46:00.100,f6:90:cc:01:6d:25, 2015-01-01 03:57:14.765, 0.901, 0.239, 0.307, 0, 0.183, 0, 38.09, -66.769, 151.408, -26.580, -15.127, -7.527, 32.33, 0.02017, 0.57053, 0.13599, 0.80963,
 15:46:00.121,e3:ca:2d:fd:e0:8c, 2015-01-01 03:57:14.635, 0.955, 0.088, 0.336, -0.061, 0.183, -0.183, 14.689, -70.153, 148.046, -25.793, -12.447, -12.627, 29.62, 0.15207, 0.57693, -0.05597, 0.80048,
 15:46:00.121,e3:ca:2d:fd:e0:8c, 2015-01-01 03:57:14.635, 0.957, 0.088, 0.335, -0.122, 0, -0.061, 14.689, -70.148, 148.019, -25.793, -12.447, -12.627, 29.62, 0.15207, 0.57693, -0.05597, 0.80048,
 15:46:00.123,ed:35:33:d3:6c:f8, 2015-01-01 03:57:14.650, 0.364, -0.027, 0.924, -1.221, -0.549, -0.061, -2, -21.703, 161.01, -10.680, -6.407, -35.280, 30.72, -0.1651, -0.1828, 0.04791, -0.96796,
 15:46:00.123,ed:35:33:d3:6c:f8, 2015-01-01 03:57:14.650, 0.37, -0.028, 0.926, -0.244, -1.16, -0.061, -2.016, -21.72, 160.977, -10.680, -6.407, -35.280, 30.72, -0.1651, -0.1828, 0.04791, -0.96796,
 15:46:00.143,e3:ca:2d:fd:e0:8c, 2015-01-01 03:57:14.635, 0.958, 0.088, 0.337, -0.183, -0.061, 0, 14.689, -70.148, 147.98, -25.793, -12.447, -12.627, 29.62, 0.15207, 0.57693, -0.05597, 0.80048,
 15:46:00.143,e3:ca:2d:fd:e0:8c, 2015-01-01 03:57:14.635, 0.958, 0.088, 0.338, -0.061, -0.122, 0.061, 14.683, -70.148, 147.936, -25.793, -12.447, -12.627, 29.62, 0.15207, 0.57693, -0.05597, 0.80048,
 15:46:00.144,f6:90:cc:01:6d:25, 2015-01-01 03:57:14.765, 0.903, 0.24, 0.307, -0.061, 0, 0, 38.09, -66.769, 151.403, -26.580, -15.127, -7.527, 32.33, 0.02017, 0.57053, 0.13599, 0.80963,
 15:46:00.144,f6:90:cc:01:6d:25, 2015-01-01 03:57:14.765, 0.909, 0.238, 0.308, 0.061, -0.244, 0, 38.095, -66.775, 151.392, -26.580, -15.127, -7.527, 32.33, 0.02017, 0.57053, 0.13599, 0.80963,
 15:46:00.166,ed:40:fe:65:30:6c, 2015-01-01 03:57:19.715, 0.545, 0.021, 0.842, 0, 0.061, -0.061, 1.274, -33.283, -119.778, -18.300, -6.340, -7.373, 28.47, 0.48242, -0.24149, -0.15231, -0.82803,
 15:46:00.166,ed:40:fe:65:30:6c, 2015-01-01 03:57:19.715, 0.552, 0.019, 0.841, 0, 0, 0, 1.274, -33.283, -119.767, -18.300, -6.340, -7.373, 28.47, 0.48242, -0.24149, -0.15231, -0.82803,
 15:46:00.168,ed:35:33:d3:6c:f8, 2015-01-01 03:57:14.960, 0.377, -0.029, 0.921, -0.305, -0.671, 0, -2.021, -21.742, 160.955, -10.680, -6.407, -35.280, 30.72, -0.1651, -0.1828, 0.04791, -0.96796,
 15:46:00.168,ed:35:33:d3:6c:f8, 2015-01-01 03:57:14.960, 0.376, -0.031, 0.918, 0.061, 0.244, 0, -2.021, -21.747, 160.922, -10.680, -6.407, -35.280, 30.72, -0.1651, -0.1828, 0.04791, -0.96796,
 15:46:00.187,ed:40:fe:65:30:6c, 2015-01-01 03:57:19.715, 0.555, 0.017, 0.838, 0.061, 0, 0.061, 1.274, -33.283, -119.74, -18.300, -6.340, -7.373, 28.47, 0.48364, -0.24231, -0.15295, -0.82697,
 15:46:00.187,ed:40:fe:65:30:6c, 2015-01-01 03:57:19.715, 0.553, 0.017, 0.838, 0.061, 0.244, 0, 1.274, -33.278, -119.718, -18.300, -6.340, -7.373, 28.47, 0.48364, -0.24231, -0.15295, -0.82697,
 15:46:00.189,e3:ca:2d:fd:e0:8c, 2015-01-01 03:57:14.635, 0.958, 0.088, 0.339, 0, 0, 0, 14.683, -70.153, 147.914, -25.793, -12.447, -12.627, 29.62, 0.15207, 0.57693, -0.05597, 0.80048,
 15:46:00.189,e3:ca:2d:fd:e0:8c, 2015-01-01 03:57:14.635, 0.957, 0.087, 0.336, -0.061, 0.061, 0, 14.683, -70.148, 147.909, -25.793, -12.447, -12.627, 29.62, 0.15207, 0.57693, -0.05597, 0.80048,
 15:46:00.192,ed:35:33:d3:6c:f8, 2015-01-01 03:57:14.960, 0.373, -0.032, 0.92, -0.061, 0, -0.061, -2.016, -21.747, 160.895, -10.680, -6.407, -35.280, 30.72, -0.1651, -0.1828, 0.04791, -0.96796,
 15:46:00.192,ed:35:33:d3:6c:f8, 2015-01-01 03:57:14.960, 0.375, -0.03, 0.918, 0.122, 0.305, -0.061, -2.016, -21.747, 160.873, -10.680, -6.407, -35.280, 30.72, -0.1651, -0.1828, 0.04791, -0.96796,
 15:46:00.212,f6:90:cc:01:6d:25, 2015-01-01 03:57:14.765, 0.91, 0.239, 0.307, 0.244, -0.244, 0, 38.106, -66.78, 151.397, -26.580, -15.127, -7.527, 32.33, 0.0209, 0.57132, 0.13553, 0.80911,
 15:46:00.212,f6:90:cc:01:6d:25, 2015-01-01 03:57:14.765, 0.908, 0.239, 0.308, 0.305, -0.122, 0, 38.112, -66.78, 151.436, -26.580, -15.127, -7.527, 32.33, 0.0209, 0.57132, 0.13553, 0.80911,
 15:46:00.233,ed:40:fe:65:30:6c, 2015-01-01 03:57:19.715, 0.552, 0.018, 0.836, 0.122, 0.366, 0, 1.274, -33.272, -119.696, -18.300, -6.340, -7.373, 28.47, 0.48364, -0.24231, -0.15295, -0.82697,
 15:46:00.233,ed:40:fe:65:30:6c, 2015-01-01 03:57:19.715, 0.551, 0.018, 0.834, 0.122, 0.671, 0, 1.274, -33.267, -119.674, -18.300, -6.340, -7.373, 28.47, 0.48364, -0.24231, -0.15295, -0.82697,
 15:46:00.235,f6:90:cc:01:6d:25, 2015-01-01 03:57:15.125, 0.906, 0.239, 0.304, 0.244, 0, 0, 38.117, -66.78, 151.496, -26.580, -15.127, -7.527, 32.33, 0.0209, 0.57132, 0.13553, 0.80911,
 15:46:00.235,f6:90:cc:01:6d:25, 2015-01-01 03:57:15.125, 0.906, 0.239, 0.303, 0.244, 0, 0, 38.123, -66.78, 151.523, -26.580, -15.127, -7.527, 32.33, 0.0209, 0.57132, 0.13553, 0.80911,
 15:46:00.235,ed:35:33:d3:6c:f8, 2015-01-01 03:57:14.960, 0.372, -0.03, 0.917, 0, 0.793, -0.183, -2.01, -21.742, 160.829, -10.680, -6.407, -35.280, 30.72, -0.1651, -0.1828, 0.04791, -0.96796,
 15:46:00.235,ed:35:33:d3:6c:f8, 2015-01-01 03:57:14.960, 0.369, -0.03, 0.922, 0.061, 0.793, -0.122, -2.01, -21.731, 160.768, -10.680, -6.407, -35.280, 30.72, -0.1651, -0.1828, 0.04791, -0.96796,
 15:46:00.259,e3:ca:2d:fd:e0:8c, 2015-01-01 03:57:14.635, 0.957, 0.086, 0.334, -0.061, 0.122, 0, 14.678, -70.148, 147.92, -25.793, -12.447, -12.627, 29.62, 0.15207, 0.57693, -0.05597, 0.80048,
 15:46:00.259,e3:ca:2d:fd:e0:8c, 2015-01-01 03:57:14.635, 0.958, 0.087, 0.334, 0, 0.183, 0, 14.672, -70.142, 147.909, -25.793, -12.447, -12.627, 29.62, 0.15207, 0.57693, -0.05597, 0.80048,
 15:46:00.259,ed:40:fe:65:30:6c, 2015-01-01 03:57:20.070, 0.549, 0.018, 0.836, 0.183, 0.793, 0, 1.28, -33.25, -119.658, -18.300, -6.340, -7.373, 28.47, 0.48364, -0.24231, -0.15295, -0.82697,
 15:46:00.260,ed:40:fe:65:30:6c, 2015-01-01 03:57:20.070, 0.548, 0.017, 0.84, 0.183, 0.793, 0, 1.28, -33.234, -119.636, -18.300, -6.340, -7.373, 28.47, 0.48364, -0.24231, -0.15295, -0.82697,
 15:46:00.261,f6:90:cc:01:6d:25, 2015-01-01 03:57:15.125, 0.907, 0.239, 0.303, 0.427, 0.061, 0, 38.128, -66.78, 151.534, -26.580, -15.127, -7.527, 32.33, 0.0209, 0.57132, 0.13553, 0.80911,
 15:46:00.261,f6:90:cc:01:6d:25, 2015-01-01 03:57:15.125, 0.908, 0.238, 0.304, 0.549, 0.183, 0, 38.134, -66.78, 151.551, -26.580, -15.127, -7.527, 32.33, 0.0209, 0.57132, 0.13553, 0.80911,
 15:46:00.279,e3:ca:2d:fd:e0:8c, 2015-01-01 03:57:14.635, 0.959, 0.086, 0.333, 0, 0, 0.061, 14.672, -70.137, 147.87, -25.700, -12.707, -13.367, 29.62, 0.15207, 0.57693, -0.05597, 0.80048,
 15:46:00.279,e3:ca:2d:fd:e0:8c, 2015-01-01 03:57:14.635, 0.958, 0.086, 0.335, 0, -0.122, 0.061, 14.667, -70.142, 147.838, -25.700, -12.707, -13.367, 29.62, 0.15207, 0.57693, -0.05597, 0.80048,
 15:46:00.281,ed:35:33:d3:6c:f8, 2015-01-01 03:57:14.960, 0.37, -0.031, 0.927, -0.122, 0.488, -0.061, -2.005, -21.72, 160.714, -10.680, -6.407, -35.280, 30.72, -0.1651, -0.1828, 0.04791, -0.96796,
 15:46:00.281,ed:35:33:d3:6c:f8, 2015-01-01 03:57:14.960, 0.37, -0.03, 0.928, -0.183, 0.061, -0.061, -2.005, -21.714, 160.664, -10.680, -6.407, -35.280, 30.72, -0.1651, -0.1828, 0.04791, -0.96796,
 15:46:00.300,ed:40:fe:65:30:6c, 2015-01-01 03:57:20.070, 0.548, 0.017, 0.842, 0.183, 0.671, 0, 1.285, -33.223, -119.625, -18.300, -6.340, -7.373, 28.47, 0.48364, -0.24231, -0.15295, -0.82697,
 15:46:00.300,ed:40:fe:65:30:6c, 2015-01-01 03:57:20.070, 0.548, 0.019, 0.843, 0.244, 0.549, 0, 1.285, -33.212, -119.603, -18.300, -6.340, -7.373, 28.47, 0.48364, -0.24231, -0.15295, -0.82697,
 15:46:00.302,f6:90:cc:01:6d:25, 2015-01-01 03:57:15.125, 0.908, 0.237, 0.305, 0.305, 0.122, 0, 38.134, -66.78, 151.567, -26.580, -15.127, -7.527, 32.33, 0.0209, 0.57132, 0.13553, 0.80911,
 15:46:00.302,f6:90:cc:01:6d:25, 2015-01-01 03:57:15.125, 0.908, 0.238, 0.306, 0.183, 0, 0, 38.134, -66.78, 151.595, -26.580, -15.127, -7.527, 32.33, 0.0209, 0.57132, 0.13553, 0.80911,
 15:46:00.325,e3:ca:2d:fd:e0:8c, 2015-01-01 03:57:14.635, 0.958, 0.086, 0.336, 0, -0.122, 0.061, 14.667, -70.142, 147.805, -25.700, -12.707, -13.367, 29.62, 0.15207, 0.57693, -0.05597, 0.80048,
 15:46:00.325,e3:ca:2d:fd:e0:8c, 2015-01-01 03:57:14.635, 0.957, 0.087, 0.337, 0, -0.122, 0, 14.661, -70.142, 147.783, -25.700, -12.707, -13.367, 29.62, 0.15207, 0.57693, -0.05597, 0.80048,
 15:46:00.327,ed:35:33:d3:6c:f8, 2015-01-01 03:57:14.960, 0.369, -0.031, 0.927, -0.061, -0.122, 0, -2.005, -21.72, 160.631, -10.680, -6.407, -35.280, 30.72, -0.1651, -0.1828, 0.04791, -0.96796,
 15:46:00.327,ed:35:33:d3:6c:f8, 2015-01-01 03:57:14.960, 0.37, -0.034, 0.925, -0.122, -0.305, 0, -2.005, -21.725, 160.615, -10.680, -6.407, -35.280, 30.72, -0.1651, -0.1828, 0.04791, -0.96796,
 15:46:00.346,e3:ca:2d:fd:e0:8c, 2015-01-01 03:57:14.635, 0.957, 0.087, 0.338, 0, -0.122, 0, 14.661, -70.148, 147.766, -25.700, -12.707, -13.367, 29.62, 0.15475, 0.57651, -0.05777, 0.80017,
 15:46:00.346,e3:ca:2d:fd:e0:8c, 2015-01-01 03:57:14.635, 0.956, 0.086, 0.337, 0.061, -0.183, 0, 14.661, -70.148, 147.772, -25.700, -12.707, -13.367, 29.62, 0.15475, 0.57651, -0.05777, 0.80017,
 15:46:00.346,ed:40:fe:65:30:6c, 2015-01-01 03:57:20.070, 0.547, 0.017, 0.842, 0.183, 0.427, 0, 1.291, -33.201, -119.581, -18.300, -6.340, -7.373, 28.47, 0.48364, -0.24231, -0.15295, -0.82697,
 15:46:00.346,ed:40:fe:65:30:6c, 2015-01-01 03:57:20.070, 0.548, 0.016, 0.842, 0.061, 0.305, 0, 1.291, -33.195, -119.559, -18.300, -6.340, -7.373, 28.47, 0.48364, -0.24231, -0.15295, -0.82697,
 15:46:00.347,f6:90:cc:01:6d:25, 2015-01-01 03:57:15.125, 0.907, 0.238, 0.307, 0, -0.061, 0, 38.139, -66.786, 151.589, -26.580, -15.127, -7.527, 32.33, 0.0209, 0.57132, 0.13553, 0.80911,
 15:46:00.347,f6:90:cc:01:6d:25, 2015-01-01 03:57:15.125, 0.907, 0.236, 0.308, 0, 0, 0, 38.134, -66.786, 151.562, -26.580, -15.127, -7.527, 32.33, 0.0209, 0.57132, 0.13553, 0.80911,
 15:46:00.372,ed:35:33:d3:6c:f8, 2015-01-01 03:57:14.960, 0.371, -0.032, 0.923, -0.305, -0.488, 0, -2.01, -21.731, 160.598, -10.813, -6.580, -35.213, 30.72, -0.1651, -0.1828, 0.04791, -0.96796,
 15:46:00.372,ed:35:33:d3:6c:f8, 2015-01-01 03:57:14.960, 0.369, -0.029, 0.923, -0.244, 0, 0.061, -2.016, -21.742, 160.576, -10.813, -6.580, -35.213, 30.72, -0.1651, -0.1828, 0.04791, -0.96796,
 15:46:00.391,e3:ca:2d:fd:e0:8c, 2015-01-01 03:57:14.635, 0.957, 0.087, 0.338, 0, -0.122, 0, 14.667, -70.148, 147.805, -25.700, -12.707, -13.367, 29.62, 0.15475, 0.57651, -0.05777, 0.80017,
 15:46:00.391,e3:ca:2d:fd:e0:8c, 2015-01-01 03:57:14.635, 0.958, 0.087, 0.337, 0, -0.183, 0, 14.667, -70.153, 147.832, -25.700, -12.707, -13.367, 29.62, 0.15475, 0.57651, -0.05777, 0.80017,
 15:46:00.391,ed:40:fe:65:30:6c, 2015-01-01 03:57:20.070, 0.547, 0.017, 0.841, 0.061, 0.244, 0, 1.291, -33.19, -119.559, -18.300, -6.340, -7.373, 28.47, 0.48364, -0.24231, -0.15295, -0.82697,
 15:46:00.391,ed:40:fe:65:30:6c, 2015-01-01 03:57:20.070, 0.545, 0.019, 0.842, 0, 0.244, 0, 1.291, -33.184, -119.548, -18.300, -6.340, -7.373, 28.47, 0.48364, -0.24231, -0.15295, -0.82697,
 15:46:00.394,ed:35:33:d3:6c:f8, 2015-01-01 03:57:14.960, 0.368, -0.029, 0.926, -0.549, -0.061, 0.061, -2.021, -21.742, 160.543, -10.813, -6.580, -35.213, 30.72, -0.16922, -0.18292, 0.04895, -0.96716,
 15:46:00.394,ed:35:33:d3:6c:f8, 2015-01-01 03:57:14.960, 0.37, -0.03, 0.926, -0.305, -0.366, 0.244, -2.027, -21.747, 160.527, -10.813, -6.580, -35.213, 30.72, -0.16922, -0.18292, 0.04895, -0.96716,
 15:46:00.413,ed:40:fe:65:30:6c, 2015-01-01 03:57:20.070, 0.545, 0.02, 0.843, 0.061, 0.122, 0, 1.291, -33.179, -119.537, -18.300, -6.340, -7.373, 28.47, 0.48364, -0.24231, -0.15295, -0.82697,
 15:46:00.413,ed:40:fe:65:30:6c, 2015-01-01 03:57:20.070, 0.547, 0.02, 0.843, 0.183, 0, 0, 1.291, -33.173, -119.526, -18.300, -6.340, -7.373, 28.47, 0.48364, -0.24231, -0.15295, -0.82697,
 15:46:00.414,f6:90:cc:01:6d:25, 2015-01-01 03:57:15.125, 0.907, 0.236, 0.308, -0.122, 0, 0, 38.128, -66.786, 151.551, -26.580, -15.127, -7.527, 32.33, 0.0209, 0.57132, 0.13553, 0.80911,
 15:46:00.414,f6:90:cc:01:6d:25, 2015-01-01 03:57:15.125, 0.906, 0.237, 0.307, 0, 0.122, 0, 38.123, -66.786, 151.529, -26.580, -15.127, -7.527, 32.33, 0.0209, 0.57132, 0.13553, 0.80911,
 15:46:00.436,e3:ca:2d:fd:e0:8c, 2015-01-01 03:57:14.975, 0.958, 0.087, 0.337, 0, -0.122, 0, 14.667, -70.153, 147.827, -25.700, -12.707, -13.367, 29.62, 0.15475, 0.57651, -0.05777, 0.80017,
 15:46:00.436,e3:ca:2d:fd:e0:8c, 2015-01-01 03:57:14.975, 0.959, 0.088, 0.335, 0.061, -0.061, 0, 14.667, -70.153, 147.816, -25.700, -12.707, -13.367, 29.62, 0.15475, 0.57651, -0.05777, 0.80017,
 15:46:00.437,f6:90:cc:01:6d:25, 2015-01-01 03:57:15.125, 0.907, 0.238, 0.307, 0, 0.244, 0, 38.112, -66.78, 151.54, -26.573, -14.960, -7.840, 32.33, 0.0209, 0.57132, 0.13553, 0.80911,
 15:46:00.437,f6:90:cc:01:6d:25, 2015-01-01 03:57:15.125, 0.906, 0.238, 0.308, 0.183, 0.366, 0, 38.101, -66.775, 151.545, -26.573, -14.960, -7.840, 32.33, 0.0209, 0.57132, 0.13553, 0.80911,
 15:46:00.438,ed:35:33:d3:6c:f8, 2015-01-01 03:57:14.960, 0.372, -0.029, 0.927, -0.183, -0.427, 0.183, -2.032, -21.753, 160.51, -10.813, -6.580, -35.213, 30.72, -0.16922, -0.18292, 0.04895, -0.96716,
 15:46:00.438,ed:35:33:d3:6c:f8, 2015-01-01 03:57:14.960, 0.371, -0.032, 0.927, -0.122, -0.183, 0.488, -2.038, -21.764, 160.472, -10.813, -6.580, -35.213, 30.72, -0.16922, -0.18292, 0.04895, -0.96716,
 15:46:00.459,ed:40:fe:65:30:6c, 2015-01-01 03:57:20.070, 0.548, 0.02, 0.844, 0.183, -0.183, 0, 1.296, -33.173, -119.504, -18.300, -6.340, -7.373, 28.47, 0.48364, -0.24231, -0.15295, -0.82697,
 15:46:00.459,ed:40:fe:65:30:6c, 2015-01-01 03:57:20.070, 0.547, 0.018, 0.844, 0, -0.61, 0, 1.296, -33.179, -119.493, -18.300, -6.340, -7.373, 28.47, 0.48364, -0.24231, -0.15295, -0.82697,
 15:46:00.480,e3:ca:2d:fd:e0:8c, 2015-01-01 03:57:14.975, 0.96, 0.088, 0.335, 0.061, 0, 0, 14.667, -70.153, 147.81, -25.700, -12.707, -13.367, 29.62, 0.15475, 0.57651, -0.05777, 0.80017,
 15:46:00.480,e3:ca:2d:fd:e0:8c, 2015-01-01 03:57:14.975, 0.958, 0.087, 0.335, 0.061, 0, 0, 14.667, -70.153, 147.816, -25.700, -12.707, -13.367, 29.62, 0.15475, 0.57651, -0.05777, 0.80017,
 15:46:00.481,f6:90:cc:01:6d:25, 2015-01-01 03:57:15.125, 0.908, 0.24, 0.306, 0.122, 0.305, 0, 38.09, -66.769, 151.529, -26.573, -14.960, -7.840, 32.33, 0.0209, 0.57132, 0.13553, 0.80911,
 15:46:00.481,f6:90:cc:01:6d:25, 2015-01-01 03:57:15.125, 0.906, 0.24, 0.306, -0.183, 0.488, 0, 38.068, -66.764, 151.523, -26.573, -14.960, -7.840, 32.33, 0.0209, 0.57132, 0.13553, 0.80911,
 15:46:00.484,ed:35:33:d3:6c:f8, 2015-01-01 03:57:15.250, 0.367, -0.031, 0.931, -0.488, -0.122, 0.488, -2.043, -21.764, 160.455, -10.813, -6.580, -35.213, 30.72, -0.16922, -0.18292, 0.04895, -0.96716,
 15:46:00.484,ed:35:33:d3:6c:f8, 2015-01-01 03:57:15.250, 0.37, -0.028, 0.929, -0.427, -0.366, 0.488, -2.054, -21.769, 160.444, -10.813, -6.580, -35.213, 30.72, -0.16922, -0.18292, 0.04895, -0.96716,
 15:46:00.504,e3:ca:2d:fd:e0:8c, 2015-01-01 03:57:14.975, 0.956, 0.087, 0.335, 0, -0.061, 0, 14.667, -70.153, 147.821, -25.700, -12.707, -13.367, 29.62, 0.15475, 0.57651, -0.05777, 0.80017,
 15:46:00.504,e3:ca:2d:fd:e0:8c, 2015-01-01 03:57:14.975, 0.959, 0.088, 0.335, 0, -0.183, 0, 14.667, -70.153, 147.838, -25.700, -12.707, -13.367, 29.62, 0.15475, 0.57651, -0.05777, 0.80017,
 15:46:00.505,f6:90:cc:01:6d:25, 2015-01-01 03:57:15.125, 0.906, 0.239, 0.308, -0.793, 0.305, 0, 38.04, -66.758, 151.556, -26.573, -14.960, -7.840, 32.33, 0.02011, 0.57108, 0.13602, 0.80923,
 15:46:00.505,f6:90:cc:01:6d:25, 2015-01-01 03:57:15.125, 0.909, 0.238, 0.307, -0.427, 0.366, 0, 38.018, -66.753, 151.589, -26.573, -14.960, -7.840, 32.33, 0.02011, 0.57108, 0.13602, 0.80923,
 15:46:00.525,ed:40:fe:65:30:6c, 2015-01-01 03:57:20.070, 0.546, 0.021, 0.846, -0.122, -0.854, 0, 1.296, -33.195, -119.471, -18.580, -6.253, -8.027, 28.47, 0.48364, -0.24231, -0.15295, -0.82697,
 15:46:00.525,ed:40:fe:65:30:6c, 2015-01-01 03:57:20.070, 0.548, 0.021, 0.842, -0.183, -0.854, 0, 1.291, -33.206, -119.46, -18.580, -6.253, -8.027, 28.47, 0.48364, -0.24231, -0.15295, -0.82697,
 15:46:00.528,ed:35:33:d3:6c:f8, 2015-01-01 03:57:15.250, 0.374, -0.03, 0.922, -0.854, -0.916, 0.305, -2.071, -21.78, 160.444, -10.813, -6.580, -35.213, 30.72, -0.16922, -0.18292, 0.04895, -0.96716,
 15:46:00.528,ed:35:33:d3:6c:f8, 2015-01-01 03:57:15.250, 0.378, -0.032, 0.917, -1.038, 0.305, 0.244, -2.087, -21.791, 160.439, -10.813, -6.580, -35.213, 30.72, -0.16922, -0.18292, 0.04895, -0.96716,
 15:46:00.547,ed:40:fe:65:30:6c, 2015-01-01 03:57:20.070, 0.554, 0.019, 0.84, -0.427, -0.916, 0, 1.285, -33.223, -119.438, -18.580, -6.253, -8.027, 28.47, 0.48587, -0.24142, -0.15344, -0.82584,
 15:46:00.547,ed:40:fe:65:30:6c, 2015-01-01 03:57:20.070, 0.556, 0.016, 0.835, -0.427, -0.732, 0, 1.28, -33.239, -119.421, -18.580, -6.253, -8.027, 28.47, 0.48587, -0.24142, -0.15344, -0.82584,
 15:46:00.549,e3:ca:2d:fd:e0:8c, 2015-01-01 03:57:14.975, 0.958, 0.086, 0.337, 0.061, -0.122, 0, 14.667, -70.153, 147.854, -25.700, -12.707, -13.367, 29.62, 0.15475, 0.57651, -0.05777, 0.80017,
 15:46:00.549,e3:ca:2d:fd:e0:8c, 2015-01-01 03:57:14.975, 0.957, 0.085, 0.338, 0.183, 0, 0, 14.672, -70.153, 147.892, -25.700, -12.707, -13.367, 29.62, 0.15475, 0.57651, -0.05777, 0.80017,
 15:46:00.550,f6:90:cc:01:6d:25, 2015-01-01 03:57:15.125, 0.91, 0.237, 0.306, -0.183, 0.61, 0, 37.996, -66.747, 151.628, -26.573, -14.960, -7.840, 32.33, 0.02011, 0.57108, 0.13602, 0.80923,
 15:46:00.551,f6:90:cc:01:6d:25, 2015-01-01 03:57:15.125, 0.907, 0.235, 0.307, 0.183, 0.977, 0, 37.974, -66.736, 151.683, -26.573, -14.960, -7.840, 32.33, 0.02011, 0.57108, 0.13602, 0.80923,
 15:46:00.593,ed:40:fe:65:30:6c, 2015-01-01 03:57:20.070, 0.552, 0.014, 0.833, -0.122, -0.793, 0.366, 1.269, -33.25, -119.388, -18.580, -6.253, -8.027, 28.47, 0.48587, -0.24142, -0.15344, -0.82584,
 15:46:00.593,ed:40:fe:65:30:6c, 2015-01-01 03:57:20.070, 0.552, 0.02, 0.837, -0.427, -0.732, 0.549, 1.258, -33.267, -119.35, -18.580, -6.253, -8.027, 28.47, 0.48587, -0.24142, -0.15344, -0.82584,
 15:46:00.593,e3:ca:2d:fd:e0:8c, 2015-01-01 03:57:14.975, 0.958, 0.085, 0.337, 0.244, 0, 0, 14.672, -70.153, 147.936, -25.700, -12.707, -13.367, 29.62, 0.15475, 0.57651, -0.05777, 0.80017,
 15:46:00.593,e3:ca:2d:fd:e0:8c, 2015-01-01 03:57:14.975, 0.961, 0.086, 0.334, 0, -0.427, 0, 14.672, -70.159, 147.986, -25.700, -12.707, -13.367, 29.62, 0.15475, 0.57651, -0.05777, 0.80017,
 15:46:00.595,ed:35:33:d3:6c:f8, 2015-01-01 03:57:15.250, 0.375, -0.032, 0.916, -0.549, 2.625, 0.671, -2.104, -21.775, 160.433, -10.813, -6.580, -35.213, 30.72, -0.16922, -0.18292, 0.04895, -0.96716,
 15:46:00.595,ed:35:33:d3:6c:f8, 2015-01-01 03:57:15.250, 0.368, -0.031, 0.917, -0.488, 4.578, 1.038, -2.12, -21.714, 160.428, -10.813, -6.580, -35.213, 30.72, -0.16922, -0.18292, 0.04895, -0.96716,
 15:46:00.598,ed:35:33:d3:6c:f8, 2015-01-01 03:57:15.250, 0.372, -0.025, 0.921, -0.916, 5.249, 1.221, -2.137, -21.621, 160.417, -10.813, -6.580, -35.213, 30.72, -0.16922, -0.18292, 0.04895, -0.96716,
 15:46:00.598,ed:35:33:d3:6c:f8, 2015-01-01 03:57:15.250, 0.361, -0.028, 0.926, -0.854, 7.629, 1.892, -2.159, -21.506, 160.406, -10.813, -6.580, -35.213, 30.72, -0.16922, -0.18292, 0.04895, -0.96716,
 15:46:00.615,ed:40:fe:65:30:6c, 2015-01-01 03:57:20.430, 0.55, 0.023, 0.843, -1.404, -0.793, 0.916, 1.23, -33.283, -119.317, -18.580, -6.253, -8.027, 28.47, 0.48587, -0.24142, -0.15344, -0.82584,
 15:46:00.615,ed:40:fe:65:30:6c, 2015-01-01 03:57:20.430, 0.537, 0.019, 0.849, -2.686, -0.427, 0.854, 1.181, -33.294, -119.29, -18.580, -6.253, -8.027, 28.47, 0.48587, -0.24142, -0.15344, -0.82584,
 15:46:00.616,f6:90:cc:01:6d:25, 2015-01-01 03:57:15.460, 0.907, 0.236, 0.309, 0.061, 0.854, 0, 37.947, -66.725, 151.71, -26.573, -14.960, -7.840, 32.33, 0.02011, 0.57108, 0.13602, 0.80923,
 15:46:00.616,f6:90:cc:01:6d:25, 2015-01-01 03:57:15.460, 0.91, 0.239, 0.312, 0.122, 0.916, 0, 37.919, -66.714, 151.743, -26.573, -14.960, -7.840, 32.33, 0.02011, 0.57108, 0.13602, 0.80923,
 15:46:00.639,f6:90:cc:01:6d:25, 2015-01-01 03:57:15.460, 0.906, 0.238, 0.308, 0.549, 0.916, 0, 37.897, -66.698, 151.765, -26.573, -14.960, -7.840, 32.33, 0.02011, 0.57108, 0.13602, 0.80923,
 15:46:00.639,f6:90:cc:01:6d:25, 2015-01-01 03:57:15.460, 0.903, 0.234, 0.31, 0.793, 0.61, 0, 37.881, -66.687, 151.782, -26.573, -14.960, -7.840, 32.33, 0.02011, 0.57108, 0.13602, 0.80923,
 15:46:00.640,ed:35:33:d3:6c:f8, 2015-01-01 03:57:15.250, 0.336, -0.032, 0.955, -0.916, 7.935, 1.587, -2.186, -21.357, 160.417, -10.813, -6.580, -35.213, 30.72, -0.16922, -0.18292, 0.04895, -0.96716,
 15:46:00.640,ed:35:33:d3:6c:f8, 2015-01-01 03:57:15.250, 0.359, -0.028, 0.958, 1.77, -3.784, 2.625, -2.197, -21.264, 160.444, -10.813, -6.580, -35.213, 30.72, -0.16922, -0.18292, 0.04895, -0.96716,
 15:46:00.660,ed:40:fe:65:30:6c, 2015-01-01 03:57:20.430, 0.537, 0.016, 0.863, -3.418, -1.16, 0.854, 1.104, -33.311, -119.262, -18.580, -6.253, -8.027, 28.47, 0.48587, -0.24142, -0.15344, -0.82584,
 15:46:00.660,ed:40:fe:65:30:6c, 2015-01-01 03:57:20.430, 0.56, 0.016, 0.845, -2.136, -1.77, 1.16, 1.044, -33.338, -119.229, -18.580, -6.253, -8.027, 28.47, 0.48587, -0.24142, -0.15344, -0.82584,
 15:46:00.662,e3:ca:2d:fd:e0:8c, 2015-01-01 03:57:14.975, 0.96, 0.088, 0.332, -0.061, -0.61, 0, 14.678, -70.164, 147.986, -25.773, -12.973, -11.727, 29.62, 0.15475, 0.57651, -0.05777, 0.80017,
 15:46:00.662,e3:ca:2d:fd:e0:8c, 2015-01-01 03:57:14.975, 0.964, 0.088, 0.329, 0.488, -0.732, 0, 14.689, -70.175, 147.98, -25.773, -12.973, -11.727, 29.62, 0.15475, 0.57651, -0.05777, 0.80017,
 15:46:00.662,f6:90:cc:01:6d:25, 2015-01-01 03:57:15.460, 0.899, 0.243, 0.313, 1.404, -0.122, 0, 37.886, -66.682, 151.782, -26.573, -14.960, -7.840, 32.33, 0.02011, 0.57108, 0.13602, 0.80923,
 15:46:00.662,f6:90:cc:01:6d:25, 2015-01-01 03:57:15.460, 0.9, 0.245, 0.302, 1.77, -0.732, 0, 37.919, -66.687, 151.749, -26.573, -14.960, -7.840, 32.33, 0.02011, 0.57108, 0.13602, 0.80923,
 15:46:00.684,e3:ca:2d:fd:e0:8c, 2015-01-01 03:57:14.975, 0.954, 0.089, 0.333, 1.099, -1.038, 0, 14.716, -70.197, 147.964, -25.773, -12.973, -11.727, 29.62, 0.15305, 0.577, -0.05658, 0.8002,
 15:46:00.684,e3:ca:2d:fd:e0:8c, 2015-01-01 03:57:14.975, 0.945, 0.088, 0.331, 0.549, -1.099, 0.305, 14.744, -70.214, 147.958, -25.773, -12.973, -11.727, 29.62, 0.15305, 0.577, -0.05658, 0.8002,
 15:46:00.685,ed:35:33:d3:6c:f8, 2015-01-01 03:57:15.250, 0.401, -0.049, 0.905, 0.916, -9.216, 0.488, -2.181, -21.363, 160.483, -10.647, -7.153, -35.160, 30.72, -0.16922, -0.18292, 0.04895, -0.96716,
 15:46:00.685,ed:35:33:d3:6c:f8, 2015-01-01 03:57:15.250, 0.397, -0.046, 0.866, 0.244, -1.587, 0.061, -2.17, -21.511, 160.499, -10.647, -7.153, -35.160, 30.72, -0.16922, -0.18292, 0.04895, -0.96716,
 15:46:00.704,ed:40:fe:65:30:6c, 2015-01-01 03:57:20.430, 0.566, 0.007, 0.81, -1.16, -0.488, 0.183, 1.011, -33.349, -119.207, -18.580, -6.253, -8.027, 28.47, 0.48587, -0.24142, -0.15344, -0.82584,
 15:46:00.704,ed:40:fe:65:30:6c, 2015-01-01 03:57:20.430, 0.572, 0.005, 0.818, -0.549, 0.122, -0.427, 1.005, -33.349, -119.213, -18.580, -6.253, -8.027, 28.47, 0.48587, -0.24142, -0.15344, -0.82584,
 15:46:00.707,f6:90:cc:01:6d:25, 2015-01-01 03:57:15.460, 0.912, 0.237, 0.308, 2.38, -0.916, 0, 37.98, -66.698, 151.71, -26.573, -14.960, -7.840, 32.33, 0.02011, 0.57108, 0.13602, 0.80923,
 15:46:00.707,f6:90:cc:01:6d:25, 2015-01-01 03:57:15.460, 0.919, 0.24, 0.31, 2.075, 0, 0, 38.04, -66.709, 151.666, -26.573, -14.960, -7.840, 32.33, 0.02011, 0.57108, 0.13602, 0.80923,
 15:46:00.727,ed:40:fe:65:30:6c, 2015-01-01 03:57:20.430, 0.575, 0.015, 0.821, 0.427, 0.122, 0, 1.011, -33.349, -119.213, -18.580, -6.253, -8.027, 28.47, 0.48587, -0.24142, -0.15344, -0.82584,
 15:46:00.727,ed:40:fe:65:30:6c, 2015-01-01 03:57:20.430, 0.564, 0.014, 0.827, 1.587, 0.854, 0.549, 1.027, -33.344, -119.196, -18.580, -6.253, -8.027, 28.47, 0.48587, -0.24142, -0.15344, -0.82584,
 15:46:00.729,e3:ca:2d:fd:e0:8c, 2015-01-01 03:57:14.975, 0.961, 0.084, 0.335, -0.061, -1.221, 0.305, 14.744, -70.241, 147.947, -25.773, -12.973, -11.727, 29.62, 0.15305, 0.577, -0.05658, 0.8002,
 15:46:00.729,e3:ca:2d:fd:e0:8c, 2015-01-01 03:57:14.975, 0.965, 0.086, 0.341, 0, -1.221, 0.061, 14.749, -70.263, 147.931, -25.773, -12.973, -11.727, 29.62, 0.15305, 0.577, -0.05658, 0.8002,
 15:46:00.731,ed:35:33:d3:6c:f8, 2015-01-01 03:57:15.250, 0.396, -0.029, 0.89, 7.751, 5.798, 6.836, -2.142, -21.506, 160.516, -10.647, -7.153, -35.160, 30.72, -0.16959, -0.18076, 0.04965, -0.96747,
 15:46:00.731,ed:35:33:d3:6c:f8, 2015-01-01 03:57:15.250, 0.39, -0.013, 0.906, 10.986, 7.324, 8.728, -2.027, -21.39, 160.626, -10.647, -7.153, -35.160, 30.72, -0.16959, -0.18076, 0.04965, -0.96747,
 15:46:00.752,e3:ca:2d:fd:e0:8c, 2015-01-01 03:57:15.310, 0.957, 0.089, 0.347, 0.122, -0.61, -0.366, 14.771, -70.28, 147.909, -25.773, -12.973, -11.727, 29.62, 0.15305, 0.577, -0.05658, 0.8002,
 15:46:00.752,e3:ca:2d:fd:e0:8c, 2015-01-01 03:57:15.310, 0.957, 0.092, 0.338, -0.549, 0.61, -0.793, 14.799, -70.274, 147.876, -25.773, -12.973, -11.727, 29.62, 0.15305, 0.577, -0.05658, 0.8002,
 15:46:00.753,ed:35:33:d3:6c:f8, 2015-01-01 03:57:15.565, 0.354, -0.033, 0.918, 9.888, 3.113, 7.507, -1.879, -21.27, 160.735, -10.647, -7.153, -35.160, 30.72, -0.16959, -0.18076, 0.04965, -0.96747,
 15:46:00.753,ed:35:33:d3:6c:f8, 2015-01-01 03:57:15.565, 0.354, -0.042, 0.931, 7.812, 0.427, 4.822, -1.747, -21.237, 160.812, -10.647, -7.153, -35.160, 30.72, -0.16959, -0.18076, 0.04965, -0.96747,
 15:46:00.772,ed:40:fe:65:30:6c, 2015-01-01 03:57:20.430, 0.543, 0.003, 0.83, 2.869, 1.038, 0.305, 1.071, -33.327, -119.185, -18.580, -6.253, -8.027, 28.47, 0.48587, -0.24142, -0.15344, -0.82584,
 15:46:00.772,ed:40:fe:65:30:6c, 2015-01-01 03:57:20.430, 0.547, 0.005, 0.842, 3.662, 0.916, -0.183, 1.137, -33.316, -119.191, -18.580, -6.253, -8.027, 28.47, 0.48587, -0.24142, -0.15344, -0.82584,
 15:46:00.774,f6:90:cc:01:6d:25, 2015-01-01 03:57:15.460, 0.913, 0.246, 0.308, 1.038, 0.793, 0, 38.073, -66.703, 151.677, -26.573, -14.960, -7.840, 32.33, 0.02011, 0.57108, 0.13602, 0.80923,
 15:46:00.774,f6:90:cc:01:6d:25, 2015-01-01 03:57:15.460, 0.903, 0.246, 0.3, 0.061, 1.77, 0.305, 38.051, -66.687, 151.705, -26.573, -14.960, -7.840, 32.33, 0.02011, 0.57108, 0.13602, 0.80923,
 15:46:00.795,e3:ca:2d:fd:e0:8c, 2015-01-01 03:57:15.310, 0.964, 0.09, 0.328, -1.099, 1.16, -0.793, 14.81, -70.247, 147.843, -25.773, -12.973, -11.727, 29.62, 0.15305, 0.577, -0.05658, 0.8002,
 15:46:00.795,e3:ca:2d:fd:e0:8c, 2015-01-01 03:57:15.310, 0.968, 0.085, 0.326, -1.099, 1.099, -0.671, 14.81, -70.219, 147.838, -25.773, -12.973, -11.727, 29.62, 0.15305, 0.577, -0.05658, 0.8002,
 15:46:00.797,f6:90:cc:01:6d:25, 2015-01-01 03:57:15.460, 0.906, 0.236, 0.296, -0.366, 2.136, 0.122, 37.991, -66.665, 151.798, -26.620, -14.693, -7.527, 32.33, 0.02011, 0.57108, 0.13602, 0.80923,
 15:46:00.797,f6:90:cc:01:6d:25, 2015-01-01 03:57:15.460, 0.914, 0.232, 0.298, -0.916, 1.648, 0, 37.925, -66.638, 151.891, -26.620, -14.693, -7.527, 32.33, 0.02011, 0.57108, 0.13602, 0.80923,
 15:46:00.798,ed:35:33:d3:6c:f8, 2015-01-01 03:57:15.565, 0.361, -0.044, 0.934, 8.667, 3.357, 4.211, -1.626, -21.22, 160.856, -10.647, -7.153, -35.160, 30.72, -0.16959, -0.18076, 0.04965, -0.96747,
 15:46:00.798,ed:35:33:d3:6c:f8, 2015-01-01 03:57:15.565, 0.354, -0.026, 0.935, 9.155, 4.028, 6.409, -1.494, -21.16, 160.906, -10.647, -7.153, -35.160, 30.72, -0.16959, -0.18076, 0.04965, -0.96747,
 15:46:00.817,ed:40:fe:65:30:6c, 2015-01-01 03:57:20.430, 0.555, 0.008, 0.844, 3.662, 0.183, -0.793, 1.214, -33.316, -119.196, -18.580, -6.253, -8.027, 28.47, 0.48587, -0.24142, -0.15344, -0.82584,
 15:46:00.817,ed:40:fe:65:30:6c, 2015-01-01 03:57:20.430, 0.556, 0.015, 0.843, 3.235, 0.122, -0.854, 1.285, -33.316, -119.207, -18.580, -6.253, -8.027, 28.47, 0.48587, -0.24142, -0.15344, -0.82584,
 15:46:00.843,e3:ca:2d:fd:e0:8c, 2015-01-01 03:57:15.310, 0.964, 0.083, 0.325, -0.61, 0.916, -0.61, 14.815, -70.197, 147.827, -25.773, -12.973, -11.727, 29.62, 0.15305, 0.577, -0.05658, 0.8002,
 15:46:00.843,e3:ca:2d:fd:e0:8c, 2015-01-01 03:57:15.310, 0.961, 0.083, 0.325, -0.549, 0.732, -0.549, 14.821, -70.181, 147.805, -25.773, -12.973, -11.727, 29.62, 0.15305, 0.577, -0.05658, 0.8002,
 15:46:00.843,f6:90:cc:01:6d:25, 2015-01-01 03:57:15.460, 0.913, 0.232, 0.296, -0.977, 1.343, 0, 37.864, -66.616, 151.968, -26.620, -14.693, -7.527, 32.33, 0.02011, 0.57108, 0.13602, 0.80923,
 15:46:00.843,f6:90:cc:01:6d:25, 2015-01-01 03:57:15.460, 0.912, 0.233, 0.301, -0.793, 1.038, 0, 37.815, -66.599, 152.018, -26.620, -14.693, -7.527, 32.33, 0.02011, 0.57108, 0.13602, 0.80923,
 15:46:00.844,ed:35:33:d3:6c:f8, 2015-01-01 03:57:15.565, 0.363, -0.014, 0.946, 4.944, 2.625, 3.662, -1.384, -21.094, 160.972, -10.647, -7.153, -35.160, 30.72, -0.16959, -0.18076, 0.04965, -0.96747,
 15:46:00.844,ed:35:33:d3:6c:f8, 2015-01-01 03:57:15.565, 0.359, -0.016, 0.934, 2.563, 1.099, 2.319, -1.329, -21.05, 161.005, -10.647, -7.153, -35.160, 30.72, -0.16959, -0.18076, 0.04965, -0.96747,
 15:46:00.865,f6:90:cc:01:6d:25, 2015-01-01 03:57:15.460, 0.907, 0.234, 0.302, -0.854, 1.099, 0, 37.776, -66.588, 152.062, -26.620, -14.693, -7.527, 32.33, 0.01843, 0.5694, 0.13724, 0.81027,
 15:46:00.865,f6:90:cc:01:6d:25, 2015-01-01 03:57:15.460, 0.906, 0.236, 0.305, -1.038, 1.282, 0, 37.727, -66.577, 152.078, -26.620, -14.693, -7.527, 32.33, 0.01843, 0.5694, 0.13724, 0.81027,
 15:46:00.886,e3:ca:2d:fd:e0:8c, 2015-01-01 03:57:15.310, 0.958, 0.083, 0.331, -0.366, 0.61, -0.427, 14.826, -70.17, 147.788, -25.773, -12.973, -11.727, 29.62, 0.15305, 0.577, -0.05658, 0.8002,
 15:46:00.886,e3:ca:2d:fd:e0:8c, 2015-01-01 03:57:15.310, 0.956, 0.084, 0.335, 0, 0.854, -0.488, 14.832, -70.153, 147.766, -25.773, -12.973, -11.727, 29.62, 0.15305, 0.577, -0.05658, 0.8002,
 15:46:00.888,ed:35:33:d3:6c:f8, 2015-01-01 03:57:15.565, 0.358, -0.023, 0.932, 1.587, -0.061, 2.075, -1.307, -21.039, 161.016, -10.647, -7.153, -35.160, 30.72, -0.16959, -0.18076, 0.04965, -0.96747,
 15:46:00.888,ed:35:33:d3:6c:f8, 2015-01-01 03:57:15.565, 0.353, -0.023, 0.928, 0.549, -1.221, 1.465, -1.296, -21.05, 161.01, -10.647, -7.153, -35.160, 30.72, -0.16959, -0.18076, 0.04965, -0.96747,
 15:46:00.908,ed:40:fe:65:30:6c, 2015-01-01 03:57:20.430, 0.556, 0.019, 0.843, 2.991, 0.366, -0.427, 1.346, -33.311, -119.207, -18.480, -6.040, -8.093, 28.47, 0.48587, -0.24142, -0.15344, -0.82584,
 15:46:00.908,ed:40:fe:65:30:6c, 2015-01-01 03:57:20.430, 0.551, 0.017, 0.84, 2.808, 0.366, 0.061, 1.401, -33.305, -119.213, -18.480, -6.040, -8.093, 28.47, 0.48587, -0.24142, -0.15344, -0.82584,
 15:46:00.910,e3:ca:2d:fd:e0:8c, 2015-01-01 03:57:15.310, 0.953, 0.086, 0.341, 0, 1.038, -0.61, 14.843, -70.137, 147.728, -25.773, -12.973, -11.727, 29.62, 0.15305, 0.577, -0.05658, 0.8002,
 15:46:00.910,e3:ca:2d:fd:e0:8c, 2015-01-01 03:57:15.310, 0.95, 0.089, 0.345, -0.122, 1.099, -0.916, 14.865, -70.115, 147.678, -25.773, -12.973, -11.727, 29.62, 0.15305, 0.577, -0.05658, 0.8002,
 15:46:00.912,f6:90:cc:01:6d:25, 2015-01-01 03:57:15.460, 0.904, 0.237, 0.312, -1.648, 1.221, 0.244, 37.661, -66.566, 152.1, -26.620, -14.693, -7.527, 32.33, 0.01843, 0.5694, 0.13724, 0.81027,
 15:46:00.912,f6:90:cc:01:6d:25, 2015-01-01 03:57:15.460, 0.901, 0.238, 0.318, -2.075, 1.038, 0.305, 37.584, -66.555, 152.106, -26.620, -14.693, -7.527, 32.33, 0.01843, 0.5694, 0.13724, 0.81027,
 15:46:00.929,ed:40:fe:65:30:6c, 2015-01-01 03:57:20.430, 0.548, 0.02, 0.839, 2.075, 0.122, 0, 1.439, -33.305, -119.224, -18.480, -6.040, -8.093, 28.47, 0.48767, -0.24109, -0.15533, -0.82449,
 15:46:00.929,ed:40:fe:65:30:6c, 2015-01-01 03:57:20.430, 0.545, 0.021, 0.839, 1.587, 0, -0.366, 1.472, -33.305, -119.229, -18.480, -6.040, -8.093, 28.47, 0.48767, -0.24109, -0.15533, -0.82449,
 15:46:00.935,ed:35:33:d3:6c:f8, 2015-01-01 03:57:15.565, 0.354, -0.021, 0.928, 0.488, -1.953, 1.221, -1.302, -21.083, 160.994, -10.647, -7.153, -35.160, 30.72, -0.16959, -0.18076, 0.04965, -0.96747,
 15:46:00.935,ed:35:33:d3:6c:f8, 2015-01-01 03:57:15.565, 0.351, -0.021, 0.921, 1.099, -1.526, 0.854, -1.302, -21.121, 160.977, -10.647, -7.153, -35.160, 30.72, -0.16959, -0.18076, 0.04965, -0.96747,
 15:46:00.953,ed:40:fe:65:30:6c, 2015-01-01 03:57:20.430, 0.544, 0.019, 0.839, 1.526, 0.122, -0.61, 1.505, -33.305, -119.235, -18.480, -6.040, -8.093, 28.47, 0.48767, -0.24109, -0.15533, -0.82449,
 15:46:00.953,ed:40:fe:65:30:6c, 2015-01-01 03:57:20.430, 0.539, 0.017, 0.834, 1.953, 0.488, -0.671, 1.544, -33.3, -119.235, -18.480, -6.040, -8.093, 28.47, 0.48767, -0.24109, -0.15533, -0.82449,
 15:46:00.954,f6:90:cc:01:6d:25, 2015-01-01 03:57:15.815, 0.898, 0.235, 0.316, -1.831, 0.916, 0.183, 37.513, -66.544, 152.078, -26.620, -14.693, -7.527, 32.33, 0.01843, 0.5694, 0.13724, 0.81027,
 15:46:00.954,f6:90:cc:01:6d:25, 2015-01-01 03:57:15.815, 0.896, 0.231, 0.318, -1.343, 0.793, 0, 37.452, -66.539, 152.04, -26.620, -14.693, -7.527, 32.33, 0.01843, 0.5694, 0.13724, 0.81027,
 15:46:00.954,e3:ca:2d:fd:e0:8c, 2015-01-01 03:57:15.310, 0.949, 0.091, 0.343, -0.305, 1.221, -0.977, 14.886, -70.087, 147.629, -25.773, -12.973, -11.727, 29.62, 0.15305, 0.577, -0.05658, 0.8002,
 15:46:00.954,e3:ca:2d:fd:e0:8c, 2015-01-01 03:57:15.310, 0.951, 0.091, 0.344, -0.366, 1.282, -0.854, 14.908, -70.054, 147.596, -25.773, -12.973, -11.727, 29.62, 0.15305, 0.577, -0.05658, 0.8002,
 15:46:00.956,ed:35:33:d3:6c:f8, 2015-01-01 03:57:15.565, 0.346, -0.024, 0.916, 2.319, -0.122, 0.61, -1.285, -21.143, 160.977, -10.507, -7.140, -35.560, 30.72, -0.16959, -0.18076, 0.04965, -0.96747,
 15:46:00.956,ed:35:33:d3:6c:f8, 2015-01-01 03:57:15.565, 0.342, -0.015, 0.929, 2.014, 0.977, 0.122, -1.247, -21.143, 160.977, -10.507, -7.140, -35.560, 30.72, -0.16959, -0.18076, 0.04965, -0.96747,
 15:46:00.979,f6:90:cc:01:6d:25, 2015-01-01 03:57:15.815, 0.898, 0.236, 0.322, -0.793, 0.916, -0.122, 37.403, -66.522, 152.034, -26.620, -14.693, -7.527, 32.33, 0.01843, 0.5694, 0.13724, 0.81027,
 15:46:00.979,f6:90:cc:01:6d:25, 2015-01-01 03:57:15.815, 0.897, 0.239, 0.327, -0.732, 0.671, -0.244, 37.37, -66.511, 152.04, -26.620, -14.693, -7.527, 32.33, 0.01843, 0.5694, 0.13724, 0.81027,
 15:46:00.999,ed:40:fe:65:30:6c, 2015-01-01 03:57:20.430, 0.535, 0.018, 0.836, 2.014, 1.038, -0.732, 1.588, -33.278, -119.251, -18.480, -6.040, -8.093, 28.47, 0.48767, -0.24109, -0.15533, -0.82449,
 15:46:00.999,ed:40:fe:65:30:6c, 2015-01-01 03:57:20.430, 0.532, 0.028, 0.846, 1.77, 1.16, -0.854, 1.631, -33.256, -119.257, -18.480, -6.040, -8.093, 28.47, 0.48767, -0.24109, -0.15533, -0.82449,
 15:46:01.001,ed:35:33:d3:6c:f8, 2015-01-01 03:57:15.565, 0.339, -0.007, 0.938, 1.77, -0.488, 0.305, -1.208, -21.138, 160.994, -10.507, -7.140, -35.560, 30.72, -0.16959, -0.18076, 0.04965, -0.96747,
 15:46:01.001,ed:35:33:d3:6c:f8, 2015-01-01 03:57:15.565, 0.348, -0.005, 0.937, 1.587, -0.61, -0.183, -1.181, -21.143, 161.027, -10.507, -7.140, -35.560, 30.72, -0.16959, -0.18076, 0.04965, -0.96747,
 15:46:01.020,ed:40:fe:65:30:6c, 2015-01-01 03:57:20.810, 0.534, 0.035, 0.852, 1.587, 1.16, -0.854, 1.67, -33.228, -119.273, -18.480, -6.040, -8.093, 28.47, 0.48767, -0.24109, -0.15533, -0.82449,
 15:46:01.020,ed:40:fe:65:30:6c, 2015-01-01 03:57:20.810, 0.539, 0.033, 0.847, 1.343, 1.099, -0.671, 1.708, -33.201, -119.29, -18.480, -6.040, -8.093, 28.47, 0.48767, -0.24109, -0.15533, -0.82449,
 15:46:01.020,e3:ca:2d:fd:e0:8c, 2015-01-01 03:57:15.310, 0.952, 0.095, 0.345, -0.366, 0.977, -0.732, 14.919, -70.027, 147.568, -25.867, -12.767, -12.947, 29.62, 0.15305, 0.577, -0.05658, 0.8002,
 15:46:01.020,e3:ca:2d:fd:e0:8c, 2015-01-01 03:57:15.310, 0.952, 0.096, 0.344, -0.366, 0.61, -0.549, 14.936, -70.01, 147.585, -25.867, -12.767, -12.947, 29.62, 0.15305, 0.577, -0.05658, 0.8002,
 15:46:01.022,f6:90:cc:01:6d:25, 2015-01-01 03:57:15.815, 0.899, 0.239, 0.323, -0.366, 0.549, -0.183, 37.343, -66.495, 152.04, -26.620, -14.693, -7.527, 32.33, 0.01843, 0.5694, 0.13724, 0.81027,
 15:46:01.022,f6:90:cc:01:6d:25, 2015-01-01 03:57:15.815, 0.904, 0.236, 0.319, -0.122, 0.183, -0.183, 37.326, -66.484, 152.073, -26.620, -14.693, -7.527, 32.33, 0.01843, 0.5694, 0.13724, 0.81027,
 15:46:01.043,e3:ca:2d:fd:e0:8c, 2015-01-01 03:57:15.310, 0.954, 0.093, 0.342, -0.427, 0.488, -0.305, 14.941, -69.994, 147.618, -25.867, -12.767, -12.947, 29.62, 0.15482, 0.57578, -0.05621, 0.80078,
 15:46:01.043,e3:ca:2d:fd:e0:8c, 2015-01-01 03:57:15.310, 0.96, 0.09, 0.339, -0.366, 0.305, -0.061, 14.936, -69.983, 147.684, -25.867, -12.767, -12.947, 29.62, 0.15482, 0.57578, -0.05621, 0.80078,
 15:46:01.046,ed:35:33:d3:6c:f8, 2015-01-01 03:57:15.565, 0.352, -0.01, 0.935, 1.038, 0.732, -0.732, -1.148, -21.138, 161.038, -10.507, -7.140, -35.560, 30.72, -0.164, -0.17923, 0.04037, -0.96915,
 15:46:01.046,ed:35:33:d3:6c:f8, 2015-01-01 03:57:15.565, 0.355, -0.011, 0.94, 0.732, 1.282, -1.038, -1.121, -21.11, 161.054, -10.507, -7.140, -35.560, 30.72, -0.164, -0.17923, 0.04037, -0.96915,
 15:46:01.065,ed:40:fe:65:30:6c, 2015-01-01 03:57:20.810, 0.542, 0.029, 0.849, 1.038, 0.854, -0.61, 1.736, -33.173, -119.301, -18.480, -6.040, -8.093, 28.47, 0.48767, -0.24109, -0.15533, -0.82449,
 15:46:01.065,ed:40:fe:65:30:6c, 2015-01-01 03:57:20.810, 0.548, 0.031, 0.853, 0.732, 0.366, -0.549, 1.758, -33.157, -119.306, -18.480, -6.040, -8.093, 28.47, 0.48767, -0.24109, -0.15533, -0.82449,
 15:46:01.067,f6:90:cc:01:6d:25, 2015-01-01 03:57:15.815, 0.909, 0.237, 0.321, 0, -0.305, -0.122, 37.326, -66.484, 152.095, -26.620, -14.693, -7.527, 32.33, 0.01843, 0.5694, 0.13724, 0.81027,
 15:46:01.067,f6:90:cc:01:6d:25, 2015-01-01 03:57:15.815, 0.907, 0.237, 0.311, 0.061, -0.305, 0, 37.332, -66.484, 152.117, -26.620, -14.693, -7.527, 32.33, 0.01843, 0.5694, 0.13724, 0.81027,
 15:46:01.089,e3:ca:2d:fd:e0:8c, 2015-01-01 03:57:15.310, 0.96, 0.088, 0.338, 0, 0, 0.061, 14.93, -69.972, 147.744, -25.867, -12.767, -12.947, 29.62, 0.15482, 0.57578, -0.05621, 0.80078,
 15:46:01.089,e3:ca:2d:fd:e0:8c, 2015-01-01 03:57:15.310, 0.959, 0.087, 0.337, 0.244, 0, 0.122, 14.925, -69.972, 147.805, -25.867, -12.767, -12.947, 29.62, 0.15482, 0.57578, -0.05621, 0.80078,
 15:46:01.092,ed:35:33:d3:6c:f8, 2015-01-01 03:57:15.875, 0.356, -0.009, 0.938, 0.671, 1.465, -1.099, -1.099, -21.077, 161.082, -10.507, -7.140, -35.560, 30.72, -0.164, -0.17923, 0.04037, -0.96915,
 15:46:01.092,ed:35:33:d3:6c:f8, 2015-01-01 03:57:15.875, 0.356, -0.013, 0.938, 0.122, 0.305, -1.343, -1.077, -21.055, 161.109, -10.507, -7.140, -35.560, 30.72, -0.164, -0.17923, 0.04037, -0.96915,
 15:46:01.110,ed:40:fe:65:30:6c, 2015-01-01 03:57:20.810, 0.547, 0.029, 0.846, 0.549, 0.305, -0.366, 1.774, -33.146, -119.317, -18.480, -6.040, -8.093, 28.47, 0.48767, -0.24109, -0.15533, -0.82449,
 15:46:01.110,ed:40:fe:65:30:6c, 2015-01-01 03:57:20.810, 0.547, 0.026, 0.845, 0.122, 0.122, -0.305, 1.785, -33.135, -119.328, -18.480, -6.040, -8.093, 28.47, 0.48767, -0.24109, -0.15533, -0.82449,
 15:46:01.111,e3:ca:2d:fd:e0:8c, 2015-01-01 03:57:15.665, 0.959, 0.088, 0.333, 0.183, 0, 0.183, 14.925, -69.972, 147.87, -25.867, -12.767, -12.947, 29.62, 0.15482, 0.57578, -0.05621, 0.80078,
 15:46:01.111,e3:ca:2d:fd:e0:8c, 2015-01-01 03:57:15.665, 0.961, 0.089, 0.332, 0.183, -0.122, 0.244, 14.914, -69.972, 147.909, -25.867, -12.767, -12.947, 29.62, 0.15482, 0.57578, -0.05621, 0.80078,
 15:46:01.133,ed:40:fe:65:30:6c, 2015-01-01 03:57:20.810, 0.551, 0.027, 0.846, -0.122, -0.305, -0.061, 1.785, -33.135, -119.339, -18.480, -6.040, -8.093, 28.47, 0.48767, -0.24109, -0.15533, -0.82449,
 15:46:01.133,ed:40:fe:65:30:6c, 2015-01-01 03:57:20.810, 0.554, 0.027, 0.843, -0.122, -0.671, 0.305, 1.78, -33.14, -119.344, -18.480, -6.040, -8.093, 28.47, 0.48767, -0.24109, -0.15533, -0.82449,
 15:46:01.135,f6:90:cc:01:6d:25, 2015-01-01 03:57:15.815, 0.907, 0.236, 0.309, 0.183, -0.366, 0, 37.337, -66.489, 152.122, -26.620, -14.693, -7.527, 32.33, 0.01843, 0.5694, 0.13724, 0.81027,
 15:46:01.135,f6:90:cc:01:6d:25, 2015-01-01 03:57:15.815, 0.908, 0.235, 0.308, 0.244, -0.488, 0, 37.348, -66.495, 152.128, -26.620, -14.693, -7.527, 32.33, 0.01843, 0.5694, 0.13724, 0.81027,
 15:46:01.136,ed:35:33:d3:6c:f8, 2015-01-01 03:57:15.875, 0.361, -0.011, 0.939, -1.038, -2.258, -1.404, -1.071, -21.072, 161.136, -10.507, -7.140, -35.560, 30.72, -0.164, -0.17923, 0.04037, -0.96915,
 15:46:01.136,ed:35:33:d3:6c:f8, 2015-01-01 03:57:15.875, 0.366, -0.007, 0.935, -2.258, -4.395, -1.343, -1.093, -21.132, 161.136, -10.507, -7.140, -35.560, 30.72, -0.164, -0.17923, 0.04037, -0.96915,
 15:46:01.156,e3:ca:2d:fd:e0:8c, 2015-01-01 03:57:15.665, 0.961, 0.087, 0.333, 0.305, -0.244, 0.305, 14.908, -69.977, 147.947, -25.867, -12.767, -12.947, 29.62, 0.15482, 0.57578, -0.05621, 0.80078,
 15:46:01.156,e3:ca:2d:fd:e0:8c, 2015-01-01 03:57:15.665, 0.959, 0.087, 0.334, 0.366, -0.183, 0.305, 14.897, -69.983, 147.969, -25.867, -12.767, -12.947, 29.62, 0.15482, 0.57578, -0.05621, 0.80078,
 15:46:01.158,f6:90:cc:01:6d:25, 2015-01-01 03:57:15.815, 0.911, 0.235, 0.308, 0.305, -0.671, 0, 37.365, -66.506, 152.106, -26.267, -15.007, -8.073, 32.33, 0.01843, 0.5694, 0.13724, 0.81027,
 15:46:01.158,f6:90:cc:01:6d:25, 2015-01-01 03:57:15.815, 0.909, 0.235, 0.308, 0.488, -0.671, 0, 37.386, -66.517, 152.089, -26.267, -15.007, -8.073, 32.33, 0.01843, 0.5694, 0.13724, 0.81027,
 15:46:01.159,ed:35:33:d3:6c:f8, 2015-01-01 03:57:15.875, 0.367, -0.011, 0.93, -2.319, -4.211, -0.61, -1.126, -21.215, 161.115, -10.507, -7.140, -35.560, 30.72, -0.164, -0.17923, 0.04037, -0.96915,
 15:46:01.159,ed:35:33:d3:6c:f8, 2015-01-01 03:57:15.875, 0.36, -0.012, 0.929, -2.625, -4.944, 0.183, -1.17, -21.302, 161.093, -10.507, -7.140, -35.560, 30.72, -0.164, -0.17923, 0.04037, -0.96915,
 15:46:01.178,ed:40:fe:65:30:6c, 2015-01-01 03:57:20.810, 0.551, 0.025, 0.841, -0.061, -0.793, 0.793, 1.774, -33.157, -119.333, -18.480, -6.040, -8.093, 28.47, 0.48767, -0.24109, -0.15533, -0.82449,
 15:46:01.178,ed:40:fe:65:30:6c, 2015-01-01 03:57:20.810, 0.55, 0.025, 0.839, 0.122, -0.793, 1.221, 1.763, -33.168, -119.317, -18.480, -6.040, -8.093, 28.47, 0.48767, -0.24109, -0.15533, -0.82449,
 15:46:01.200,e3:ca:2d:fd:e0:8c, 2015-01-01 03:57:15.665, 0.958, 0.085, 0.335, 0.549, 0, 0.305, 14.892, -69.988, 147.997, -25.867, -12.767, -12.947, 29.62, 0.15482, 0.57578, -0.05621, 0.80078,
 15:46:01.200,e3:ca:2d:fd:e0:8c, 2015-01-01 03:57:15.665, 0.956, 0.087, 0.336, 0.671, 0, 0.305, 14.886, -69.988, 148.019, -25.867, -12.767, -12.947, 29.62, 0.15482, 0.57578, -0.05621, 0.80078,
 15:46:01.203,f6:90:cc:01:6d:25, 2015-01-01 03:57:15.815, 0.906, 0.235, 0.308, 0.854, -0.732, 0, 37.419, -66.528, 152.067, -26.267, -15.007, -8.073, 32.33, 0.01843, 0.5694, 0.13724, 0.81027,
 15:46:01.203,f6:90:cc:01:6d:25, 2015-01-01 03:57:15.815, 0.905, 0.236, 0.308, 0.854, -0.732, 0.122, 37.452, -66.544, 152.045, -26.267, -15.007, -8.073, 32.33, 0.01843, 0.5694, 0.13724, 0.81027,
 15:46:01.204,ed:35:33:d3:6c:f8, 2015-01-01 03:57:15.875, 0.368, -0.009, 0.925, -2.441, -5.493, -0.122, -1.219, -21.407, 161.071, -10.507, -7.140, -35.560, 30.72, -0.164, -0.17923, 0.04037, -0.96915,
 15:46:01.204,ed:35:33:d3:6c:f8, 2015-01-01 03:57:15.875, 0.365, -0.014, 0.923, -1.831, -4.944, -0.793, -1.252, -21.506, 161.06, -10.507, -7.140, -35.560, 30.72, -0.164, -0.17923, 0.04037, -0.96915,
 15:46:01.224,ed:40:fe:65:30:6c, 2015-01-01 03:57:20.810, 0.548, 0.027, 0.839, 0.244, -0.916, 1.343, 1.747, -33.184, -119.306, -18.480, -6.040, -8.093, 28.47, 0.48767, -0.24109, -0.15533, -0.82449,
 15:46:01.225,ed:40:fe:65:30:6c, 2015-01-01 03:57:20.810, 0.546, 0.029, 0.839, 0.244, -0.916, 1.343, 1.736, -33.201, -119.295, -18.480, -6.040, -8.093, 28.47, 0.48767, -0.24109, -0.15533, -0.82449,
 15:46:01.226,f6:90:cc:01:6d:25, 2015-01-01 03:57:15.815, 0.902, 0.238, 0.311, 0.61, -0.732, 0.305, 37.474, -66.561, 152.034, -26.267, -15.007, -8.073, 32.33, 0.02026, 0.56903, 0.13498, 0.81085,
 15:46:01.226,f6:90:cc:01:6d:25, 2015-01-01 03:57:15.815, 0.901, 0.239, 0.31, 0.183, -0.671, 0.427, 37.485, -66.577, 152.029, -26.267, -15.007, -8.073, 32.33, 0.02026, 0.56903, 0.13498, 0.81085,
 15:46:01.246,e3:ca:2d:fd:e0:8c, 2015-01-01 03:57:15.665, 0.955, 0.089, 0.339, 0.793, 0, 0.366, 14.881, -69.994, 148.046, -25.867, -12.767, -12.947, 29.62, 0.15482, 0.57578, -0.05621, 0.80078,
 15:46:01.246,e3:ca:2d:fd:e0:8c, 2015-01-01 03:57:15.665, 0.954, 0.09, 0.338, 0.549, 0, 0.427, 14.87, -69.994, 148.057, -25.867, -12.767, -12.947, 29.62, 0.15482, 0.57578, -0.05621, 0.80078,
 15:46:01.248,ed:35:33:d3:6c:f8, 2015-01-01 03:57:15.875, 0.371, -0.013, 0.919, -1.587, -4.578, -1.221, -1.269, -21.594, 161.032, -10.507, -7.140, -35.560, 30.72, -0.164, -0.17923, 0.04037, -0.96915,
 15:46:01.248,ed:35:33:d3:6c:f8, 2015-01-01 03:57:15.875, 0.377, -0.018, 0.919, -0.61, -3.906, 0.916, -1.285, -21.676, 161.027, -10.507, -7.140, -35.560, 30.72, -0.164, -0.17923, 0.04037, -0.96915,
 15:46:01.267,ed:40:fe:65:30:6c, 2015-01-01 03:57:20.810, 0.544, 0.027, 0.838, 0.061, -0.793, 1.16, 1.725, -33.217, -119.295, -18.233, -6.813, -8.000, 28.47, 0.48767, -0.24109, -0.15533, -0.82449,
 15:46:01.267,ed:40:fe:65:30:6c, 2015-01-01 03:57:20.810, 0.548, 0.023, 0.841, 0, -0.793, 0.854, 1.714, -33.234, -119.301, -18.233, -6.813, -8.000, 28.47, 0.48767, -0.24109, -0.15533, -0.82449,
 15:46:01.268,e3:ca:2d:fd:e0:8c, 2015-01-01 03:57:15.665, 0.954, 0.091, 0.34, 0.305, -0.305, 0.427, 14.854, -69.999, 148.068, -25.867, -12.767, -12.947, 29.62, 0.15482, 0.57578, -0.05621, 0.80078,
 15:46:01.268,e3:ca:2d:fd:e0:8c, 2015-01-01 03:57:15.665, 0.955, 0.091, 0.342, 0.244, -0.549, 0.427, 14.843, -70.01, 148.096, -25.867, -12.767, -12.947, 29.62, 0.15482, 0.57578, -0.05621, 0.80078,
 15:46:01.270,f6:90:cc:01:6d:25, 2015-01-01 03:57:15.815, 0.904, 0.238, 0.315, 0, -1.099, 0.488, 37.496, -66.599, 151.996, -26.267, -15.007, -8.073, 32.33, 0.02026, 0.56903, 0.13498, 0.81085,
 15:46:01.270,f6:90:cc:01:6d:25, 2015-01-01 03:57:15.815, 0.905, 0.238, 0.316, 0.061, -1.221, 0.427, 37.513, -66.621, 151.968, -26.267, -15.007, -8.073, 32.33, 0.02026, 0.56903, 0.13498, 0.81085,
 15:46:01.294,ed:35:33:d3:6c:f8, 2015-01-01 03:57:15.875, 0.357, -0.026, 0.918, -0.549, -2.869, -0.305, -1.296, -21.742, 161.038, -10.620, -6.893, -34.633, 30.72, -0.164, -0.17923, 0.04037, -0.96915,
 15:46:01.294,ed:35:33:d3:6c:f8, 2015-01-01 03:57:15.875, 0.387, -0.011, 0.921, -1.404, -4.028, 0.732, -1.313, -21.808, 161.038, -10.620, -6.893, -34.633, 30.72, -0.164, -0.17923, 0.04037, -0.96915,
 15:46:01.314,f6:90:cc:01:6d:25, 2015-01-01 03:57:16.175, 0.907, 0.236, 0.32, 0.488, -1.099, 0.244, 37.535, -66.643, 151.99, -26.267, -15.007, -8.073, 32.33, 0.02026, 0.56903, 0.13498, 0.81085,
 15:46:01.314,f6:90:cc:01:6d:25, 2015-01-01 03:57:16.175, 0.903, 0.238, 0.318, 0.671, -1.038, 0.122, 37.568, -66.66, 152.029, -26.267, -15.007, -8.073, 32.33, 0.02026, 0.56903, 0.13498, 0.81085,
 15:46:01.336,e3:ca:2d:fd:e0:8c, 2015-01-01 03:57:15.665, 0.957, 0.091, 0.344, 0.244, -0.671, 0.427, 14.837, -70.027, 148.118, -25.867, -12.767, -12.947, 29.62, 0.15482, 0.57578, -0.05621, 0.80078,
 15:46:01.339,e3:ca:2d:fd:e0:8c, 2015-01-01 03:57:15.665, 0.955, 0.091, 0.344, 0.183, -0.549, 0.305, 14.832, -70.032, 148.145, -25.867, -12.767, -12.947, 29.62, 0.15482, 0.57578, -0.05621, 0.80078,
 15:46:01.341,ed:35:33:d3:6c:f8, 2015-01-01 03:57:15.875, 0.361, -0.028, 0.924, -0.671, -2.93, 0.244, -1.335, -21.874, 161.065, -10.620, -6.893, -34.633, 30.72, -0.164, -0.17923, 0.04037, -0.96915,
 15:46:01.341,ed:35:33:d3:6c:f8, 2015-01-01 03:57:15.875, 0.386, -0.02, 0.928, -1.038, -4.944, 1.77, -1.357, -21.945, 161.109, -10.620, -6.893, -34.633, 30.72, -0.164, -0.17923, 0.04037, -0.96915,
 15:46:01.341,ed:40:fe:65:30:6c, 2015-01-01 03:57:20.810, 0.549, 0.02, 0.839, 0.061, -0.549, 0.61, 1.708, -33.239, -119.29, -18.233, -6.813, -8.000, 28.47, 0.48767, -0.24109, -0.15533, -0.82449,
 15:46:01.341,ed:40:fe:65:30:6c, 2015-01-01 03:57:20.810, 0.545, 0.022, 0.843, 0.061, -0.549, 0.488, 1.703, -33.25, -119.284, -18.233, -6.813, -8.000, 28.47, 0.48767, -0.24109, -0.15533, -0.82449,
 15:46:01.361,ed:40:fe:65:30:6c, 2015-01-01 03:57:20.810, 0.546, 0.026, 0.844, -0.061, -0.305, 0.366, 1.697, -33.256, -119.279, -18.233, -6.813, -8.000, 28.47, 0.48785, -0.23972, -0.15686, -0.82452,
 15:46:01.361,ed:40:fe:65:30:6c, 2015-01-01 03:57:20.810, 0.548, 0.024, 0.838, -0.305, -0.427, 0.061, 1.692, -33.261, -119.29, -18.233, -6.813, -8.000, 28.47, 0.48785, -0.23972, -0.15686, -0.82452,
 15:46:01.361,e3:ca:2d:fd:e0:8c, 2015-01-01 03:57:15.665, 0.956, 0.091, 0.342, 0.183, -0.427, 0.305, 14.826, -70.043, 148.162, -25.760, -12.893, -12.693, 29.62, 0.15482, 0.57578, -0.05621, 0.80078,
 15:46:01.361,e3:ca:2d:fd:e0:8c, 2015-01-01 03:57:15.665, 0.957, 0.089, 0.337, 0.061, -0.244, 0.305, 14.815, -70.043, 148.2, -25.760, -12.893, -12.693, 29.62, 0.15482, 0.57578, -0.05621, 0.80078,
 15:46:01.363,f6:90:cc:01:6d:25, 2015-01-01 03:57:16.175, 0.902, 0.239, 0.315, 0.671, -0.977, 0.122, 37.595, -66.671, 152.084, -26.267, -15.007, -8.073, 32.33, 0.02026, 0.56903, 0.13498, 0.81085,
 15:46:01.363,f6:90:cc:01:6d:25, 2015-01-01 03:57:16.175, 0.904, 0.238, 0.31, 0.488, -1.099, 0.061, 37.628, -66.687, 152.128, -26.267, -15.007, -8.073, 32.33, 0.02026, 0.56903, 0.13498, 0.81085,
 15:46:01.363,ed:35:33:d3:6c:f8, 2015-01-01 03:57:15.875, 0.381, -0.027, 0.914, -1.038, -4.517, -0.977, -1.379, -22.039, 161.142, -10.620, -6.893, -34.633, 30.72, -0.16312, -0.18607, 0.04279, -0.9679,
 15:46:01.363,ed:35:33:d3:6c:f8, 2015-01-01 03:57:15.875, 0.389, -0.021, 0.91, -1.282, -3.967, 0, -1.395, -22.121, 161.131, -10.620, -6.893, -34.633, 30.72, -0.16312, -0.18607, 0.04279, -0.9679,
 15:46:01.382,f6:90:cc:01:6d:25, 2015-01-01 03:57:16.175, 0.911, 0.237, 0.306, 0.244, -1.099, 0, 37.656, -66.703, 152.166, -26.267, -15.007, -8.073, 32.33, 0.02026, 0.56903, 0.13498, 0.81085,
 15:46:01.382,f6:90:cc:01:6d:25, 2015-01-01 03:57:16.175, 0.914, 0.237, 0.305, 0.061, -1.221, 0.061, 37.689, -66.72, 152.188, -26.267, -15.007, -8.073, 32.33, 0.02026, 0.56903, 0.13498, 0.81085,
 15:46:01.402,ed:40:fe:65:30:6c, 2015-01-01 03:57:20.810, 0.555, 0.025, 0.833, -0.549, -0.244, -0.122, 1.681, -33.261, -119.301, -18.233, -6.813, -8.000, 28.47, 0.48785, -0.23972, -0.15686, -0.82452,
 15:46:01.402,ed:40:fe:65:30:6c, 2015-01-01 03:57:20.810, 0.557, 0.022, 0.834, -0.61, -0.061, -0.366, 1.675, -33.261, -119.328, -18.233, -6.813, -8.000, 28.47, 0.48785, -0.23972, -0.15686, -0.82452,
 15:46:01.403,e3:ca:2d:fd:e0:8c, 2015-01-01 03:57:15.665, 0.962, 0.087, 0.333, 0.061, -0.183, 0.305, 14.804, -70.049, 148.239, -25.760, -12.893, -12.693, 29.62, 0.15482, 0.57578, -0.05621, 0.80078,
 15:46:01.403,e3:ca:2d:fd:e0:8c, 2015-01-01 03:57:15.665, 0.964, 0.085, 0.334, 0.122, -0.305, 0.183, 14.799, -70.054, 148.271, -25.760, -12.893, -12.693, 29.62, 0.15482, 0.57578, -0.05621, 0.80078,
 15:46:01.406,ed:35:33:d3:6c:f8, 2015-01-01 03:57:15.875, 0.379, -0.021, 0.916, -1.221, -2.563, 0.183, -1.423, -22.187, 161.125, -10.620, -6.893, -34.633, 30.72, -0.16312, -0.18607, 0.04279, -0.9679,
 15:46:01.406,ed:35:33:d3:6c:f8, 2015-01-01 03:57:15.875, 0.39, -0.015, 0.924, -2.869, -2.441, -3.113, -1.45, -22.236, 161.071, -10.620, -6.893, -34.633, 30.72, -0.16312, -0.18607, 0.04279, -0.9679,
 15:46:01.426,ed:40:fe:65:30:6c, 2015-01-01 03:57:21.235, 0.56, 0.02, 0.838, -0.61, 0, -0.366, 1.67, -33.261, -119.35, -18.233, -6.813, -8.000, 28.47, 0.48785, -0.23972, -0.15686, -0.82452,
 15:46:01.426,ed:40:fe:65:30:6c, 2015-01-01 03:57:21.235, 0.558, 0.02, 0.841, -0.671, -0.122, -0.366, 1.659, -33.261, -119.372, -18.233, -6.813, -8.000, 28.47, 0.48785, -0.23972, -0.15686, -0.82452,
 15:46:01.428,f6:90:cc:01:6d:25, 2015-01-01 03:57:16.175, 0.917, 0.235, 0.304, 0.244, -1.16, 0.061, 37.716, -66.742, 152.194, -26.267, -15.007, -8.073, 32.33, 0.02026, 0.56903, 0.13498, 0.81085,
 15:46:01.428,f6:90:cc:01:6d:25, 2015-01-01 03:57:16.175, 0.914, 0.235, 0.302, 0.183, -0.916, 0.183, 37.744, -66.758, 152.205, -26.267, -15.007, -8.073, 32.33, 0.02026, 0.56903, 0.13498, 0.81085,
 15:46:01.451,ed:35:33:d3:6c:f8, 2015-01-01 03:57:16.210, 0.386, -0.024, 0.926, -2.014, -1.526, -0.61, -1.478, -22.275, 161.016, -10.620, -6.893, -34.633, 30.72, -0.16312, -0.18607, 0.04279, -0.9679,
 15:46:01.451,ed:35:33:d3:6c:f8, 2015-01-01 03:57:16.210, 0.388, -0.024, 0.925, -2.441, -1.77, -0.549, -1.516, -22.308, 160.994, -10.620, -6.893, -34.633, 30.72, -0.16312, -0.18607, 0.04279, -0.9679,
 15:46:01.470,ed:40:fe:65:30:6c, 2015-01-01 03:57:21.235, 0.556, 0.023, 0.842, -0.916, -0.244, -0.122, 1.642, -33.272, -119.383, -18.233, -6.813, -8.000, 28.47, 0.48785, -0.23972, -0.15686, -0.82452,
 15:46:01.470,ed:40:fe:65:30:6c, 2015-01-01 03:57:21.235, 0.556, 0.02, 0.84, -1.099, -0.366, -0.122, 1.62, -33.278, -119.41, -18.233, -6.813, -8.000, 28.47, 0.48785, -0.23972, -0.15686, -0.82452,
 15:46:01.493,ed:40:fe:65:30:6c, 2015-01-01 03:57:21.235, 0.557, 0.015, 0.836, -1.038, -0.305, -0.244, 1.599, -33.283, -119.438, -18.233, -6.813, -8.000, 28.47, 0.48785, -0.23972, -0.15686, -0.82452,
 15:46:01.493,ed:40:fe:65:30:6c, 2015-01-01 03:57:21.235, 0.552, 0.014, 0.832, -0.732, -0.427, -0.305, 1.588, -33.294, -119.471, -18.233, -6.813, -8.000, 28.47, 0.48785, -0.23972, -0.15686, -0.82452,
 15:46:01.493,e3:ca:2d:fd:e0:8c, 2015-01-01 03:57:15.665, 0.964, 0.086, 0.333, 0.183, -0.305, 0.122, 14.793, -70.06, 148.271, -25.760, -12.893, -12.693, 29.62, 0.15085, 0.57632, -0.05414, 0.8013,
 15:46:01.493,e3:ca:2d:fd:e0:8c, 2015-01-01 03:57:15.665, 0.963, 0.084, 0.333, 0.305, -0.183, 0.122, 14.793, -70.065, 148.266, -25.760, -12.893, -12.693, 29.62, 0.15085, 0.57632, -0.05414, 0.8013,
 15:46:01.494,f6:90:cc:01:6d:25, 2015-01-01 03:57:16.175, 0.911, 0.236, 0.299, 0.061, -0.854, 0.244, 37.755, -66.775, 152.221, -26.267, -15.007, -8.073, 32.33, 0.02026, 0.56903, 0.13498, 0.81085,
 15:46:01.494,f6:90:cc:01:6d:25, 2015-01-01 03:57:16.175, 0.908, 0.235, 0.3, 0, -0.732, 0.183, 37.771, -66.791, 152.254, -26.267, -15.007, -8.073, 32.33, 0.02026, 0.56903, 0.13498, 0.81085,
 15:46:01.495,ed:35:33:d3:6c:f8, 2015-01-01 03:57:16.210, 0.376, -0.029, 0.916, -1.953, -1.77, -0.549, -1.555, -22.346, 160.944, -10.620, -6.893, -34.633, 30.72, -0.16312, -0.18607, 0.04279, -0.9679,
 15:46:01.495,ed:35:33:d3:6c:f8, 2015-01-01 03:57:16.210, 0.4, -0.018, 0.915, -1.831, -2.38, 0, -1.588, -22.39, 160.911, -10.620, -6.893, -34.633, 30.72, -0.16312, -0.18607, 0.04279, -0.9679,
 15:46:01.516,e3:ca:2d:fd:e0:8c, 2015-01-01 03:57:16.045, 0.96, 0.086, 0.332, 0.305, 0.061, 0, 14.799, -70.065, 148.255, -25.760, -12.893, -12.693, 29.62, 0.15085, 0.57632, -0.05414, 0.8013,
 15:46:01.516,e3:ca:2d:fd:e0:8c, 2015-01-01 03:57:16.045, 0.958, 0.085, 0.332, 0.366, 0.061, -0.122, 14.804, -70.065, 148.25, -25.760, -12.893, -12.693, 29.62, 0.15085, 0.57632, -0.05414, 0.8013,
 15:46:01.517,f6:90:cc:01:6d:25, 2015-01-01 03:57:16.175, 0.908, 0.234, 0.3, -0.244, -0.61, 0.061, 37.782, -66.802, 152.276, -26.573, -15.047, -7.227, 32.33, 0.02026, 0.56903, 0.13498, 0.81085,
 15:46:01.517,f6:90:cc:01:6d:25, 2015-01-01 03:57:16.175, 0.906, 0.234, 0.304, -0.244, -0.549, -0.061, 37.793, -66.819, 152.265, -26.573, -15.047, -7.227, 32.33, 0.02026, 0.56903, 0.13498, 0.81085,
 15:46:01.519,ed:35:33:d3:6c:f8, 2015-01-01 03:57:16.210, 0.382, -0.032, 0.908, -1.16, -0.916, -1.343, -1.609, -22.423, 160.889, -10.620, -6.893, -34.633, 30.72, -0.16312, -0.18607, 0.04279, -0.9679,
 15:46:01.519,ed:35:33:d3:6c:f8, 2015-01-01 03:57:16.210, 0.374, -0.024, 0.913, -0.305, -1.099, 1.526, -1.626, -22.451, 160.856, -10.620, -6.893, -34.633, 30.72, -0.16312, -0.18607, 0.04279, -0.9679,
 15:46:01.538,ed:40:fe:65:30:6c, 2015-01-01 03:57:21.235, 0.551, 0.019, 0.833, -0.366, -0.244, -0.122, 1.577, -33.305, -119.482, -18.233, -6.813, -8.000, 28.47, 0.48785, -0.23972, -0.15686, -0.82452,
 15:46:01.538,ed:40:fe:65:30:6c, 2015-01-01 03:57:21.235, 0.552, 0.019, 0.835, -0.122, -0.061, -0.061, 1.577, -33.305, -119.493, -18.233, -6.813, -8.000, 28.47, 0.48785, -0.23972, -0.15686, -0.82452,
 15:46:01.539,e3:ca:2d:fd:e0:8c, 2015-01-01 03:57:16.045, 0.956, 0.086, 0.334, 0.427, 0.122, -0.183, 14.821, -70.06, 148.255, -25.760, -12.893, -12.693, 29.62, 0.15085, 0.57632, -0.05414, 0.8013,
 15:46:01.539,e3:ca:2d:fd:e0:8c, 2015-01-01 03:57:16.045, 0.955, 0.086, 0.336, 0.366, 0.122, -0.183, 14.832, -70.06, 148.255, -25.760, -12.893, -12.693, 29.62, 0.15085, 0.57632, -0.05414, 0.8013,
 15:46:01.561,e3:ca:2d:fd:e0:8c, 2015-01-01 03:57:16.045, 0.955, 0.089, 0.34, 0.366, 0.244, -0.122, 14.837, -70.054, 148.239, -25.760, -12.893, -12.693, 29.62, 0.15085, 0.57632, -0.05414, 0.8013,
 15:46:01.561,e3:ca:2d:fd:e0:8c, 2015-01-01 03:57:16.045, 0.956, 0.09, 0.342, 0.427, 0.305, -0.183, 14.848, -70.049, 148.217, -25.760, -12.893, -12.693, 29.62, 0.15085, 0.57632, -0.05414, 0.8013,
 15:46:01.563,ed:35:33:d3:6c:f8, 2015-01-01 03:57:16.210, 0.393, -0.02, 0.916, -1.892, -1.16, -3.296, -1.637, -22.473, 160.785, -10.620, -6.893, -34.633, 30.72, -0.16312, -0.18607, 0.04279, -0.9679,
 15:46:01.563,ed:35:33:d3:6c:f8, 2015-01-01 03:57:16.210, 0.378, -0.03, 0.915, 0.244, -0.488, 0.488, -1.642, -22.495, 160.703, -10.620, -6.893, -34.633, 30.72, -0.16312, -0.18607, 0.04279, -0.9679,
 15:46:01.582,ed:40:fe:65:30:6c, 2015-01-01 03:57:21.235, 0.55, 0.02, 0.837, 0.305, 0, 0, 1.577, -33.311, -119.498, -18.233, -6.813, -8.000, 28.47, 0.48785, -0.23972, -0.15686, -0.82452,
 15:46:01.582,ed:40:fe:65:30:6c, 2015-01-01 03:57:21.235, 0.548, 0.022, 0.839, 0.671, 0.061, 0, 1.588, -33.311, -119.526, -18.233, -6.813, -8.000, 28.47, 0.48785, -0.23972, -0.15686, -0.82452,
 15:46:01.584,f6:90:cc:01:6d:25, 2015-01-01 03:57:16.175, 0.907, 0.233, 0.306, 0, -0.305, -0.122, 37.804, -66.824, 152.271, -26.573, -15.047, -7.227, 32.33, 0.02026, 0.56903, 0.13498, 0.81085,
 15:46:01.584,f6:90:cc:01:6d:25, 2015-01-01 03:57:16.175, 0.908, 0.235, 0.308, 0.061, -0.122, -0.244, 37.815, -66.824, 152.271, -26.573, -15.047, -7.227, 32.33, 0.02026, 0.56903, 0.13498, 0.81085,
 15:46:01.607,e3:ca:2d:fd:e0:8c, 2015-01-01 03:57:16.045, 0.956, 0.089, 0.343, 0.305, 0.305, -0.305, 14.865, -70.038, 148.189, -25.760, -12.893, -12.693, 29.62, 0.15085, 0.57632, -0.05414, 0.8013,
 15:46:01.607,e3:ca:2d:fd:e0:8c, 2015-01-01 03:57:16.045, 0.955, 0.091, 0.341, 0.305, 0.427, -0.244, 14.875, -70.032, 148.206, -25.760, -12.893, -12.693, 29.62, 0.15085, 0.57632, -0.05414, 0.8013,
 15:46:01.607,f6:90:cc:01:6d:25, 2015-01-01 03:57:16.175, 0.906, 0.236, 0.311, 0.244, 0.061, -0.305, 37.826, -66.824, 152.281, -26.573, -15.047, -7.227, 32.33, 0.01587, 0.57059, 0.13782, 0.80939,
 15:46:01.607,f6:90:cc:01:6d:25, 2015-01-01 03:57:16.175, 0.906, 0.237, 0.31, 0.427, 0.305, -0.244, 37.837, -66.819, 152.276, -26.573, -15.047, -7.227, 32.33, 0.01587, 0.57059, 0.13782, 0.80939,
 15:46:01.608,ed:35:33:d3:6c:f8, 2015-01-01 03:57:16.210, 0.385, -0.021, 0.917, 0.61, -1.404, 1.282, -1.637, -22.516, 160.653, -10.620, -6.893, -34.633, 30.72, -0.16312, -0.18607, 0.04279, -0.9679,
 15:46:01.608,ed:35:33:d3:6c:f8, 2015-01-01 03:57:16.210, 0.375, -0.02, 0.917, 0.305, -0.366, 0.61, -1.637, -22.533, 160.631, -10.620, -6.893, -34.633, 30.72, -0.16312, -0.18607, 0.04279, -0.9679,
 15:46:01.627,ed:40:fe:65:30:6c, 2015-01-01 03:57:21.235, 0.548, 0.026, 0.838, 0.671, 0.244, 0.061, 1.599, -33.305, -119.537, -18.233, -6.813, -8.000, 28.47, 0.48785, -0.23972, -0.15686, -0.82452,
 15:46:01.627,ed:40:fe:65:30:6c, 2015-01-01 03:57:21.235, 0.548, 0.028, 0.842, 0.366, 0.366, 0, 1.604, -33.3, -119.537, -18.233, -6.813, -8.000, 28.47, 0.48785, -0.23972, -0.15686, -0.82452,
 15:46:01.650,e3:ca:2d:fd:e0:8c, 2015-01-01 03:57:16.045, 0.957, 0.091, 0.339, 0.183, 0.305, -0.122, 14.881, -70.021, 148.211, -25.760, -12.893, -12.693, 29.62, 0.15085, 0.57632, -0.05414, 0.8013,
 15:46:01.650,e3:ca:2d:fd:e0:8c, 2015-01-01 03:57:16.045, 0.958, 0.091, 0.338, 0.061, 0.244, -0.122, 14.881, -70.016, 148.233, -25.760, -12.893, -12.693, 29.62, 0.15085, 0.57632, -0.05414, 0.8013,
 15:46:01.651,f6:90:cc:01:6d:25, 2015-01-01 03:57:16.175, 0.906, 0.239, 0.309, 0.488, 0.366, -0.122, 37.837, -66.813, 152.276, -26.573, -15.047, -7.227, 32.33, 0.01587, 0.57059, 0.13782, 0.80939,
 15:46:01.651,f6:90:cc:01:6d:25, 2015-01-01 03:57:16.175, 0.905, 0.239, 0.309, 0.183, 0.183, -0.122, 37.837, -66.808, 152.314, -26.573, -15.047, -7.227, 32.33, 0.01587, 0.57059, 0.13782, 0.80939,
 15:46:01.654,ed:35:33:d3:6c:f8, 2015-01-01 03:57:16.210, 0.387, -0.023, 0.918, -1.648, 0, -4.517, -1.631, -22.538, 160.56, -11.113, -6.993, -35.153, 30.72, -0.16312, -0.18607, 0.04279, -0.9679,
 15:46:01.654,ed:35:33:d3:6c:f8, 2015-01-01 03:57:16.210, 0.381, -0.024, 0.919, -0.305, -0.122, 0, -1.626, -22.544, 160.494, -11.113, -6.993, -35.153, 30.72, -0.16312, -0.18607, 0.04279, -0.9679,
 15:46:01.674,f6:90:cc:01:6d:25, 2015-01-01 03:57:16.555, 0.905, 0.239, 0.308, -0.122, -0.122, -0.061, 37.837, -66.808, 152.336, -26.573, -15.047, -7.227, 32.33, 0.01587, 0.57059, 0.13782, 0.80939,
 15:46:01.674,f6:90:cc:01:6d:25, 2015-01-01 03:57:16.555, 0.905, 0.239, 0.305, -0.305, -0.183, -0.122, 37.837, -66.808, 152.32, -26.573, -15.047, -7.227, 32.33, 0.01587, 0.57059, 0.13782, 0.80939,
 15:46:01.695,ed:40:fe:65:30:6c, 2015-01-01 03:57:21.235, 0.547, 0.026, 0.841, 0.122, 0.305, -0.061, 1.609, -33.294, -119.531, -18.400, -6.373, -7.447, 28.47, 0.48785, -0.23972, -0.15686, -0.82452,
 15:46:01.695,ed:40:fe:65:30:6c, 2015-01-01 03:57:21.235, 0.546, 0.024, 0.841, 0.061, 0.244, -0.122, 1.609, -33.289, -119.52, -18.400, -6.373, -7.447, 28.47, 0.48785, -0.23972, -0.15686, -0.82452,
 15:46:01.696,e3:ca:2d:fd:e0:8c, 2015-01-01 03:57:16.045, 0.958, 0.091, 0.336, 0, 0.183, -0.122, 14.886, -70.01, 148.26, -25.760, -12.893, -12.693, 29.62, 0.15085, 0.57632, -0.05414, 0.8013,
 15:46:01.696,e3:ca:2d:fd:e0:8c, 2015-01-01 03:57:16.045, 0.958, 0.09, 0.336, -0.061, 0.061, -0.061, 14.886, -70.005, 148.271, -25.760, -12.893, -12.693, 29.62, 0.15085, 0.57632, -0.05414, 0.8013,
 15:46:01.699,ed:35:33:d3:6c:f8, 2015-01-01 03:57:16.210, 0.381, -0.022, 0.923, 0.061, 0.183, -0.183, -1.626, -22.544, 160.483, -11.113, -6.993, -35.153, 30.72, -0.16891, -0.19025, 0.04688, -0.96591,
 15:46:01.699,ed:35:33:d3:6c:f8, 2015-01-01 03:57:16.210, 0.382, -0.022, 0.922, 0, -0.183, -0.244, -1.626, -22.544, 160.444, -11.113, -6.993, -35.153, 30.72, -0.16891, -0.19025, 0.04688, -0.96591,
 15:46:01.719,e3:ca:2d:fd:e0:8c, 2015-01-01 03:57:16.045, 0.958, 0.09, 0.336, -0.061, 0, 0, 14.886, -70.005, 148.266, -25.820, -12.447, -12.600, 29.62, 0.15085, 0.57632, -0.05414, 0.8013,
 15:46:01.719,e3:ca:2d:fd:e0:8c, 2015-01-01 03:57:16.045, 0.958, 0.088, 0.337, 0, 0, 0, 14.886, -70.005, 148.271, -25.820, -12.447, -12.600, 29.62, 0.15085, 0.57632, -0.05414, 0.8013,
 15:46:01.719,ed:40:fe:65:30:6c, 2015-01-01 03:57:21.235, 0.548, 0.025, 0.843, 0, 0, -0.183, 1.615, -33.283, -119.526, -18.400, -6.373, -7.447, 28.47, 0.48587, -0.2406, -0.15588, -0.82562,
 15:46:01.719,ed:40:fe:65:30:6c, 2015-01-01 03:57:21.235, 0.549, 0.024, 0.842, 0, -0.183, -0.183, 1.615, -33.289, -119.548, -18.400, -6.373, -7.447, 28.47, 0.48587, -0.2406, -0.15588, -0.82562,
 15:46:01.720,f6:90:cc:01:6d:25, 2015-01-01 03:57:16.555, 0.908, 0.237, 0.305, -0.366, -0.366, -0.183, 37.848, -66.813, 152.281, -26.573, -15.047, -7.227, 32.33, 0.01587, 0.57059, 0.13782, 0.80939,
 15:46:01.720,f6:90:cc:01:6d:25, 2015-01-01 03:57:16.555, 0.908, 0.236, 0.305, -0.122, -0.427, -0.122, 37.859, -66.819, 152.232, -26.573, -15.047, -7.227, 32.33, 0.01587, 0.57059, 0.13782, 0.80939,
 15:46:01.721,ed:35:33:d3:6c:f8, 2015-01-01 03:57:16.525, 0.382, -0.021, 0.922, 0, -0.305, -0.122, -1.62, -22.549, 160.395, -11.113, -6.993, -35.153, 30.72, -0.16891, -0.19025, 0.04688, -0.96591,
 15:46:01.721,ed:35:33:d3:6c:f8, 2015-01-01 03:57:16.525, 0.385, -0.02, 0.922, -0.122, -0.244, -0.183, -1.615, -22.555, 160.334, -11.113, -6.993, -35.153, 30.72, -0.16891, -0.19025, 0.04688, -0.96591,
 15:46:01.742,f6:90:cc:01:6d:25, 2015-01-01 03:57:16.555, 0.908, 0.237, 0.304, 0, -0.427, -0.122, 37.875, -66.824, 152.216, -26.573, -15.047, -7.227, 32.33, 0.01587, 0.57059, 0.13782, 0.80939,
 15:46:01.742,f6:90:cc:01:6d:25, 2015-01-01 03:57:16.555, 0.91, 0.236, 0.306, 0, -0.549, 0, 37.886, -66.835, 152.216, -26.573, -15.047, -7.227, 32.33, 0.01587, 0.57059, 0.13782, 0.80939,
 15:46:01.762,ed:40:fe:65:30:6c, 2015-01-01 03:57:21.235, 0.549, 0.024, 0.842, -0.122, -0.305, -0.122, 1.615, -33.289, -119.575, -18.400, -6.373, -7.447, 28.47, 0.48587, -0.2406, -0.15588, -0.82562,
 15:46:01.762,ed:40:fe:65:30:6c, 2015-01-01 03:57:21.235, 0.552, 0.026, 0.842, -0.244, -0.427, -0.061, 1.609, -33.3, -119.603, -18.400, -6.373, -7.447, 28.47, 0.48587, -0.2406, -0.15588, -0.82562,
 15:46:01.763,e3:ca:2d:fd:e0:8c, 2015-01-01 03:57:16.045, 0.958, 0.088, 0.338, 0, 0, 0, 14.886, -69.999, 148.293, -25.820, -12.447, -12.600, 29.62, 0.15085, 0.57632, -0.05414, 0.8013,
 15:46:01.763,e3:ca:2d:fd:e0:8c, 2015-01-01 03:57:16.045, 0.958, 0.087, 0.337, 0.061, 0, 0.061, 14.886, -69.999, 148.321, -25.820, -12.447, -12.600, 29.62, 0.15085, 0.57632, -0.05414, 0.8013,
 15:46:01.766,ed:35:33:d3:6c:f8, 2015-01-01 03:57:16.525, 0.387, -0.021, 0.919, -0.122, -0.488, 0, -1.615, -22.566, 160.28, -11.113, -6.993, -35.153, 30.72, -0.16891, -0.19025, 0.04688, -0.96591,
 15:46:01.766,ed:35:33:d3:6c:f8, 2015-01-01 03:57:16.525, 0.388, -0.025, 0.915, 0, -0.793, 0.061, -1.615, -22.577, 160.23, -11.113, -6.993, -35.153, 30.72, -0.16891, -0.19025, 0.04688, -0.96591,
 15:46:01.785,ed:40:fe:65:30:6c, 2015-01-01 03:57:21.590, 0.554, 0.022, 0.839, -0.122, -0.488, 0.061, 1.609, -33.305, -119.614, -18.400, -6.373, -7.447, 28.47, 0.48587, -0.2406, -0.15588, -0.82562,
 15:46:01.785,ed:40:fe:65:30:6c, 2015-01-01 03:57:21.590, 0.553, 0.018, 0.837, 0.122, -0.427, 0.183, 1.609, -33.311, -119.619, -18.400, -6.373, -7.447, 28.47, 0.48587, -0.2406, -0.15588, -0.82562,
 15:46:01.787,f6:90:cc:01:6d:25, 2015-01-01 03:57:16.555, 0.911, 0.235, 0.306, 0, -0.61, 0, 37.903, -66.846, 152.205, -26.573, -15.047, -7.227, 32.33, 0.01587, 0.57059, 0.13782, 0.80939,
 15:46:01.787,f6:90:cc:01:6d:25, 2015-01-01 03:57:16.555, 0.908, 0.232, 0.305, 0.305, -0.488, 0, 37.919, -66.852, 152.205, -26.573, -15.047, -7.227, 32.33, 0.01587, 0.57059, 0.13782, 0.80939,
 15:46:01.811,ed:35:33:d3:6c:f8, 2015-01-01 03:57:16.525, 0.386, -0.018, 0.913, 0.061, -0.61, 0.366, -1.615, -22.593, 160.186, -11.113, -6.993, -35.153, 30.72, -0.16891, -0.19025, 0.04688, -0.96591,
 15:46:01.811,ed:35:33:d3:6c:f8, 2015-01-01 03:57:16.525, 0.383, -0.019, 0.916, 0.244, -0.61, 0.732, -1.615, -22.604, 160.142, -11.113, -6.993, -35.153, 30.72, -0.16891, -0.19025, 0.04688, -0.96591,
 15:46:01.830,ed:40:fe:65:30:6c, 2015-01-01 03:57:21.590, 0.55, 0.025, 0.836, 0.488, -0.183, 0.549, 1.609, -33.316, -119.603, -18.400, -6.373, -7.447, 28.47, 0.48587, -0.2406, -0.15588, -0.82562,
 15:46:01.830,ed:40:fe:65:30:6c, 2015-01-01 03:57:21.590, 0.548, 0.026, 0.837, 0.488, -0.122, 0.793, 1.609, -33.316, -119.586, -18.400, -6.373, -7.447, 28.47, 0.48587, -0.2406, -0.15588, -0.82562,
 15:46:01.831,e3:ca:2d:fd:e0:8c, 2015-01-01 03:57:16.045, 0.956, 0.086, 0.339, 0.183, 0.122, 0, 14.881, -69.999, 148.326, -25.820, -12.447, -12.600, 29.62, 0.15021, 0.57611, -0.05316, 0.80164,
 15:46:01.831,e3:ca:2d:fd:e0:8c, 2015-01-01 03:57:16.045, 0.956, 0.086, 0.34, 0.305, 0.122, 0, 14.886, -69.994, 148.354, -25.820, -12.447, -12.600, 29.62, 0.15021, 0.57611, -0.05316, 0.80164,
 15:46:01.854,e3:ca:2d:fd:e0:8c, 2015-01-01 03:57:16.405, 0.956, 0.089, 0.338, 0.366, 0.122, 0.061, 14.881, -69.994, 148.387, -25.820, -12.447, -12.600, 29.62, 0.15021, 0.57611, -0.05316, 0.80164,
 15:46:01.854,e3:ca:2d:fd:e0:8c, 2015-01-01 03:57:16.405, 0.958, 0.089, 0.337, 0.244, 0.122, 0.061, 14.881, -69.988, 148.398, -25.820, -12.447, -12.600, 29.62, 0.15021, 0.57611, -0.05316, 0.80164,
 15:46:01.854,f6:90:cc:01:6d:25, 2015-01-01 03:57:16.555, 0.905, 0.235, 0.306, 0.549, -0.183, 0.061, 37.93, -66.857, 152.205, -26.573, -15.047, -7.227, 32.33, 0.01587, 0.57059, 0.13782, 0.80939,
 15:46:01.854,f6:90:cc:01:6d:25, 2015-01-01 03:57:16.555, 0.907, 0.237, 0.304, 0.549, -0.061, 0.244, 37.93, -66.863, 152.227, -26.573, -15.047, -7.227, 32.33, 0.01587, 0.57059, 0.13782, 0.80939,
 15:46:01.855,ed:35:33:d3:6c:f8, 2015-01-01 03:57:16.525, 0.384, -0.029, 0.918, 0, -1.282, 0.732, -1.615, -22.626, 160.109, -11.113, -6.993, -35.153, 30.72, -0.16891, -0.19025, 0.04688, -0.96591,
 15:46:01.855,ed:35:33:d3:6c:f8, 2015-01-01 03:57:16.525, 0.387, -0.027, 0.922, -0.671, -1.526, 0.488, -1.62, -22.654, 160.104, -11.113, -6.993, -35.153, 30.72, -0.16891, -0.19025, 0.04688, -0.96591,
 15:46:01.875,ed:40:fe:65:30:6c, 2015-01-01 03:57:21.590, 0.55, 0.018, 0.839, 0.366, -0.244, 0.549, 1.609, -33.322, -119.581, -18.400, -6.373, -7.447, 28.47, 0.48587, -0.2406, -0.15588, -0.82562,
 15:46:01.875,ed:40:fe:65:30:6c, 2015-01-01 03:57:21.590, 0.552, 0.021, 0.84, 0.244, -0.488, 0.488, 1.609, -33.333, -119.581, -18.400, -6.373, -7.447, 28.47, 0.48587, -0.2406, -0.15588, -0.82562,
 15:46:01.877,e3:ca:2d:fd:e0:8c, 2015-01-01 03:57:16.405, 0.958, 0.089, 0.337, 0.183, 0.061, 0.061, 14.881, -69.988, 148.403, -25.820, -12.447, -12.600, 29.62, 0.15021, 0.57611, -0.05316, 0.80164,
 15:46:01.877,e3:ca:2d:fd:e0:8c, 2015-01-01 03:57:16.405, 0.958, 0.09, 0.336, 0.183, 0, 0, 14.881, -69.988, 148.37, -25.820, -12.447, -12.600, 29.62, 0.15021, 0.57611, -0.05316, 0.80164,
 15:46:01.877,f6:90:cc:01:6d:25, 2015-01-01 03:57:16.555, 0.909, 0.236, 0.303, 0.366, -0.122, 0.183, 37.936, -66.868, 152.238, -26.613, -14.773, -7.860, 32.33, 0.01587, 0.57059, 0.13782, 0.80939,
 15:46:01.877,f6:90:cc:01:6d:25, 2015-01-01 03:57:16.555, 0.91, 0.237, 0.303, 0.122, -0.061, 0.122, 37.93, -66.874, 152.254, -26.613, -14.773, -7.860, 32.33, 0.01587, 0.57059, 0.13782, 0.80939,
 15:46:01.898,ed:40:fe:65:30:6c, 2015-01-01 03:57:21.590, 0.558, 0.026, 0.84, -0.061, -0.61, 0.488, 1.599, -33.344, -119.581, -18.400, -6.373, -7.447, 28.47, 0.48587, -0.2406, -0.15588, -0.82562,
 15:46:01.898,ed:40:fe:65:30:6c, 2015-01-01 03:57:21.590, 0.551, 0.02, 0.834, -0.488, -0.427, 0.183, 1.588, -33.354, -119.597, -18.400, -6.373, -7.447, 28.47, 0.48587, -0.2406, -0.15588, -0.82562,
 15:46:01.901,ed:35:33:d3:6c:f8, 2015-01-01 03:57:16.525, 0.391, -0.021, 0.92, -1.16, -1.221, 0.305, -1.642, -22.681, 160.087, -11.113, -6.993, -35.153, 30.72, -0.16891, -0.19025, 0.04688, -0.96591,
 15:46:01.901,ed:35:33:d3:6c:f8, 2015-01-01 03:57:16.525, 0.394, -0.024, 0.914, -1.038, -0.488, 0.061, -1.664, -22.698, 160.065, -11.113, -6.993, -35.153, 30.72, -0.16891, -0.19025, 0.04688, -0.96591,
 15:46:01.921,e3:ca:2d:fd:e0:8c, 2015-01-01 03:57:16.405, 0.958, 0.09, 0.337, 0.061, -0.183, 0, 14.881, -69.994, 148.337, -25.820, -12.447, -12.600, 29.62, 0.15021, 0.57611, -0.05316, 0.80164,
 15:46:01.921,e3:ca:2d:fd:e0:8c, 2015-01-01 03:57:16.405, 0.956, 0.089, 0.338, 0.061, -0.061, 0, 14.886, -69.994, 148.326, -25.820, -12.447, -12.600, 29.62, 0.15021, 0.57611, -0.05316, 0.80164,
 15:46:01.922,f6:90:cc:01:6d:25, 2015-01-01 03:57:16.555, 0.91, 0.238, 0.304, -0.122, 0.122, 0.244, 37.914, -66.874, 152.265, -26.613, -14.773, -7.860, 32.33, 0.01587, 0.57059, 0.13782, 0.80939,
 15:46:01.922,f6:90:cc:01:6d:25, 2015-01-01 03:57:16.555, 0.91, 0.239, 0.303, -0.366, 0.366, 0.366, 37.886, -66.874, 152.254, -26.613, -14.773, -7.860, 32.33, 0.01587, 0.57059, 0.13782, 0.80939,
 15:46:01.923,ed:35:33:d3:6c:f8, 2015-01-01 03:57:16.525, 0.386, -0.028, 0.912, -1.77, 0.305, 0, -1.692, -22.703, 160.038, -11.313, -7.127, -34.880, 30.72, -0.16891, -0.19025, 0.04688, -0.96591,
 15:46:01.923,ed:35:33:d3:6c:f8, 2015-01-01 03:57:16.525, 0.381, -0.017, 0.917, -2.014, 0.61, -0.244, -1.725, -22.698, 160.01, -11.313, -7.127, -34.880, 30.72, -0.16891, -0.19025, 0.04688, -0.96591,
 15:46:01.945,f6:90:cc:01:6d:25, 2015-01-01 03:57:16.555, 0.907, 0.237, 0.305, -0.427, 0.61, 0.305, 37.848, -66.868, 152.287, -26.613, -14.773, -7.860, 32.33, 0.01553, 0.57092, 0.13803, 0.80911,
 15:46:01.945,f6:90:cc:01:6d:25, 2015-01-01 03:57:16.555, 0.905, 0.237, 0.305, -0.61, 0.793, 0.488, 37.793, -66.863, 152.336, -26.613, -14.773, -7.860, 32.33, 0.01553, 0.57092, 0.13803, 0.80911,
 15:46:01.965,ed:40:fe:65:30:6c, 2015-01-01 03:57:21.590, 0.547, 0.028, 0.839, -0.427, -0.366, 0.305, 1.577, -33.36, -119.608, -18.400, -6.373, -7.447, 28.47, 0.48587, -0.2406, -0.15588, -0.82562,
 15:46:01.965,ed:40:fe:65:30:6c, 2015-01-01 03:57:21.590, 0.548, 0.027, 0.839, -0.427, -0.305, 0.61, 1.566, -33.365, -119.619, -18.400, -6.373, -7.447, 28.47, 0.48587, -0.2406, -0.15588, -0.82562,
 15:46:01.967,e3:ca:2d:fd:e0:8c, 2015-01-01 03:57:16.405, 0.954, 0.089, 0.34, 0.122, 0, 0, 14.886, -69.994, 148.304, -25.820, -12.447, -12.600, 29.62, 0.15021, 0.57611, -0.05316, 0.80164,
 15:46:01.967,e3:ca:2d:fd:e0:8c, 2015-01-01 03:57:16.405, 0.955, 0.09, 0.34, 0.122, 0, 0.061, 14.881, -69.994, 148.288, -25.820, -12.447, -12.600, 29.62, 0.15021, 0.57611, -0.05316, 0.80164,
 15:46:01.968,ed:35:33:d3:6c:f8, 2015-01-01 03:57:16.525, 0.383, -0.018, 0.92, -1.465, 0.305, -0.305, -1.752, -22.687, 159.966, -11.313, -7.127, -34.880, 30.72, -0.16891, -0.19025, 0.04688, -0.96591,
 15:46:01.968,ed:35:33:d3:6c:f8, 2015-01-01 03:57:16.525, 0.374, -0.029, 0.917, -1.221, 0.122, -0.366, -1.774, -22.687, 159.89, -11.313, -7.127, -34.880, 30.72, -0.16891, -0.19025, 0.04688, -0.96591,
 15:46:01.987,ed:40:fe:65:30:6c, 2015-01-01 03:57:21.590, 0.551, 0.018, 0.84, -0.549, -0.427, 0.61, 1.549, -33.376, -119.625, -18.380, -6.807, -7.653, 28.47, 0.48587, -0.2406, -0.15588, -0.82562,
 15:46:01.987,ed:40:fe:65:30:6c, 2015-01-01 03:57:21.590, 0.55, 0.016, 0.842, -0.549, -0.488, 0.488, 1.527, -33.382, -119.63, -18.380, -6.807, -7.653, 28.47, 0.48587, -0.2406, -0.15588, -0.82562,
 15:46:01.989,f6:90:cc:01:6d:25, 2015-01-01 03:57:16.555, 0.909, 0.236, 0.307, -0.671, 0.854, 0.549, 37.738, -66.857, 152.391, -26.613, -14.773, -7.860, 32.33, 0.01553, 0.57092, 0.13803, 0.80911,
 15:46:01.989,f6:90:cc:01:6d:25, 2015-01-01 03:57:16.555, 0.905, 0.233, 0.309, 0, 0.305, 0.183, 37.705, -66.857, 152.441, -26.613, -14.773, -7.860, 32.33, 0.01553, 0.57092, 0.13803, 0.80911,
 15:46:02.014,ed:35:33:d3:6c:f8, 2015-01-01 03:57:16.525, 0.392, -0.031, 0.913, -0.671, 0, -1.526, -1.78, -22.687, 159.813, -11.313, -7.127, -34.880, 30.72, -0.17377, -0.19104, 0.04913, -0.96478,
 15:46:02.014,ed:35:33:d3:6c:f8, 2015-01-01 03:57:16.525, 0.385, -0.033, 0.919, -0.916, 0.061, -0.671, -1.785, -22.687, 159.741, -11.313, -7.127, -34.880, 30.72, -0.17377, -0.19104, 0.04913, -0.96478,
 15:46:02.034,e3:ca:2d:fd:e0:8c, 2015-01-01 03:57:16.405, 0.957, 0.09, 0.34, 0, 0.122, 0.122, 14.875, -69.988, 148.271, -25.820, -12.447, -12.600, 29.62, 0.15021, 0.57611, -0.05316, 0.80164,
 15:46:02.034,e3:ca:2d:fd:e0:8c, 2015-01-01 03:57:16.405, 0.956, 0.089, 0.339, 0, 0.061, 0.061, 14.87, -69.988, 148.244, -25.820, -12.447, -12.600, 29.62, 0.15021, 0.57611, -0.05316, 0.80164,
 15:46:02.056,e3:ca:2d:fd:e0:8c, 2015-01-01 03:57:16.405, 0.955, 0.089, 0.338, 0.061, 0, 0, 14.87, -69.983, 148.217, -26.087, -13.187, -12.487, 29.62, 0.15021, 0.57611, -0.05316, 0.80164,
 15:46:02.056,e3:ca:2d:fd:e0:8c, 2015-01-01 03:57:16.405, 0.956, 0.089, 0.338, 0, -0.122, 0, 14.87, -69.983, 148.189, -26.087, -13.187, -12.487, 29.62, 0.15021, 0.57611, -0.05316, 0.80164,
 15:46:02.057,f6:90:cc:01:6d:25, 2015-01-01 03:57:16.890, 0.905, 0.235, 0.308, 0.122, 0.183, 0, 37.694, -66.857, 152.474, -26.613, -14.773, -7.860, 32.33, 0.01553, 0.57092, 0.13803, 0.80911,
 15:46:02.057,f6:90:cc:01:6d:25, 2015-01-01 03:57:16.890, 0.908, 0.237, 0.308, 0.183, 0, 0, 37.689, -66.852, 152.518, -26.613, -14.773, -7.860, 32.33, 0.01553, 0.57092, 0.13803, 0.80911,
 15:46:02.059,ed:35:33:d3:6c:f8, 2015-01-01 03:57:16.840, 0.388, -0.036, 0.912, -0.61, -0.122, -0.183, -1.796, -22.687, 159.697, -11.313, -7.127, -34.880, 30.72, -0.17377, -0.19104, 0.04913, -0.96478,
 15:46:02.059,ed:35:33:d3:6c:f8, 2015-01-01 03:57:16.840, 0.387, -0.03, 0.912, -0.305, -0.061, -0.122, -1.802, -22.692, 159.653, -11.313, -7.127, -34.880, 30.72, -0.17377, -0.19104, 0.04913, -0.96478,
 15:46:02.077,ed:40:fe:65:30:6c, 2015-01-01 03:57:21.590, 0.549, 0.015, 0.839, -0.488, -0.366, 0.366, 1.511, -33.393, -119.63, -18.380, -6.807, -7.653, 28.47, 0.48587, -0.2406, -0.15588, -0.82562,
 15:46:02.077,ed:40:fe:65:30:6c, 2015-01-01 03:57:21.590, 0.552, 0.015, 0.836, -0.183, -0.427, 0, 1.5, -33.398, -119.63, -18.380, -6.807, -7.653, 28.47, 0.48587, -0.2406, -0.15588, -0.82562,
 15:46:02.079,f6:90:cc:01:6d:25, 2015-01-01 03:57:16.890, 0.906, 0.232, 0.305, 0.427, 0, -0.122, 37.694, -66.852, 152.595, -26.613, -14.773, -7.860, 32.33, 0.01553, 0.57092, 0.13803, 0.80911,
 15:46:02.079,f6:90:cc:01:6d:25, 2015-01-01 03:57:16.890, 0.906, 0.233, 0.307, 0.427, 0, -0.061, 37.705, -66.852, 152.639, -26.613, -14.773, -7.860, 32.33, 0.01553, 0.57092, 0.13803, 0.80911,
 15:46:02.100,ed:40:fe:65:30:6c, 2015-01-01 03:57:21.590, 0.553, 0.017, 0.834, 0.061, -0.366, -0.244, 1.5, -33.404, -119.63, -18.380, -6.807, -7.653, 28.47, 0.48474, -0.24203, -0.1553, -0.82596,
 15:46:02.100,ed:40:fe:65:30:6c, 2015-01-01 03:57:21.590, 0.551, 0.021, 0.835, 0.244, -0.183, 0, 1.5, -33.409, -119.647, -18.380, -6.807, -7.653, 28.47, 0.48474, -0.24203, -0.1553, -0.82596,
 15:46:02.102,e3:ca:2d:fd:e0:8c, 2015-01-01 03:57:16.405, 0.957, 0.088, 0.339, 0, -0.122, 0, 14.87, -69.988, 148.156, -26.087, -13.187, -12.487, 29.62, 0.15021, 0.57611, -0.05316, 0.80164,
 15:46:02.102,e3:ca:2d:fd:e0:8c, 2015-01-01 03:57:16.405, 0.955, 0.087, 0.34, 0, 0, 0, 14.87, -69.983, 148.129, -26.087, -13.187, -12.487, 29.62, 0.15021, 0.57611, -0.05316, 0.80164,
 15:46:02.104,ed:35:33:d3:6c:f8, 2015-01-01 03:57:16.840, 0.386, -0.024, 0.914, 0, -0.549, 0, -1.802, -22.698, 159.615, -11.313, -7.127, -34.880, 30.72, -0.17377, -0.19104, 0.04913, -0.96478,
 15:46:02.104,ed:35:33:d3:6c:f8, 2015-01-01 03:57:16.840, 0.388, -0.021, 0.914, 0.061, -0.671, 0.061, -1.802, -22.714, 159.576, -11.313, -7.127, -34.880, 30.72, -0.17377, -0.19104, 0.04913, -0.96478,
 15:46:02.124,e3:ca:2d:fd:e0:8c, 2015-01-01 03:57:16.405, 0.957, 0.088, 0.338, 0.061, -0.061, 0, 14.87, -69.983, 148.101, -26.087, -13.187, -12.487, 29.62, 0.1517, 0.57587, -0.05423, 0.80142,
 15:46:02.124,e3:ca:2d:fd:e0:8c, 2015-01-01 03:57:16.405, 0.96, 0.088, 0.339, 0, -0.122, 0, 14.87, -69.983, 148.074, -26.087, -13.187, -12.487, 29.62, 0.1517, 0.57587, -0.05423, 0.80142,
 15:46:02.124,ed:40:fe:65:30:6c, 2015-01-01 03:57:21.590, 0.552, 0.024, 0.836, 0.427, -0.122, 0.183, 1.505, -33.409, -119.636, -18.380, -6.807, -7.653, 28.47, 0.48474, -0.24203, -0.1553, -0.82596,
 15:46:02.124,ed:40:fe:65:30:6c, 2015-01-01 03:57:21.590, 0.554, 0.023, 0.84, 0.549, -0.122, 0.183, 1.511, -33.415, -119.608, -18.380, -6.807, -7.653, 28.47, 0.48474, -0.24203, -0.1553, -0.82596,
 15:46:02.126,f6:90:cc:01:6d:25, 2015-01-01 03:57:16.890, 0.91, 0.236, 0.305, 0.244, -0.122, 0, 37.711, -66.852, 152.65, -26.613, -14.773, -7.860, 32.33, 0.01553, 0.57092, 0.13803, 0.80911,
 15:46:02.126,f6:90:cc:01:6d:25, 2015-01-01 03:57:16.890, 0.911, 0.237, 0.308, 0.183, -0.244, 0.122, 37.716, -66.857, 152.644, -26.613, -14.773, -7.860, 32.33, 0.01553, 0.57092, 0.13803, 0.80911,
 15:46:02.126,ed:35:33:d3:6c:f8, 2015-01-01 03:57:16.840, 0.389, -0.023, 0.915, 0.366, -0.305, 0.244, -1.796, -22.725, 159.56, -11.313, -7.127, -34.880, 30.72, -0.17377, -0.19104, 0.04913, -0.96478,
 15:46:02.126,ed:35:33:d3:6c:f8, 2015-01-01 03:57:16.840, 0.39, -0.026, 0.92, 0.488, 0, 0.244, -1.791, -22.731, 159.554, -11.313, -7.127, -34.880, 30.72, -0.17377, -0.19104, 0.04913, -0.96478,
 15:46:02.148,f6:90:cc:01:6d:25, 2015-01-01 03:57:16.890, 0.91, 0.237, 0.306, 0.305, -0.061, 0.122, 37.722, -66.863, 152.661, -26.613, -14.773, -7.860, 32.33, 0.01553, 0.57092, 0.13803, 0.80911,
 15:46:02.148,f6:90:cc:01:6d:25, 2015-01-01 03:57:16.890, 0.909, 0.237, 0.303, 0.305, -0.061, 0.183, 37.722, -66.868, 152.704, -26.613, -14.773, -7.860, 32.33, 0.01553, 0.57092, 0.13803, 0.80911,
 15:46:02.167,ed:40:fe:65:30:6c, 2015-01-01 03:57:21.590, 0.555, 0.022, 0.841, 0.61, -0.061, 0.122, 1.516, -33.415, -119.57, -18.380, -6.807, -7.653, 28.47, 0.48474, -0.24203, -0.1553, -0.82596,
 15:46:02.167,ed:40:fe:65:30:6c, 2015-01-01 03:57:21.590, 0.555, 0.022, 0.841, 0.488, -0.122, 0.122, 1.527, -33.415, -119.542, -18.380, -6.807, -7.653, 28.47, 0.48474, -0.24203, -0.1553, -0.82596,
 15:46:02.169,e3:ca:2d:fd:e0:8c, 2015-01-01 03:57:16.405, 0.959, 0.09, 0.337, -0.061, -0.183, 0, 14.87, -69.988, 148.046, -26.087, -13.187, -12.487, 29.62, 0.1517, 0.57587, -0.05423, 0.80142,
 15:46:02.169,e3:ca:2d:fd:e0:8c, 2015-01-01 03:57:16.405, 0.959, 0.09, 0.337, 0.061, -0.122, 0, 14.87, -69.988, 148.013, -26.087, -13.187, -12.487, 29.62, 0.1517, 0.57587, -0.05423, 0.80142,
 15:46:02.172,ed:35:33:d3:6c:f8, 2015-01-01 03:57:16.840, 0.387, -0.026, 0.921, 0.366, -0.183, 0.244, -1.78, -22.736, 159.538, -11.313, -7.127, -34.880, 30.72, -0.17377, -0.19104, 0.04913, -0.96478,
 15:46:02.172,ed:35:33:d3:6c:f8, 2015-01-01 03:57:16.840, 0.391, -0.026, 0.92, -0.305, 0, -0.122, -1.78, -22.736, 159.532, -11.313, -7.127, -34.880, 30.72, -0.17377, -0.19104, 0.04913, -0.96478,
 15:46:02.190,ed:40:fe:65:30:6c, 2015-01-01 03:57:21.970, 0.555, 0.024, 0.837, -0.183, -0.122, -0.061, 1.533, -33.415, -119.526, -18.380, -6.807, -7.653, 28.47, 0.48474, -0.24203, -0.1553, -0.82596,
 15:46:02.190,ed:40:fe:65:30:6c, 2015-01-01 03:57:21.970, 0.554, 0.023, 0.837, -0.671, -0.061, -0.244, 1.527, -33.42, -119.504, -18.380, -6.807, -7.653, 28.47, 0.48474, -0.24203, -0.1553, -0.82596,
 15:46:02.215,f6:90:cc:01:6d:25, 2015-01-01 03:57:16.890, 0.908, 0.238, 0.3, -0.061, -0.061, 0.183, 37.722, -66.868, 152.743, -26.613, -14.773, -7.860, 32.33, 0.01553, 0.57092, 0.13803, 0.80911,
 15:46:02.215,f6:90:cc:01:6d:25, 2015-01-01 03:57:16.890, 0.907, 0.236, 0.308, -0.366, -0.305, 0.122, 37.716, -66.874, 152.748, -26.613, -14.773, -7.860, 32.33, 0.01553, 0.57092, 0.13803, 0.80911,
 15:46:02.215,e3:ca:2d:fd:e0:8c, 2015-01-01 03:57:16.740, 0.958, 0.09, 0.335, -0.061, 0, 0, 14.87, -69.988, 147.991, -26.087, -13.187, -12.487, 29.62, 0.1517, 0.57587, -0.05423, 0.80142,
 15:46:02.215,e3:ca:2d:fd:e0:8c, 2015-01-01 03:57:16.740, 0.958, 0.09, 0.336, -0.244, -0.061, 0, 14.865, -69.988, 147.964, -26.087, -13.187, -12.487, 29.62, 0.1517, 0.57587, -0.05423, 0.80142,
 15:46:02.216,ed:35:33:d3:6c:f8, 2015-01-01 03:57:16.840, 0.387, -0.025, 0.914, -1.16, 0.427, -0.488, -1.791, -22.736, 159.516, -11.313, -7.127, -34.880, 30.72, -0.17377, -0.19104, 0.04913, -0.96478,
 15:46:02.216,ed:35:33:d3:6c:f8, 2015-01-01 03:57:16.840, 0.391, -0.021, 0.915, -1.099, 0.671, -0.732, -1.802, -22.725, 159.467, -11.313, -7.127, -34.880, 30.72, -0.17377, -0.19104, 0.04913, -0.96478,
 15:46:02.237,ed:40:fe:65:30:6c, 2015-01-01 03:57:21.970, 0.553, 0.024, 0.835, -0.61, 0, -0.122, 1.516, -33.42, -119.482, -18.380, -6.807, -7.653, 28.47, 0.48474, -0.24203, -0.1553, -0.82596,
 15:46:02.237,ed:40:fe:65:30:6c, 2015-01-01 03:57:21.970, 0.55, 0.018, 0.833, -0.305, 0.061, 0, 1.505, -33.42, -119.476, -18.380, -6.807, -7.653, 28.47, 0.48474, -0.24203, -0.1553, -0.82596,
 15:46:02.237,e3:ca:2d:fd:e0:8c, 2015-01-01 03:57:16.740, 0.955, 0.089, 0.336, -0.122, -0.305, 0, 14.865, -69.994, 147.936, -26.087, -13.187, -12.487, 29.62, 0.1517, 0.57587, -0.05423, 0.80142,
 15:46:02.237,e3:ca:2d:fd:e0:8c, 2015-01-01 03:57:16.740, 0.954, 0.088, 0.337, -0.061, -0.183, 0, 14.87, -69.999, 147.909, -26.087, -13.187, -12.487, 29.62, 0.1517, 0.57587, -0.05423, 0.80142,
 15:46:02.238,f6:90:cc:01:6d:25, 2015-01-01 03:57:16.890, 0.906, 0.235, 0.302, -0.122, -0.183, 0.122, 37.711, -66.885, 152.726, -26.813, -14.993, -8.093, 32.33, 0.01553, 0.57092, 0.13803, 0.80911,
 15:46:02.238,f6:90:cc:01:6d:25, 2015-01-01 03:57:16.890, 0.907, 0.231, 0.305, -0.061, -0.061, 0.122, 37.711, -66.89, 152.693, -26.813, -14.993, -8.093, 32.33, 0.01553, 0.57092, 0.13803, 0.80911,
 15:46:02.261,ed:35:33:d3:6c:f8, 2015-01-01 03:57:16.840, 0.386, -0.027, 0.911, -0.488, 0.183, -0.366, -1.813, -22.72, 159.423, -11.127, -6.507, -34.920, 30.72, -0.17377, -0.19104, 0.04913, -0.96478,
 15:46:02.261,ed:35:33:d3:6c:f8, 2015-01-01 03:57:16.840, 0.384, -0.037, 0.91, 0.244, 0.122, 0.122, -1.813, -22.72, 159.401, -11.127, -6.507, -34.920, 30.72, -0.17377, -0.19104, 0.04913, -0.96478,
 15:46:02.282,f6:90:cc:01:6d:25, 2015-01-01 03:57:16.890, 0.909, 0.231, 0.308, 0.122, 0, 0, 37.711, -66.89, 152.672, -26.813, -14.993, -8.093, 32.33, 0.01553, 0.57092, 0.13803, 0.80911,
 15:46:02.282,f6:90:cc:01:6d:25, 2015-01-01 03:57:16.890, 0.911, 0.233, 0.311, 0.366, 0, -0.061, 37.711, -66.89, 152.655, -26.813, -14.993, -8.093, 32.33, 0.01553, 0.57092, 0.13803, 0.80911,
 15:46:02.282,e3:ca:2d:fd:e0:8c, 2015-01-01 03:57:16.740, 0.956, 0.086, 0.341, -0.122, -0.122, 0, 14.865, -69.999, 147.881, -26.087, -13.187, -12.487, 29.62, 0.1517, 0.57587, -0.05423, 0.80142,
 15:46:02.282,e3:ca:2d:fd:e0:8c, 2015-01-01 03:57:16.740, 0.957, 0.087, 0.341, 0, -0.061, 0, 14.865, -69.999, 147.854, -26.087, -13.187, -12.487, 29.62, 0.1517, 0.57587, -0.05423, 0.80142,
 15:46:02.283,ed:40:fe:65:30:6c, 2015-01-01 03:57:21.970, 0.55, 0.01, 0.836, 0.122, 0.061, 0, 1.5, -33.42, -119.482, -18.380, -6.807, -7.653, 28.47, 0.48474, -0.24203, -0.1553, -0.82596,
 15:46:02.283,ed:40:fe:65:30:6c, 2015-01-01 03:57:21.970, 0.552, 0.016, 0.84, 0.366, 0.061, -0.061, 1.505, -33.415, -119.476, -18.380, -6.807, -7.653, 28.47, 0.48474, -0.24203, -0.1553, -0.82596,
 15:46:02.286,ed:35:33:d3:6c:f8, 2015-01-01 03:57:16.840, 0.385, -0.032, 0.917, 0.427, 0.549, 0.122, -1.807, -22.72, 159.39, -11.127, -6.507, -34.920, 30.72, -0.17838, -0.19098, 0.05042, -0.96387,
 15:46:02.286,ed:35:33:d3:6c:f8, 2015-01-01 03:57:16.840, 0.386, -0.023, 0.919, 0.427, 0.366, 0, -1.796, -22.714, 159.395, -11.127, -6.507, -34.920, 30.72, -0.17838, -0.19098, 0.05042, -0.96387,
 15:46:02.326,e3:ca:2d:fd:e0:8c, 2015-01-01 03:57:16.740, 0.955, 0.088, 0.343, 0.122, -0.122, 0, 14.865, -69.999, 147.827, -26.087, -13.187, -12.487, 29.62, 0.1517, 0.57587, -0.05423, 0.80142,
 15:46:02.326,e3:ca:2d:fd:e0:8c, 2015-01-01 03:57:16.740, 0.956, 0.088, 0.342, 0.061, -0.183, 0, 14.87, -69.999, 147.805, -26.087, -13.187, -12.487, 29.62, 0.1517, 0.57587, -0.05423, 0.80142,
 15:46:02.327,ed:40:fe:65:30:6c, 2015-01-01 03:57:21.970, 0.551, 0.023, 0.84, 0.427, 0, 0, 1.511, -33.415, -119.476, -18.380, -6.807, -7.653, 28.47, 0.48474, -0.24203, -0.1553, -0.82596,
 15:46:02.327,ed:40:fe:65:30:6c, 2015-01-01 03:57:21.970, 0.55, 0.023, 0.839, 0.183, 0.183, 0.122, 1.516, -33.415, -119.471, -18.380, -6.807, -7.653, 28.47, 0.48474, -0.24203, -0.1553, -0.82596,
 15:46:02.329,ed:35:33:d3:6c:f8, 2015-01-01 03:57:16.840, 0.383, -0.023, 0.916, 0.061, 0.549, -0.183, -1.791, -22.703, 159.384, -11.127, -6.507, -34.920, 30.72, -0.17838, -0.19098, 0.05042, -0.96387,
 15:46:02.329,ed:35:33:d3:6c:f8, 2015-01-01 03:57:16.840, 0.386, -0.028, 0.919, -0.732, 1.099, -0.732, -1.791, -22.692, 159.351, -11.127, -6.507, -34.920, 30.72, -0.17838, -0.19098, 0.05042, -0.96387,
 15:46:02.348,ed:40:fe:65:30:6c, 2015-01-01 03:57:21.970, 0.552, 0.021, 0.839, -0.305, 0.183, 0, 1.511, -33.409, -119.465, -18.380, -6.807, -7.653, 28.47, 0.48474, -0.24203, -0.1553, -0.82596,
 15:46:02.348,ed:40:fe:65:30:6c, 2015-01-01 03:57:21.970, 0.553, 0.02, 0.838, -0.366, 0.122, 0, 1.505, -33.404, -119.46, -18.380, -6.807, -7.653, 28.47, 0.48474, -0.24203, -0.1553, -0.82596,
 15:46:02.350,f6:90:cc:01:6d:25, 2015-01-01 03:57:16.890, 0.908, 0.233, 0.307, 0.366, 0, -0.061, 37.716, -66.89, 152.65, -26.813, -14.993, -8.093, 32.33, 0.01352, 0.57053, 0.13873, 0.8093,
 15:46:02.350,f6:90:cc:01:6d:25, 2015-01-01 03:57:16.890, 0.907, 0.234, 0.306, 0.183, 0, 0, 37.722, -66.89, 152.661, -26.813, -14.993, -8.093, 32.33, 0.01352, 0.57053, 0.13873, 0.8093,
 15:46:02.373,f6:90:cc:01:6d:25, 2015-01-01 03:57:17.245, 0.908, 0.235, 0.305, 0, 0, 0, 37.716, -66.896, 152.633, -26.813, -14.993, -8.093, 32.33, 0.01352, 0.57053, 0.13873, 0.8093,
 15:46:02.373,f6:90:cc:01:6d:25, 2015-01-01 03:57:17.245, 0.906, 0.235, 0.301, -0.122, 0, 0, 37.716, -66.896, 152.644, -26.813, -14.993, -8.093, 32.33, 0.01352, 0.57053, 0.13873, 0.8093,
 15:46:02.374,ed:35:33:d3:6c:f8, 2015-01-01 03:57:17.130, 0.388, -0.026, 0.919, -0.916, 1.099, -0.732, -1.802, -22.67, 159.318, -11.127, -6.507, -34.920, 30.72, -0.17838, -0.19098, 0.05042, -0.96387,
 15:46:02.375,ed:35:33:d3:6c:f8, 2015-01-01 03:57:17.130, 0.39, -0.028, 0.91, -0.305, 1.831, -0.793, -1.802, -22.643, 159.258, -11.127, -6.507, -34.920, 30.72, -0.17838, -0.19098, 0.05042, -0.96387,
 15:46:02.394,ed:40:fe:65:30:6c, 2015-01-01 03:57:21.970, 0.553, 0.019, 0.833, -0.122, 0.183, 0, 1.5, -33.404, -119.46, -18.380, -6.807, -7.653, 28.47, 0.48474, -0.24203, -0.1553, -0.82596,
 15:46:02.394,ed:40:fe:65:30:6c, 2015-01-01 03:57:21.970, 0.551, 0.015, 0.836, 0.122, 0.183, -0.244, 1.494, -33.398, -119.46, -18.380, -6.807, -7.653, 28.47, 0.48474, -0.24203, -0.1553, -0.82596,
 15:46:02.394,e3:ca:2d:fd:e0:8c, 2015-01-01 03:57:16.740, 0.958, 0.088, 0.338, 0, -0.122, 0, 14.865, -69.999, 147.777, -26.087, -13.187, -12.487, 29.62, 0.1517, 0.57587, -0.05423, 0.80142,
 15:46:02.394,e3:ca:2d:fd:e0:8c, 2015-01-01 03:57:16.740, 0.958, 0.089, 0.336, 0, -0.122, 0, 14.865, -70.005, 147.75, -26.087, -13.187, -12.487, 29.62, 0.1517, 0.57587, -0.05423, 0.80142,
 15:46:02.395,f6:90:cc:01:6d:25, 2015-01-01 03:57:17.245, 0.906, 0.235, 0.301, -0.244, -0.061, 0, 37.711, -66.896, 152.617, -26.813, -14.993, -8.093, 32.33, 0.01352, 0.57053, 0.13873, 0.8093,
 15:46:02.395,f6:90:cc:01:6d:25, 2015-01-01 03:57:17.245, 0.908, 0.236, 0.307, -0.244, -0.366, 0, 37.711, -66.901, 152.573, -26.813, -14.993, -8.093, 32.33, 0.01352, 0.57053, 0.13873, 0.8093,
 15:46:02.416,e3:ca:2d:fd:e0:8c, 2015-01-01 03:57:16.740, 0.956, 0.087, 0.333, -0.061, -0.183, 0, 14.865, -70.005, 147.728, -26.180, -13.033, -12.920, 29.62, 0.1517, 0.57587, -0.05423, 0.80142,
 15:46:02.416,e3:ca:2d:fd:e0:8c, 2015-01-01 03:57:16.740, 0.957, 0.088, 0.334, -0.244, -0.366, 0, 14.865, -70.01, 147.7, -26.180, -13.033, -12.920, 29.62, 0.1517, 0.57587, -0.05423, 0.80142,
 15:46:02.439,f6:90:cc:01:6d:25, 2015-01-01 03:57:17.245, 0.911, 0.234, 0.307, -0.122, -0.427, -0.183, 37.722, -66.907, 152.523, -26.813, -14.993, -8.093, 32.33, 0.01352, 0.57053, 0.13873, 0.8093,
 15:46:02.439,f6:90:cc:01:6d:25, 2015-01-01 03:57:17.245, 0.913, 0.234, 0.307, 0, -0.183, -0.244, 37.733, -66.912, 152.463, -26.813, -14.993, -8.093, 32.33, 0.01352, 0.57053, 0.13873, 0.8093,
 15:46:02.440,ed:35:33:d3:6c:f8, 2015-01-01 03:57:17.130, 0.381, -0.034, 0.909, 0.793, 1.77, -0.244, -1.791, -22.61, 159.181, -11.127, -6.507, -34.920, 30.72, -0.17838, -0.19098, 0.05042, -0.96387,
 15:46:02.440,ed:35:33:d3:6c:f8, 2015-01-01 03:57:17.130, 0.382, -0.032, 0.919, 1.282, 1.343, 0, -1.763, -22.588, 159.115, -11.127, -6.507, -34.920, 30.72, -0.17838, -0.19098, 0.05042, -0.96387,
 15:46:02.460,ed:40:fe:65:30:6c, 2015-01-01 03:57:21.970, 0.552, 0.016, 0.839, 0.366, 0.183, -0.61, 1.505, -33.393, -119.46, -18.513, -6.420, -7.633, 28.47, 0.48474, -0.24203, -0.1553, -0.82596,
 15:46:02.460,ed:40:fe:65:30:6c, 2015-01-01 03:57:21.970, 0.556, 0.023, 0.839, 0.366, 0.183, -0.488, 1.516, -33.393, -119.471, -18.513, -6.420, -7.633, 28.47, 0.48474, -0.24203, -0.1553, -0.82596,
 15:46:02.462,e3:ca:2d:fd:e0:8c, 2015-01-01 03:57:16.740, 0.957, 0.09, 0.337, -0.305, -0.61, 0, 14.865, -70.021, 147.667, -26.180, -13.033, -12.920, 29.62, 0.1517, 0.57587, -0.05423, 0.80142,
 15:46:02.462,e3:ca:2d:fd:e0:8c, 2015-01-01 03:57:16.740, 0.958, 0.089, 0.339, -0.122, -0.61, 0, 14.87, -70.032, 147.634, -26.180, -13.033, -12.920, 29.62, 0.1517, 0.57587, -0.05423, 0.80142,
 15:46:02.464,ed:35:33:d3:6c:f8, 2015-01-01 03:57:17.130, 0.386, -0.021, 0.922, 0.793, 1.038, -0.183, -1.747, -22.566, 159.082, -11.127, -6.507, -34.920, 30.72, -0.17838, -0.19098, 0.05042, -0.96387,
 15:46:02.464,ed:35:33:d3:6c:f8, 2015-01-01 03:57:17.130, 0.389, -0.013, 0.92, -0.183, 0.977, -0.305, -1.741, -22.549, 159.044, -11.127, -6.507, -34.920, 30.72, -0.17838, -0.19098, 0.05042, -0.96387,
 15:46:02.482,ed:40:fe:65:30:6c, 2015-01-01 03:57:21.970, 0.558, 0.029, 0.837, 0.244, 0.244, 0, 1.522, -33.387, -119.476, -18.513, -6.420, -7.633, 28.47, 0.4859, -0.24164, -0.15576, -0.82529,
 15:46:02.482,ed:40:fe:65:30:6c, 2015-01-01 03:57:21.970, 0.554, 0.027, 0.837, 0.183, 0.427, 0.427, 1.527, -33.382, -119.471, -18.513, -6.420, -7.633, 28.47, 0.4859, -0.24164, -0.15576, -0.82529,
 15:46:02.484,f6:90:cc:01:6d:25, 2015-01-01 03:57:17.245, 0.911, 0.235, 0.307, 0.122, 0, -0.061, 37.738, -66.912, 152.408, -26.813, -14.993, -8.093, 32.33, 0.01352, 0.57053, 0.13873, 0.8093,
 15:46:02.484,f6:90:cc:01:6d:25, 2015-01-01 03:57:17.245, 0.909, 0.236, 0.304, 0.183, 0.244, 0.061, 37.738, -66.912, 152.369, -26.813, -14.993, -8.093, 32.33, 0.01352, 0.57053, 0.13873, 0.8093,
 15:46:02.484,e3:ca:2d:fd:e0:8c, 2015-01-01 03:57:16.740, 0.959, 0.088, 0.338, 0, -0.061, 0, 14.87, -70.038, 147.612, -26.180, -13.033, -12.920, 29.62, 0.15506, 0.57599, -0.05682, 0.80054,
 15:46:02.484,e3:ca:2d:fd:e0:8c, 2015-01-01 03:57:16.740, 0.958, 0.088, 0.335, 0.061, 0, 0, 14.865, -70.038, 147.59, -26.180, -13.033, -12.920, 29.62, 0.15506, 0.57599, -0.05682, 0.80054,
 15:46:02.485,ed:35:33:d3:6c:f8, 2015-01-01 03:57:17.130, 0.386, -0.017, 0.917, -0.427, 1.16, -0.366, -1.741, -22.533, 158.989, -11.127, -6.507, -34.920, 30.72, -0.17838, -0.19098, 0.05042, -0.96387,
 15:46:02.485,ed:35:33:d3:6c:f8, 2015-01-01 03:57:17.130, 0.383, -0.026, 0.919, -0.671, 0.916, -0.305, -1.747, -22.516, 158.917, -11.127, -6.507, -34.920, 30.72, -0.17838, -0.19098, 0.05042, -0.96387,
 15:46:02.528,ed:40:fe:65:30:6c, 2015-01-01 03:57:21.970, 0.552, 0.022, 0.838, 0.061, 0.366, 0.488, 1.522, -33.376, -119.46, -18.513, -6.420, -7.633, 28.47, 0.4859, -0.24164, -0.15576, -0.82529,
 15:46:02.528,ed:40:fe:65:30:6c, 2015-01-01 03:57:21.970, 0.552, 0.018, 0.838, 0.061, 0.244, 0.183, 1.522, -33.371, -119.449, -18.513, -6.420, -7.633, 28.47, 0.4859, -0.24164, -0.15576, -0.82529,
 15:46:02.529,e3:ca:2d:fd:e0:8c, 2015-01-01 03:57:16.740, 0.958, 0.088, 0.334, 0.244, 0.061, 0, 14.865, -70.038, 147.568, -26.180, -13.033, -12.920, 29.62, 0.15506, 0.57599, -0.05682, 0.80054,
 15:46:02.529,e3:ca:2d:fd:e0:8c, 2015-01-01 03:57:16.740, 0.957, 0.09, 0.334, 0.183, -0.061, 0, 14.87, -70.032, 147.546, -26.180, -13.033, -12.920, 29.62, 0.15506, 0.57599, -0.05682, 0.80054,
 15:46:02.530,f6:90:cc:01:6d:25, 2015-01-01 03:57:17.245, 0.907, 0.237, 0.302, 0.183, 0.427, 0, 37.727, -66.907, 152.336, -26.813, -14.993, -8.093, 32.33, 0.01352, 0.57053, 0.13873, 0.8093,
 15:46:02.530,f6:90:cc:01:6d:25, 2015-01-01 03:57:17.245, 0.907, 0.237, 0.304, 0.122, 0.427, 0, 37.716, -66.901, 152.303, -26.813, -14.993, -8.093, 32.33, 0.01352, 0.57053, 0.13873, 0.8093,
 15:46:02.531,ed:35:33:d3:6c:f8, 2015-01-01 03:57:17.130, 0.383, -0.031, 0.918, -0.61, 0.916, -0.244, -1.758, -22.5, 158.857, -11.127, -6.507, -34.920, 30.72, -0.17838, -0.19098, 0.05042, -0.96387,
 15:46:02.531,ed:35:33:d3:6c:f8, 2015-01-01 03:57:17.130, 0.383, -0.03, 0.918, -0.488, 0.549, -0.061, -1.763, -22.495, 158.835, -11.127, -6.507, -34.920, 30.72, -0.17838, -0.19098, 0.05042, -0.96387,
 15:46:02.549,ed:40:fe:65:30:6c, 2015-01-01 03:57:22.350, 0.552, 0.018, 0.838, 0.122, 0, -0.061, 1.516, -33.365, -119.443, -18.513, -6.420, -7.633, 28.47, 0.4859, -0.24164, -0.15576, -0.82529,
 15:46:02.549,ed:40:fe:65:30:6c, 2015-01-01 03:57:22.350, 0.553, 0.021, 0.837, 0.427, -0.122, -0.061, 1.522, -33.365, -119.438, -18.513, -6.420, -7.633, 28.47, 0.4859, -0.24164, -0.15576, -0.82529,
 15:46:02.574,f6:90:cc:01:6d:25, 2015-01-01 03:57:17.245, 0.908, 0.236, 0.303, -0.122, 0.488, 0, 37.705, -66.896, 152.276, -26.813, -14.993, -8.093, 32.33, 0.01352, 0.57053, 0.13873, 0.8093,
 15:46:02.574,f6:90:cc:01:6d:25, 2015-01-01 03:57:17.245, 0.91, 0.234, 0.303, -0.305, 0.488, 0, 37.689, -66.89, 152.254, -26.813, -14.993, -8.093, 32.33, 0.01352, 0.57053, 0.13873, 0.8093,
 15:46:02.574,e3:ca:2d:fd:e0:8c, 2015-01-01 03:57:17.095, 0.957, 0.088, 0.336, 0, -0.122, 0, 14.87, -70.038, 147.524, -26.180, -13.033, -12.920, 29.62, 0.15506, 0.57599, -0.05682, 0.80054,
 15:46:02.574,e3:ca:2d:fd:e0:8c, 2015-01-01 03:57:17.095, 0.958, 0.089, 0.338, 0, 0, 0, 14.87, -70.038, 147.502, -26.180, -13.033, -12.920, 29.62, 0.15506, 0.57599, -0.05682, 0.80054,
 15:46:02.578,ed:35:33:d3:6c:f8, 2015-01-01 03:57:17.130, 0.383, -0.025, 0.917, 0.122, 0, 0.122, -1.763, -22.495, 158.818, -10.947, -7.000, -34.827, 30.72, -0.17838, -0.19098, 0.05042, -0.96387,
 15:46:02.578,ed:35:33:d3:6c:f8, 2015-01-01 03:57:17.130, 0.384, -0.02, 0.917, 0.122, 0.061, 0.244, -1.763, -22.495, 158.802, -10.947, -7.000, -34.827, 30.72, -0.17838, -0.19098, 0.05042, -0.96387,
 15:46:02.594,ed:40:fe:65:30:6c, 2015-01-01 03:57:22.350, 0.554, 0.023, 0.837, 0.427, -0.122, 0.122, 1.533, -33.371, -119.438, -18.513, -6.420, -7.633, 28.47, 0.4859, -0.24164, -0.15576, -0.82529,
 15:46:02.594,ed:40:fe:65:30:6c, 2015-01-01 03:57:22.350, 0.554, 0.022, 0.838, 0.427, 0, 0.488, 1.533, -33.371, -119.427, -18.513, -6.420, -7.633, 28.47, 0.4859, -0.24164, -0.15576, -0.82529,
 15:46:02.597,f6:90:cc:01:6d:25, 2015-01-01 03:57:17.245, 0.911, 0.233, 0.305, -0.244, 0.549, 0, 37.667, -66.885, 152.227, -26.700, -14.747, -7.620, 32.33, 0.01352, 0.57053, 0.13873, 0.8093,
 15:46:02.597,f6:90:cc:01:6d:25, 2015-01-01 03:57:17.245, 0.91, 0.232, 0.307, 0.061, 0.793, 0, 37.645, -66.874, 152.205, -26.700, -14.747, -7.620, 32.33, 0.01352, 0.57053, 0.13873, 0.8093,
 15:46:02.619,e3:ca:2d:fd:e0:8c, 2015-01-01 03:57:17.095, 0.958, 0.088, 0.339, 0, 0.122, 0, 14.87, -70.038, 147.48, -26.180, -13.033, -12.920, 29.62, 0.15506, 0.57599, -0.05682, 0.80054,
 15:46:02.619,e3:ca:2d:fd:e0:8c, 2015-01-01 03:57:17.095, 0.957, 0.088, 0.34, 0.061, 0.244, 0, 14.865, -70.032, 147.464, -26.180, -13.033, -12.920, 29.62, 0.15506, 0.57599, -0.05682, 0.80054,
 15:46:02.621,ed:35:33:d3:6c:f8, 2015-01-01 03:57:17.130, 0.385, -0.023, 0.919, 0, 0.427, 0.488, -1.763, -22.489, 158.802, -10.947, -7.000, -34.827, 30.72, -0.18332, -0.1889, 0.05069, -0.96335,
 15:46:02.621,ed:35:33:d3:6c:f8, 2015-01-01 03:57:17.130, 0.384, -0.029, 0.917, -0.244, 0.427, 0.549, -1.769, -22.484, 158.807, -10.947, -7.000, -34.827, 30.72, -0.18332, -0.1889, 0.05069, -0.96335,
 15:46:02.639,ed:40:fe:65:30:6c, 2015-01-01 03:57:22.350, 0.553, 0.018, 0.839, 0.488, 0.061, 0.61, 1.538, -33.371, -119.41, -18.513, -6.420, -7.633, 28.47, 0.4859, -0.24164, -0.15576, -0.82529,
 15:46:02.639,ed:40:fe:65:30:6c, 2015-01-01 03:57:22.350, 0.547, 0.018, 0.84, 0.732, 0, 0.549, 1.538, -33.376, -119.394, -18.513, -6.420, -7.633, 28.47, 0.4859, -0.24164, -0.15576, -0.82529,
 15:46:02.641,e3:ca:2d:fd:e0:8c, 2015-01-01 03:57:17.095, 0.957, 0.087, 0.338, 0.061, 0.244, 0, 14.865, -70.027, 147.448, -26.180, -13.033, -12.920, 29.62, 0.15506, 0.57599, -0.05682, 0.80054,
 15:46:02.641,e3:ca:2d:fd:e0:8c, 2015-01-01 03:57:17.095, 0.955, 0.088, 0.339, 0.122, 0.305, 0, 14.859, -70.021, 147.431, -26.180, -13.033, -12.920, 29.62, 0.15506, 0.57599, -0.05682, 0.80054,
 15:46:02.643,f6:90:cc:01:6d:25, 2015-01-01 03:57:17.245, 0.908, 0.234, 0.309, 0.122, 0.916, 0, 37.623, -66.863, 152.194, -26.700, -14.747, -7.620, 32.33, 0.01352, 0.57053, 0.13873, 0.8093,
 15:46:02.643,f6:90:cc:01:6d:25, 2015-01-01 03:57:17.245, 0.905, 0.234, 0.307, 0.122, 0.916, 0, 37.601, -66.852, 152.183, -26.700, -14.747, -7.620, 32.33, 0.01352, 0.57053, 0.13873, 0.8093,
 15:46:02.663,ed:40:fe:65:30:6c, 2015-01-01 03:57:22.350, 0.543, 0.021, 0.839, 0.61, -0.061, 0.183, 1.544, -33.376, -119.383, -18.513, -6.420, -7.633, 28.47, 0.4859, -0.24164, -0.15576, -0.82529,
 15:46:02.663,ed:40:fe:65:30:6c, 2015-01-01 03:57:22.350, 0.548, 0.026, 0.843, 0, -0.244, -0.122, 1.549, -33.376, -119.377, -18.513, -6.420, -7.633, 28.47, 0.4859, -0.24164, -0.15576, -0.82529,
 15:46:02.666,ed:35:33:d3:6c:f8, 2015-01-01 03:57:17.440, 0.376, -0.032, 0.918, -0.244, 0.366, 0.61, -1.774, -22.478, 158.835, -10.947, -7.000, -34.827, 30.72, -0.18332, -0.1889, 0.05069, -0.96335,
 15:46:02.666,ed:35:33:d3:6c:f8, 2015-01-01 03:57:17.440, 0.373, -0.031, 0.92, -0.061, -0.061, 0.427, -1.78, -22.484, 158.868, -10.947, -7.000, -34.827, 30.72, -0.18332, -0.1889, 0.05069, -0.96335,
 15:46:02.685,e3:ca:2d:fd:e0:8c, 2015-01-01 03:57:17.095, 0.956, 0.088, 0.337, 0.061, 0.183, 0, 14.854, -70.016, 147.42, -26.180, -13.033, -12.920, 29.62, 0.15506, 0.57599, -0.05682, 0.80054,
 15:46:02.685,e3:ca:2d:fd:e0:8c, 2015-01-01 03:57:17.095, 0.957, 0.089, 0.337, 0, 0, 0, 14.848, -70.01, 147.404, -26.180, -13.033, -12.920, 29.62, 0.15506, 0.57599, -0.05682, 0.80054,
 15:46:02.689,ed:35:33:d3:6c:f8, 2015-01-01 03:57:17.440, 0.377, -0.025, 0.923, -0.61, 0.061, -0.122, -1.791, -22.484, 158.895, -10.947, -7.000, -34.827, 30.72, -0.18332, -0.1889, 0.05069, -0.96335,
 15:46:02.689,ed:35:33:d3:6c:f8, 2015-01-01 03:57:17.440, 0.382, -0.02, 0.921, -1.282, 0.244, -0.61, -1.807, -22.478, 158.945, -10.947, -7.000, -34.827, 30.72, -0.18332, -0.1889, 0.05069, -0.96335,
 15:46:02.709,f6:90:cc:01:6d:25, 2015-01-01 03:57:17.245, 0.904, 0.235, 0.306, -0.061, 0.854, 0, 37.573, -66.841, 152.172, -26.700, -14.747, -7.620, 32.33, 0.01749, 0.57083, 0.13577, 0.80951,
 15:46:02.709,f6:90:cc:01:6d:25, 2015-01-01 03:57:17.245, 0.906, 0.235, 0.31, -0.366, 0.366, 0, 37.551, -66.83, 152.15, -26.700, -14.747, -7.620, 32.33, 0.01749, 0.57083, 0.13577, 0.80951,
 15:46:02.730,ed:40:fe:65:30:6c, 2015-01-01 03:57:22.350, 0.551, 0.027, 0.841, -0.549, -0.183, -0.122, 1.544, -33.382, -119.383, -18.513, -6.420, -7.633, 28.47, 0.4859, -0.24164, -0.15576, -0.82529,
 15:46:02.730,ed:40:fe:65:30:6c, 2015-01-01 03:57:22.350, 0.555, 0.021, 0.837, -0.549, -0.122, 0.061, 1.533, -33.382, -119.377, -18.513, -6.420, -7.633, 28.47, 0.4859, -0.24164, -0.15576, -0.82529,
 15:46:02.732,f6:90:cc:01:6d:25, 2015-01-01 03:57:17.605, 0.907, 0.233, 0.308, -0.488, 0.183, 0, 37.535, -66.83, 152.122, -26.700, -14.747, -7.620, 32.33, 0.01749, 0.57083, 0.13577, 0.80951,
 15:46:02.732,f6:90:cc:01:6d:25, 2015-01-01 03:57:17.605, 0.909, 0.233, 0.307, -0.244, 0.061, 0, 37.518, -66.83, 152.089, -26.700, -14.747, -7.620, 32.33, 0.01749, 0.57083, 0.13577, 0.80951,
 15:46:02.734,ed:35:33:d3:6c:f8, 2015-01-01 03:57:17.440, 0.385, -0.024, 0.915, -1.099, 1.343, -0.732, -1.818, -22.456, 159.022, -10.947, -7.000, -34.827, 30.72, -0.18332, -0.1889, 0.05069, -0.96335,
 15:46:02.734,ed:35:33:d3:6c:f8, 2015-01-01 03:57:17.440, 0.379, -0.029, 0.918, -0.366, 1.16, -0.183, -1.824, -22.434, 159.099, -10.947, -7.000, -34.827, 30.72, -0.18332, -0.1889, 0.05069, -0.96335,
 15:46:02.754,e3:ca:2d:fd:e0:8c, 2015-01-01 03:57:17.095, 0.957, 0.088, 0.337, 0, -0.061, 0, 14.848, -70.01, 147.382, -26.180, -13.033, -12.920, 29.62, 0.15506, 0.57599, -0.05682, 0.80054,
 15:46:02.754,e3:ca:2d:fd:e0:8c, 2015-01-01 03:57:17.095, 0.957, 0.088, 0.339, 0, -0.122, 0, 14.848, -70.01, 147.365, -26.180, -13.033, -12.920, 29.62, 0.15506, 0.57599, -0.05682, 0.80054,
 15:46:02.754,ed:40:fe:65:30:6c, 2015-01-01 03:57:22.350, 0.55, 0.018, 0.84, -0.244, 0, 0.244, 1.527, -33.382, -119.372, -18.820, -6.900, -8.087, 28.47, 0.4859, -0.24164, -0.15576, -0.82529,
 15:46:02.754,ed:40:fe:65:30:6c, 2015-01-01 03:57:22.350, 0.551, 0.017, 0.839, 0, 0, 0.122, 1.522, -33.382, -119.366, -18.820, -6.900, -8.087, 28.47, 0.4859, -0.24164, -0.15576, -0.82529,
 15:46:02.756,f6:90:cc:01:6d:25, 2015-01-01 03:57:17.605, 0.908, 0.234, 0.309, 0.061, 0, 0, 37.518, -66.83, 152.051, -26.700, -14.747, -7.620, 32.33, 0.01749, 0.57083, 0.13577, 0.80951,
 15:46:02.756,f6:90:cc:01:6d:25, 2015-01-01 03:57:17.605, 0.906, 0.233, 0.308, 0.244, 0.122, 0, 37.518, -66.83, 152.018, -26.700, -14.747, -7.620, 32.33, 0.01749, 0.57083, 0.13577, 0.80951,
 15:46:02.778,ed:35:33:d3:6c:f8, 2015-01-01 03:57:17.440, 0.38, -0.032, 0.917, 0, 0, 0, -1.824, -22.429, 159.159, -10.947, -7.000, -34.827, 30.72, -0.18332, -0.1889, 0.05069, -0.96335,
 15:46:02.778,ed:35:33:d3:6c:f8, 2015-01-01 03:57:17.440, 0.382, -0.031, 0.916, 0.732, 0.549, 0.244, -1.813, -22.423, 159.214, -10.947, -7.000, -34.827, 30.72, -0.18332, -0.1889, 0.05069, -0.96335,
 15:46:02.778,e3:ca:2d:fd:e0:8c, 2015-01-01 03:57:17.095, 0.956, 0.089, 0.338, -0.061, -0.122, 0, 14.848, -70.016, 147.343, -25.873, -12.700, -12.773, 29.62, 0.15506, 0.57599, -0.05682, 0.80054,
 15:46:02.778,e3:ca:2d:fd:e0:8c, 2015-01-01 03:57:17.095, 0.955, 0.089, 0.34, 0, -0.061, 0, 14.848, -70.016, 147.321, -25.873, -12.700, -12.773, 29.62, 0.15506, 0.57599, -0.05682, 0.80054,
 15:46:02.798,ed:40:fe:65:30:6c, 2015-01-01 03:57:22.350, 0.553, 0.018, 0.837, 0.427, 0, 0, 1.522, -33.376, -119.361, -18.820, -6.900, -8.087, 28.47, 0.4859, -0.24164, -0.15576, -0.82529,
 15:46:02.798,ed:40:fe:65:30:6c, 2015-01-01 03:57:22.350, 0.555, 0.025, 0.835, 0.305, 0, -0.122, 1.527, -33.376, -119.361, -18.820, -6.900, -8.087, 28.47, 0.4859, -0.24164, -0.15576, -0.82529,
 15:46:02.799,f6:90:cc:01:6d:25, 2015-01-01 03:57:17.605, 0.907, 0.235, 0.309, 0.305, 0.366, 0, 37.513, -66.824, 151.99, -26.700, -14.747, -7.620, 32.33, 0.01749, 0.57083, 0.13577, 0.80951,
 15:46:02.799,f6:90:cc:01:6d:25, 2015-01-01 03:57:17.605, 0.91, 0.236, 0.307, 0.122, 0.488, 0, 37.496, -66.819, 151.968, -26.700, -14.747, -7.620, 32.33, 0.01749, 0.57083, 0.13577, 0.80951,
 15:46:02.821,e3:ca:2d:fd:e0:8c, 2015-01-01 03:57:17.095, 0.957, 0.089, 0.34, 0, 0, 0, 14.843, -70.016, 147.305, -25.873, -12.700, -12.773, 29.62, 0.15506, 0.57599, -0.05682, 0.80054,
 15:46:02.821,e3:ca:2d:fd:e0:8c, 2015-01-01 03:57:17.095, 0.958, 0.089, 0.338, -0.061, 0.122, 0, 14.843, -70.01, 147.288, -25.873, -12.700, -12.773, 29.62, 0.15506, 0.57599, -0.05682, 0.80054,
 15:46:02.823,ed:35:33:d3:6c:f8, 2015-01-01 03:57:17.440, 0.383, -0.023, 0.916, 0.183, 0.427, 0, -1.807, -22.412, 159.258, -10.947, -7.000, -34.827, 30.72, -0.18332, -0.1889, 0.05069, -0.96335,
 15:46:02.823,ed:35:33:d3:6c:f8, 2015-01-01 03:57:17.440, 0.381, -0.021, 0.917, -0.549, 0.61, -0.122, -1.813, -22.407, 159.291, -10.947, -7.000, -34.827, 30.72, -0.18332, -0.1889, 0.05069, -0.96335,
 15:46:02.844,e3:ca:2d:fd:e0:8c, 2015-01-01 03:57:17.095, 0.959, 0.089, 0.336, -0.061, 0.122, 0, 14.837, -70.01, 147.272, -25.873, -12.700, -12.773, 29.62, 0.15762, 0.57562, -0.05869, 0.80017,
 15:46:02.844,e3:ca:2d:fd:e0:8c, 2015-01-01 03:57:17.095, 0.959, 0.089, 0.336, 0, 0, 0, 14.832, -70.005, 147.255, -25.873, -12.700, -12.773, 29.62, 0.15762, 0.57562, -0.05869, 0.80017,
 15:46:02.846,f6:90:cc:01:6d:25, 2015-01-01 03:57:17.605, 0.908, 0.235, 0.305, 0, 0.61, 0, 37.48, -66.813, 151.946, -26.700, -14.747, -7.620, 32.33, 0.01749, 0.57083, 0.13577, 0.80951,
 15:46:02.846,f6:90:cc:01:6d:25, 2015-01-01 03:57:17.605, 0.908, 0.235, 0.307, -0.305, 0.488, 0, 37.463, -66.802, 151.93, -26.700, -14.747, -7.620, 32.33, 0.01749, 0.57083, 0.13577, 0.80951,
 15:46:02.864,ed:40:fe:65:30:6c, 2015-01-01 03:57:22.350, 0.552, 0.026, 0.836, 0.061, 0.183, 0, 1.533, -33.376, -119.361, -18.820, -6.900, -8.087, 28.47, 0.48679, -0.24142, -0.15601, -0.82483,
 15:46:02.864,ed:40:fe:65:30:6c, 2015-01-01 03:57:22.350, 0.55, 0.023, 0.842, -0.061, 0.244, 0, 1.533, -33.371, -119.355, -18.820, -6.900, -8.087, 28.47, 0.48679, -0.24142, -0.15601, -0.82483,
 15:46:02.868,ed:35:33:d3:6c:f8, 2015-01-01 03:57:17.440, 0.378, -0.025, 0.925, -1.038, 0.305, -0.122, -1.824, -22.401, 159.291, -11.187, -6.947, -35.247, 30.72, -0.18332, -0.1889, 0.05069, -0.96335,
 15:46:02.868,ed:35:33:d3:6c:f8, 2015-01-01 03:57:17.440, 0.382, -0.03, 0.925, -0.488, 0, 0, -1.835, -22.401, 159.291, -11.187, -6.947, -35.247, 30.72, -0.18332, -0.1889, 0.05069, -0.96335,
 15:46:02.889,ed:40:fe:65:30:6c, 2015-01-01 03:57:22.685, 0.552, 0.02, 0.844, -0.061, -0.061, 0, 1.533, -33.371, -119.355, -18.820, -6.900, -8.087, 28.47, 0.48679, -0.24142, -0.15601, -0.82483,
 15:46:02.889,ed:40:fe:65:30:6c, 2015-01-01 03:57:22.685, 0.552, 0.017, 0.839, 0.061, -0.244, -0.183, 1.533, -33.371, -119.355, -18.820, -6.900, -8.087, 28.47, 0.48679, -0.24142, -0.15601, -0.82483,
 15:46:02.890,f6:90:cc:01:6d:25, 2015-01-01 03:57:17.605, 0.908, 0.235, 0.308, -0.427, 0.122, 0, 37.447, -66.802, 151.902, -26.700, -14.747, -7.620, 32.33, 0.01749, 0.57083, 0.13577, 0.80951,
 15:46:02.890,f6:90:cc:01:6d:25, 2015-01-01 03:57:17.605, 0.907, 0.234, 0.306, -0.305, 0.183, 0, 37.436, -66.802, 151.875, -26.700, -14.747, -7.620, 32.33, 0.01749, 0.57083, 0.13577, 0.80951,
 15:46:02.892,ed:35:33:d3:6c:f8, 2015-01-01 03:57:17.440, 0.38, -0.033, 0.919, 0.122, -0.122, 0.061, -1.835, -22.401, 159.296, -11.187, -6.947, -35.247, 30.72, -0.17923, -0.18826, 0.05035, -0.96426,
 15:46:02.892,ed:35:33:d3:6c:f8, 2015-01-01 03:57:17.440, 0.379, -0.028, 0.917, 0.305, 0, 0.061, -1.829, -22.407, 159.313, -11.187, -6.947, -35.247, 30.72, -0.17923, -0.18826, 0.05035, -0.96426,
 15:46:02.911,ed:40:fe:65:30:6c, 2015-01-01 03:57:22.685, 0.55, 0.019, 0.836, 0.183, -0.244, -0.305, 1.538, -33.376, -119.361, -18.820, -6.900, -8.087, 28.47, 0.48679, -0.24142, -0.15601, -0.82483,
 15:46:02.911,ed:40:fe:65:30:6c, 2015-01-01 03:57:22.685, 0.552, 0.025, 0.837, 0.183, -0.183, -0.183, 1.544, -33.376, -119.361, -18.820, -6.900, -8.087, 28.47, 0.48679, -0.24142, -0.15601, -0.82483,
 15:46:02.911,e3:ca:2d:fd:e0:8c, 2015-01-01 03:57:17.095, 0.958, 0.088, 0.335, 0, 0, 0, 14.832, -70.005, 147.239, -25.873, -12.700, -12.773, 29.62, 0.15762, 0.57562, -0.05869, 0.80017,
 15:46:02.911,e3:ca:2d:fd:e0:8c, 2015-01-01 03:57:17.095, 0.956, 0.089, 0.336, 0, 0.061, 0, 14.832, -70.005, 147.222, -25.873, -12.700, -12.773, 29.62, 0.15762, 0.57562, -0.05869, 0.80017,
 15:46:02.934,e3:ca:2d:fd:e0:8c, 2015-01-01 03:57:17.455, 0.956, 0.088, 0.338, 0.061, 0, 0, 14.832, -70.005, 147.206, -25.873, -12.700, -12.773, 29.62, 0.15762, 0.57562, -0.05869, 0.80017,
 15:46:02.934,e3:ca:2d:fd:e0:8c, 2015-01-01 03:57:17.455, 0.957, 0.088, 0.339, 0, -0.061, 0, 14.832, -70.005, 147.189, -25.873, -12.700, -12.773, 29.62, 0.15762, 0.57562, -0.05869, 0.80017,
 15:46:02.935,f6:90:cc:01:6d:25, 2015-01-01 03:57:17.605, 0.906, 0.234, 0.307, -0.061, 0.183, 0, 37.425, -66.802, 151.842, -26.700, -14.747, -7.620, 32.33, 0.01749, 0.57083, 0.13577, 0.80951,
 15:46:02.935,f6:90:cc:01:6d:25, 2015-01-01 03:57:17.605, 0.907, 0.233, 0.308, -0.061, 0, 0, 37.425, -66.802, 151.815, -26.700, -14.747, -7.620, 32.33, 0.01749, 0.57083, 0.13577, 0.80951,
 15:46:02.935,ed:35:33:d3:6c:f8, 2015-01-01 03:57:17.440, 0.381, -0.021, 0.918, 0.061, -0.122, -0.122, -1.824, -22.407, 159.318, -11.187, -6.947, -35.247, 30.72, -0.17923, -0.18826, 0.05035, -0.96426,
 15:46:02.935,ed:35:33:d3:6c:f8, 2015-01-01 03:57:17.440, 0.38, -0.022, 0.917, -0.183, -0.183, -0.061, -1.824, -22.412, 159.34, -11.187, -6.947, -35.247, 30.72, -0.17923, -0.18826, 0.05035, -0.96426,
 15:46:02.955,ed:40:fe:65:30:6c, 2015-01-01 03:57:22.685, 0.552, 0.024, 0.837, 0.183, -0.122, 0, 1.544, -33.382, -119.361, -18.820, -6.900, -8.087, 28.47, 0.48679, -0.24142, -0.15601, -0.82483,
 15:46:02.955,ed:40:fe:65:30:6c, 2015-01-01 03:57:22.685, 0.55, 0.024, 0.837, 0.122, -0.061, 0.122, 1.549, -33.382, -119.361, -18.820, -6.900, -8.087, 28.47, 0.48679, -0.24142, -0.15601, -0.82483,
 15:46:02.958,f6:90:cc:01:6d:25, 2015-01-01 03:57:17.605, 0.908, 0.233, 0.309, 0, -0.061, 0, 37.425, -66.802, 151.776, -26.313, -15.147, -7.587, 32.33, 0.01749, 0.57083, 0.13577, 0.80951,
 15:46:02.958,f6:90:cc:01:6d:25, 2015-01-01 03:57:17.605, 0.907, 0.233, 0.309, 0, 0, 0, 37.419, -66.802, 151.743, -26.313, -15.147, -7.587, 32.33, 0.01749, 0.57083, 0.13577, 0.80951,
 15:46:02.979,e3:ca:2d:fd:e0:8c, 2015-01-01 03:57:17.455, 0.956, 0.088, 0.34, 0, 0, 0, 14.832, -70.005, 147.173, -25.873, -12.700, -12.773, 29.62, 0.15762, 0.57562, -0.05869, 0.80017,
 15:46:02.979,e3:ca:2d:fd:e0:8c, 2015-01-01 03:57:17.455, 0.957, 0.088, 0.34, 0, 0, 0, 14.832, -70.005, 147.156, -25.873, -12.700, -12.773, 29.62, 0.15762, 0.57562, -0.05869, 0.80017,
 15:46:02.982,ed:35:33:d3:6c:f8, 2015-01-01 03:57:17.730, 0.378, -0.024, 0.919, -0.549, -0.244, 0, -1.829, -22.418, 159.351, -11.187, -6.947, -35.247, 30.72, -0.17923, -0.18826, 0.05035, -0.96426,
 15:46:02.982,ed:35:33:d3:6c:f8, 2015-01-01 03:57:17.730, 0.383, -0.028, 0.92, -0.488, -0.061, -0.122, -1.84, -22.423, 159.351, -11.187, -6.947, -35.247, 30.72, -0.17923, -0.18826, 0.05035, -0.96426,
 15:46:03.000,ed:40:fe:65:30:6c, 2015-01-01 03:57:22.685, 0.55, 0.022, 0.84, 0.061, 0, 0.244, 1.549, -33.382, -119.355, -18.820, -6.900, -8.087, 28.47, 0.48679, -0.24142, -0.15601, -0.82483,
 15:46:03.000,ed:40:fe:65:30:6c, 2015-01-01 03:57:22.685, 0.55, 0.021, 0.842, 0.061, -0.183, 0.305, 1.544, -33.382, -119.344, -18.820, -6.900, -8.087, 28.47, 0.48679, -0.24142, -0.15601, -0.82483,
 15:46:03.001,e3:ca:2d:fd:e0:8c, 2015-01-01 03:57:17.455, 0.957, 0.089, 0.34, 0, 0, 0, 14.826, -69.999, 147.14, -25.873, -12.700, -12.773, 29.62, 0.15762, 0.57562, -0.05869, 0.80017,
 15:46:03.001,e3:ca:2d:fd:e0:8c, 2015-01-01 03:57:17.455, 0.957, 0.088, 0.338, 0.061, -0.122, 0, 14.826, -69.999, 147.123, -25.873, -12.700, -12.773, 29.62, 0.15762, 0.57562, -0.05869, 0.80017,
 15:46:03.025,f6:90:cc:01:6d:25, 2015-01-01 03:57:17.605, 0.908, 0.233, 0.309, -0.061, 0.061, 0, 37.414, -66.802, 151.716, -26.313, -15.147, -7.587, 32.33, 0.01749, 0.57083, 0.13577, 0.80951,
 15:46:03.025,f6:90:cc:01:6d:25, 2015-01-01 03:57:17.605, 0.908, 0.234, 0.31, -0.061, 0.244, 0, 37.408, -66.802, 151.688, -26.313, -15.147, -7.587, 32.33, 0.01749, 0.57083, 0.13577, 0.80951,
 15:46:03.026,ed:35:33:d3:6c:f8, 2015-01-01 03:57:17.730, 0.379, -0.025, 0.929, 0, 0.061, -0.427, -1.835, -22.423, 159.318, -11.187, -6.947, -35.247, 30.72, -0.17923, -0.18826, 0.05035, -0.96426,
 15:46:03.026,ed:35:33:d3:6c:f8, 2015-01-01 03:57:17.730, 0.381, -0.026, 0.919, -0.488, 0.366, 0, -1.84, -22.418, 159.313, -11.187, -6.947, -35.247, 30.72, -0.17923, -0.18826, 0.05035, -0.96426,
 15:46:03.046,e3:ca:2d:fd:e0:8c, 2015-01-01 03:57:17.455, 0.955, 0.089, 0.338, 0.061, -0.183, 0, 14.826, -69.999, 147.107, -25.873, -12.700, -12.773, 29.62, 0.15762, 0.57562, -0.05869, 0.80017,
 15:46:03.046,e3:ca:2d:fd:e0:8c, 2015-01-01 03:57:17.455, 0.958, 0.089, 0.337, 0, -0.183, 0, 14.832, -70.005, 147.09, -25.873, -12.700, -12.773, 29.62, 0.15762, 0.57562, -0.05869, 0.80017,
 15:46:03.047,f6:90:cc:01:6d:25, 2015-01-01 03:57:17.605, 0.907, 0.234, 0.31, -0.061, 0.244, 0, 37.397, -66.802, 151.661, -26.313, -15.147, -7.587, 32.33, 0.02209, 0.57104, 0.13211, 0.80984,
 15:46:03.047,f6:90:cc:01:6d:25, 2015-01-01 03:57:17.605, 0.904, 0.235, 0.309, -0.183, 0.305, 0, 37.381, -66.797, 151.639, -26.313, -15.147, -7.587, 32.33, 0.02209, 0.57104, 0.13211, 0.80984,
 15:46:03.049,ed:35:33:d3:6c:f8, 2015-01-01 03:57:17.730, 0.382, -0.031, 0.915, 0, 0.366, 0.061, -1.84, -22.407, 159.313, -11.187, -6.947, -35.247, 30.72, -0.17923, -0.18826, 0.05035, -0.96426,
 15:46:03.049,ed:35:33:d3:6c:f8, 2015-01-01 03:57:17.730, 0.377, -0.03, 0.917, -0.061, 0.244, 0, -1.84, -22.407, 159.302, -11.187, -6.947, -35.247, 30.72, -0.17923, -0.18826, 0.05035, -0.96426,
 15:46:03.067,ed:40:fe:65:30:6c, 2015-01-01 03:57:22.685, 0.552, 0.023, 0.841, 0, -0.183, 0.305, 1.538, -33.387, -119.333, -18.820, -6.900, -8.087, 28.47, 0.48679, -0.24142, -0.15601, -0.82483,
 15:46:03.067,ed:40:fe:65:30:6c, 2015-01-01 03:57:22.685, 0.55, 0.02, 0.835, 0, -0.122, 0.183, 1.538, -33.387, -119.328, -18.820, -6.900, -8.087, 28.47, 0.48679, -0.24142, -0.15601, -0.82483,
 15:46:03.090,ed:40:fe:65:30:6c, 2015-01-01 03:57:22.685, 0.551, 0.02, 0.839, 0, -0.061, 0, 1.533, -33.387, -119.323, -18.733, -6.573, -7.873, 28.47, 0.48679, -0.24142, -0.15601, -0.82483,
 15:46:03.090,ed:40:fe:65:30:6c, 2015-01-01 03:57:22.685, 0.557, 0.024, 0.838, 0.122, -0.183, -0.061, 1.538, -33.387, -119.323, -18.733, -6.573, -7.873, 28.47, 0.48679, -0.24142, -0.15601, -0.82483,
 15:46:03.092,e3:ca:2d:fd:e0:8c, 2015-01-01 03:57:17.455, 0.958, 0.089, 0.339, 0, -0.305, 0, 14.832, -70.005, 147.068, -25.873, -12.700, -12.773, 29.62, 0.15762, 0.57562, -0.05869, 0.80017,
 15:46:03.092,e3:ca:2d:fd:e0:8c, 2015-01-01 03:57:17.455, 0.958, 0.089, 0.338, 0, -0.122, 0, 14.832, -70.01, 147.052, -25.873, -12.700, -12.773, 29.62, 0.15762, 0.57562, -0.05869, 0.80017,
 15:46:03.094,f6:90:cc:01:6d:25, 2015-01-01 03:57:17.605, 0.908, 0.233, 0.31, -0.427, 0.366, 0, 37.365, -66.791, 151.622, -26.313, -15.147, -7.587, 32.33, 0.02209, 0.57104, 0.13211, 0.80984,
 15:46:03.094,f6:90:cc:01:6d:25, 2015-01-01 03:57:17.605, 0.91, 0.234, 0.31, -0.427, 0.427, 0, 37.343, -66.786, 151.6, -26.313, -15.147, -7.587, 32.33, 0.02209, 0.57104, 0.13211, 0.80984,
 15:46:03.094,ed:35:33:d3:6c:f8, 2015-01-01 03:57:17.730, 0.381, -0.021, 0.919, 0.671, 2.563, -0.061, -1.824, -22.368, 159.291, -11.187, -6.947, -35.247, 30.72, -0.17923, -0.18826, 0.05035, -0.96426,
 15:46:03.094,ed:35:33:d3:6c:f8, 2015-01-01 03:57:17.730, 0.385, -0.023, 0.916, 2.258, 1.77, 0, -1.785, -22.33, 159.302, -11.187, -6.947, -35.247, 30.72, -0.17923, -0.18826, 0.05035, -0.96426,
 15:46:03.115,f6:90:cc:01:6d:25, 2015-01-01 03:57:17.985, 0.909, 0.234, 0.304, -0.122, 0.732, 0, 37.315, -66.775, 151.595, -26.313, -15.147, -7.587, 32.33, 0.02209, 0.57104, 0.13211, 0.80984,
 15:46:03.115,f6:90:cc:01:6d:25, 2015-01-01 03:57:17.985, 0.91, 0.232, 0.305, -0.244, 0.977, 0, 37.282, -66.764, 151.595, -26.313, -15.147, -7.587, 32.33, 0.02209, 0.57104, 0.13211, 0.80984,
 15:46:03.135,ed:40:fe:65:30:6c, 2015-01-01 03:57:22.685, 0.557, 0.025, 0.836, 0.244, -0.183, 0.305, 1.538, -33.393, -119.317, -18.733, -6.573, -7.873, 28.47, 0.48679, -0.24142, -0.15601, -0.82483,
 15:46:03.135,ed:40:fe:65:30:6c, 2015-01-01 03:57:22.685, 0.551, 0.021, 0.833, 0.366, 0, 0.549, 1.538, -33.393, -119.306, -18.733, -6.573, -7.873, 28.47, 0.48679, -0.24142, -0.15601, -0.82483,
 15:46:03.136,e3:ca:2d:fd:e0:8c, 2015-01-01 03:57:17.455, 0.959, 0.087, 0.336, 0, 0.244, 0, 14.832, -70.01, 147.036, -25.873, -12.700, -12.773, 29.62, 0.15762, 0.57562, -0.05869, 0.80017,
 15:46:03.136,e3:ca:2d:fd:e0:8c, 2015-01-01 03:57:17.455, 0.96, 0.087, 0.336, -0.061, 0.122, 0, 14.826, -70.005, 147.025, -25.873, -12.700, -12.773, 29.62, 0.15762, 0.57562, -0.05869, 0.80017,
 15:46:03.139,ed:35:33:d3:6c:f8, 2015-01-01 03:57:17.730, 0.38, -0.025, 0.919, 0.366, 0.488, 0.427, -1.769, -22.313, 159.313, -11.187, -6.947, -35.247, 30.72, -0.17923, -0.18826, 0.05035, -0.96426,
 15:46:03.139,ed:35:33:d3:6c:f8, 2015-01-01 03:57:17.730, 0.375, -0.031, 0.927, 0, 0.366, 0.549, -1.769, -22.308, 159.291, -11.187, -6.947, -35.247, 30.72, -0.17923, -0.18826, 0.05035, -0.96426,
 15:46:03.158,ed:40:fe:65:30:6c, 2015-01-01 03:57:22.685, 0.551, 0.019, 0.847, 0.305, -0.366, 0.427, 1.538, -33.398, -119.29, -18.733, -6.573, -7.873, 28.47, 0.48724, -0.24142, -0.15628, -0.82449,
 15:46:03.158,ed:40:fe:65:30:6c, 2015-01-01 03:57:22.685, 0.551, 0.019, 0.846, 0.183, -0.61, 0.122, 1.538, -33.409, -119.284, -18.733, -6.573, -7.873, 28.47, 0.48724, -0.24142, -0.15628, -0.82449,
 15:46:03.160,f6:90:cc:01:6d:25, 2015-01-01 03:57:17.985, 0.909, 0.234, 0.312, -0.366, 0.732, 0, 37.255, -66.753, 151.584, -26.313, -15.147, -7.587, 32.33, 0.02209, 0.57104, 0.13211, 0.80984,
 15:46:03.160,f6:90:cc:01:6d:25, 2015-01-01 03:57:17.985, 0.905, 0.235, 0.312, -0.427, 0.549, 0, 37.227, -66.747, 151.573, -26.313, -15.147, -7.587, 32.33, 0.02209, 0.57104, 0.13211, 0.80984,
 15:46:03.184,ed:35:33:d3:6c:f8, 2015-01-01 03:57:17.730, 0.376, -0.033, 0.924, 0.854, 1.77, 0.549, -1.763, -22.28, 159.258, -10.647, -6.633, -35.353, 30.72, -0.17923, -0.18826, 0.05035, -0.96426,
 15:46:03.184,ed:35:33:d3:6c:f8, 2015-01-01 03:57:17.730, 0.384, -0.027, 0.917, 1.221, 6.287, -0.183, -1.736, -22.181, 159.23, -10.647, -6.633, -35.353, 30.72, -0.17923, -0.18826, 0.05035, -0.96426,
 15:46:03.203,e3:ca:2d:fd:e0:8c, 2015-01-01 03:57:17.455, 0.958, 0.089, 0.338, 0.061, -0.122, 0, 14.826, -70.005, 147.008, -25.600, -12.647, -12.280, 29.62, 0.15762, 0.57562, -0.05869, 0.80017,
 15:46:03.203,e3:ca:2d:fd:e0:8c, 2015-01-01 03:57:17.455, 0.958, 0.089, 0.336, 0.061, 0, 0, 14.826, -70.005, 146.997, -25.600, -12.647, -12.280, 29.62, 0.15762, 0.57562, -0.05869, 0.80017,
 15:46:03.203,ed:40:fe:65:30:6c, 2015-01-01 03:57:22.685, 0.561, 0.021, 0.835, 0.122, -0.61, -0.183, 1.544, -33.42, -119.284, -18.733, -6.573, -7.873, 28.47, 0.48724, -0.24142, -0.15628, -0.82449,
 15:46:03.203,ed:40:fe:65:30:6c, 2015-01-01 03:57:22.685, 0.558, 0.025, 0.825, 0.061, -0.61, -0.183, 1.544, -33.431, -119.29, -18.733, -6.573, -7.873, 28.47, 0.48724, -0.24142, -0.15628, -0.82449,
 15:46:03.204,f6:90:cc:01:6d:25, 2015-01-01 03:57:17.985, 0.907, 0.236, 0.308, -0.244, 0.671, 0, 37.205, -66.736, 151.567, -26.313, -15.147, -7.587, 32.33, 0.02209, 0.57104, 0.13211, 0.80984,
 15:46:03.204,f6:90:cc:01:6d:25, 2015-01-01 03:57:17.985, 0.907, 0.236, 0.301, -0.183, 0.916, 0, 37.178, -66.725, 151.567, -26.313, -15.147, -7.587, 32.33, 0.02209, 0.57104, 0.13211, 0.80984,
 15:46:03.229,e3:ca:2d:fd:e0:8c, 2015-01-01 03:57:17.455, 0.957, 0.089, 0.335, 0, 0.244, 0, 14.826, -69.999, 146.981, -25.600, -12.647, -12.280, 29.62, 0.15985, 0.57535, -0.06027, 0.7998,
 15:46:03.229,e3:ca:2d:fd:e0:8c, 2015-01-01 03:57:17.455, 0.955, 0.088, 0.338, -0.061, 0.488, 0, 14.821, -69.994, 146.975, -25.600, -12.647, -12.280, 29.62, 0.15985, 0.57535, -0.06027, 0.7998,
 15:46:03.229,ed:35:33:d3:6c:f8, 2015-01-01 03:57:17.730, 0.378, -0.021, 0.913, 0.366, 6.897, -0.488, -1.719, -22.05, 159.208, -10.647, -6.633, -35.353, 30.72, -0.1799, -0.18542, 0.04901, -0.96475,
 15:46:03.229,ed:35:33:d3:6c:f8, 2015-01-01 03:57:17.730, 0.362, -0.027, 0.92, 0.488, 2.686, 0.183, -1.708, -21.984, 159.186, -10.647, -6.633, -35.353, 30.72, -0.1799, -0.18542, 0.04901, -0.96475,
 15:46:03.248,ed:40:fe:65:30:6c, 2015-01-01 03:57:23.020, 0.545, 0.021, 0.832, -0.122, -0.305, -0.244, 1.549, -33.437, -119.29, -18.733, -6.573, -7.873, 28.47, 0.48724, -0.24142, -0.15628, -0.82449,
 15:46:03.248,ed:40:fe:65:30:6c, 2015-01-01 03:57:23.020, 0.551, 0.021, 0.841, -0.183, -0.183, -0.305, 1.549, -33.442, -119.295, -18.733, -6.573, -7.873, 28.47, 0.48724, -0.24142, -0.15628, -0.82449,
 15:46:03.250,f6:90:cc:01:6d:25, 2015-01-01 03:57:17.985, 0.904, 0.232, 0.309, -0.549, 0.793, 0, 37.145, -66.714, 151.562, -26.313, -15.147, -7.587, 32.33, 0.02209, 0.57104, 0.13211, 0.80984,
 15:46:03.250,f6:90:cc:01:6d:25, 2015-01-01 03:57:17.985, 0.906, 0.23, 0.314, -0.854, 0.61, 0, 37.112, -66.703, 151.551, -26.313, -15.147, -7.587, 32.33, 0.02209, 0.57104, 0.13211, 0.80984,
 15:46:03.251,ed:35:33:d3:6c:f8, 2015-01-01 03:57:18.045, 0.372, -0.026, 0.927, 0, 0.183, 0.183, -1.708, -21.967, 159.17, -10.647, -6.633, -35.353, 30.72, -0.1799, -0.18542, 0.04901, -0.96475,
 15:46:03.251,ed:35:33:d3:6c:f8, 2015-01-01 03:57:18.045, 0.376, -0.024, 0.917, 0.977, 2.258, 0.305, -1.697, -21.94, 159.17, -10.647, -6.633, -35.353, 30.72, -0.1799, -0.18542, 0.04901, -0.96475,
 15:46:03.269,ed:40:fe:65:30:6c, 2015-01-01 03:57:23.020, 0.558, 0.02, 0.836, -0.061, -0.244, -0.122, 1.544, -33.448, -119.301, -18.733, -6.573, -7.873, 28.47, 0.48724, -0.24142, -0.15628, -0.82449,
 15:46:03.269,ed:40:fe:65:30:6c, 2015-01-01 03:57:23.020, 0.545, 0.022, 0.84, 0.122, 0, 0.061, 1.549, -33.448, -119.295, -18.733, -6.573, -7.873, 28.47, 0.48724, -0.24142, -0.15628, -0.82449,
 15:46:03.270,e3:ca:2d:fd:e0:8c, 2015-01-01 03:57:17.455, 0.956, 0.089, 0.338, -0.061, 0.305, 0, 14.81, -69.988, 146.964, -25.600, -12.647, -12.280, 29.62, 0.15985, 0.57535, -0.06027, 0.7998,
 15:46:03.270,e3:ca:2d:fd:e0:8c, 2015-01-01 03:57:17.455, 0.958, 0.088, 0.339, 0, 0.061, 0, 14.81, -69.983, 146.953, -25.600, -12.647, -12.280, 29.62, 0.15985, 0.57535, -0.06027, 0.7998,
 15:46:03.294,e3:ca:2d:fd:e0:8c, 2015-01-01 03:57:17.835, 0.955, 0.088, 0.341, 0, 0.183, 0, 14.804, -69.977, 146.942, -25.600, -12.647, -12.280, 29.62, 0.15985, 0.57535, -0.06027, 0.7998,
 15:46:03.294,e3:ca:2d:fd:e0:8c, 2015-01-01 03:57:17.835, 0.955, 0.087, 0.34, 0, 0.061, 0, 14.799, -69.977, 146.931, -25.600, -12.647, -12.280, 29.62, 0.15985, 0.57535, -0.06027, 0.7998,
 15:46:03.296,ed:35:33:d3:6c:f8, 2015-01-01 03:57:18.045, 0.362, -0.022, 0.928, 0.732, 1.709, 0.305, -1.681, -21.907, 159.164, -10.647, -6.633, -35.353, 30.72, -0.1799, -0.18542, 0.04901, -0.96475,
 15:46:03.296,ed:35:33:d3:6c:f8, 2015-01-01 03:57:18.045, 0.364, -0.022, 0.932, 0, -1.709, 0.671, -1.681, -21.923, 159.164, -10.647, -6.633, -35.353, 30.72, -0.1799, -0.18542, 0.04901, -0.96475,
 15:46:03.317,f6:90:cc:01:6d:25, 2015-01-01 03:57:17.985, 0.91, 0.231, 0.313, -0.366, 0.61, 0, 37.084, -66.698, 151.545, -26.313, -15.147, -7.587, 32.33, 0.02209, 0.57104, 0.13211, 0.80984,
 15:46:03.317,f6:90:cc:01:6d:25, 2015-01-01 03:57:17.985, 0.904, 0.231, 0.313, 0, 0.549, 0, 37.068, -66.693, 151.534, -26.313, -15.147, -7.587, 32.33, 0.02209, 0.57104, 0.13211, 0.80984,
 15:46:03.318,ed:40:fe:65:30:6c, 2015-01-01 03:57:23.020, 0.544, 0.022, 0.845, 0.305, -0.061, 0.305, 1.549, -33.448, -119.29, -18.733, -6.573, -7.873, 28.47, 0.48724, -0.24142, -0.15628, -0.82449,
 15:46:03.318,ed:40:fe:65:30:6c, 2015-01-01 03:57:23.020, 0.553, 0.02, 0.842, 0.61, -0.305, 0.427, 1.555, -33.453, -119.279, -18.733, -6.573, -7.873, 28.47, 0.48724, -0.24142, -0.15628, -0.82449,
 15:46:03.339,f6:90:cc:01:6d:25, 2015-01-01 03:57:17.985, 0.903, 0.231, 0.315, 0, 0.366, 0, 37.057, -66.687, 151.518, -26.367, -15.013, -7.620, 32.33, 0.02209, 0.57104, 0.13211, 0.80984,
 15:46:03.339,f6:90:cc:01:6d:25, 2015-01-01 03:57:17.985, 0.905, 0.231, 0.315, 0.244, 0.305, 0, 37.046, -66.682, 151.501, -26.367, -15.013, -7.620, 32.33, 0.02209, 0.57104, 0.13211, 0.80984,
 15:46:03.339,e3:ca:2d:fd:e0:8c, 2015-01-01 03:57:17.835, 0.955, 0.088, 0.341, 0.183, 0.061, 0, 14.799, -69.972, 146.92, -25.600, -12.647, -12.280, 29.62, 0.15985, 0.57535, -0.06027, 0.7998,
 15:46:03.339,e3:ca:2d:fd:e0:8c, 2015-01-01 03:57:17.835, 0.955, 0.088, 0.339, 0.183, 0.122, 0, 14.799, -69.972, 146.909, -25.600, -12.647, -12.280, 29.62, 0.15985, 0.57535, -0.06027, 0.7998,
 15:46:03.360,ed:40:fe:65:30:6c, 2015-01-01 03:57:23.020, 0.545, 0.021, 0.834, 0.671, -0.122, 0.244, 1.56, -33.453, -119.273, -18.733, -6.573, -7.873, 28.47, 0.48724, -0.24142, -0.15628, -0.82449,
 15:46:03.360,ed:40:fe:65:30:6c, 2015-01-01 03:57:23.020, 0.545, 0.023, 0.845, 0.366, -0.427, 0.122, 1.566, -33.459, -119.268, -18.733, -6.573, -7.873, 28.47, 0.48724, -0.24142, -0.15628, -0.82449,
 15:46:03.363,ed:35:33:d3:6c:f8, 2015-01-01 03:57:18.045, 0.375, -0.028, 0.924, 0.61, -2.625, 1.099, -1.681, -21.973, 159.203, -10.647, -6.633, -35.353, 30.72, -0.1799, -0.18542, 0.04901, -0.96475,
 15:46:03.363,ed:35:33:d3:6c:f8, 2015-01-01 03:57:18.045, 0.37, -0.027, 0.922, 0, -3.113, 0.732, -1.681, -22.028, 159.236, -10.647, -6.633, -35.353, 30.72, -0.1799, -0.18542, 0.04901, -0.96475,
 15:46:03.383,e3:ca:2d:fd:e0:8c, 2015-01-01 03:57:17.835, 0.956, 0.089, 0.338, 0.122, 0, 0, 14.799, -69.966, 146.898, -25.600, -12.647, -12.280, 29.62, 0.15985, 0.57535, -0.06027, 0.7998,
 15:46:03.383,e3:ca:2d:fd:e0:8c, 2015-01-01 03:57:17.835, 0.956, 0.089, 0.34, 0.122, -0.366, 0, 14.804, -69.972, 146.882, -25.600, -12.647, -12.280, 29.62, 0.15985, 0.57535, -0.06027, 0.7998,
 15:46:03.386,f6:90:cc:01:6d:25, 2015-01-01 03:57:17.985, 0.903, 0.233, 0.311, 0.305, 0.305, 0, 37.04, -66.676, 151.485, -26.367, -15.013, -7.620, 32.33, 0.02209, 0.57104, 0.13211, 0.80984,
 15:46:03.386,f6:90:cc:01:6d:25, 2015-01-01 03:57:17.985, 0.905, 0.232, 0.315, 0, 0.244, 0, 37.029, -66.676, 151.469, -26.367, -15.013, -7.620, 32.33, 0.02209, 0.57104, 0.13211, 0.80984,
 15:46:03.387,ed:35:33:d3:6c:f8, 2015-01-01 03:57:18.045, 0.366, -0.024, 0.925, -1.16, -3.113, 0.549, -1.703, -22.088, 159.28, -10.647, -6.633, -35.353, 30.72, -0.1799, -0.18542, 0.04901, -0.96475,
 15:46:03.387,ed:35:33:d3:6c:f8, 2015-01-01 03:57:18.045, 0.376, -0.021, 0.924, -0.305, 0.183, 0.488, -1.719, -22.099, 159.329, -10.647, -6.633, -35.353, 30.72, -0.1799, -0.18542, 0.04901, -0.96475,
 15:46:03.406,ed:40:fe:65:30:6c, 2015-01-01 03:57:23.020, 0.552, 0.024, 0.843, 0.122, -0.61, 0.122, 1.566, -33.47, -119.262, -18.733, -6.573, -7.873, 28.47, 0.48724, -0.24142, -0.15628, -0.82449,
 15:46:03.406,ed:40:fe:65:30:6c, 2015-01-01 03:57:23.020, 0.557, 0.027, 0.839, 0.122, -0.549, 0.366, 1.566, -33.475, -119.251, -18.733, -6.573, -7.873, 28.47, 0.48724, -0.24142, -0.15628, -0.82449,
 15:46:03.406,e3:ca:2d:fd:e0:8c, 2015-01-01 03:57:17.835, 0.958, 0.091, 0.34, 0.122, -0.488, 0, 14.81, -69.977, 146.865, -25.600, -12.647, -12.280, 29.62, 0.15985, 0.57535, -0.06027, 0.7998,
 15:46:03.406,e3:ca:2d:fd:e0:8c, 2015-01-01 03:57:17.835, 0.96, 0.091, 0.338, -0.061, -0.366, 0, 14.815, -69.983, 146.843, -25.600, -12.647, -12.280, 29.62, 0.15985, 0.57535, -0.06027, 0.7998,
 15:46:03.407,f6:90:cc:01:6d:25, 2015-01-01 03:57:17.985, 0.906, 0.232, 0.316, -0.183, 0.061, 0, 37.018, -66.676, 151.441, -26.367, -15.013, -7.620, 32.33, 0.02621, 0.57043, 0.12857, 0.81073,
 15:46:03.407,f6:90:cc:01:6d:25, 2015-01-01 03:57:17.985, 0.906, 0.236, 0.313, 0, 0, 0, 37.013, -66.676, 151.419, -26.367, -15.013, -7.620, 32.33, 0.02621, 0.57043, 0.12857, 0.81073,
 15:46:03.428,ed:40:fe:65:30:6c, 2015-01-01 03:57:23.020, 0.563, 0.025, 0.834, 0.061, -0.549, 0.427, 1.56, -33.481, -119.24, -18.513, -6.387, -7.093, 28.47, 0.48724, -0.24142, -0.15628, -0.82449,
 15:46:03.428,ed:40:fe:65:30:6c, 2015-01-01 03:57:23.020, 0.564, 0.018, 0.832, 0, -0.427, 0.122, 1.56, -33.492, -119.235, -18.513, -6.387, -7.093, 28.47, 0.48724, -0.24142, -0.15628, -0.82449,
 15:46:03.431,ed:35:33:d3:6c:f8, 2015-01-01 03:57:18.045, 0.379, -0.018, 0.923, -0.488, 0.305, 0.366, -1.725, -22.094, 159.401, -10.647, -6.633, -35.353, 30.72, -0.1799, -0.18542, 0.04901, -0.96475,
 15:46:03.431,ed:35:33:d3:6c:f8, 2015-01-01 03:57:18.045, 0.386, -0.025, 0.917, -0.183, 1.221, 0.366, -1.73, -22.072, 159.439, -10.647, -6.633, -35.353, 30.72, -0.1799, -0.18542, 0.04901, -0.96475,
 15:46:03.452,f6:90:cc:01:6d:25, 2015-01-01 03:57:17.985, 0.911, 0.237, 0.309, 0.244, 0.244, 0, 37.007, -66.671, 151.397, -26.367, -15.013, -7.620, 32.33, 0.02621, 0.57043, 0.12857, 0.81073,
 15:46:03.452,f6:90:cc:01:6d:25, 2015-01-01 03:57:17.985, 0.912, 0.236, 0.306, 0, 0.488, 0, 36.996, -66.665, 151.392, -26.367, -15.013, -7.620, 32.33, 0.02621, 0.57043, 0.12857, 0.81073,
 15:46:03.453,ed:35:33:d3:6c:f8, 2015-01-01 03:57:18.045, 0.384, -0.035, 0.914, 0, 2.075, 0.122, -1.73, -22.033, 159.456, -10.880, -6.820, -34.073, 30.72, -0.1799, -0.18542, 0.04901, -0.96475,
 15:46:03.453,ed:35:33:d3:6c:f8, 2015-01-01 03:57:18.045, 0.376, -0.033, 0.915, 0, 1.709, -0.122, -1.73, -22, 159.439, -10.880, -6.820, -34.073, 30.72, -0.1799, -0.18542, 0.04901, -0.96475,
 15:46:03.472,ed:40:fe:65:30:6c, 2015-01-01 03:57:23.020, 0.557, 0.015, 0.831, 0.122, -0.183, -0.305, 1.566, -33.497, -119.24, -18.513, -6.387, -7.093, 28.47, 0.48724, -0.24142, -0.15628, -0.82449,
 15:46:03.472,ed:40:fe:65:30:6c, 2015-01-01 03:57:23.020, 0.554, 0.019, 0.833, 0.244, 0.061, -0.366, 1.571, -33.497, -119.246, -18.513, -6.387, -7.093, 28.47, 0.48724, -0.24142, -0.15628, -0.82449,
 15:46:03.474,e3:ca:2d:fd:e0:8c, 2015-01-01 03:57:17.835, 0.959, 0.089, 0.338, -0.122, -0.122, 0, 14.815, -69.988, 146.827, -25.600, -12.647, -12.280, 29.62, 0.15985, 0.57535, -0.06027, 0.7998,
 15:46:03.474,e3:ca:2d:fd:e0:8c, 2015-01-01 03:57:17.835, 0.958, 0.088, 0.335, -0.244, 0.061, 0, 14.815, -69.988, 146.816, -25.600, -12.647, -12.280, 29.62, 0.15985, 0.57535, -0.06027, 0.7998,
 15:46:03.497,f6:90:cc:01:6d:25, 2015-01-01 03:57:18.340, 0.905, 0.233, 0.307, 0, 0.61, 0, 36.98, -66.654, 151.386, -26.367, -15.013, -7.620, 32.33, 0.02621, 0.57043, 0.12857, 0.81073,
 15:46:03.497,f6:90:cc:01:6d:25, 2015-01-01 03:57:18.340, 0.91, 0.232, 0.31, 0, 0.244, 0, 36.964, -66.649, 151.375, -26.367, -15.013, -7.620, 32.33, 0.02621, 0.57043, 0.12857, 0.81073,
 15:46:03.497,e3:ca:2d:fd:e0:8c, 2015-01-01 03:57:17.835, 0.957, 0.086, 0.336, -0.244, 0.061, 0, 14.81, -69.983, 146.805, -25.520, -12.880, -13.047, 29.62, 0.15985, 0.57535, -0.06027, 0.7998,
 15:46:03.497,e3:ca:2d:fd:e0:8c, 2015-01-01 03:57:17.835, 0.959, 0.086, 0.335, -0.244, 0.061, 0, 14.799, -69.983, 146.794, -25.520, -12.880, -13.047, 29.62, 0.15985, 0.57535, -0.06027, 0.7998,
 15:46:03.499,ed:35:33:d3:6c:f8, 2015-01-01 03:57:18.045, 0.375, -0.026, 0.919, -0.305, 0.244, -0.427, -1.73, -21.989, 159.406, -10.880, -6.820, -34.073, 30.72, -0.1799, -0.18542, 0.04901, -0.96475,
 15:46:03.499,ed:35:33:d3:6c:f8, 2015-01-01 03:57:18.045, 0.379, -0.021, 0.921, 0, -0.793, -0.183, -1.73, -22.006, 159.368, -10.880, -6.820, -34.073, 30.72, -0.1799, -0.18542, 0.04901, -0.96475,
 15:46:03.520,f6:90:cc:01:6d:25, 2015-01-01 03:57:18.340, 0.911, 0.232, 0.311, 0, 0.183, 0, 36.958, -66.649, 151.359, -26.367, -15.013, -7.620, 32.33, 0.02621, 0.57043, 0.12857, 0.81073,
 15:46:03.520,f6:90:cc:01:6d:25, 2015-01-01 03:57:18.340, 0.908, 0.233, 0.31, 0.061, 0.305, 0, 36.953, -66.649, 151.337, -26.367, -15.013, -7.620, 32.33, 0.02621, 0.57043, 0.12857, 0.81073,
 15:46:03.541,e3:ca:2d:fd:e0:8c, 2015-01-01 03:57:17.835, 0.961, 0.086, 0.337, 0, 0, 0, 14.799, -69.983, 146.783, -25.520, -12.880, -13.047, 29.62, 0.15985, 0.57535, -0.06027, 0.7998,
 15:46:03.541,e3:ca:2d:fd:e0:8c, 2015-01-01 03:57:17.835, 0.958, 0.086, 0.337, 0.122, 0.061, 0, 14.793, -69.983, 146.772, -25.520, -12.880, -13.047, 29.62, 0.15985, 0.57535, -0.06027, 0.7998,
 15:46:03.541,ed:40:fe:65:30:6c, 2015-01-01 03:57:23.020, 0.557, 0.023, 0.835, 0.549, 0, -0.183, 1.582, -33.497, -119.251, -18.513, -6.387, -7.093, 28.47, 0.48758, -0.24194, -0.15701, -0.82401,
 15:46:03.541,ed:40:fe:65:30:6c, 2015-01-01 03:57:23.020, 0.558, 0.024, 0.835, 0.732, 0.122, 0, 1.599, -33.497, -119.251, -18.513, -6.387, -7.093, 28.47, 0.48758, -0.24194, -0.15701, -0.82401,
 15:46:03.544,ed:35:33:d3:6c:f8, 2015-01-01 03:57:18.045, 0.378, -0.021, 0.92, 0.671, -0.244, -0.061, -1.719, -22.017, 159.335, -10.880, -6.820, -34.073, 30.72, -0.17838, -0.18503, 0.04871, -0.96512,
 15:46:03.544,ed:35:33:d3:6c:f8, 2015-01-01 03:57:18.045, 0.374, -0.021, 0.926, 0, -1.709, 0, -1.714, -22.044, 159.324, -10.880, -6.820, -34.073, 30.72, -0.17838, -0.18503, 0.04871, -0.96512,
 15:46:03.562,ed:40:fe:65:30:6c, 2015-01-01 03:57:23.355, 0.554, 0.026, 0.838, 0.61, 0.183, 0.244, 1.604, -33.497, -119.246, -18.513, -6.387, -7.093, 28.47, 0.48758, -0.24194, -0.15701, -0.82401,
 15:46:03.562,ed:40:fe:65:30:6c, 2015-01-01 03:57:23.355, 0.552, 0.024, 0.839, 0.305, 0.183, 0.244, 1.609, -33.492, -119.235, -18.513, -6.387, -7.093, 28.47, 0.48758, -0.24194, -0.15701, -0.82401,
 15:46:03.564,e3:ca:2d:fd:e0:8c, 2015-01-01 03:57:17.835, 0.957, 0.088, 0.338, 0.183, 0.244, 0, 14.793, -69.977, 146.761, -25.520, -12.880, -13.047, 29.62, 0.1615, 0.57507, -0.06149, 0.79956,
 15:46:03.564,e3:ca:2d:fd:e0:8c, 2015-01-01 03:57:17.835, 0.956, 0.088, 0.338, 0.122, 0.305, 0, 14.788, -69.972, 146.755, -25.520, -12.880, -13.047, 29.62, 0.1615, 0.57507, -0.06149, 0.79956,
 15:46:03.565,f6:90:cc:01:6d:25, 2015-01-01 03:57:18.340, 0.905, 0.234, 0.312, -0.061, 0.183, 0, 36.947, -66.643, 151.326, -26.367, -15.013, -7.620, 32.33, 0.02621, 0.57043, 0.12857, 0.81073,
 15:46:03.565,f6:90:cc:01:6d:25, 2015-01-01 03:57:18.340, 0.905, 0.233, 0.312, -0.244, 0.122, 0, 36.936, -66.643, 151.309, -26.367, -15.013, -7.620, 32.33, 0.02621, 0.57043, 0.12857, 0.81073,
 15:46:03.588,ed:35:33:d3:6c:f8, 2015-01-01 03:57:18.355, 0.374, -0.027, 0.924, -0.244, -2.625, 0.061, -1.714, -22.094, 159.302, -10.880, -6.820, -34.073, 30.72, -0.17838, -0.18503, 0.04871, -0.96512,
 15:46:03.588,ed:35:33:d3:6c:f8, 2015-01-01 03:57:18.355, 0.375, -0.03, 0.919, -0.366, -2.075, -0.183, -1.719, -22.143, 159.291, -10.880, -6.820, -34.073, 30.72, -0.17838, -0.18503, 0.04871, -0.96512,
 15:46:03.609,e3:ca:2d:fd:e0:8c, 2015-01-01 03:57:17.835, 0.955, 0.089, 0.338, 0.122, 0.183, 0, 14.788, -69.966, 146.75, -25.520, -12.880, -13.047, 29.62, 0.1615, 0.57507, -0.06149, 0.79956,
 15:46:03.609,e3:ca:2d:fd:e0:8c, 2015-01-01 03:57:17.835, 0.954, 0.089, 0.34, 0.061, 0, 0, 14.788, -69.966, 146.739, -25.520, -12.880, -13.047, 29.62, 0.1615, 0.57507, -0.06149, 0.79956,
 15:46:03.609,f6:90:cc:01:6d:25, 2015-01-01 03:57:18.340, 0.904, 0.233, 0.313, -0.183, 0.061, 0, 36.931, -66.643, 151.287, -26.367, -15.013, -7.620, 32.33, 0.02621, 0.57043, 0.12857, 0.81073,
 15:46:03.609,f6:90:cc:01:6d:25, 2015-01-01 03:57:18.340, 0.903, 0.233, 0.315, -0.183, 0.305, 0, 36.92, -66.643, 151.271, -26.367, -15.013, -7.620, 32.33, 0.02621, 0.57043, 0.12857, 0.81073,
 15:46:03.610,ed:40:fe:65:30:6c, 2015-01-01 03:57:23.355, 0.553, 0.02, 0.836, 0.122, 0.244, 0, 1.609, -33.492, -119.235, -18.513, -6.387, -7.093, 28.47, 0.48758, -0.24194, -0.15701, -0.82401,
 15:46:03.610,ed:40:fe:65:30:6c, 2015-01-01 03:57:23.355, 0.551, 0.021, 0.835, 0, 0.244, -0.122, 1.609, -33.486, -119.235, -18.513, -6.387, -7.093, 28.47, 0.48758, -0.24194, -0.15701, -0.82401,
 15:46:03.631,ed:40:fe:65:30:6c, 2015-01-01 03:57:23.355, 0.55, 0.024, 0.837, 0, 0.305, -0.183, 1.615, -33.481, -119.235, -18.513, -6.387, -7.093, 28.47, 0.48758, -0.24194, -0.15701, -0.82401,
 15:46:03.631,ed:40:fe:65:30:6c, 2015-01-01 03:57:23.355, 0.55, 0.024, 0.837, 0, 0.305, -0.061, 1.615, -33.475, -119.235, -18.513, -6.387, -7.093, 28.47, 0.48758, -0.24194, -0.15701, -0.82401,
 15:46:03.634,ed:35:33:d3:6c:f8, 2015-01-01 03:57:18.355, 0.374, -0.025, 0.918, -0.244, -1.038, -0.305, -1.719, -22.17, 159.269, -10.880, -6.820, -34.073, 30.72, -0.17838, -0.18503, 0.04871, -0.96512,
 15:46:03.634,ed:35:33:d3:6c:f8, 2015-01-01 03:57:18.355, 0.37, -0.023, 0.921, -0.183, -1.099, -0.244, -1.719, -22.192, 159.252, -10.880, -6.820, -34.073, 30.72, -0.17838, -0.18503, 0.04871, -0.96512,
 15:46:03.653,e3:ca:2d:fd:e0:8c, 2015-01-01 03:57:18.170, 0.955, 0.089, 0.342, 0, 0, 0, 14.782, -69.966, 146.728, -25.520, -12.880, -13.047, 29.62, 0.1615, 0.57507, -0.06149, 0.79956,
 15:46:03.653,e3:ca:2d:fd:e0:8c, 2015-01-01 03:57:18.170, 0.956, 0.089, 0.342, -0.061, -0.061, 0, 14.782, -69.966, 146.717, -25.520, -12.880, -13.047, 29.62, 0.1615, 0.57507, -0.06149, 0.79956,
 15:46:03.657,ed:35:33:d3:6c:f8, 2015-01-01 03:57:18.355, 0.377, -0.024, 0.921, -0.366, -2.441, -2.991, -1.708, -22.231, 159.197, -10.880, -6.820, -34.073, 30.72, -0.17838, -0.18503, 0.04871, -0.96512,
 15:46:03.657,ed:35:33:d3:6c:f8, 2015-01-01 03:57:18.355, 0.377, -0.024, 0.92, 0, -0.61, 0, -1.703, -22.253, 159.164, -10.880, -6.820, -34.073, 30.72, -0.17838, -0.18503, 0.04871, -0.96512,
 15:46:03.674,ed:40:fe:65:30:6c, 2015-01-01 03:57:23.355, 0.552, 0.023, 0.838, 0, 0.305, 0.061, 1.615, -33.47, -119.235, -18.513, -6.387, -7.093, 28.47, 0.48758, -0.24194, -0.15701, -0.82401,
 15:46:03.674,ed:40:fe:65:30:6c, 2015-01-01 03:57:23.355, 0.554, 0.023, 0.839, 0.061, 0.305, 0, 1.615, -33.459, -119.229, -18.513, -6.387, -7.093, 28.47, 0.48758, -0.24194, -0.15701, -0.82401,
 15:46:03.678,f6:90:cc:01:6d:25, 2015-01-01 03:57:18.340, 0.905, 0.231, 0.316, -0.061, 0.244, 0, 36.909, -66.643, 151.254, -26.367, -15.013, -7.620, 32.33, 0.02621, 0.57043, 0.12857, 0.81073,
 15:46:03.678,f6:90:cc:01:6d:25, 2015-01-01 03:57:18.340, 0.906, 0.232, 0.315, 0, 0.244, 0, 36.898, -66.638, 151.243, -26.367, -15.013, -7.620, 32.33, 0.02621, 0.57043, 0.12857, 0.81073,
 15:46:03.699,f6:90:cc:01:6d:25, 2015-01-01 03:57:18.340, 0.906, 0.233, 0.315, 0.061, 0.244, 0, 36.887, -66.632, 151.227, -26.213, -14.873, -7.933, 32.33, 0.02621, 0.57043, 0.12857, 0.81073,
 15:46:03.699,f6:90:cc:01:6d:25, 2015-01-01 03:57:18.340, 0.907, 0.233, 0.314, 0, 0.122, 0, 36.881, -66.632, 151.21, -26.213, -14.873, -7.933, 32.33, 0.02621, 0.57043, 0.12857, 0.81073,
 15:46:03.699,e3:ca:2d:fd:e0:8c, 2015-01-01 03:57:18.170, 0.957, 0.089, 0.341, 0, 0, 0, 14.782, -69.966, 146.706, -25.520, -12.880, -13.047, 29.62, 0.1615, 0.57507, -0.06149, 0.79956,
 15:46:03.699,e3:ca:2d:fd:e0:8c, 2015-01-01 03:57:18.170, 0.957, 0.089, 0.34, 0, 0.061, 0, 14.777, -69.961, 146.695, -25.520, -12.880, -13.047, 29.62, 0.1615, 0.57507, -0.06149, 0.79956,
 15:46:03.702,ed:35:33:d3:6c:f8, 2015-01-01 03:57:18.355, 0.378, -0.025, 0.92, 0, -0.366, -0.061, -1.703, -22.258, 159.148, -10.880, -6.820, -34.073, 30.72, -0.17838, -0.18503, 0.04871, -0.96512,
 15:46:03.702,ed:35:33:d3:6c:f8, 2015-01-01 03:57:18.355, 0.377, -0.027, 0.92, 0.122, -0.488, -0.122, -1.697, -22.269, 159.153, -10.880, -6.820, -34.073, 30.72, -0.17838, -0.18503, 0.04871, -0.96512,
 15:46:03.720,ed:40:fe:65:30:6c, 2015-01-01 03:57:23.355, 0.554, 0.022, 0.838, 0.183, 0.366, 0, 1.615, -33.453, -119.229, -18.513, -6.387, -7.093, 28.47, 0.48758, -0.24194, -0.15701, -0.82401,
 15:46:03.720,ed:40:fe:65:30:6c, 2015-01-01 03:57:23.355, 0.552, 0.021, 0.837, 0.244, 0.366, 0, 1.62, -33.448, -119.229, -18.513, -6.387, -7.093, 28.47, 0.48758, -0.24194, -0.15701, -0.82401,
 15:46:03.743,e3:ca:2d:fd:e0:8c, 2015-01-01 03:57:18.170, 0.956, 0.088, 0.339, 0, 0.061, 0, 14.777, -69.961, 146.684, -25.520, -12.880, -13.047, 29.62, 0.1615, 0.57507, -0.06149, 0.79956,
 15:46:03.743,e3:ca:2d:fd:e0:8c, 2015-01-01 03:57:18.170, 0.958, 0.088, 0.337, -0.061, 0.122, 0, 14.771, -69.955, 146.678, -25.520, -12.880, -13.047, 29.62, 0.1615, 0.57507, -0.06149, 0.79956,
 15:46:03.746,ed:35:33:d3:6c:f8, 2015-01-01 03:57:18.355, 0.365, -0.026, 0.921, -0.061, -1.587, -0.183, -1.692, -22.297, 159.142, -10.880, -6.820, -34.073, 30.72, -0.17838, -0.18503, 0.04871, -0.96512,
 15:46:03.746,ed:35:33:d3:6c:f8, 2015-01-01 03:57:18.355, 0.396, -0.019, 0.917, -0.183, -3.723, -1.038, -1.692, -22.357, 159.126, -10.880, -6.820, -34.073, 30.72, -0.17838, -0.18503, 0.04871, -0.96512,
 15:46:03.746,f6:90:cc:01:6d:25, 2015-01-01 03:57:18.340, 0.905, 0.232, 0.312, -0.122, 0.061, 0, 36.876, -66.632, 151.194, -26.213, -14.873, -7.933, 32.33, 0.02621, 0.57043, 0.12857, 0.81073,
 15:46:03.746,f6:90:cc:01:6d:25, 2015-01-01 03:57:18.340, 0.906, 0.232, 0.311, -0.122, 0, 0, 36.865, -66.632, 151.177, -26.213, -14.873, -7.933, 32.33, 0.02621, 0.57043, 0.12857, 0.81073,
 15:46:03.765,e3:ca:2d:fd:e0:8c, 2015-01-01 03:57:18.170, 0.958, 0.088, 0.338, 0, 0, 0, 14.771, -69.955, 146.667, -25.520, -12.880, -13.047, 29.62, 0.1615, 0.57507, -0.06149, 0.79956,
 15:46:03.765,e3:ca:2d:fd:e0:8c, 2015-01-01 03:57:18.170, 0.955, 0.089, 0.337, 0, -0.061, 0, 14.771, -69.955, 146.656, -25.520, -12.880, -13.047, 29.62, 0.1615, 0.57507, -0.06149, 0.79956,
 15:46:03.766,ed:40:fe:65:30:6c, 2015-01-01 03:57:23.355, 0.552, 0.022, 0.836, 0.305, 0.366, 0, 1.626, -33.437, -119.229, -18.513, -6.387, -7.093, 28.47, 0.48758, -0.24194, -0.15701, -0.82401,
 15:46:03.766,ed:40:fe:65:30:6c, 2015-01-01 03:57:23.355, 0.553, 0.025, 0.838, 0.488, 0.244, 0.244, 1.631, -33.431, -119.224, -18.513, -6.387, -7.093, 28.47, 0.48758, -0.24194, -0.15701, -0.82401,
 15:46:03.767,f6:90:cc:01:6d:25, 2015-01-01 03:57:18.340, 0.906, 0.233, 0.313, -0.183, 0.122, 0, 36.859, -66.632, 151.155, -26.213, -14.873, -7.933, 32.33, 0.02914, 0.57043, 0.12616, 0.811,
 15:46:03.767,f6:90:cc:01:6d:25, 2015-01-01 03:57:18.340, 0.905, 0.233, 0.312, 0, 0.061, 0, 36.854, -66.627, 151.139, -26.213, -14.873, -7.933, 32.33, 0.02914, 0.57043, 0.12616, 0.811,
 15:46:03.791,ed:35:33:d3:6c:f8, 2015-01-01 03:57:18.355, 0.382, -0.021, 0.918, 0.854, -2.014, -0.671, -1.67, -22.407, 159.109, -11.267, -6.713, -35.713, 30.72, -0.17838, -0.18503, 0.04871, -0.96512,
 15:46:03.791,ed:35:33:d3:6c:f8, 2015-01-01 03:57:18.355, 0.375, -0.025, 0.919, 0.793, -0.488, 0.427, -1.653, -22.412, 159.131, -11.267, -6.713, -35.713, 30.72, -0.17838, -0.18503, 0.04871, -0.96512,
 15:46:03.812,f6:90:cc:01:6d:25, 2015-01-01 03:57:18.340, 0.903, 0.233, 0.315, 0, 0.122, 0, 36.848, -66.627, 151.122, -26.213, -14.873, -7.933, 32.33, 0.02914, 0.57043, 0.12616, 0.811,
 15:46:03.812,f6:90:cc:01:6d:25, 2015-01-01 03:57:18.340, 0.909, 0.232, 0.314, -0.061, 0.183, 0, 36.837, -66.627, 151.106, -26.213, -14.873, -7.933, 32.33, 0.02914, 0.57043, 0.12616, 0.811,
 15:46:03.832,ed:40:fe:65:30:6c, 2015-01-01 03:57:23.355, 0.549, 0.023, 0.838, 0.549, 0.305, 0.305, 1.637, -33.426, -119.213, -18.680, -5.727, -7.527, 28.47, 0.48758, -0.24194, -0.15701, -0.82401,
 15:46:03.832,ed:40:fe:65:30:6c, 2015-01-01 03:57:23.355, 0.549, 0.02, 0.841, 0.61, 0.305, 0.244, 1.642, -33.42, -119.207, -18.680, -5.727, -7.527, 28.47, 0.48758, -0.24194, -0.15701, -0.82401,
 15:46:03.833,e3:ca:2d:fd:e0:8c, 2015-01-01 03:57:18.170, 0.954, 0.089, 0.34, 0, -0.183, 0, 14.771, -69.955, 146.646, -25.520, -12.880, -13.047, 29.62, 0.1615, 0.57507, -0.06149, 0.79956,
 15:46:03.833,e3:ca:2d:fd:e0:8c, 2015-01-01 03:57:18.170, 0.957, 0.089, 0.34, -0.061, -0.183, 0, 14.771, -69.961, 146.635, -25.520, -12.880, -13.047, 29.62, 0.1615, 0.57507, -0.06149, 0.79956,
 15:46:03.835,ed:35:33:d3:6c:f8, 2015-01-01 03:57:18.355, 0.382, -0.028, 0.922, 0.549, -1.16, 0.366, -1.648, -22.434, 159.164, -11.267, -6.713, -35.713, 30.72, -0.18002, -0.18875, 0.04898, -0.96408,
 15:46:03.835,ed:35:33:d3:6c:f8, 2015-01-01 03:57:18.355, 0.389, -0.026, 0.916, 1.16, 0.305, 0.366, -1.626, -22.429, 159.17, -11.267, -6.713, -35.713, 30.72, -0.18002, -0.18875, 0.04898, -0.96408,
 15:46:03.856,ed:40:fe:65:30:6c, 2015-01-01 03:57:23.355, 0.559, 0.021, 0.837, 0.671, 0.122, 0.061, 1.653, -33.415, -119.202, -18.680, -5.727, -7.527, 28.47, 0.48813, -0.24094, -0.15741, -0.82388,
 15:46:03.856,ed:40:fe:65:30:6c, 2015-01-01 03:57:23.355, 0.557, 0.023, 0.834, 0.549, 0.061, -0.061, 1.664, -33.415, -119.202, -18.680, -5.727, -7.527, 28.47, 0.48813, -0.24094, -0.15741, -0.82388,
 15:46:03.857,e3:ca:2d:fd:e0:8c, 2015-01-01 03:57:18.170, 0.958, 0.09, 0.342, -0.122, 0, 0, 14.771, -69.961, 146.624, -25.447, -12.913, -12.793, 29.62, 0.1615, 0.57507, -0.06149, 0.79956,
 15:46:03.857,e3:ca:2d:fd:e0:8c, 2015-01-01 03:57:18.170, 0.958, 0.091, 0.342, -0.183, 0.122, 0, 14.766, -69.955, 146.613, -25.447, -12.913, -12.793, 29.62, 0.1615, 0.57507, -0.06149, 0.79956,
 15:46:03.857,f6:90:cc:01:6d:25, 2015-01-01 03:57:18.700, 0.909, 0.234, 0.312, -0.183, 0.366, 0, 36.826, -66.621, 151.089, -26.213, -14.873, -7.933, 32.33, 0.02914, 0.57043, 0.12616, 0.811,
 15:46:03.859,f6:90:cc:01:6d:25, 2015-01-01 03:57:18.700, 0.907, 0.235, 0.315, -0.488, 0.549, 0, 36.81, -66.616, 151.084, -26.213, -14.873, -7.933, 32.33, 0.02914, 0.57043, 0.12616, 0.811,
 15:46:03.861,ed:35:33:d3:6c:f8, 2015-01-01 03:57:18.645, 0.384, -0.025, 0.915, 0.977, 1.16, 0.122, -1.604, -22.407, 159.153, -11.267, -6.713, -35.713, 30.72, -0.18002, -0.18875, 0.04898, -0.96408,
 15:46:03.861,ed:35:33:d3:6c:f8, 2015-01-01 03:57:18.645, 0.382, -0.025, 0.918, 0.488, 1.221, 0, -1.599, -22.379, 159.131, -11.267, -6.713, -35.713, 30.72, -0.18002, -0.18875, 0.04898, -0.96408,
 15:46:03.880,f6:90:cc:01:6d:25, 2015-01-01 03:57:18.700, 0.907, 0.233, 0.312, -0.61, 0.793, 0, 36.777, -66.61, 151.084, -26.213, -14.873, -7.933, 32.33, 0.02914, 0.57043, 0.12616, 0.811,
 15:46:03.880,f6:90:cc:01:6d:25, 2015-01-01 03:57:18.700, 0.904, 0.232, 0.313, -0.854, 0.732, 0, 36.744, -66.594, 151.089, -26.213, -14.873, -7.933, 32.33, 0.02914, 0.57043, 0.12616, 0.811,
 15:46:03.900,ed:40:fe:65:30:6c, 2015-01-01 03:57:23.355, 0.555, 0.024, 0.836, 0.305, 0.305, -0.183, 1.67, -33.409, -119.207, -18.680, -5.727, -7.527, 28.47, 0.48813, -0.24094, -0.15741, -0.82388,
 15:46:03.900,ed:40:fe:65:30:6c, 2015-01-01 03:57:23.355, 0.551, 0.023, 0.837, 0.122, 0.366, -0.305, 1.675, -33.404, -119.213, -18.680, -5.727, -7.527, 28.47, 0.48813, -0.24094, -0.15741, -0.82388,
 15:46:03.901,e3:ca:2d:fd:e0:8c, 2015-01-01 03:57:18.170, 0.957, 0.09, 0.339, -0.305, 0.183, -0.305, 14.771, -69.95, 146.596, -25.447, -12.913, -12.793, 29.62, 0.1615, 0.57507, -0.06149, 0.79956,
 15:46:03.901,e3:ca:2d:fd:e0:8c, 2015-01-01 03:57:18.170, 0.957, 0.089, 0.338, -0.366, 0.183, -0.305, 14.777, -69.944, 146.569, -25.447, -12.913, -12.793, 29.62, 0.1615, 0.57507, -0.06149, 0.79956,
 15:46:03.903,ed:35:33:d3:6c:f8, 2015-01-01 03:57:18.645, 0.377, -0.023, 0.92, 0.366, 1.77, -0.244, -1.588, -22.346, 159.126, -11.267, -6.713, -35.713, 30.72, -0.18002, -0.18875, 0.04898, -0.96408,
 15:46:03.903,ed:35:33:d3:6c:f8, 2015-01-01 03:57:18.645, 0.369, -0.019, 0.928, -0.488, 0.183, -0.427, -1.593, -22.346, 159.115, -11.267, -6.713, -35.713, 30.72, -0.18002, -0.18875, 0.04898, -0.96408,
 15:46:03.923,ed:40:fe:65:30:6c, 2015-01-01 03:57:23.715, 0.544, 0.025, 0.843, 0, 0.305, -0.305, 1.681, -33.398, -119.218, -18.680, -5.727, -7.527, 28.47, 0.48813, -0.24094, -0.15741, -0.82388,
 15:46:03.923,ed:40:fe:65:30:6c, 2015-01-01 03:57:23.715, 0.543, 0.028, 0.844, -0.244, 0.061, -0.183, 1.675, -33.398, -119.218, -18.680, -5.727, -7.527, 28.47, 0.48813, -0.24094, -0.15741, -0.82388,
 15:46:03.925,f6:90:cc:01:6d:25, 2015-01-01 03:57:18.700, 0.903, 0.231, 0.316, -0.793, 0.366, 0, 36.711, -66.588, 151.089, -26.213, -14.873, -7.933, 32.33, 0.02914, 0.57043, 0.12616, 0.811,
 15:46:03.925,f6:90:cc:01:6d:25, 2015-01-01 03:57:18.700, 0.904, 0.231, 0.315, -0.61, 0, 0, 36.689, -66.588, 151.073, -26.213, -14.873, -7.933, 32.33, 0.02914, 0.57043, 0.12616, 0.811,
 15:46:03.948,ed:35:33:d3:6c:f8, 2015-01-01 03:57:18.645, 0.373, -0.019, 0.928, -0.549, 0.183, -0.366, -1.599, -22.341, 159.093, -11.267, -6.713, -35.713, 30.72, -0.18002, -0.18875, 0.04898, -0.96408,
 15:46:03.948,ed:35:33:d3:6c:f8, 2015-01-01 03:57:18.645, 0.373, -0.023, 0.926, -0.549, 0.732, -0.61, -1.604, -22.33, 159.066, -11.267, -6.713, -35.713, 30.72, -0.18002, -0.18875, 0.04898, -0.96408,
 15:46:03.967,ed:40:fe:65:30:6c, 2015-01-01 03:57:23.715, 0.548, 0.025, 0.845, -0.427, -0.061, -0.061, 1.67, -33.393, -119.218, -18.680, -5.727, -7.527, 28.47, 0.48813, -0.24094, -0.15741, -0.82388,
 15:46:03.967,ed:40:fe:65:30:6c, 2015-01-01 03:57:23.715, 0.546, 0.025, 0.839, -0.549, -0.122, -0.122, 1.659, -33.393, -119.224, -18.680, -5.727, -7.527, 28.47, 0.48813, -0.24094, -0.15741, -0.82388,
 15:46:03.969,e3:ca:2d:fd:e0:8c, 2015-01-01 03:57:18.170, 0.957, 0.089, 0.337, -0.366, 0, -0.305, 14.788, -69.939, 146.547, -25.447, -12.913, -12.793, 29.62, 0.16306, 0.57468, -0.0625, 0.79944,
 15:46:03.969,e3:ca:2d:fd:e0:8c, 2015-01-01 03:57:18.170, 0.956, 0.089, 0.337, -0.305, -0.122, -0.122, 14.788, -69.939, 146.525, -25.447, -12.913, -12.793, 29.62, 0.16306, 0.57468, -0.0625, 0.79944,
 15:46:03.971,f6:90:cc:01:6d:25, 2015-01-01 03:57:18.700, 0.903, 0.232, 0.317, -0.244, -0.183, 0, 36.678, -66.588, 151.057, -26.213, -14.873, -7.933, 32.33, 0.02914, 0.57043, 0.12616, 0.811,
 15:46:03.971,f6:90:cc:01:6d:25, 2015-01-01 03:57:18.700, 0.904, 0.231, 0.316, -0.061, -0.305, 0, 36.683, -66.594, 151.029, -26.213, -14.873, -7.933, 32.33, 0.02914, 0.57043, 0.12616, 0.811,
 15:46:03.989,ed:40:fe:65:30:6c, 2015-01-01 03:57:23.715, 0.549, 0.027, 0.841, -0.61, -0.183, -0.122, 1.648, -33.398, -119.224, -18.680, -5.727, -7.527, 28.47, 0.48813, -0.24094, -0.15741, -0.82388,
 15:46:03.989,ed:40:fe:65:30:6c, 2015-01-01 03:57:23.715, 0.551, 0.029, 0.839, -0.427, -0.305, 0.122, 1.642, -33.398, -119.218, -18.680, -5.727, -7.527, 28.47, 0.48813, -0.24094, -0.15741, -0.82388,
 15:46:03.991,e3:ca:2d:fd:e0:8c, 2015-01-01 03:57:18.525, 0.954, 0.087, 0.34, -0.122, -0.305, 0, 14.793, -69.944, 146.508, -25.447, -12.913, -12.793, 29.62, 0.16306, 0.57468, -0.0625, 0.79944,
 15:46:03.991,e3:ca:2d:fd:e0:8c, 2015-01-01 03:57:18.525, 0.955, 0.087, 0.34, 0, -0.305, 0, 14.793, -69.95, 146.497, -25.447, -12.913, -12.793, 29.62, 0.16306, 0.57468, -0.0625, 0.79944,
 15:46:03.994,ed:35:33:d3:6c:f8, 2015-01-01 03:57:18.645, 0.373, -0.021, 0.923, -0.732, 0.732, -0.732, -1.609, -22.313, 159.049, -11.267, -6.713, -35.713, 30.72, -0.18002, -0.18875, 0.04898, -0.96408,
 15:46:03.994,ed:35:33:d3:6c:f8, 2015-01-01 03:57:18.645, 0.367, -0.017, 0.923, -1.282, -0.122, -0.793, -1.626, -22.313, 159.033, -11.267, -6.713, -35.713, 30.72, -0.18002, -0.18875, 0.04898, -0.96408,
 15:46:04.015,f6:90:cc:01:6d:25, 2015-01-01 03:57:18.700, 0.907, 0.231, 0.316, 0.122, -0.366, 0, 36.689, -66.599, 151.002, -26.213, -14.873, -7.933, 32.33, 0.02914, 0.57043, 0.12616, 0.811,
 15:46:04.015,f6:90:cc:01:6d:25, 2015-01-01 03:57:18.700, 0.907, 0.231, 0.316, 0.366, -0.366, 0.366, 36.694, -66.605, 150.98, -26.213, -14.873, -7.933, 32.33, 0.02914, 0.57043, 0.12616, 0.811,
 15:46:04.015,e3:ca:2d:fd:e0:8c, 2015-01-01 03:57:18.525, 0.957, 0.087, 0.341, 0.061, -0.122, 0.122, 14.788, -69.95, 146.492, -25.447, -12.913, -12.793, 29.62, 0.16306, 0.57468, -0.0625, 0.79944,
 15:46:04.015,e3:ca:2d:fd:e0:8c, 2015-01-01 03:57:18.525, 0.957, 0.088, 0.341, 0.183, -0.183, 0.183, 14.782, -69.955, 146.486, -25.447, -12.913, -12.793, 29.62, 0.16306, 0.57468, -0.0625, 0.79944,
 15:46:04.016,ed:35:33:d3:6c:f8, 2015-01-01 03:57:18.645, 0.387, -0.019, 0.916, 0, -0.549, -1.16, -1.609, -22.324, 159.011, -11.267, -6.713, -35.713, 30.72, -0.18002, -0.18875, 0.04898, -0.96408,
 15:46:04.016,ed:35:33:d3:6c:f8, 2015-01-01 03:57:18.645, 0.381, -0.016, 0.923, -0.488, 0.305, -1.099, -1.609, -22.313, 158.978, -11.267, -6.713, -35.713, 30.72, -0.18002, -0.18875, 0.04898, -0.96408,
 15:46:04.035,ed:40:fe:65:30:6c, 2015-01-01 03:57:23.715, 0.553, 0.025, 0.84, -0.122, -0.427, 0.488, 1.631, -33.404, -119.207, -18.680, -5.727, -7.527, 28.47, 0.48813, -0.24094, -0.15741, -0.82388,
 15:46:04.035,ed:40:fe:65:30:6c, 2015-01-01 03:57:23.715, 0.553, 0.023, 0.838, 0.122, -0.488, 0.793, 1.626, -33.415, -119.191, -18.680, -5.727, -7.527, 28.47, 0.48813, -0.24094, -0.15741, -0.82388,
 15:46:04.059,e3:ca:2d:fd:e0:8c, 2015-01-01 03:57:18.525, 0.957, 0.091, 0.339, 0.244, -0.244, 0.244, 14.777, -69.955, 146.492, -25.447, -12.913, -12.793, 29.62, 0.16306, 0.57468, -0.0625, 0.79944,
 15:46:04.059,e3:ca:2d:fd:e0:8c, 2015-01-01 03:57:18.525, 0.957, 0.091, 0.338, 0.183, -0.366, 0.244, 14.771, -69.961, 146.492, -25.447, -12.913, -12.793, 29.62, 0.16306, 0.57468, -0.0625, 0.79944,
 15:46:04.061,ed:35:33:d3:6c:f8, 2015-01-01 03:57:18.645, 0.384, -0.021, 0.922, 0.183, 0.488, -0.671, -1.593, -22.308, 158.961, -11.113, -6.600, -34.840, 30.72, -0.18002, -0.18875, 0.04898, -0.96408,
 15:46:04.061,ed:35:33:d3:6c:f8, 2015-01-01 03:57:18.645, 0.372, -0.028, 0.921, 0.183, -0.183, 0.183, -1.588, -22.308, 158.961, -11.113, -6.600, -34.840, 30.72, -0.18002, -0.18875, 0.04898, -0.96408,
 15:46:04.083,f6:90:cc:01:6d:25, 2015-01-01 03:57:18.700, 0.907, 0.231, 0.317, 0.488, -0.61, 0.366, 36.694, -66.616, 150.963, -26.067, -15.240, -7.613, 32.33, 0.02914, 0.57043, 0.12616, 0.811,
 15:46:04.083,f6:90:cc:01:6d:25, 2015-01-01 03:57:18.700, 0.903, 0.233, 0.312, 0.793, -0.488, 0.305, 36.705, -66.632, 150.941, -26.067, -15.240, -7.613, 32.33, 0.02914, 0.57043, 0.12616, 0.811,
 15:46:04.103,ed:40:fe:65:30:6c, 2015-01-01 03:57:23.715, 0.548, 0.02, 0.837, 0.427, -0.549, 0.916, 1.626, -33.42, -119.163, -18.680, -5.727, -7.527, 28.47, 0.48813, -0.24094, -0.15741, -0.82388,
 15:46:04.103,ed:40:fe:65:30:6c, 2015-01-01 03:57:23.715, 0.547, 0.02, 0.837, 0.305, -0.549, 0.488, 1.626, -33.431, -119.152, -18.680, -5.727, -7.527, 28.47, 0.48813, -0.24094, -0.15741, -0.82388,
 15:46:04.104,e3:ca:2d:fd:e0:8c, 2015-01-01 03:57:18.525, 0.955, 0.091, 0.335, 0.061, -0.366, 0.244, 14.766, -69.972, 146.492, -25.447, -12.913, -12.793, 29.62, 0.16306, 0.57468, -0.0625, 0.79944,
 15:46:04.104,e3:ca:2d:fd:e0:8c, 2015-01-01 03:57:18.525, 0.956, 0.092, 0.336, 0, -0.366, 0.305, 14.76, -69.977, 146.492, -25.447, -12.913, -12.793, 29.62, 0.16306, 0.57468, -0.0625, 0.79944,
 15:46:04.105,f6:90:cc:01:6d:25, 2015-01-01 03:57:18.700, 0.899, 0.235, 0.312, 0.793, -0.549, 0.122, 36.727, -66.643, 150.919, -26.067, -15.240, -7.613, 32.33, 0.03156, 0.57074, 0.1239, 0.81104,
 15:46:04.105,f6:90:cc:01:6d:25, 2015-01-01 03:57:18.700, 0.902, 0.235, 0.312, 0.488, -0.671, 0, 36.749, -66.654, 150.886, -26.067, -15.240, -7.613, 32.33, 0.03156, 0.57074, 0.1239, 0.81104,
 15:46:04.107,ed:35:33:d3:6c:f8, 2015-01-01 03:57:18.645, 0.376, -0.031, 0.92, -0.366, -1.343, 0.427, -1.599, -22.335, 158.972, -11.113, -6.600, -34.840, 30.72, -0.18167, -0.18781, 0.04874, -0.96396,
 15:46:04.107,ed:35:33:d3:6c:f8, 2015-01-01 03:57:18.645, 0.38, -0.026, 0.917, -0.488, -0.916, -0.061, -1.604, -22.352, 158.983, -11.113, -6.600, -34.840, 30.72, -0.18167, -0.18781, 0.04874, -0.96396,
 15:46:04.125,ed:40:fe:65:30:6c, 2015-01-01 03:57:23.715, 0.552, 0.022, 0.835, 0.061, -0.549, -0.122, 1.626, -33.442, -119.158, -18.327, -6.160, -7.600, 28.47, 0.48813, -0.24094, -0.15741, -0.82388,
 15:46:04.125,ed:40:fe:65:30:6c, 2015-01-01 03:57:23.715, 0.556, 0.027, 0.835, -0.244, -0.671, -0.427, 1.626, -33.453, -119.163, -18.327, -6.160, -7.600, 28.47, 0.48813, -0.24094, -0.15741, -0.82388,
 15:46:04.149,e3:ca:2d:fd:e0:8c, 2015-01-01 03:57:18.525, 0.958, 0.089, 0.338, -0.061, -0.488, 0.366, 14.749, -69.988, 146.497, -25.447, -12.913, -12.793, 29.62, 0.16306, 0.57468, -0.0625, 0.79944,
 15:46:04.149,e3:ca:2d:fd:e0:8c, 2015-01-01 03:57:18.525, 0.958, 0.088, 0.339, -0.183, -0.671, 0.427, 14.733, -69.999, 146.503, -25.447, -12.913, -12.793, 29.62, 0.16306, 0.57468, -0.0625, 0.79944,
 15:46:04.151,ed:35:33:d3:6c:f8, 2015-01-01 03:57:18.915, 0.384, -0.02, 0.917, -0.732, -1.038, -0.366, -1.615, -22.374, 158.983, -11.113, -6.600, -34.840, 30.72, -0.18167, -0.18781, 0.04874, -0.96396,
 15:46:04.151,ed:35:33:d3:6c:f8, 2015-01-01 03:57:18.915, 0.384, -0.02, 0.913, -0.122, -0.488, -0.366, -1.615, -22.385, 158.967, -11.113, -6.600, -34.840, 30.72, -0.18167, -0.18781, 0.04874, -0.96396,
 15:46:04.151,f6:90:cc:01:6d:25, 2015-01-01 03:57:18.700, 0.908, 0.236, 0.311, 0.244, -0.854, 0, 36.777, -66.665, 150.848, -26.067, -15.240, -7.613, 32.33, 0.03156, 0.57074, 0.1239, 0.81104,
 15:46:04.151,f6:90:cc:01:6d:25, 2015-01-01 03:57:18.700, 0.91, 0.233, 0.313, 0.122, -0.977, 0.061, 36.804, -66.676, 150.804, -26.067, -15.240, -7.613, 32.33, 0.03156, 0.57074, 0.1239, 0.81104,
 15:46:04.170,ed:40:fe:65:30:6c, 2015-01-01 03:57:23.715, 0.556, 0.026, 0.834, -0.244, -0.427, -0.488, 1.631, -33.459, -119.174, -18.327, -6.160, -7.600, 28.47, 0.48813, -0.24094, -0.15741, -0.82388,
 15:46:04.170,ed:40:fe:65:30:6c, 2015-01-01 03:57:23.715, 0.554, 0.021, 0.839, -0.244, -0.122, -0.305, 1.631, -33.459, -119.18, -18.327, -6.160, -7.600, 28.47, 0.48813, -0.24094, -0.15741, -0.82388,
 15:46:04.172,f6:90:cc:01:6d:25, 2015-01-01 03:57:19.035, 0.912, 0.229, 0.314, 0.183, -0.977, 0.122, 36.826, -66.693, 150.76, -26.067, -15.240, -7.613, 32.33, 0.03156, 0.57074, 0.1239, 0.81104,
 15:46:04.172,f6:90:cc:01:6d:25, 2015-01-01 03:57:19.035, 0.911, 0.227, 0.319, 0.305, -1.038, 0.122, 36.854, -66.709, 150.721, -26.067, -15.240, -7.613, 32.33, 0.03156, 0.57074, 0.1239, 0.81104,
 15:46:04.192,ed:40:fe:65:30:6c, 2015-01-01 03:57:23.715, 0.552, 0.023, 0.839, -0.061, -0.061, 0.061, 1.626, -33.459, -119.18, -18.327, -6.160, -7.600, 28.47, 0.48819, -0.24133, -0.15744, -0.82373,
 15:46:04.192,ed:40:fe:65:30:6c, 2015-01-01 03:57:23.715, 0.553, 0.023, 0.843, 0, 0, 0.427, 1.62, -33.459, -119.169, -18.327, -6.160, -7.600, 28.47, 0.48819, -0.24133, -0.15744, -0.82373,
 15:46:04.194,e3:ca:2d:fd:e0:8c, 2015-01-01 03:57:18.525, 0.958, 0.086, 0.341, -0.244, -0.671, 0.366, 14.716, -70.01, 146.508, -25.447, -12.913, -12.793, 29.62, 0.16306, 0.57468, -0.0625, 0.79944,
 15:46:04.194,e3:ca:2d:fd:e0:8c, 2015-01-01 03:57:18.525, 0.958, 0.086, 0.344, -0.061, -0.671, 0.305, 14.711, -70.027, 146.508, -25.447, -12.913, -12.793, 29.62, 0.16306, 0.57468, -0.0625, 0.79944,
 15:46:04.198,ed:35:33:d3:6c:f8, 2015-01-01 03:57:18.915, 0.382, -0.021, 0.919, -0.122, -0.122, -0.183, -1.615, -22.385, 158.923, -11.113, -6.600, -34.840, 30.72, -0.18167, -0.18781, 0.04874, -0.96396,
 15:46:04.198,ed:35:33:d3:6c:f8, 2015-01-01 03:57:18.915, 0.379, -0.019, 0.921, 0.061, 0, 0.122, -1.609, -22.39, 158.895, -11.113, -6.600, -34.840, 30.72, -0.18167, -0.18781, 0.04874, -0.96396,
 15:46:04.217,e3:ca:2d:fd:e0:8c, 2015-01-01 03:57:18.525, 0.958, 0.087, 0.343, 0.061, -0.488, 0.244, 14.7, -70.032, 146.508, -25.767, -12.773, -13.420, 29.62, 0.16306, 0.57468, -0.0625, 0.79944,
 15:46:04.217,e3:ca:2d:fd:e0:8c, 2015-01-01 03:57:18.525, 0.957, 0.088, 0.339, 0.183, -0.061, 0.061, 14.7, -70.038, 146.503, -25.767, -12.773, -13.420, 29.62, 0.16306, 0.57468, -0.0625, 0.79944,
 15:46:04.217,f6:90:cc:01:6d:25, 2015-01-01 03:57:19.035, 0.907, 0.23, 0.318, 0.916, -1.038, 0.244, 36.881, -66.731, 150.677, -26.067, -15.240, -7.613, 32.33, 0.03156, 0.57074, 0.1239, 0.81104,
 15:46:04.217,f6:90:cc:01:6d:25, 2015-01-01 03:57:19.035, 0.905, 0.232, 0.31, 1.343, -0.854, 0.244, 36.914, -66.747, 150.677, -26.067, -15.240, -7.613, 32.33, 0.03156, 0.57074, 0.1239, 0.81104,
 15:46:04.218,ed:35:33:d3:6c:f8, 2015-01-01 03:57:18.915, 0.381, -0.025, 0.923, 0, -0.488, 0.183, -1.609, -22.396, 158.873, -11.113, -6.600, -34.840, 30.72, -0.18167, -0.18781, 0.04874, -0.96396,
 15:46:04.218,ed:35:33:d3:6c:f8, 2015-01-01 03:57:18.915, 0.381, -0.032, 0.919, -0.61, -1.221, 0, -1.62, -22.423, 158.851, -11.113, -6.600, -34.840, 30.72, -0.18167, -0.18781, 0.04874, -0.96396,
 15:46:04.237,ed:40:fe:65:30:6c, 2015-01-01 03:57:23.715, 0.552, 0.018, 0.835, -0.061, 0, 0.366, 1.615, -33.459, -119.158, -18.327, -6.160, -7.600, 28.47, 0.48819, -0.24133, -0.15744, -0.82373,
 15:46:04.237,ed:40:fe:65:30:6c, 2015-01-01 03:57:23.715, 0.554, 0.018, 0.834, -0.305, -0.183, 0, 1.609, -33.459, -119.158, -18.327, -6.160, -7.600, 28.47, 0.48819, -0.24133, -0.15744, -0.82373,
 15:46:04.239,f6:90:cc:01:6d:25, 2015-01-01 03:57:19.035, 0.906, 0.231, 0.302, 0.977, -0.61, 0, 36.947, -66.758, 150.716, -26.067, -15.240, -7.613, 32.33, 0.03156, 0.57074, 0.1239, 0.81104,
 15:46:04.239,f6:90:cc:01:6d:25, 2015-01-01 03:57:19.035, 0.912, 0.23, 0.303, 0.366, -0.61, 0, 36.969, -66.769, 150.749, -26.067, -15.240, -7.613, 32.33, 0.03156, 0.57074, 0.1239, 0.81104,
 15:46:04.261,e3:ca:2d:fd:e0:8c, 2015-01-01 03:57:18.525, 0.959, 0.087, 0.333, 0.183, 0.366, 0, 14.7, -70.027, 146.497, -25.767, -12.773, -13.420, 29.62, 0.16306, 0.57468, -0.0625, 0.79944,
 15:46:04.261,e3:ca:2d:fd:e0:8c, 2015-01-01 03:57:18.525, 0.963, 0.086, 0.332, 0.244, 0.427, 0, 14.694, -70.021, 146.497, -25.767, -12.773, -13.420, 29.62, 0.16306, 0.57468, -0.0625, 0.79944,
 15:46:04.265,ed:35:33:d3:6c:f8, 2015-01-01 03:57:18.915, 0.385, -0.03, 0.919, -0.977, -1.587, -0.183, -1.637, -22.456, 158.829, -11.113, -6.600, -34.840, 30.72, -0.18167, -0.18781, 0.04874, -0.96396,
 15:46:04.265,ed:35:33:d3:6c:f8, 2015-01-01 03:57:18.915, 0.389, -0.023, 0.918, -0.916, -1.465, -0.244, -1.653, -22.484, 158.813, -11.113, -6.600, -34.840, 30.72, -0.18167, -0.18781, 0.04874, -0.96396,
 15:46:04.282,ed:40:fe:65:30:6c, 2015-01-01 03:57:24.050, 0.558, 0.021, 0.835, -0.549, -0.549, -0.183, 1.599, -33.47, -119.163, -18.327, -6.160, -7.600, 28.47, 0.48819, -0.24133, -0.15744, -0.82373,
 15:46:04.282,ed:40:fe:65:30:6c, 2015-01-01 03:57:24.050, 0.559, 0.023, 0.838, -0.732, -0.488, -0.183, 1.588, -33.481, -119.163, -18.327, -6.160, -7.600, 28.47, 0.48819, -0.24133, -0.15744, -0.82373,
 15:46:04.286,f6:90:cc:01:6d:25, 2015-01-01 03:57:19.035, 0.913, 0.231, 0.305, 0, -0.916, -0.122, 36.996, -66.78, 150.71, -26.067, -15.240, -7.613, 32.33, 0.03156, 0.57074, 0.1239, 0.81104,
 15:46:04.286,f6:90:cc:01:6d:25, 2015-01-01 03:57:19.035, 0.911, 0.232, 0.307, 0.122, -1.16, -0.122, 37.029, -66.802, 150.683, -26.067, -15.240, -7.613, 32.33, 0.03156, 0.57074, 0.1239, 0.81104,
 15:46:04.306,e3:ca:2d:fd:e0:8c, 2015-01-01 03:57:18.525, 0.961, 0.087, 0.331, 0.183, 0, 0, 14.7, -70.016, 146.492, -25.767, -12.773, -13.420, 29.62, 0.16379, 0.57504, -0.06363, 0.79895,
 15:46:04.306,e3:ca:2d:fd:e0:8c, 2015-01-01 03:57:18.525, 0.958, 0.088, 0.334, 0.183, -0.305, 0, 14.705, -70.021, 146.481, -25.767, -12.773, -13.420, 29.62, 0.16379, 0.57504, -0.06363, 0.79895,
 15:46:04.311,ed:35:33:d3:6c:f8, 2015-01-01 03:57:18.915, 0.387, -0.023, 0.917, -0.488, -1.831, -0.305, -1.659, -22.522, 158.829, -11.113, -6.600, -34.840, 30.72, -0.18167, -0.18781, 0.04874, -0.96396,
 15:46:04.311,ed:35:33:d3:6c:f8, 2015-01-01 03:57:18.915, 0.384, -0.027, 0.92, 0.732, -1.648, 0.122, -1.642, -22.555, 158.879, -11.113, -6.600, -34.840, 30.72, -0.18167, -0.18781, 0.04874, -0.96396,
 15:46:04.327,ed:40:fe:65:30:6c, 2015-01-01 03:57:24.050, 0.558, 0.02, 0.838, -0.61, -0.244, -0.183, 1.577, -33.486, -119.169, -18.327, -6.160, -7.600, 28.47, 0.48819, -0.24133, -0.15744, -0.82373,
 15:46:04.327,ed:40:fe:65:30:6c, 2015-01-01 03:57:24.050, 0.555, 0.018, 0.838, -0.366, -0.305, -0.122, 1.566, -33.492, -119.169, -18.327, -6.160, -7.600, 28.47, 0.48819, -0.24133, -0.15744, -0.82373,
 15:46:04.329,f6:90:cc:01:6d:25, 2015-01-01 03:57:19.035, 0.911, 0.231, 0.309, 0.549, -1.038, -0.122, 37.068, -66.819, 150.661, -26.067, -15.240, -7.613, 32.33, 0.03156, 0.57074, 0.1239, 0.81104,
 15:46:04.329,f6:90:cc:01:6d:25, 2015-01-01 03:57:19.035, 0.908, 0.231, 0.311, 0.61, -0.793, -0.183, 37.112, -66.83, 150.612, -26.067, -15.240, -7.613, 32.33, 0.03156, 0.57074, 0.1239, 0.81104,
 15:46:04.353,ed:35:33:d3:6c:f8, 2015-01-01 03:57:18.915, 0.386, -0.028, 0.919, -0.732, -1.16, -2.93, -1.637, -22.582, 158.873, -11.527, -6.593, -33.507, 30.72, -0.18167, -0.18781, 0.04874, -0.96396,
 15:46:04.353,ed:35:33:d3:6c:f8, 2015-01-01 03:57:18.915, 0.385, -0.02, 0.918, -0.061, -0.916, 0.244, -1.637, -22.599, 158.939, -11.527, -6.593, -33.507, 30.72, -0.18167, -0.18781, 0.04874, -0.96396,
 15:46:04.373,e3:ca:2d:fd:e0:8c, 2015-01-01 03:57:18.525, 0.956, 0.088, 0.338, 0.183, -0.305, 0, 14.711, -70.027, 146.47, -25.767, -12.773, -13.420, 29.62, 0.16379, 0.57504, -0.06363, 0.79895,
 15:46:04.373,e3:ca:2d:fd:e0:8c, 2015-01-01 03:57:18.525, 0.955, 0.087, 0.342, 0.244, -0.183, 0, 14.716, -70.032, 146.459, -25.767, -12.773, -13.420, 29.62, 0.16379, 0.57504, -0.06363, 0.79895,
 15:46:04.374,ed:40:fe:65:30:6c, 2015-01-01 03:57:24.050, 0.554, 0.023, 0.837, -0.244, -0.366, 0, 1.56, -33.497, -119.169, -18.327, -6.160, -7.600, 28.47, 0.48819, -0.24133, -0.15744, -0.82373,
 15:46:04.374,ed:40:fe:65:30:6c, 2015-01-01 03:57:24.050, 0.555, 0.025, 0.835, -0.244, -0.305, 0.183, 1.555, -33.508, -119.163, -18.327, -6.160, -7.600, 28.47, 0.48819, -0.24133, -0.15744, -0.82373,
 15:46:04.375,f6:90:cc:01:6d:25, 2015-01-01 03:57:19.035, 0.908, 0.231, 0.31, 0.488, -0.427, -0.061, 37.134, -66.841, 150.59, -26.067, -15.240, -7.613, 32.33, 0.03156, 0.57074, 0.1239, 0.81104,
 15:46:04.375,f6:90:cc:01:6d:25, 2015-01-01 03:57:19.035, 0.907, 0.232, 0.31, 0.183, -0.305, 0, 37.145, -66.846, 150.579, -26.067, -15.240, -7.613, 32.33, 0.03156, 0.57074, 0.1239, 0.81104,
 15:46:04.394,ed:40:fe:65:30:6c, 2015-01-01 03:57:24.050, 0.553, 0.023, 0.835, -0.366, -0.244, 0.183, 1.544, -33.508, -119.158, -18.327, -6.160, -7.600, 28.47, 0.48819, -0.24133, -0.15744, -0.82373,
 15:46:04.394,ed:40:fe:65:30:6c, 2015-01-01 03:57:24.050, 0.553, 0.019, 0.836, -0.366, -0.122, 0.061, 1.533, -33.514, -119.158, -18.327, -6.160, -7.600, 28.47, 0.48819, -0.24133, -0.15744, -0.82373,
 15:46:04.396,e3:ca:2d:fd:e0:8c, 2015-01-01 03:57:18.905, 0.955, 0.087, 0.343, 0.183, 0.061, -0.061, 14.722, -70.032, 146.448, -25.767, -12.773, -13.420, 29.62, 0.16379, 0.57504, -0.06363, 0.79895,
 15:46:04.396,e3:ca:2d:fd:e0:8c, 2015-01-01 03:57:18.905, 0.956, 0.088, 0.341, 0.122, 0.244, -0.061, 14.722, -70.027, 146.442, -25.767, -12.773, -13.420, 29.62, 0.16379, 0.57504, -0.06363, 0.79895,
 15:46:04.399,ed:35:33:d3:6c:f8, 2015-01-01 03:57:18.915, 0.385, -0.02, 0.916, -0.549, -0.61, 0.061, -1.648, -22.615, 158.978, -11.527, -6.593, -33.507, 30.72, -0.18161, -0.19019, 0.04962, -0.96347,
 15:46:04.399,ed:35:33:d3:6c:f8, 2015-01-01 03:57:18.915, 0.381, -0.025, 0.917, -1.221, -0.916, 0, -1.67, -22.632, 159.022, -11.527, -6.593, -33.507, 30.72, -0.18161, -0.19019, 0.04962, -0.96347,
 15:46:04.418,e3:ca:2d:fd:e0:8c, 2015-01-01 03:57:18.905, 0.957, 0.089, 0.338, 0.061, 0.244, -0.061, 14.722, -70.021, 146.437, -25.767, -12.773, -13.420, 29.62, 0.16379, 0.57504, -0.06363, 0.79895,
 15:46:04.418,e3:ca:2d:fd:e0:8c, 2015-01-01 03:57:18.905, 0.958, 0.088, 0.336, 0.061, 0.061, -0.061, 14.727, -70.016, 146.426, -25.767, -12.773, -13.420, 29.62, 0.16379, 0.57504, -0.06363, 0.79895,
 15:46:04.422,ed:35:33:d3:6c:f8, 2015-01-01 03:57:19.205, 0.386, -0.028, 0.916, -1.648, -1.038, -0.305, -1.697, -22.654, 159.044, -11.527, -6.593, -33.507, 30.72, -0.18161, -0.19019, 0.04962, -0.96347,
 15:46:04.422,ed:35:33:d3:6c:f8, 2015-01-01 03:57:19.205, 0.388, -0.025, 0.916, -1.709, -0.793, -0.305, -1.73, -22.67, 159.055, -11.527, -6.593, -33.507, 30.72, -0.18161, -0.19019, 0.04962, -0.96347,
 15:46:04.440,ed:40:fe:65:30:6c, 2015-01-01 03:57:24.050, 0.558, 0.018, 0.836, -0.122, -0.061, 0, 1.533, -33.514, -119.158, -18.327, -6.160, -7.600, 28.47, 0.48819, -0.24133, -0.15744, -0.82373,
 15:46:04.440,ed:40:fe:65:30:6c, 2015-01-01 03:57:24.050, 0.558, 0.022, 0.835, 0.671, -0.061, 0.671, 1.533, -33.519, -119.147, -18.327, -6.160, -7.600, 28.47, 0.48819, -0.24133, -0.15744, -0.82373,
 15:46:04.443,f6:90:cc:01:6d:25, 2015-01-01 03:57:19.035, 0.907, 0.232, 0.31, -0.244, -0.305, 0.061, 37.145, -66.852, 150.634, -26.413, -15.100, -8.167, 32.33, 0.03156, 0.57074, 0.1239, 0.81104,
 15:46:04.443,f6:90:cc:01:6d:25, 2015-01-01 03:57:19.035, 0.909, 0.231, 0.309, -0.183, -0.366, 0.061, 37.145, -66.863, 150.683, -26.413, -15.100, -8.167, 32.33, 0.03156, 0.57074, 0.1239, 0.81104,
 15:46:04.463,e3:ca:2d:fd:e0:8c, 2015-01-01 03:57:18.905, 0.959, 0.088, 0.334, 0.122, -0.122, 0, 14.727, -70.021, 146.42, -25.767, -12.773, -13.420, 29.62, 0.16379, 0.57504, -0.06363, 0.79895,
 15:46:04.464,e3:ca:2d:fd:e0:8c, 2015-01-01 03:57:18.905, 0.958, 0.087, 0.336, 0.244, -0.244, 0, 14.733, -70.021, 146.409, -25.767, -12.773, -13.420, 29.62, 0.16379, 0.57504, -0.06363, 0.79895,
 15:46:04.465,f6:90:cc:01:6d:25, 2015-01-01 03:57:19.035, 0.909, 0.23, 0.307, 0.305, -0.122, 0, 37.15, -66.863, 150.727, -26.413, -15.100, -8.167, 32.33, 0.02994, 0.57245, 0.12531, 0.80969,
 15:46:04.465,f6:90:cc:01:6d:25, 2015-01-01 03:57:19.035, 0.909, 0.231, 0.305, 0.671, 0.061, 0, 37.156, -66.868, 150.765, -26.413, -15.100, -8.167, 32.33, 0.02994, 0.57245, 0.12531, 0.80969,
 15:46:04.466,ed:35:33:d3:6c:f8, 2015-01-01 03:57:19.205, 0.392, -0.02, 0.917, -1.587, -0.916, -0.122, -1.758, -22.692, 159.066, -11.527, -6.593, -33.507, 30.72, -0.18161, -0.19019, 0.04962, -0.96347,
 15:46:04.466,ed:35:33:d3:6c:f8, 2015-01-01 03:57:19.205, 0.39, -0.023, 0.914, -0.488, -0.793, 0.366, -1.769, -22.709, 159.088, -11.527, -6.593, -33.507, 30.72, -0.18161, -0.19019, 0.04962, -0.96347,
 15:46:04.508,e3:ca:2d:fd:e0:8c, 2015-01-01 03:57:18.905, 0.957, 0.088, 0.336, 0.305, -0.122, 0.061, 14.738, -70.027, 146.404, -25.767, -12.773, -13.420, 29.62, 0.16379, 0.57504, -0.06363, 0.79895,
 15:46:04.508,e3:ca:2d:fd:e0:8c, 2015-01-01 03:57:18.905, 0.957, 0.091, 0.338, 0.183, 0, 0.061, 14.738, -70.027, 146.398, -25.767, -12.773, -13.420, 29.62, 0.16379, 0.57504, -0.06363, 0.79895,
 15:46:04.508,ed:40:fe:65:30:6c, 2015-01-01 03:57:24.050, 0.557, 0.021, 0.833, 0.977, 0, 0.671, 1.538, -33.519, -119.13, -18.620, -6.327, -7.673, 28.47, 0.48819, -0.24133, -0.15744, -0.82373,
 15:46:04.508,ed:40:fe:65:30:6c, 2015-01-01 03:57:24.050, 0.555, 0.022, 0.834, 0.793, 0.061, 0.183, 1.549, -33.519, -119.119, -18.620, -6.327, -7.673, 28.47, 0.48819, -0.24133, -0.15744, -0.82373,
 15:46:04.510,f6:90:cc:01:6d:25, 2015-01-01 03:57:19.035, 0.907, 0.233, 0.303, 0.61, 0.244, 0, 37.161, -66.863, 150.793, -26.413, -15.100, -8.167, 32.33, 0.02994, 0.57245, 0.12531, 0.80969,
 15:46:04.510,f6:90:cc:01:6d:25, 2015-01-01 03:57:19.035, 0.907, 0.237, 0.305, 0.549, 0.427, 0.122, 37.156, -66.863, 150.82, -26.413, -15.100, -8.167, 32.33, 0.02994, 0.57245, 0.12531, 0.80969,
 15:46:04.510,ed:35:33:d3:6c:f8, 2015-01-01 03:57:19.205, 0.388, -0.03, 0.912, 0.305, -0.671, 0.549, -1.763, -22.725, 159.12, -11.527, -6.593, -33.507, 30.72, -0.18161, -0.19019, 0.04962, -0.96347,
 15:46:04.510,ed:35:33:d3:6c:f8, 2015-01-01 03:57:19.205, 0.386, -0.028, 0.915, 0.488, -0.244, 0.366, -1.752, -22.731, 159.142, -11.527, -6.593, -33.507, 30.72, -0.18161, -0.19019, 0.04962, -0.96347,
 15:46:04.530,ed:40:fe:65:30:6c, 2015-01-01 03:57:24.050, 0.555, 0.025, 0.836, 0.549, 0.183, -0.061, 1.56, -33.519, -119.114, -18.620, -6.327, -7.673, 28.47, 0.48843, -0.24197, -0.15732, -0.82343,
 15:46:04.530,ed:40:fe:65:30:6c, 2015-01-01 03:57:24.050, 0.554, 0.025, 0.836, 0.244, 0.244, -0.183, 1.571, -33.519, -119.114, -18.620, -6.327, -7.673, 28.47, 0.48843, -0.24197, -0.15732, -0.82343,
 15:46:04.531,e3:ca:2d:fd:e0:8c, 2015-01-01 03:57:18.905, 0.957, 0.092, 0.339, 0.061, 0, 0.061, 14.738, -70.027, 146.398, -25.767, -12.773, -13.420, 29.62, 0.16379, 0.57504, -0.06363, 0.79895,
 15:46:04.531,e3:ca:2d:fd:e0:8c, 2015-01-01 03:57:18.905, 0.957, 0.09, 0.339, 0, 0, 0, 14.738, -70.021, 146.393, -25.767, -12.773, -13.420, 29.62, 0.16379, 0.57504, -0.06363, 0.79895,
 15:46:04.532,f6:90:cc:01:6d:25, 2015-01-01 03:57:19.390, 0.908, 0.236, 0.309, 0.122, 0.488, 0.061, 37.145, -66.857, 150.848, -26.413, -15.100, -8.167, 32.33, 0.02994, 0.57245, 0.12531, 0.80969,
 15:46:04.532,f6:90:cc:01:6d:25, 2015-01-01 03:57:19.390, 0.908, 0.235, 0.31, -0.122, 0.244, 0.061, 37.134, -66.852, 150.903, -26.413, -15.100, -8.167, 32.33, 0.02994, 0.57245, 0.12531, 0.80969,
 15:46:04.556,ed:35:33:d3:6c:f8, 2015-01-01 03:57:19.205, 0.387, -0.023, 0.918, 0.305, 0, 0.061, -1.747, -22.731, 159.153, -11.527, -6.593, -33.507, 30.72, -0.18161, -0.19019, 0.04962, -0.96347,
 15:46:04.556,ed:35:33:d3:6c:f8, 2015-01-01 03:57:19.205, 0.386, -0.022, 0.918, -0.244, -0.061, -0.061, -1.747, -22.736, 159.17, -11.527, -6.593, -33.507, 30.72, -0.18161, -0.19019, 0.04962, -0.96347,
 15:46:04.575,ed:40:fe:65:30:6c, 2015-01-01 03:57:24.050, 0.553, 0.023, 0.836, 0.183, 0.183, -0.061, 1.577, -33.514, -119.119, -18.620, -6.327, -7.673, 28.47, 0.48843, -0.24197, -0.15732, -0.82343,
 15:46:04.575,ed:40:fe:65:30:6c, 2015-01-01 03:57:24.050, 0.55, 0.022, 0.837, 0.305, 0.183, 0, 1.582, -33.508, -119.119, -18.620, -6.327, -7.673, 28.47, 0.48843, -0.24197, -0.15732, -0.82343,
 15:46:04.576,e3:ca:2d:fd:e0:8c, 2015-01-01 03:57:18.905, 0.957, 0.089, 0.339, -0.122, 0.122, 0, 14.733, -70.021, 146.387, -25.767, -12.773, -13.420, 29.62, 0.16379, 0.57504, -0.06363, 0.79895,
 15:46:04.576,e3:ca:2d:fd:e0:8c, 2015-01-01 03:57:18.905, 0.956, 0.088, 0.338, -0.061, 0.061, 0, 14.733, -70.016, 146.382, -25.767, -12.773, -13.420, 29.62, 0.16379, 0.57504, -0.06363, 0.79895,
 15:46:04.578,f6:90:cc:01:6d:25, 2015-01-01 03:57:19.390, 0.906, 0.233, 0.309, -0.244, 0.305, 0.122, 37.117, -66.852, 150.947, -26.413, -15.100, -8.167, 32.33, 0.02994, 0.57245, 0.12531, 0.80969,
 15:46:04.579,f6:90:cc:01:6d:25, 2015-01-01 03:57:19.390, 0.907, 0.231, 0.309, -0.183, 0.366, 0, 37.106, -66.846, 151.002, -26.413, -15.100, -8.167, 32.33, 0.02994, 0.57245, 0.12531, 0.80969,
 15:46:04.597,ed:40:fe:65:30:6c, 2015-01-01 03:57:24.385, 0.553, 0.021, 0.838, 0.305, 0.183, 0.061, 1.588, -33.508, -119.119, -18.620, -6.327, -7.673, 28.47, 0.48843, -0.24197, -0.15732, -0.82343,
 15:46:04.597,ed:40:fe:65:30:6c, 2015-01-01 03:57:24.385, 0.554, 0.021, 0.837, 0.366, 0.183, 0.122, 1.593, -33.503, -119.114, -18.620, -6.327, -7.673, 28.47, 0.48843, -0.24197, -0.15732, -0.82343,
 15:46:04.602,ed:35:33:d3:6c:f8, 2015-01-01 03:57:19.205, 0.384, -0.023, 0.916, -0.549, -0.244, 0, -1.758, -22.742, 159.208, -11.527, -6.593, -33.507, 30.72, -0.18161, -0.19019, 0.04962, -0.96347,
 15:46:04.602,ed:35:33:d3:6c:f8, 2015-01-01 03:57:19.205, 0.384, -0.025, 0.916, -0.122, -0.122, 0.122, -1.758, -22.747, 159.225, -11.527, -6.593, -33.507, 30.72, -0.18161, -0.19019, 0.04962, -0.96347,
 15:46:04.623,f6:90:cc:01:6d:25, 2015-01-01 03:57:19.390, 0.908, 0.23, 0.309, 0, 0.305, 0, 37.095, -66.841, 151.018, -26.413, -15.100, -8.167, 32.33, 0.02994, 0.57245, 0.12531, 0.80969,
 15:46:04.623,f6:90:cc:01:6d:25, 2015-01-01 03:57:19.390, 0.909, 0.229, 0.309, 0.244, 0.366, 0, 37.09, -66.841, 151.04, -26.413, -15.100, -8.167, 32.33, 0.02994, 0.57245, 0.12531, 0.80969,
 15:46:04.625,ed:35:33:d3:6c:f8, 2015-01-01 03:57:19.205, 0.386, -0.025, 0.917, 0, 0.061, 0.122, -1.758, -22.747, 159.247, -11.400, -6.980, -34.273, 30.72, -0.18161, -0.19019, 0.04962, -0.96347,
 15:46:04.625,ed:35:33:d3:6c:f8, 2015-01-01 03:57:19.205, 0.387, -0.024, 0.916, 0.244, 0.183, 0.183, -1.752, -22.742, 159.269, -11.400, -6.980, -34.273, 30.72, -0.18161, -0.19019, 0.04962, -0.96347,
 15:46:04.642,ed:40:fe:65:30:6c, 2015-01-01 03:57:24.385, 0.553, 0.022, 0.837, 0.488, 0.244, 0.305, 1.593, -33.497, -119.108, -18.620, -6.327, -7.673, 28.47, 0.48843, -0.24197, -0.15732, -0.82343,
 15:46:04.642,ed:40:fe:65:30:6c, 2015-01-01 03:57:24.385, 0.552, 0.021, 0.838, 0.427, 0.244, 0.305, 1.599, -33.497, -119.103, -18.620, -6.327, -7.673, 28.47, 0.48843, -0.24197, -0.15732, -0.82343,
 15:46:04.643,e3:ca:2d:fd:e0:8c, 2015-01-01 03:57:18.905, 0.957, 0.087, 0.338, -0.061, 0.061, 0.061, 14.727, -70.016, 146.382, -25.847, -12.807, -13.193, 29.62, 0.16379, 0.57504, -0.06363, 0.79895,
 15:46:04.643,e3:ca:2d:fd:e0:8c, 2015-01-01 03:57:18.905, 0.957, 0.086, 0.339, 0, 0, 0.061, 14.722, -70.016, 146.376, -25.847, -12.807, -13.193, 29.62, 0.16379, 0.57504, -0.06363, 0.79895,
 15:46:04.645,f6:90:cc:01:6d:25, 2015-01-01 03:57:19.390, 0.908, 0.23, 0.31, 0.183, 0.366, 0, 37.079, -66.835, 151.057, -26.413, -15.100, -8.167, 32.33, 0.02994, 0.57245, 0.12531, 0.80969,
 15:46:04.645,f6:90:cc:01:6d:25, 2015-01-01 03:57:19.390, 0.907, 0.232, 0.308, 0.183, 0.366, 0, 37.068, -66.83, 151.057, -26.413, -15.100, -8.167, 32.33, 0.02994, 0.57245, 0.12531, 0.80969,
 15:46:04.667,e3:ca:2d:fd:e0:8c, 2015-01-01 03:57:18.905, 0.957, 0.087, 0.338, 0.122, -0.061, 0.061, 14.722, -70.016, 146.371, -25.847, -12.807, -13.193, 29.62, 0.16455, 0.57498, -0.06406, 0.79883,
 15:46:04.667,e3:ca:2d:fd:e0:8c, 2015-01-01 03:57:18.905, 0.957, 0.088, 0.338, 0.122, -0.061, 0, 14.722, -70.016, 146.365, -25.847, -12.807, -13.193, 29.62, 0.16455, 0.57498, -0.06406, 0.79883,
 15:46:04.668,ed:35:33:d3:6c:f8, 2015-01-01 03:57:19.205, 0.386, -0.026, 0.916, 0.488, 0.244, 0.427, -1.741, -22.742, 159.274, -11.400, -6.980, -34.273, 30.72, -0.18161, -0.19019, 0.04962, -0.96347,
 15:46:04.668,ed:35:33:d3:6c:f8, 2015-01-01 03:57:19.205, 0.384, -0.029, 0.917, 0.305, 0.183, 0.366, -1.736, -22.736, 159.274, -11.400, -6.980, -34.273, 30.72, -0.18161, -0.19019, 0.04962, -0.96347,
 15:46:04.688,ed:40:fe:65:30:6c, 2015-01-01 03:57:24.385, 0.552, 0.021, 0.838, 0.427, 0.244, 0.183, 1.604, -33.492, -119.092, -18.620, -6.327, -7.673, 28.47, 0.48843, -0.24197, -0.15732, -0.82343,
 15:46:04.688,ed:40:fe:65:30:6c, 2015-01-01 03:57:24.385, 0.55, 0.02, 0.838, 0.366, 0.305, 0, 1.609, -33.486, -119.092, -18.620, -6.327, -7.673, 28.47, 0.48843, -0.24197, -0.15732, -0.82343,
 15:46:04.690,f6:90:cc:01:6d:25, 2015-01-01 03:57:19.390, 0.908, 0.231, 0.31, 0, 0.122, 0, 37.062, -66.83, 151.024, -26.413, -15.100, -8.167, 32.33, 0.02994, 0.57245, 0.12531, 0.80969,
 15:46:04.690,f6:90:cc:01:6d:25, 2015-01-01 03:57:19.390, 0.906, 0.231, 0.309, 0, 0.183, 0, 37.057, -66.83, 151.024, -26.413, -15.100, -8.167, 32.33, 0.02994, 0.57245, 0.12531, 0.80969,
 15:46:04.713,e3:ca:2d:fd:e0:8c, 2015-01-01 03:57:18.905, 0.956, 0.088, 0.34, 0, 0, 0, 14.722, -70.016, 146.36, -25.847, -12.807, -13.193, 29.62, 0.16455, 0.57498, -0.06406, 0.79883,
 15:46:04.713,e3:ca:2d:fd:e0:8c, 2015-01-01 03:57:18.905, 0.956, 0.089, 0.339, 0.061, 0, 0, 14.722, -70.01, 146.354, -25.847, -12.807, -13.193, 29.62, 0.16455, 0.57498, -0.06406, 0.79883,
 15:46:04.715,ed:35:33:d3:6c:f8, 2015-01-01 03:57:19.205, 0.384, -0.029, 0.917, 0.427, 0.244, 0.183, -1.73, -22.736, 159.269, -11.400, -6.980, -34.273, 30.72, -0.17926, -0.19122, 0.05011, -0.96368,
 15:46:04.715,ed:35:33:d3:6c:f8, 2015-01-01 03:57:19.205, 0.383, -0.028, 0.918, 0.488, 0.244, 0, -1.719, -22.731, 159.247, -11.400, -6.980, -34.273, 30.72, -0.17926, -0.19122, 0.05011, -0.96368,
 15:46:04.733,ed:40:fe:65:30:6c, 2015-01-01 03:57:24.385, 0.552, 0.023, 0.839, 0.244, 0.244, -0.122, 1.615, -33.475, -119.092, -18.620, -6.327, -7.673, 28.47, 0.48843, -0.24197, -0.15732, -0.82343,
 15:46:04.733,ed:40:fe:65:30:6c, 2015-01-01 03:57:24.385, 0.552, 0.025, 0.839, 0, 0.183, -0.183, 1.62, -33.47, -119.092, -18.620, -6.327, -7.673, 28.47, 0.48843, -0.24197, -0.15732, -0.82343,
 15:46:04.733,e3:ca:2d:fd:e0:8c, 2015-01-01 03:57:19.265, 0.957, 0.089, 0.339, 0.061, 0, 0, 14.722, -70.01, 146.349, -25.847, -12.807, -13.193, 29.62, 0.16455, 0.57498, -0.06406, 0.79883,
 15:46:04.733,e3:ca:2d:fd:e0:8c, 2015-01-01 03:57:19.265, 0.957, 0.09, 0.338, -0.061, -0.061, 0, 14.722, -70.01, 146.343, -25.847, -12.807, -13.193, 29.62, 0.16455, 0.57498, -0.06406, 0.79883,
 15:46:04.734,f6:90:cc:01:6d:25, 2015-01-01 03:57:19.390, 0.906, 0.232, 0.31, 0, 0.244, 0, 37.046, -66.824, 151.046, -26.413, -15.100, -8.167, 32.33, 0.02994, 0.57245, 0.12531, 0.80969,
 15:46:04.734,f6:90:cc:01:6d:25, 2015-01-01 03:57:19.390, 0.908, 0.233, 0.31, -0.061, 0.122, 0, 37.04, -66.824, 151.051, -26.413, -15.100, -8.167, 32.33, 0.02994, 0.57245, 0.12531, 0.80969,
 15:46:04.758,ed:35:33:d3:6c:f8, 2015-01-01 03:57:19.520, 0.386, -0.023, 0.918, 0.061, 0.305, -0.061, -1.714, -22.725, 159.236, -11.400, -6.980, -34.273, 30.72, -0.17926, -0.19122, 0.05011, -0.96368,
 15:46:04.758,ed:35:33:d3:6c:f8, 2015-01-01 03:57:19.520, 0.385, -0.023, 0.918, 0.061, 0.305, -0.061, -1.714, -22.72, 159.236, -11.400, -6.980, -34.273, 30.72, -0.17926, -0.19122, 0.05011, -0.96368,
 15:46:04.779,ed:40:fe:65:30:6c, 2015-01-01 03:57:24.385, 0.553, 0.024, 0.838, 0, 0.122, -0.183, 1.62, -33.47, -119.097, -18.620, -6.327, -7.673, 28.47, 0.48843, -0.24197, -0.15732, -0.82343,
 15:46:04.779,ed:40:fe:65:30:6c, 2015-01-01 03:57:24.385, 0.553, 0.023, 0.837, 0, 0.122, -0.183, 1.62, -33.464, -119.097, -18.620, -6.327, -7.673, 28.47, 0.48843, -0.24197, -0.15732, -0.82343,
 15:46:04.779,e3:ca:2d:fd:e0:8c, 2015-01-01 03:57:19.265, 0.957, 0.089, 0.338, -0.183, -0.061, 0, 14.716, -70.01, 146.338, -25.847, -12.807, -13.193, 29.62, 0.16455, 0.57498, -0.06406, 0.79883,
 15:46:04.779,e3:ca:2d:fd:e0:8c, 2015-01-01 03:57:19.265, 0.958, 0.088, 0.338, -0.183, -0.122, 0, 14.716, -70.01, 146.327, -25.847, -12.807, -13.193, 29.62, 0.16455, 0.57498, -0.06406, 0.79883,
 15:46:04.783,ed:35:33:d3:6c:f8, 2015-01-01 03:57:19.520, 0.387, -0.024, 0.917, 0, 0.366, -0.122, -1.708, -22.714, 159.214, -11.400, -6.980, -34.273, 30.72, -0.17926, -0.19122, 0.05011, -0.96368,
 15:46:04.783,ed:35:33:d3:6c:f8, 2015-01-01 03:57:19.520, 0.385, -0.024, 0.917, 0.244, 0.305, -0.061, -1.703, -22.709, 159.186, -11.400, -6.980, -34.273, 30.72, -0.17926, -0.19122, 0.05011, -0.96368,
 15:46:04.800,ed:40:fe:65:30:6c, 2015-01-01 03:57:24.385, 0.553, 0.022, 0.839, 0, 0.061, -0.122, 1.62, -33.459, -119.103, -18.807, -6.627, -7.727, 28.47, 0.48843, -0.24197, -0.15732, -0.82343,
 15:46:04.800,ed:40:fe:65:30:6c, 2015-01-01 03:57:24.385, 0.552, 0.021, 0.838, 0.122, 0.183, 0, 1.626, -33.459, -119.103, -18.807, -6.627, -7.727, 28.47, 0.48843, -0.24197, -0.15732, -0.82343,
 15:46:04.803,f6:90:cc:01:6d:25, 2015-01-01 03:57:19.390, 0.907, 0.233, 0.31, -0.366, 0.122, 0, 37.029, -66.824, 151.073, -26.647, -14.760, -8.273, 32.33, 0.02994, 0.57245, 0.12531, 0.80969,
 15:46:04.803,f6:90:cc:01:6d:25, 2015-01-01 03:57:19.390, 0.909, 0.232, 0.31, -0.244, 0.122, 0, 37.018, -66.824, 151.095, -26.647, -14.760, -8.273, 32.33, 0.02994, 0.57245, 0.12531, 0.80969,
 15:46:04.823,e3:ca:2d:fd:e0:8c, 2015-01-01 03:57:19.265, 0.957, 0.088, 0.337, -0.122, -0.061, 0, 14.711, -70.01, 146.321, -25.847, -12.807, -13.193, 29.62, 0.16455, 0.57498, -0.06406, 0.79883,
 15:46:04.823,e3:ca:2d:fd:e0:8c, 2015-01-01 03:57:19.265, 0.956, 0.087, 0.338, -0.061, -0.061, 0, 14.711, -70.01, 146.316, -25.847, -12.807, -13.193, 29.62, 0.16455, 0.57498, -0.06406, 0.79883,
 15:46:04.825,ed:35:33:d3:6c:f8, 2015-01-01 03:57:19.520, 0.385, -0.024, 0.919, 0.122, 0.122, -0.061, -1.697, -22.703, 159.164, -11.400, -6.980, -34.273, 30.72, -0.17926, -0.19122, 0.05011, -0.96368,
 15:46:04.825,ed:35:33:d3:6c:f8, 2015-01-01 03:57:19.520, 0.386, -0.024, 0.917, 0, 0.061, 0, -1.697, -22.703, 159.131, -11.400, -6.980, -34.273, 30.72, -0.17926, -0.19122, 0.05011, -0.96368,
 15:46:04.825,f6:90:cc:01:6d:25, 2015-01-01 03:57:19.390, 0.909, 0.232, 0.309, -0.122, 0.061, 0, 37.013, -66.824, 151.117, -26.647, -14.760, -8.273, 32.33, 0.02808, 0.57172, 0.12637, 0.81009,
 15:46:04.825,f6:90:cc:01:6d:25, 2015-01-01 03:57:19.390, 0.907, 0.23, 0.309, 0, 0.122, 0, 37.007, -66.824, 151.155, -26.647, -14.760, -8.273, 32.33, 0.02808, 0.57172, 0.12637, 0.81009,
 15:46:04.845,ed:40:fe:65:30:6c, 2015-01-01 03:57:24.385, 0.553, 0.024, 0.836, 0.244, 0.122, 0.061, 1.626, -33.453, -119.103, -18.807, -6.627, -7.727, 28.47, 0.48843, -0.24197, -0.15732, -0.82343,
 15:46:04.845,ed:40:fe:65:30:6c, 2015-01-01 03:57:24.385, 0.552, 0.026, 0.839, 0.183, 0.183, 0.061, 1.631, -33.453, -119.103, -18.807, -6.627, -7.727, 28.47, 0.48843, -0.24197, -0.15732, -0.82343,
 15:46:04.870,f6:90:cc:01:6d:25, 2015-01-01 03:57:19.390, 0.907, 0.23, 0.31, 0.061, 0.122, 0, 37.002, -66.819, 151.188, -26.647, -14.760, -8.273, 32.33, 0.02808, 0.57172, 0.12637, 0.81009,
 15:46:04.870,f6:90:cc:01:6d:25, 2015-01-01 03:57:19.390, 0.908, 0.232, 0.31, 0.061, 0.122, 0, 37.002, -66.819, 151.216, -26.647, -14.760, -8.273, 32.33, 0.02808, 0.57172, 0.12637, 0.81009,
 15:46:04.871,e3:ca:2d:fd:e0:8c, 2015-01-01 03:57:19.265, 0.956, 0.087, 0.338, 0, -0.122, 0, 14.711, -70.01, 146.31, -25.847, -12.807, -13.193, 29.62, 0.16455, 0.57498, -0.06406, 0.79883,
 15:46:04.871,e3:ca:2d:fd:e0:8c, 2015-01-01 03:57:19.265, 0.958, 0.089, 0.338, 0.061, -0.122, 0, 14.716, -70.016, 146.305, -25.847, -12.807, -13.193, 29.62, 0.16455, 0.57498, -0.06406, 0.79883,
 15:46:04.872,ed:35:33:d3:6c:f8, 2015-01-01 03:57:19.520, 0.384, -0.022, 0.916, 0.061, 0.122, 0.061, -1.697, -22.703, 159.115, -11.400, -6.980, -34.273, 30.72, -0.17926, -0.19122, 0.05011, -0.96368,
 15:46:04.872,ed:35:33:d3:6c:f8, 2015-01-01 03:57:19.520, 0.386, -0.022, 0.92, -0.305, 0.122, -0.122, -1.697, -22.703, 159.12, -11.400, -6.980, -34.273, 30.72, -0.17926, -0.19122, 0.05011, -0.96368,
 15:46:04.892,f6:90:cc:01:6d:25, 2015-01-01 03:57:19.750, 0.909, 0.233, 0.311, 0, 0.061, 0, 36.996, -66.819, 151.205, -26.647, -14.760, -8.273, 32.33, 0.02808, 0.57172, 0.12637, 0.81009,
 15:46:04.892,f6:90:cc:01:6d:25, 2015-01-01 03:57:19.750, 0.909, 0.232, 0.309, 0, 0.122, 0, 36.991, -66.819, 151.216, -26.647, -14.760, -8.273, 32.33, 0.02808, 0.57172, 0.12637, 0.81009,
 15:46:04.912,ed:40:fe:65:30:6c, 2015-01-01 03:57:24.385, 0.553, 0.025, 0.84, -0.061, 0.183, 0, 1.631, -33.448, -119.097, -18.807, -6.627, -7.727, 28.47, 0.48877, -0.24118, -0.15756, -0.82339,
 15:46:04.912,ed:40:fe:65:30:6c, 2015-01-01 03:57:24.385, 0.554, 0.022, 0.839, -0.061, 0.061, 0, 1.631, -33.442, -119.097, -18.807, -6.627, -7.727, 28.47, 0.48877, -0.24118, -0.15756, -0.82339,
 15:46:04.916,ed:35:33:d3:6c:f8, 2015-01-01 03:57:19.520, 0.387, -0.023, 0.92, -0.183, 0.305, -0.061, -1.697, -22.698, 159.115, -11.400, -6.980, -34.273, 30.72, -0.17926, -0.19122, 0.05011, -0.96368,
 15:46:04.916,ed:35:33:d3:6c:f8, 2015-01-01 03:57:19.520, 0.388, -0.026, 0.918, 0.061, 0, 0.061, -1.697, -22.698, 159.12, -11.400, -6.980, -34.273, 30.72, -0.17926, -0.19122, 0.05011, -0.96368,
 15:46:04.935,ed:40:fe:65:30:6c, 2015-01-01 03:57:24.720, 0.555, 0.02, 0.838, 0.061, 0, 0, 1.626, -33.442, -119.097, -18.807, -6.627, -7.727, 28.47, 0.48877, -0.24118, -0.15756, -0.82339,
 15:46:04.935,ed:40:fe:65:30:6c, 2015-01-01 03:57:24.720, 0.553, 0.019, 0.836, 0.183, 0, 0, 1.631, -33.442, -119.097, -18.807, -6.627, -7.727, 28.47, 0.48877, -0.24118, -0.15756, -0.82339,
 15:46:04.935,e3:ca:2d:fd:e0:8c, 2015-01-01 03:57:19.265, 0.958, 0.089, 0.338, 0.061, -0.122, 0, 14.716, -70.016, 146.294, -25.847, -12.807, -13.193, 29.62, 0.16455, 0.57498, -0.06406, 0.79883,
 15:46:04.935,e3:ca:2d:fd:e0:8c, 2015-01-01 03:57:19.265, 0.958, 0.09, 0.337, 0.061, -0.122, 0, 14.722, -70.016, 146.288, -25.847, -12.807, -13.193, 29.62, 0.16455, 0.57498, -0.06406, 0.79883,
 15:46:04.937,f6:90:cc:01:6d:25, 2015-01-01 03:57:19.750, 0.908, 0.231, 0.308, -0.061, 0.122, 0, 36.985, -66.819, 151.221, -26.647, -14.760, -8.273, 32.33, 0.02808, 0.57172, 0.12637, 0.81009,
 15:46:04.937,f6:90:cc:01:6d:25, 2015-01-01 03:57:19.750, 0.908, 0.231, 0.309, -0.305, 0.122, 0, 36.974, -66.819, 151.238, -26.647, -14.760, -8.273, 32.33, 0.02808, 0.57172, 0.12637, 0.81009,
 15:46:04.959,ed:40:fe:65:30:6c, 2015-01-01 03:57:24.720, 0.55, 0.025, 0.836, 0.305, 0.061, 0.061, 1.631, -33.442, -119.097, -18.807, -6.627, -7.727, 28.47, 0.48877, -0.24118, -0.15756, -0.82339,
 15:46:04.959,ed:40:fe:65:30:6c, 2015-01-01 03:57:24.720, 0.55, 0.029, 0.837, 0.305, 0.061, 0.366, 1.637, -33.437, -119.092, -18.807, -6.627, -7.727, 28.47, 0.48877, -0.24118, -0.15756, -0.82339,
 15:46:04.959,e3:ca:2d:fd:e0:8c, 2015-01-01 03:57:19.265, 0.958, 0.089, 0.336, 0, -0.061, 0, 14.722, -70.016, 146.283, -26.040, -12.887, -12.447, 29.62, 0.16455, 0.57498, -0.06406, 0.79883,
 15:46:04.959,e3:ca:2d:fd:e0:8c, 2015-01-01 03:57:19.265, 0.956, 0.088, 0.336, -0.061, 0, 0, 14.722, -70.016, 146.277, -26.040, -12.887, -12.447, 29.62, 0.16455, 0.57498, -0.06406, 0.79883,
 15:46:04.960,ed:35:33:d3:6c:f8, 2015-01-01 03:57:19.520, 0.385, -0.029, 0.917, 0.244, -0.244, 0.244, -1.692, -22.703, 159.115, -11.493, -6.987, -35.580, 30.72, -0.17926, -0.19122, 0.05011, -0.96368,
 15:46:04.960,ed:35:33:d3:6c:f8, 2015-01-01 03:57:19.520, 0.385, -0.025, 0.916, 0, -0.244, 0.183, -1.692, -22.709, 159.109, -11.493, -6.987, -35.580, 30.72, -0.17926, -0.19122, 0.05011, -0.96368,
 15:46:04.983,f6:90:cc:01:6d:25, 2015-01-01 03:57:19.750, 0.907, 0.23, 0.31, -0.122, 0.183, 0, 36.964, -66.819, 151.254, -26.647, -14.760, -8.273, 32.33, 0.02808, 0.57172, 0.12637, 0.81009,
 15:46:04.983,f6:90:cc:01:6d:25, 2015-01-01 03:57:19.750, 0.908, 0.231, 0.311, -0.061, 0.061, 0, 36.964, -66.819, 151.249, -26.647, -14.760, -8.273, 32.33, 0.02808, 0.57172, 0.12637, 0.81009,
 15:46:04.984,ed:35:33:d3:6c:f8, 2015-01-01 03:57:19.520, 0.383, -0.018, 0.916, 0, 0, 0.183, -1.692, -22.714, 159.093, -11.493, -6.987, -35.580, 30.72, -0.18069, -0.19098, 0.04996, -0.96347,
 15:46:04.984,ed:35:33:d3:6c:f8, 2015-01-01 03:57:19.520, 0.385, -0.021, 0.917, 0.183, -0.061, 0.305, -1.686, -22.714, 159.088, -11.493, -6.987, -35.580, 30.72, -0.18069, -0.19098, 0.04996, -0.96347,
 15:46:05.003,ed:40:fe:65:30:6c, 2015-01-01 03:57:24.720, 0.552, 0.024, 0.838, 0.244, 0.122, 0.305, 1.637, -33.437, -119.081, -18.807, -6.627, -7.727, 28.47, 0.48877, -0.24118, -0.15756, -0.82339,
 15:46:05.003,ed:40:fe:65:30:6c, 2015-01-01 03:57:24.720, 0.556, 0.019, 0.84, 0.366, 0.061, 0.244, 1.637, -33.431, -119.075, -18.807, -6.627, -7.727, 28.47, 0.48877, -0.24118, -0.15756, -0.82339,
 15:46:05.004,e3:ca:2d:fd:e0:8c, 2015-01-01 03:57:19.265, 0.956, 0.088, 0.337, -0.061, -0.061, 0, 14.716, -70.016, 146.272, -26.040, -12.887, -12.447, 29.62, 0.16455, 0.57498, -0.06406, 0.79883,
 15:46:05.004,e3:ca:2d:fd:e0:8c, 2015-01-01 03:57:19.265, 0.956, 0.087, 0.339, -0.061, -0.061, 0, 14.716, -70.016, 146.266, -26.040, -12.887, -12.447, 29.62, 0.16455, 0.57498, -0.06406, 0.79883,
 15:46:05.026,e3:ca:2d:fd:e0:8c, 2015-01-01 03:57:19.265, 0.958, 0.088, 0.34, 0, -0.122, 0, 14.716, -70.016, 146.261, -26.040, -12.887, -12.447, 29.62, 0.16534, 0.57492, -0.06467, 0.79865,
 15:46:05.026,e3:ca:2d:fd:e0:8c, 2015-01-01 03:57:19.265, 0.959, 0.088, 0.339, 0, -0.122, 0, 14.722, -70.021, 146.255, -26.040, -12.887, -12.447, 29.62, 0.16534, 0.57492, -0.06467, 0.79865,
 15:46:05.028,f6:90:cc:01:6d:25, 2015-01-01 03:57:19.750, 0.911, 0.23, 0.312, -0.244, 0.244, 0, 36.958, -66.819, 151.276, -26.647, -14.760, -8.273, 32.33, 0.02808, 0.57172, 0.12637, 0.81009,
 15:46:05.028,f6:90:cc:01:6d:25, 2015-01-01 03:57:19.750, 0.911, 0.23, 0.313, -0.427, 0.427, 0, 36.942, -66.813, 151.298, -26.647, -14.760, -8.273, 32.33, 0.02808, 0.57172, 0.12637, 0.81009,
 15:46:05.029,ed:35:33:d3:6c:f8, 2015-01-01 03:57:19.520, 0.387, -0.028, 0.917, 0.122, -0.244, 0.366, -1.686, -22.72, 159.093, -11.493, -6.987, -35.580, 30.72, -0.18069, -0.19098, 0.04996, -0.96347,
 15:46:05.029,ed:35:33:d3:6c:f8, 2015-01-01 03:57:19.520, 0.389, -0.029, 0.919, 0.122, 0, 0.305, -1.686, -22.72, 159.099, -11.493, -6.987, -35.580, 30.72, -0.18069, -0.19098, 0.04996, -0.96347,
 15:46:05.048,ed:40:fe:65:30:6c, 2015-01-01 03:57:24.720, 0.556, 0.018, 0.841, 0.549, 0.061, 0.122, 1.642, -33.431, -119.07, -18.807, -6.627, -7.727, 28.47, 0.48877, -0.24118, -0.15756, -0.82339,
 15:46:05.048,ed:40:fe:65:30:6c, 2015-01-01 03:57:24.720, 0.555, 0.022, 0.84, 0.61, 0, 0.244, 1.653, -33.431, -119.064, -18.807, -6.627, -7.727, 28.47, 0.48877, -0.24118, -0.15756, -0.82339,
 15:46:05.072,f6:90:cc:01:6d:25, 2015-01-01 03:57:19.750, 0.909, 0.231, 0.312, -0.366, 0.793, 0, 36.914, -66.808, 151.326, -26.647, -14.760, -8.273, 32.33, 0.02808, 0.57172, 0.12637, 0.81009,
 15:46:05.072,f6:90:cc:01:6d:25, 2015-01-01 03:57:19.750, 0.906, 0.234, 0.312, 0, 1.282, -0.305, 36.881, -66.791, 151.381, -26.647, -14.760, -8.273, 32.33, 0.02808, 0.57172, 0.12637, 0.81009,
 15:46:05.072,e3:ca:2d:fd:e0:8c, 2015-01-01 03:57:19.265, 0.958, 0.089, 0.337, 0.061, 0, 0, 14.722, -70.021, 146.245, -26.040, -12.887, -12.447, 29.62, 0.16534, 0.57492, -0.06467, 0.79865,
 15:46:05.072,e3:ca:2d:fd:e0:8c, 2015-01-01 03:57:19.265, 0.956, 0.091, 0.336, 0.244, 0, 0, 14.722, -70.021, 146.245, -26.040, -12.887, -12.447, 29.62, 0.16534, 0.57492, -0.06467, 0.79865,
 15:46:05.074,ed:35:33:d3:6c:f8, 2015-01-01 03:57:19.810, 0.388, -0.027, 0.92, 0, 0.244, 0.366, -1.686, -22.714, 159.104, -11.493, -6.987, -35.580, 30.72, -0.18069, -0.19098, 0.04996, -0.96347,
 15:46:05.074,ed:35:33:d3:6c:f8, 2015-01-01 03:57:19.810, 0.386, -0.023, 0.918, -0.122, 0.488, 0.427, -1.692, -22.709, 159.104, -11.493, -6.987, -35.580, 30.72, -0.18069, -0.19098, 0.04996, -0.96347,
 15:46:05.096,f6:90:cc:01:6d:25, 2015-01-01 03:57:19.750, 0.903, 0.234, 0.303, -0.671, 1.831, -0.183, 36.848, -66.769, 151.447, -26.500, -14.980, -7.660, 32.33, 0.02808, 0.57172, 0.12637, 0.81009,
 15:46:05.096,f6:90:cc:01:6d:25, 2015-01-01 03:57:19.750, 0.91, 0.229, 0.31, -1.038, 2.075, -0.122, 36.788, -66.736, 151.512, -26.500, -14.980, -7.660, 32.33, 0.02808, 0.57172, 0.12637, 0.81009,
 15:46:05.116,ed:40:fe:65:30:6c, 2015-01-01 03:57:24.720, 0.554, 0.027, 0.836, 0.366, 0, 0.244, 1.659, -33.431, -119.059, -18.807, -6.627, -7.727, 28.47, 0.48877, -0.24118, -0.15756, -0.82339,
 15:46:05.116,ed:40:fe:65:30:6c, 2015-01-01 03:57:24.720, 0.549, 0.025, 0.831, 0, 0.244, 0.061, 1.659, -33.426, -119.053, -18.807, -6.627, -7.727, 28.47, 0.48877, -0.24118, -0.15756, -0.82339,
 15:46:05.116,e3:ca:2d:fd:e0:8c, 2015-01-01 03:57:19.620, 0.954, 0.09, 0.333, 0, 0, 0, 14.727, -70.016, 146.239, -26.040, -12.887, -12.447, 29.62, 0.16534, 0.57492, -0.06467, 0.79865,
 15:46:05.116,e3:ca:2d:fd:e0:8c, 2015-01-01 03:57:19.620, 0.958, 0.09, 0.336, -0.183, -0.427, 0, 14.727, -70.021, 146.234, -26.040, -12.887, -12.447, 29.62, 0.16534, 0.57492, -0.06467, 0.79865,
 15:46:05.118,ed:35:33:d3:6c:f8, 2015-01-01 03:57:19.810, 0.384, -0.024, 0.912, -0.305, 0.977, 0.183, -1.697, -22.687, 159.082, -11.493, -6.987, -35.580, 30.72, -0.18069, -0.19098, 0.04996, -0.96347,
 15:46:05.118,ed:35:33:d3:6c:f8, 2015-01-01 03:57:19.810, 0.381, -0.024, 0.908, -0.488, 2.258, 0, -1.703, -22.648, 159.033, -11.493, -6.987, -35.580, 30.72, -0.18069, -0.19098, 0.04996, -0.96347,
 15:46:05.138,ed:40:fe:65:30:6c, 2015-01-01 03:57:24.720, 0.557, 0.022, 0.841, -0.061, 0.427, 0, 1.653, -33.42, -119.053, -18.393, -6.433, -7.940, 28.47, 0.48877, -0.24118, -0.15756, -0.82339,
 15:46:05.138,ed:40:fe:65:30:6c, 2015-01-01 03:57:24.720, 0.556, 0.02, 0.84, 0.061, 0.671, 0.488, 1.653, -33.409, -119.042, -18.393, -6.433, -7.940, 28.47, 0.48877, -0.24118, -0.15756, -0.82339,
 15:46:05.140,e3:ca:2d:fd:e0:8c, 2015-01-01 03:57:19.620, 0.954, 0.091, 0.34, -0.244, -1.343, 0, 14.733, -70.032, 146.223, -26.040, -12.887, -12.447, 29.62, 0.16534, 0.57492, -0.06467, 0.79865,
 15:46:05.140,e3:ca:2d:fd:e0:8c, 2015-01-01 03:57:19.620, 0.949, 0.087, 0.345, -0.244, -1.831, 0, 14.749, -70.06, 146.217, -26.040, -12.887, -12.447, 29.62, 0.16534, 0.57492, -0.06467, 0.79865,
 15:46:05.140,f6:90:cc:01:6d:25, 2015-01-01 03:57:19.750, 0.914, 0.231, 0.325, 0, 1.831, -0.305, 36.722, -66.703, 151.584, -26.500, -14.980, -7.660, 32.33, 0.02808, 0.57172, 0.12637, 0.81009,
 15:46:05.141,f6:90:cc:01:6d:25, 2015-01-01 03:57:19.750, 0.903, 0.229, 0.318, 0.793, 2.136, -0.366, 36.683, -66.671, 151.666, -26.500, -14.980, -7.660, 32.33, 0.02808, 0.57172, 0.12637, 0.81009,
 15:46:05.164,ed:35:33:d3:6c:f8, 2015-01-01 03:57:19.810, 0.39, -0.022, 0.917, -0.366, 3.662, -0.061, -1.708, -22.577, 158.994, -11.493, -6.987, -35.580, 30.72, -0.18069, -0.19098, 0.04996, -0.96347,
 15:46:05.164,ed:35:33:d3:6c:f8, 2015-01-01 03:57:19.810, 0.373, -0.028, 0.914, 0.366, 2.014, 0.122, -1.67, -22.516, 158.934, -11.493, -6.987, -35.580, 30.72, -0.18069, -0.19098, 0.04996, -0.96347,
 15:46:05.184,e3:ca:2d:fd:e0:8c, 2015-01-01 03:57:19.620, 0.954, 0.085, 0.34, -0.427, -1.16, 0, 14.766, -70.087, 146.217, -26.040, -12.887, -12.447, 29.62, 0.16534, 0.57492, -0.06467, 0.79865,
 15:46:05.184,e3:ca:2d:fd:e0:8c, 2015-01-01 03:57:19.620, 0.961, 0.084, 0.336, -0.244, -0.61, 0, 14.771, -70.104, 146.223, -26.040, -12.887, -12.447, 29.62, 0.16534, 0.57492, -0.06467, 0.79865,
 15:46:05.184,ed:40:fe:65:30:6c, 2015-01-01 03:57:24.720, 0.542, 0.017, 0.834, 0.793, 1.038, 0.977, 1.648, -33.393, -119.026, -18.393, -6.433, -7.940, 28.47, 0.48877, -0.24118, -0.15756, -0.82339,
 15:46:05.184,ed:40:fe:65:30:6c, 2015-01-01 03:57:24.720, 0.544, 0.013, 0.834, 1.404, 1.343, 1.221, 1.653, -33.371, -118.998, -18.393, -6.433, -7.940, 28.47, 0.48877, -0.24118, -0.15756, -0.82339,
 15:46:05.186,ed:35:33:d3:6c:f8, 2015-01-01 03:57:19.810, 0.383, -0.036, 0.915, 0.61, 1.77, 1.404, -1.664, -22.478, 158.928, -11.493, -6.987, -35.580, 30.72, -0.18069, -0.19098, 0.04996, -0.96347,
 15:46:05.186,ed:35:33:d3:6c:f8, 2015-01-01 03:57:19.810, 0.385, -0.03, 0.915, 2.197, 3.235, 2.075, -1.659, -22.44, 158.967, -11.493, -6.987, -35.580, 30.72, -0.18069, -0.19098, 0.04996, -0.96347,
 15:46:05.205,ed:40:fe:65:30:6c, 2015-01-01 03:57:24.720, 0.555, 0.014, 0.833, 1.892, 0.549, 1.038, 1.67, -33.354, -118.971, -18.393, -6.433, -7.940, 28.47, 0.48972, -0.24026, -0.15762, -0.82309,
 15:46:05.205,ed:40:fe:65:30:6c, 2015-01-01 03:57:24.720, 0.556, 0.023, 0.837, 2.075, 0, 0.732, 1.692, -33.349, -118.954, -18.393, -6.433, -7.940, 28.47, 0.48972, -0.24026, -0.15762, -0.82309,
 15:46:05.208,f6:90:cc:01:6d:25, 2015-01-01 03:57:19.750, 0.896, 0.225, 0.307, 0, 2.625, -0.244, 36.639, -66.632, 151.776, -26.500, -14.980, -7.660, 32.33, 0.02646, 0.57019, 0.12714, 0.81113,
 15:46:05.208,f6:90:cc:01:6d:25, 2015-01-01 03:57:19.750, 0.903, 0.226, 0.307, -0.122, 2.502, -0.549, 36.579, -66.588, 151.859, -26.500, -14.980, -7.660, 32.33, 0.02646, 0.57019, 0.12714, 0.81113,
 15:46:05.228,e3:ca:2d:fd:e0:8c, 2015-01-01 03:57:19.620, 0.966, 0.084, 0.333, 0.183, -0.122, 0, 14.777, -70.109, 146.217, -26.040, -12.887, -12.447, 29.62, 0.16534, 0.57492, -0.06467, 0.79865,
 15:46:05.228,e3:ca:2d:fd:e0:8c, 2015-01-01 03:57:19.620, 0.969, 0.09, 0.335, 0.122, -0.122, 0, 14.777, -70.109, 146.228, -26.040, -12.887, -12.447, 29.62, 0.16534, 0.57492, -0.06467, 0.79865,
 15:46:05.230,f6:90:cc:01:6d:25, 2015-01-01 03:57:20.085, 0.91, 0.229, 0.305, -0.61, 2.136, -0.427, 36.524, -66.55, 151.941, -26.500, -14.980, -7.660, 32.33, 0.02646, 0.57019, 0.12714, 0.81113,
 15:46:05.230,f6:90:cc:01:6d:25, 2015-01-01 03:57:20.085, 0.913, 0.235, 0.316, -0.366, 1.831, -0.183, 36.469, -66.517, 151.996, -26.500, -14.980, -7.660, 32.33, 0.02646, 0.57019, 0.12714, 0.81113,
 15:46:05.232,ed:35:33:d3:6c:f8, 2015-01-01 03:57:19.810, 0.377, -0.021, 0.925, 2.014, 3.418, 2.014, -1.631, -22.374, 159.016, -11.493, -6.987, -35.580, 30.72, -0.18069, -0.19098, 0.04996, -0.96347,
 15:46:05.232,ed:35:33:d3:6c:f8, 2015-01-01 03:57:19.810, 0.381, -0.015, 0.943, 1.099, 1.648, 1.282, -1.609, -22.319, 159.082, -11.493, -6.987, -35.580, 30.72, -0.18069, -0.19098, 0.04996, -0.96347,
 15:46:05.251,ed:40:fe:65:30:6c, 2015-01-01 03:57:24.720, 0.556, 0.032, 0.852, 1.77, -0.244, 0.671, 1.714, -33.349, -118.949, -18.393, -6.433, -7.940, 28.47, 0.48972, -0.24026, -0.15762, -0.82309,
 15:46:05.251,ed:40:fe:65:30:6c, 2015-01-01 03:57:24.720, 0.552, 0.038, 0.842, 1.282, -0.488, 0.488, 1.736, -33.36, -118.943, -18.393, -6.433, -7.940, 28.47, 0.48972, -0.24026, -0.15762, -0.82309,
 15:46:05.252,f6:90:cc:01:6d:25, 2015-01-01 03:57:20.085, 0.9, 0.244, 0.326, -0.61, 1.526, -0.122, 36.42, -66.489, 152.051, -26.500, -14.980, -7.660, 32.33, 0.02646, 0.57019, 0.12714, 0.81113,
 15:46:05.252,f6:90:cc:01:6d:25, 2015-01-01 03:57:20.085, 0.894, 0.247, 0.293, -1.16, 1.343, -0.122, 36.37, -66.467, 152.1, -26.500, -14.980, -7.660, 32.33, 0.02646, 0.57019, 0.12714, 0.81113,
 15:46:05.276,ed:35:33:d3:6c:f8, 2015-01-01 03:57:19.810, 0.378, -0.015, 0.921, 0.916, -0.061, 0.671, -1.599, -22.297, 159.109, -11.213, -6.793, -35.200, 30.72, -0.18069, -0.19098, 0.04996, -0.96347,
 15:46:05.276,ed:35:33:d3:6c:f8, 2015-01-01 03:57:19.810, 0.385, -0.019, 0.905, 0.732, 1.892, -0.244, -1.582, -22.291, 159.093, -11.213, -6.793, -35.200, 30.72, -0.18069, -0.19098, 0.04996, -0.96347,
 15:46:05.295,ed:40:fe:65:30:6c, 2015-01-01 03:57:25.055, 0.551, 0.036, 0.826, 0.732, -0.488, 0.061, 1.752, -33.371, -118.943, -18.393, -6.433, -7.940, 28.47, 0.48972, -0.24026, -0.15762, -0.82309,
 15:46:05.295,ed:40:fe:65:30:6c, 2015-01-01 03:57:25.055, 0.56, 0.031, 0.826, -0.183, -0.671, -0.244, 1.763, -33.382, -118.954, -18.393, -6.433, -7.940, 28.47, 0.48972, -0.24026, -0.15762, -0.82309,
 15:46:05.296,e3:ca:2d:fd:e0:8c, 2015-01-01 03:57:19.620, 0.957, 0.094, 0.333, 0, 0.122, -0.305, 14.782, -70.109, 146.228, -26.040, -12.887, -12.447, 29.62, 0.16534, 0.57492, -0.06467, 0.79865,
 15:46:05.296,e3:ca:2d:fd:e0:8c, 2015-01-01 03:57:19.620, 0.957, 0.088, 0.323, -0.183, 1.404, -0.366, 14.788, -70.098, 146.217, -26.040, -12.887, -12.447, 29.62, 0.16534, 0.57492, -0.06467, 0.79865,
 15:46:05.297,f6:90:cc:01:6d:25, 2015-01-01 03:57:20.085, 0.901, 0.234, 0.3, -1.709, 0.488, 0.061, 36.326, -66.451, 152.122, -26.500, -14.980, -7.660, 32.33, 0.02646, 0.57019, 0.12714, 0.81113,
 15:46:05.297,f6:90:cc:01:6d:25, 2015-01-01 03:57:20.085, 0.914, 0.235, 0.312, -1.16, -0.122, 0.122, 36.293, -66.451, 152.111, -26.500, -14.980, -7.660, 32.33, 0.02646, 0.57019, 0.12714, 0.81113,
 15:46:05.319,e3:ca:2d:fd:e0:8c, 2015-01-01 03:57:19.620, 0.963, 0.085, 0.322, -0.244, 1.709, 0, 14.782, -70.071, 146.223, -26.213, -12.847, -12.833, 29.62, 0.16534, 0.57492, -0.06467, 0.79865,
 15:46:05.319,e3:ca:2d:fd:e0:8c, 2015-01-01 03:57:19.620, 0.962, 0.088, 0.329, -0.061, 0.671, 0.183, 14.755, -70.049, 146.25, -26.213, -12.847, -12.833, 29.62, 0.16534, 0.57492, -0.06467, 0.79865,
 15:46:05.321,ed:35:33:d3:6c:f8, 2015-01-01 03:57:19.810, 0.383, -0.018, 0.911, 0.916, 4.639, -0.549, -1.56, -22.242, 159.06, -11.213, -6.793, -35.200, 30.72, -0.18076, -0.18741, 0.04828, -0.96423,
 15:46:05.321,ed:35:33:d3:6c:f8, 2015-01-01 03:57:19.810, 0.377, -0.021, 0.927, 0.244, 2.869, -0.305, -1.538, -22.165, 159.011, -11.213, -6.793, -35.200, 30.72, -0.18076, -0.18741, 0.04828, -0.96423,
 15:46:05.341,ed:40:fe:65:30:6c, 2015-01-01 03:57:25.055, 0.559, 0.027, 0.834, -0.732, -0.61, -0.244, 1.758, -33.393, -118.971, -18.393, -6.433, -7.940, 28.47, 0.48972, -0.24026, -0.15762, -0.82309,
 15:46:05.341,ed:40:fe:65:30:6c, 2015-01-01 03:57:25.055, 0.555, 0.024, 0.846, -0.671, -0.488, -0.183, 1.747, -33.409, -118.993, -18.393, -6.433, -7.940, 28.47, 0.48972, -0.24026, -0.15762, -0.82309,
 15:46:05.343,f6:90:cc:01:6d:25, 2015-01-01 03:57:20.085, 0.915, 0.232, 0.319, -0.854, -0.366, 0.183, 36.282, -66.462, 152.106, -26.500, -14.980, -7.660, 32.33, 0.02646, 0.57019, 0.12714, 0.81113,
 15:46:05.343,f6:90:cc:01:6d:25, 2015-01-01 03:57:20.085, 0.91, 0.232, 0.324, -0.671, -0.427, 0.183, 36.282, -66.473, 152.106, -26.500, -14.980, -7.660, 32.33, 0.02646, 0.57019, 0.12714, 0.81113,
 15:46:05.362,ed:40:fe:65:30:6c, 2015-01-01 03:57:25.055, 0.556, 0.019, 0.843, -0.244, -0.366, -0.122, 1.741, -33.415, -119.009, -18.393, -6.433, -7.940, 28.47, 0.48972, -0.24026, -0.15762, -0.82309,
 15:46:05.362,ed:40:fe:65:30:6c, 2015-01-01 03:57:25.055, 0.551, 0.021, 0.836, 0.122, -0.305, -0.183, 1.741, -33.426, -119.031, -18.393, -6.433, -7.940, 28.47, 0.48972, -0.24026, -0.15762, -0.82309,
 15:46:05.364,e3:ca:2d:fd:e0:8c, 2015-01-01 03:57:19.620, 0.958, 0.089, 0.339, 0.061, 0.122, 0.244, 14.738, -70.038, 146.283, -26.213, -12.847, -12.833, 29.62, 0.16534, 0.57492, -0.06467, 0.79865,
 15:46:05.364,e3:ca:2d:fd:e0:8c, 2015-01-01 03:57:19.620, 0.954, 0.09, 0.345, 0, 0.549, 0, 14.727, -70.038, 146.31, -26.213, -12.847, -12.833, 29.62, 0.16534, 0.57492, -0.06467, 0.79865,
 15:46:05.366,ed:35:33:d3:6c:f8, 2015-01-01 03:57:20.120, 0.381, -0.025, 0.93, 0.61, 1.709, -0.305, -1.527, -22.121, 158.983, -11.213, -6.793, -35.200, 30.72, -0.18076, -0.18741, 0.04828, -0.96423,
 15:46:05.366,ed:35:33:d3:6c:f8, 2015-01-01 03:57:20.120, 0.375, -0.034, 0.918, 2.441, 3.174, 0.244, -1.505, -22.083, 158.945, -11.213, -6.793, -35.200, 30.72, -0.18076, -0.18741, 0.04828, -0.96423,
 15:46:05.387,e3:ca:2d:fd:e0:8c, 2015-01-01 03:57:19.620, 0.952, 0.091, 0.345, -0.244, 1.099, -0.183, 14.722, -70.027, 146.354, -26.213, -12.847, -12.833, 29.62, 0.16483, 0.5751, -0.06433, 0.79865,
 15:46:05.387,e3:ca:2d:fd:e0:8c, 2015-01-01 03:57:19.620, 0.95, 0.089, 0.345, -0.122, 1.221, -0.244, 14.716, -70.005, 146.376, -26.213, -12.847, -12.833, 29.62, 0.16483, 0.5751, -0.06433, 0.79865,
 15:46:05.388,f6:90:cc:01:6d:25, 2015-01-01 03:57:20.085, 0.904, 0.232, 0.323, -0.488, 0, 0.122, 36.277, -66.478, 152.117, -26.500, -14.980, -7.660, 32.33, 0.02646, 0.57019, 0.12714, 0.81113,
 15:46:05.388,f6:90:cc:01:6d:25, 2015-01-01 03:57:20.085, 0.9, 0.232, 0.322, -0.366, 0.671, 0.244, 36.255, -66.478, 152.161, -26.500, -14.980, -7.660, 32.33, 0.02646, 0.57019, 0.12714, 0.81113,
 15:46:05.389,ed:35:33:d3:6c:f8, 2015-01-01 03:57:20.120, 0.362, -0.018, 0.921, 2.563, 2.991, -0.244, -1.456, -22.022, 158.912, -11.213, -6.793, -35.200, 30.72, -0.18076, -0.18741, 0.04828, -0.96423,
 15:46:05.389,ed:35:33:d3:6c:f8, 2015-01-01 03:57:20.120, 0.359, -0.015, 0.92, 0.549, 1.526, -1.404, -1.406, -21.978, 158.873, -11.213, -6.793, -35.200, 30.72, -0.18076, -0.18741, 0.04828, -0.96423,
 15:46:05.407,ed:40:fe:65:30:6c, 2015-01-01 03:57:25.055, 0.542, 0.027, 0.834, 0.122, -0.244, -0.427, 1.752, -33.431, -119.059, -18.393, -6.433, -7.940, 28.47, 0.48972, -0.24026, -0.15762, -0.82309,
 15:46:05.407,ed:40:fe:65:30:6c, 2015-01-01 03:57:25.055, 0.539, 0.027, 0.838, -0.183, -0.061, -0.549, 1.758, -33.431, -119.086, -18.393, -6.433, -7.940, 28.47, 0.48972, -0.24026, -0.15762, -0.82309,
 15:46:05.432,e3:ca:2d:fd:e0:8c, 2015-01-01 03:57:19.620, 0.951, 0.089, 0.342, -0.061, 1.099, -0.305, 14.711, -69.977, 146.393, -26.213, -12.847, -12.833, 29.62, 0.16483, 0.5751, -0.06433, 0.79865,
 15:46:05.432,e3:ca:2d:fd:e0:8c, 2015-01-01 03:57:19.620, 0.953, 0.088, 0.341, -0.122, 0.61, -0.122, 14.711, -69.961, 146.409, -26.213, -12.847, -12.833, 29.62, 0.16483, 0.5751, -0.06433, 0.79865,
 15:46:05.433,f6:90:cc:01:6d:25, 2015-01-01 03:57:20.085, 0.896, 0.23, 0.326, -0.366, 0.916, 0.305, 36.216, -66.467, 152.221, -26.500, -14.980, -7.660, 32.33, 0.02646, 0.57019, 0.12714, 0.81113,
 15:46:05.433,f6:90:cc:01:6d:25, 2015-01-01 03:57:20.085, 0.898, 0.229, 0.327, -0.183, 0.732, 0.244, 36.178, -66.456, 152.287, -26.500, -14.980, -7.660, 32.33, 0.02646, 0.57019, 0.12714, 0.81113,
 15:46:05.434,ed:35:33:d3:6c:f8, 2015-01-01 03:57:20.120, 0.356, -0.019, 0.925, 0.916, 0.732, 0.061, -1.384, -21.956, 158.824, -11.213, -6.793, -35.200, 30.72, -0.18076, -0.18741, 0.04828, -0.96423,
 15:46:05.434,ed:35:33:d3:6c:f8, 2015-01-01 03:57:20.120, 0.365, -0.021, 0.926, -0.183, 0.061, -0.977, -1.373, -21.945, 158.813, -11.213, -6.793, -35.200, 30.72, -0.18076, -0.18741, 0.04828, -0.96423,
 15:46:05.454,f6:90:cc:01:6d:25, 2015-01-01 03:57:20.085, 0.899, 0.229, 0.327, 0, 0.244, 0.061, 36.156, -66.451, 152.364, -26.507, -14.840, -7.920, 32.33, 0.02646, 0.57019, 0.12714, 0.81113,
 15:46:05.454,f6:90:cc:01:6d:25, 2015-01-01 03:57:20.085, 0.901, 0.227, 0.324, 0.244, 0, 0.122, 36.151, -66.451, 152.441, -26.507, -14.840, -7.920, 32.33, 0.02646, 0.57019, 0.12714, 0.81113,
 15:46:05.476,ed:40:fe:65:30:6c, 2015-01-01 03:57:25.055, 0.54, 0.024, 0.842, -0.427, 0, -0.549, 1.758, -33.431, -119.103, -18.393, -6.433, -7.940, 28.47, 0.48972, -0.24026, -0.15762, -0.82309,
 15:46:05.476,ed:40:fe:65:30:6c, 2015-01-01 03:57:25.055, 0.54, 0.024, 0.843, -0.244, 0, -0.61, 1.758, -33.431, -119.136, -18.393, -6.433, -7.940, 28.47, 0.48972, -0.24026, -0.15762, -0.82309,
 15:46:05.476,e3:ca:2d:fd:e0:8c, 2015-01-01 03:57:19.980, 0.953, 0.088, 0.34, -0.122, 0, 0, 14.705, -69.95, 146.437, -26.213, -12.847, -12.833, 29.62, 0.16483, 0.5751, -0.06433, 0.79865,
 15:46:05.476,e3:ca:2d:fd:e0:8c, 2015-01-01 03:57:19.980, 0.954, 0.086, 0.342, -0.061, -0.366, 0.183, 14.7, -69.95, 146.481, -26.213, -12.847, -12.833, 29.62, 0.16483, 0.5751, -0.06433, 0.79865,
 15:46:05.479,ed:35:33:d3:6c:f8, 2015-01-01 03:57:20.120, 0.361, -0.029, 0.918, 1.343, 0.61, 0.549, -1.362, -21.94, 158.818, -11.213, -6.793, -35.200, 30.72, -0.18076, -0.18741, 0.04828, -0.96423,
 15:46:05.479,ed:35:33:d3:6c:f8, 2015-01-01 03:57:20.120, 0.369, -0.005, 0.924, 3.723, 1.343, -1.038, -1.324, -21.923, 158.829, -11.213, -6.793, -35.200, 30.72, -0.18076, -0.18741, 0.04828, -0.96423,
 15:46:05.499,f6:90:cc:01:6d:25, 2015-01-01 03:57:20.085, 0.903, 0.227, 0.319, 0.488, -0.122, 0.061, 36.151, -66.451, 152.529, -26.507, -14.840, -7.920, 32.33, 0.02646, 0.57019, 0.12714, 0.81113,
 15:46:05.499,f6:90:cc:01:6d:25, 2015-01-01 03:57:20.085, 0.908, 0.229, 0.321, 0.732, -0.366, 0.183, 36.156, -66.451, 152.562, -26.507, -14.840, -7.920, 32.33, 0.02646, 0.57019, 0.12714, 0.81113,
 15:46:05.499,e3:ca:2d:fd:e0:8c, 2015-01-01 03:57:19.980, 0.956, 0.085, 0.34, 0, -0.366, 0.305, 14.694, -69.955, 146.53, -26.213, -12.847, -12.833, 29.62, 0.16483, 0.5751, -0.06433, 0.79865,
 15:46:05.499,e3:ca:2d:fd:e0:8c, 2015-01-01 03:57:19.980, 0.959, 0.088, 0.344, 0, -0.549, 0.366, 14.678, -69.961, 146.58, -26.213, -12.847, -12.833, 29.62, 0.16483, 0.5751, -0.06433, 0.79865,
 15:46:05.501,ed:40:fe:65:30:6c, 2015-01-01 03:57:25.055, 0.548, 0.027, 0.841, -0.061, 0, -0.366, 1.758, -33.426, -119.169, -18.673, -7.133, -7.553, 28.47, 0.48972, -0.24026, -0.15762, -0.82309,
 15:46:05.501,ed:40:fe:65:30:6c, 2015-01-01 03:57:25.055, 0.548, 0.03, 0.838, -0.122, 0.244, 0, 1.763, -33.42, -119.202, -18.673, -7.133, -7.553, 28.47, 0.48972, -0.24026, -0.15762, -0.82309,
 15:46:05.523,ed:35:33:d3:6c:f8, 2015-01-01 03:57:20.120, 0.361, -0.012, 0.925, 2.625, 2.808, 0.122, -1.247, -21.89, 158.835, -11.213, -6.793, -35.200, 30.72, -0.18076, -0.18741, 0.04828, -0.96423,
 15:46:05.523,ed:35:33:d3:6c:f8, 2015-01-01 03:57:20.120, 0.371, -0.008, 0.938, 0.366, 1.648, -0.488, -1.203, -21.835, 158.84, -11.213, -6.793, -35.200, 30.72, -0.18076, -0.18741, 0.04828, -0.96423,
 15:46:05.543,ed:40:fe:65:30:6c, 2015-01-01 03:57:25.055, 0.553, 0.03, 0.847, -0.366, 0.305, 0.061, 1.758, -33.409, -119.224, -18.673, -7.133, -7.553, 28.47, 0.48972, -0.24026, -0.15762, -0.82309,
 15:46:05.543,ed:40:fe:65:30:6c, 2015-01-01 03:57:25.055, 0.553, 0.025, 0.844, -0.366, 0.122, 0.122, 1.747, -33.398, -119.235, -18.673, -7.133, -7.553, 28.47, 0.48972, -0.24026, -0.15762, -0.82309,
 15:46:05.543,e3:ca:2d:fd:e0:8c, 2015-01-01 03:57:19.980, 0.957, 0.09, 0.343, 0.061, -0.793, 0.244, 14.667, -69.972, 146.618, -26.213, -12.847, -12.833, 29.62, 0.16483, 0.5751, -0.06433, 0.79865,
 15:46:05.543,e3:ca:2d:fd:e0:8c, 2015-01-01 03:57:19.980, 0.956, 0.088, 0.34, 0, -0.488, 0.061, 14.667, -69.983, 146.646, -26.213, -12.847, -12.833, 29.62, 0.16483, 0.5751, -0.06433, 0.79865,
 15:46:05.547,ed:35:33:d3:6c:f8, 2015-01-01 03:57:20.120, 0.371, -0.018, 0.929, -0.122, 0.183, 0.183, -1.198, -21.808, 158.807, -10.753, -7.107, -36.193, 30.72, -0.18076, -0.18741, 0.04828, -0.96423,
 15:46:05.547,ed:35:33:d3:6c:f8, 2015-01-01 03:57:20.120, 0.366, -0.024, 0.917, 0.488, 0, 0.671, -1.198, -21.808, 158.807, -10.753, -7.107, -36.193, 30.72, -0.18076, -0.18741, 0.04828, -0.96423,
 15:46:05.566,ed:40:fe:65:30:6c, 2015-01-01 03:57:25.055, 0.549, 0.021, 0.839, -0.061, 0.061, 0.244, 1.741, -33.393, -119.235, -18.673, -7.133, -7.553, 28.47, 0.4881, -0.24048, -0.1579, -0.82394,
 15:46:05.566,ed:40:fe:65:30:6c, 2015-01-01 03:57:25.055, 0.549, 0.024, 0.836, 0, 0, 0.244, 1.741, -33.393, -119.229, -18.673, -7.133, -7.553, 28.47, 0.4881, -0.24048, -0.1579, -0.82394,
 15:46:05.567,f6:90:cc:01:6d:25, 2015-01-01 03:57:20.085, 0.909, 0.231, 0.326, 0.854, -0.61, 0.305, 36.167, -66.462, 152.578, -26.507, -14.840, -7.920, 32.33, 0.02341, 0.5676, 0.1286, 0.81281,
 15:46:05.567,f6:90:cc:01:6d:25, 2015-01-01 03:57:20.085, 0.904, 0.231, 0.319, 0.427, -0.61, 0.366, 36.178, -66.473, 152.584, -26.507, -14.840, -7.920, 32.33, 0.02341, 0.5676, 0.1286, 0.81281,
 15:46:05.589,e3:ca:2d:fd:e0:8c, 2015-01-01 03:57:19.980, 0.958, 0.088, 0.336, -0.061, -0.244, 0, 14.667, -69.988, 146.662, -26.213, -12.847, -12.833, 29.62, 0.16483, 0.5751, -0.06433, 0.79865,
 15:46:05.589,e3:ca:2d:fd:e0:8c, 2015-01-01 03:57:19.980, 0.96, 0.088, 0.334, 0.061, -0.427, 0.183, 14.667, -69.994, 146.673, -26.213, -12.847, -12.833, 29.62, 0.16483, 0.5751, -0.06433, 0.79865,
 15:46:05.590,f6:90:cc:01:6d:25, 2015-01-01 03:57:20.440, 0.902, 0.23, 0.317, 0.183, -0.854, 0.305, 36.183, -66.489, 152.595, -26.507, -14.840, -7.920, 32.33, 0.02341, 0.5676, 0.1286, 0.81281,
 15:46:05.590,f6:90:cc:01:6d:25, 2015-01-01 03:57:20.440, 0.903, 0.231, 0.317, 0.549, -1.038, 0.244, 36.2, -66.506, 152.606, -26.507, -14.840, -7.920, 32.33, 0.02341, 0.5676, 0.1286, 0.81281,
 15:46:05.592,ed:35:33:d3:6c:f8, 2015-01-01 03:57:20.120, 0.366, -0.007, 0.922, 0.305, 0.549, 0.366, -1.192, -21.802, 158.824, -10.753, -7.107, -36.193, 30.72, -0.18076, -0.18741, 0.04828, -0.96423,
 15:46:05.592,ed:35:33:d3:6c:f8, 2015-01-01 03:57:20.120, 0.364, -0.015, 0.929, 0.366, 0.366, 0.122, -1.181, -21.791, 158.824, -10.753, -7.107, -36.193, 30.72, -0.18076, -0.18741, 0.04828, -0.96423,
 15:46:05.612,f6:90:cc:01:6d:25, 2015-01-01 03:57:20.440, 0.905, 0.232, 0.319, 1.099, -1.465, 0.305, 36.238, -66.528, 152.611, -26.507, -14.840, -7.920, 32.33, 0.02341, 0.5676, 0.1286, 0.81281,
 15:46:05.612,f6:90:cc:01:6d:25, 2015-01-01 03:57:20.440, 0.904, 0.23, 0.315, 1.526, -2.014, 0.366, 36.293, -66.561, 152.606, -26.507, -14.840, -7.920, 32.33, 0.02341, 0.5676, 0.1286, 0.81281,
 15:46:05.633,e3:ca:2d:fd:e0:8c, 2015-01-01 03:57:19.980, 0.959, 0.088, 0.336, 0.427, -0.61, 0.366, 14.667, -70.005, 146.689, -26.213, -12.847, -12.833, 29.62, 0.16483, 0.5751, -0.06433, 0.79865,
 15:46:05.633,e3:ca:2d:fd:e0:8c, 2015-01-01 03:57:19.980, 0.958, 0.088, 0.337, 0.488, -0.427, 0.305, 14.661, -70.016, 146.711, -26.213, -12.847, -12.833, 29.62, 0.16483, 0.5751, -0.06433, 0.79865,
 15:46:05.633,ed:40:fe:65:30:6c, 2015-01-01 03:57:25.055, 0.547, 0.03, 0.839, -0.061, 0, 0.305, 1.736, -33.387, -119.229, -18.673, -7.133, -7.553, 28.47, 0.4881, -0.24048, -0.1579, -0.82394,
 15:46:05.633,ed:40:fe:65:30:6c, 2015-01-01 03:57:25.055, 0.547, 0.025, 0.845, -0.305, -0.183, 0.183, 1.73, -33.387, -119.224, -18.673, -7.133, -7.553, 28.47, 0.4881, -0.24048, -0.1579, -0.82394,
 15:46:05.636,ed:35:33:d3:6c:f8, 2015-01-01 03:57:20.120, 0.361, -0.02, 0.93, 0.671, 0.061, 0.122, -1.176, -21.78, 158.807, -10.753, -7.107, -36.193, 30.72, -0.18225, -0.18396, 0.04474, -0.96481,
 15:46:05.636,ed:35:33:d3:6c:f8, 2015-01-01 03:57:20.120, 0.365, -0.017, 0.933, 0.732, -0.549, -0.366, -1.159, -21.78, 158.818, -10.753, -7.107, -36.193, 30.72, -0.18225, -0.18396, 0.04474, -0.96481,
 15:46:05.656,ed:40:fe:65:30:6c, 2015-01-01 03:57:25.410, 0.545, 0.023, 0.847, -0.366, -0.366, 0, 1.725, -33.387, -119.218, -18.673, -7.133, -7.553, 28.47, 0.4881, -0.24048, -0.1579, -0.82394,
 15:46:05.656,ed:40:fe:65:30:6c, 2015-01-01 03:57:25.410, 0.548, 0.025, 0.848, -0.427, -0.732, -0.122, 1.714, -33.398, -119.218, -18.673, -7.133, -7.553, 28.47, 0.4881, -0.24048, -0.1579, -0.82394,
 15:46:05.658,f6:90:cc:01:6d:25, 2015-01-01 03:57:20.440, 0.902, 0.232, 0.318, 1.099, -2.686, 0.244, 36.365, -66.599, 152.573, -26.507, -14.840, -7.920, 32.33, 0.02341, 0.5676, 0.1286, 0.81281,
 15:46:05.658,f6:90:cc:01:6d:25, 2015-01-01 03:57:20.440, 0.906, 0.235, 0.315, 0.305, -3.296, 0, 36.453, -66.649, 152.512, -26.507, -14.840, -7.920, 32.33, 0.02341, 0.5676, 0.1286, 0.81281,
 15:46:05.682,ed:35:33:d3:6c:f8, 2015-01-01 03:57:20.435, 0.369, -0.019, 0.932, 0.793, -1.038, -0.61, -1.137, -21.791, 158.818, -10.753, -7.107, -36.193, 30.72, -0.18225, -0.18396, 0.04474, -0.96481,
 15:46:05.682,ed:35:33:d3:6c:f8, 2015-01-01 03:57:20.435, 0.373, -0.02, 0.924, 0.183, -1.831, -0.671, -1.121, -21.813, 158.796, -10.753, -7.107, -36.193, 30.72, -0.18225, -0.18396, 0.04474, -0.96481,
 15:46:05.700,ed:40:fe:65:30:6c, 2015-01-01 03:57:25.410, 0.553, 0.021, 0.841, -0.488, -1.282, -0.366, 1.708, -33.409, -119.235, -18.673, -7.133, -7.553, 28.47, 0.4881, -0.24048, -0.1579, -0.82394,
 15:46:05.700,ed:40:fe:65:30:6c, 2015-01-01 03:57:25.410, 0.556, 0.021, 0.837, -0.488, -1.404, -0.488, 1.708, -33.431, -119.24, -18.673, -7.133, -7.553, 28.47, 0.4881, -0.24048, -0.1579, -0.82394,
 15:46:05.701,e3:ca:2d:fd:e0:8c, 2015-01-01 03:57:19.980, 0.958, 0.09, 0.339, 0.549, -0.305, 0.183, 14.661, -70.021, 146.739, -25.927, -12.700, -12.607, 29.62, 0.16483, 0.5751, -0.06433, 0.79865,
 15:46:05.701,e3:ca:2d:fd:e0:8c, 2015-01-01 03:57:19.980, 0.958, 0.089, 0.339, 0.549, -0.183, 0.061, 14.672, -70.027, 146.766, -25.927, -12.700, -12.607, 29.62, 0.16483, 0.5751, -0.06433, 0.79865,
 15:46:05.702,f6:90:cc:01:6d:25, 2015-01-01 03:57:20.440, 0.908, 0.229, 0.313, 0.122, -3.174, -0.305, 36.546, -66.693, 152.457, -26.507, -14.840, -7.920, 32.33, 0.02341, 0.5676, 0.1286, 0.81281,
 15:46:05.702,f6:90:cc:01:6d:25, 2015-01-01 03:57:20.440, 0.911, 0.228, 0.31, 0.549, -2.991, -0.366, 36.645, -66.736, 152.369, -26.507, -14.840, -7.920, 32.33, 0.02341, 0.5676, 0.1286, 0.81281,
 15:46:05.723,ed:40:fe:65:30:6c, 2015-01-01 03:57:25.410, 0.559, 0.024, 0.833, -0.427, -1.282, -0.305, 1.703, -33.453, -119.257, -18.673, -7.133, -7.553, 28.47, 0.4881, -0.24048, -0.1579, -0.82394,
 15:46:05.723,ed:40:fe:65:30:6c, 2015-01-01 03:57:25.410, 0.558, 0.022, 0.837, -0.732, -1.038, -0.244, 1.692, -33.475, -119.279, -18.673, -7.133, -7.553, 28.47, 0.4881, -0.24048, -0.1579, -0.82394,
 15:46:05.724,e3:ca:2d:fd:e0:8c, 2015-01-01 03:57:19.980, 0.958, 0.086, 0.338, 0.549, 0, 0.061, 14.678, -70.027, 146.794, -25.927, -12.700, -12.607, 29.62, 0.16177, 0.57523, -0.06226, 0.79935,
 15:46:05.724,e3:ca:2d:fd:e0:8c, 2015-01-01 03:57:19.980, 0.958, 0.085, 0.336, 0.488, 0.183, 0.061, 14.683, -70.027, 146.821, -25.927, -12.700, -12.607, 29.62, 0.16177, 0.57523, -0.06226, 0.79935,
 15:46:05.727,ed:35:33:d3:6c:f8, 2015-01-01 03:57:20.435, 0.377, -0.013, 0.918, 0.305, -1.77, -0.793, -1.11, -21.846, 158.78, -10.753, -7.107, -36.193, 30.72, -0.18225, -0.18396, 0.04474, -0.96481,
 15:46:05.727,ed:35:33:d3:6c:f8, 2015-01-01 03:57:20.435, 0.376, -0.014, 0.919, 0.793, -1.77, -0.549, -1.093, -21.879, 158.741, -10.753, -7.107, -36.193, 30.72, -0.18225, -0.18396, 0.04474, -0.96481,
 15:46:05.749,ed:35:33:d3:6c:f8, 2015-01-01 03:57:20.435, 0.374, -0.021, 0.925, 0.122, -2.441, -0.488, -1.077, -21.918, 158.698, -10.753, -7.107, -36.193, 30.72, -0.18225, -0.18396, 0.04474, -0.96481,
 15:46:05.749,ed:35:33:d3:6c:f8, 2015-01-01 03:57:20.435, 0.374, -0.021, 0.931, -1.16, -2.991, -0.854, -1.077, -21.967, 158.67, -10.753, -7.107, -36.193, 30.72, -0.18225, -0.18396, 0.04474, -0.96481,
 15:46:05.768,ed:40:fe:65:30:6c, 2015-01-01 03:57:25.410, 0.557, 0.02, 0.84, -1.282, -0.854, -0.488, 1.675, -33.492, -119.295, -18.673, -7.133, -7.553, 28.47, 0.4881, -0.24048, -0.1579, -0.82394,
 15:46:05.768,ed:40:fe:65:30:6c, 2015-01-01 03:57:25.410, 0.555, 0.021, 0.841, -1.648, -1.099, -0.732, 1.653, -33.508, -119.312, -18.673, -7.133, -7.553, 28.47, 0.4881, -0.24048, -0.1579, -0.82394,
 15:46:05.769,e3:ca:2d:fd:e0:8c, 2015-01-01 03:57:19.980, 0.959, 0.088, 0.337, 0.488, 0.061, 0.061, 14.689, -70.021, 146.876, -25.927, -12.700, -12.607, 29.62, 0.16177, 0.57523, -0.06226, 0.79935,
 15:46:05.769,e3:ca:2d:fd:e0:8c, 2015-01-01 03:57:19.980, 0.958, 0.09, 0.338, 0.549, 0, 0, 14.694, -70.021, 146.909, -25.927, -12.700, -12.607, 29.62, 0.16177, 0.57523, -0.06226, 0.79935,
 15:46:05.770,f6:90:cc:01:6d:25, 2015-01-01 03:57:20.440, 0.911, 0.229, 0.312, 0.732, -3.235, -0.244, 36.749, -66.78, 152.26, -26.507, -14.840, -7.920, 32.33, 0.02341, 0.5676, 0.1286, 0.81281,
 15:46:05.770,f6:90:cc:01:6d:25, 2015-01-01 03:57:20.440, 0.912, 0.232, 0.311, 1.282, -2.869, -0.305, 36.859, -66.824, 152.177, -26.507, -14.840, -7.920, 32.33, 0.02341, 0.5676, 0.1286, 0.81281,
 15:46:05.792,f6:90:cc:01:6d:25, 2015-01-01 03:57:20.440, 0.911, 0.232, 0.307, 1.282, -2.625, -0.488, 36.969, -66.863, 152.095, -26.607, -14.987, -7.893, 32.33, 0.02341, 0.5676, 0.1286, 0.81281,
 15:46:05.792,f6:90:cc:01:6d:25, 2015-01-01 03:57:20.440, 0.909, 0.231, 0.306, 0.854, -2.197, -0.549, 37.068, -66.89, 152.012, -26.607, -14.987, -7.893, 32.33, 0.02341, 0.5676, 0.1286, 0.81281,
 15:46:05.792,e3:ca:2d:fd:e0:8c, 2015-01-01 03:57:20.315, 0.957, 0.087, 0.338, 0.427, 0.122, -0.061, 14.705, -70.021, 146.926, -25.927, -12.700, -12.607, 29.62, 0.16177, 0.57523, -0.06226, 0.79935,
 15:46:05.792,e3:ca:2d:fd:e0:8c, 2015-01-01 03:57:20.315, 0.957, 0.087, 0.339, 0.122, 0.244, -0.244, 14.716, -70.016, 146.937, -25.927, -12.700, -12.607, 29.62, 0.16177, 0.57523, -0.06226, 0.79935,
 15:46:05.794,ed:35:33:d3:6c:f8, 2015-01-01 03:57:20.435, 0.372, -0.013, 0.93, -2.014, -2.93, -1.16, -1.099, -22.028, 158.665, -10.753, -7.107, -36.193, 30.72, -0.18225, -0.18396, 0.04474, -0.96481,
 15:46:05.794,ed:35:33:d3:6c:f8, 2015-01-01 03:57:20.435, 0.375, -0.013, 0.926, -1.892, -3.662, -1.16, -1.126, -22.088, 158.67, -10.753, -7.107, -36.193, 30.72, -0.18225, -0.18396, 0.04474, -0.96481,
 15:46:05.813,ed:40:fe:65:30:6c, 2015-01-01 03:57:25.410, 0.552, 0.025, 0.839, -1.831, -1.404, -0.671, 1.626, -33.53, -119.339, -18.673, -7.133, -7.553, 28.47, 0.4881, -0.24048, -0.1579, -0.82394,
 15:46:05.813,ed:40:fe:65:30:6c, 2015-01-01 03:57:25.410, 0.554, 0.024, 0.838, -2.136, -1.587, -0.671, 1.593, -33.563, -119.366, -18.673, -7.133, -7.553, 28.47, 0.4881, -0.24048, -0.1579, -0.82394,
 15:46:05.836,e3:ca:2d:fd:e0:8c, 2015-01-01 03:57:20.315, 0.958, 0.088, 0.338, 0.122, 0.183, -0.183, 14.722, -70.01, 146.942, -25.927, -12.700, -12.607, 29.62, 0.16177, 0.57523, -0.06226, 0.79935,
 15:46:05.836,e3:ca:2d:fd:e0:8c, 2015-01-01 03:57:20.315, 0.957, 0.086, 0.338, 0.183, 0.061, -0.183, 14.733, -70.005, 146.959, -25.927, -12.700, -12.607, 29.62, 0.16177, 0.57523, -0.06226, 0.79935,
 15:46:05.837,f6:90:cc:01:6d:25, 2015-01-01 03:57:20.440, 0.908, 0.23, 0.306, -0.183, -2.197, -0.427, 37.139, -66.918, 151.913, -26.607, -14.987, -7.893, 32.33, 0.02341, 0.5676, 0.1286, 0.81281,
 15:46:05.837,f6:90:cc:01:6d:25, 2015-01-01 03:57:20.440, 0.908, 0.232, 0.307, -0.854, -2.38, -0.366, 37.2, -66.951, 151.798, -26.607, -14.987, -7.893, 32.33, 0.02341, 0.5676, 0.1286, 0.81281,
 15:46:05.841,ed:35:33:d3:6c:f8, 2015-01-01 03:57:20.435, 0.382, -0.013, 0.921, -1.526, -3.479, -1.038, -1.154, -22.154, 158.676, -10.753, -7.107, -36.193, 30.72, -0.18225, -0.18396, 0.04474, -0.96481,
 15:46:05.841,ed:35:33:d3:6c:f8, 2015-01-01 03:57:20.435, 0.383, -0.015, 0.915, -1.282, -3.479, -0.61, -1.176, -22.22, 158.676, -10.753, -7.107, -36.193, 30.72, -0.18225, -0.18396, 0.04474, -0.96481,
 15:46:05.860,ed:40:fe:65:30:6c, 2015-01-01 03:57:25.410, 0.558, 0.021, 0.834, -2.258, -1.526, -0.61, 1.56, -33.591, -119.41, -18.673, -7.133, -7.553, 28.47, 0.4881, -0.24048, -0.1579, -0.82394,
 15:46:05.860,ed:40:fe:65:30:6c, 2015-01-01 03:57:25.410, 0.561, 0.02, 0.83, -2.075, -1.526, -0.549, 1.522, -33.618, -119.438, -18.673, -7.133, -7.553, 28.47, 0.4881, -0.24048, -0.1579, -0.82394,
 15:46:05.881,e3:ca:2d:fd:e0:8c, 2015-01-01 03:57:20.315, 0.957, 0.088, 0.336, 0.122, 0.061, -0.122, 14.744, -69.999, 146.964, -25.927, -12.700, -12.607, 29.62, 0.16177, 0.57523, -0.06226, 0.79935,
 15:46:05.881,e3:ca:2d:fd:e0:8c, 2015-01-01 03:57:20.315, 0.958, 0.087, 0.336, 0.183, 0, -0.061, 14.749, -69.999, 146.986, -25.927, -12.700, -12.607, 29.62, 0.16177, 0.57523, -0.06226, 0.79935,
 15:46:05.882,f6:90:cc:01:6d:25, 2015-01-01 03:57:20.440, 0.91, 0.233, 0.304, -0.854, -2.075, -0.305, 37.249, -66.984, 151.705, -26.607, -14.987, -7.893, 32.33, 0.02209, 0.57199, 0.13055, 0.80945,
 15:46:05.882,f6:90:cc:01:6d:25, 2015-01-01 03:57:20.440, 0.912, 0.23, 0.303, -0.671, -1.709, -0.305, 37.293, -67.006, 151.622, -26.607, -14.987, -7.893, 32.33, 0.02209, 0.57199, 0.13055, 0.80945,
 15:46:05.885,ed:35:33:d3:6c:f8, 2015-01-01 03:57:20.435, 0.384, -0.016, 0.914, -0.977, -3.662, -0.183, -1.192, -22.291, 158.659, -10.873, -7.067, -34.967, 30.72, -0.18225, -0.18396, 0.04474, -0.96481,
 15:46:05.885,ed:35:33:d3:6c:f8, 2015-01-01 03:57:20.435, 0.381, -0.018, 0.915, -1.099, -2.991, -0.183, -1.208, -22.357, 158.637, -10.873, -7.067, -34.967, 30.72, -0.18225, -0.18396, 0.04474, -0.96481,
 15:46:05.904,e3:ca:2d:fd:e0:8c, 2015-01-01 03:57:20.315, 0.956, 0.09, 0.338, 0.244, -0.122, -0.061, 14.755, -69.999, 147.019, -25.927, -12.700, -12.607, 29.62, 0.16177, 0.57523, -0.06226, 0.79935,
 15:46:05.904,e3:ca:2d:fd:e0:8c, 2015-01-01 03:57:20.315, 0.955, 0.09, 0.339, 0.122, -0.183, -0.122, 14.76, -70.005, 147.052, -25.927, -12.700, -12.607, 29.62, 0.16177, 0.57523, -0.06226, 0.79935,
 15:46:05.926,ed:40:fe:65:30:6c, 2015-01-01 03:57:25.410, 0.56, 0.02, 0.831, -1.709, -1.343, -0.427, 1.494, -33.646, -119.454, -18.360, -6.593, -7.800, 28.47, 0.4881, -0.24048, -0.1579, -0.82394,
 15:46:05.926,ed:40:fe:65:30:6c, 2015-01-01 03:57:25.410, 0.556, 0.019, 0.833, -1.282, -1.038, -0.366, 1.472, -33.668, -119.465, -18.360, -6.593, -7.800, 28.47, 0.4881, -0.24048, -0.1579, -0.82394,
 15:46:05.927,f6:90:cc:01:6d:25, 2015-01-01 03:57:20.440, 0.911, 0.231, 0.304, -0.427, -1.404, -0.244, 37.332, -67.028, 151.534, -26.607, -14.987, -7.893, 32.33, 0.02209, 0.57199, 0.13055, 0.80945,
 15:46:05.927,f6:90:cc:01:6d:25, 2015-01-01 03:57:20.440, 0.909, 0.233, 0.305, -0.061, -1.343, -0.305, 37.375, -67.044, 151.43, -26.607, -14.987, -7.893, 32.33, 0.02209, 0.57199, 0.13055, 0.80945,
 15:46:05.929,ed:35:33:d3:6c:f8, 2015-01-01 03:57:20.435, 0.378, -0.019, 0.916, 0.122, -2.93, 0.183, -1.219, -22.418, 158.599, -10.873, -7.067, -34.967, 30.72, -0.18414, -0.18903, 0.04636, -0.96338,
 15:46:05.929,ed:35:33:d3:6c:f8, 2015-01-01 03:57:20.435, 0.38, -0.017, 0.919, 0.488, -2.869, 0.061, -1.214, -22.473, 158.549, -10.873, -7.067, -34.967, 30.72, -0.18414, -0.18903, 0.04636, -0.96338,
 15:46:05.947,ed:40:fe:65:30:6c, 2015-01-01 03:57:25.410, 0.554, 0.018, 0.835, -0.854, -0.732, -0.488, 1.461, -33.684, -119.465, -18.360, -6.593, -7.800, 28.47, 0.4855, -0.24408, -0.15656, -0.82468,
 15:46:05.947,ed:40:fe:65:30:6c, 2015-01-01 03:57:25.410, 0.555, 0.02, 0.835, -0.488, -0.732, -0.549, 1.456, -33.695, -119.471, -18.360, -6.593, -7.800, 28.47, 0.4855, -0.24408, -0.15656, -0.82468,
 15:46:05.950,e3:ca:2d:fd:e0:8c, 2015-01-01 03:57:20.315, 0.955, 0.09, 0.34, 0.183, -0.244, 0, 14.771, -70.005, 147.079, -25.927, -12.700, -12.607, 29.62, 0.16177, 0.57523, -0.06226, 0.79935,
 15:46:05.950,e3:ca:2d:fd:e0:8c, 2015-01-01 03:57:20.315, 0.956, 0.089, 0.339, 0.244, -0.366, 0.061, 14.777, -70.01, 147.107, -25.927, -12.700, -12.607, 29.62, 0.16177, 0.57523, -0.06226, 0.79935,
 15:46:05.950,f6:90:cc:01:6d:25, 2015-01-01 03:57:20.775, 0.908, 0.232, 0.306, -0.183, -1.343, -0.305, 37.419, -67.061, 151.359, -26.607, -14.987, -7.893, 32.33, 0.02209, 0.57199, 0.13055, 0.80945,
 15:46:05.950,f6:90:cc:01:6d:25, 2015-01-01 03:57:20.775, 0.909, 0.232, 0.306, 0.122, -0.977, -0.366, 37.458, -67.077, 151.315, -26.607, -14.987, -7.893, 32.33, 0.02209, 0.57199, 0.13055, 0.80945,
 15:46:05.952,ed:35:33:d3:6c:f8, 2015-01-01 03:57:20.725, 0.385, -0.012, 0.918, -0.061, -1.953, -0.305, -1.208, -22.522, 158.527, -10.873, -7.067, -34.967, 30.72, -0.18414, -0.18903, 0.04636, -0.96338,
 15:46:05.952,ed:35:33:d3:6c:f8, 2015-01-01 03:57:20.725, 0.39, -0.008, 0.917, -0.061, -1.77, 0, -1.203, -22.56, 158.516, -10.873, -7.067, -34.967, 30.72, -0.18414, -0.18903, 0.04636, -0.96338,
 15:46:05.974,f6:90:cc:01:6d:25, 2015-01-01 03:57:20.775, 0.912, 0.231, 0.304, 0.427, -0.793, -0.183, 37.496, -67.088, 151.293, -26.607, -14.987, -7.893, 32.33, 0.02209, 0.57199, 0.13055, 0.80945,
 15:46:05.974,f6:90:cc:01:6d:25, 2015-01-01 03:57:20.775, 0.911, 0.233, 0.301, 0.244, -0.671, -0.183, 37.524, -67.094, 151.282, -26.607, -14.987, -7.893, 32.33, 0.02209, 0.57199, 0.13055, 0.80945,
 15:46:05.992,ed:40:fe:65:30:6c, 2015-01-01 03:57:25.410, 0.56, 0.023, 0.834, -0.183, -0.732, -0.366, 1.456, -33.712, -119.476, -18.360, -6.593, -7.800, 28.47, 0.4855, -0.24408, -0.15656, -0.82468,
 15:46:05.992,ed:40:fe:65:30:6c, 2015-01-01 03:57:25.410, 0.563, 0.023, 0.833, 0, -0.61, 0, 1.456, -33.723, -119.476, -18.360, -6.593, -7.800, 28.47, 0.4855, -0.24408, -0.15656, -0.82468,
 15:46:05.994,e3:ca:2d:fd:e0:8c, 2015-01-01 03:57:20.315, 0.957, 0.09, 0.339, 0.305, -0.244, 0.183, 14.782, -70.016, 147.145, -25.927, -12.700, -12.607, 29.62, 0.16177, 0.57523, -0.06226, 0.79935,
 15:46:05.994,e3:ca:2d:fd:e0:8c, 2015-01-01 03:57:20.315, 0.956, 0.087, 0.336, 0.244, -0.244, 0.183, 14.777, -70.021, 147.206, -25.927, -12.700, -12.607, 29.62, 0.16177, 0.57523, -0.06226, 0.79935,
 15:46:05.996,ed:35:33:d3:6c:f8, 2015-01-01 03:57:20.725, 0.387, -0.013, 0.912, 0.122, -1.343, 0.183, -1.203, -22.593, 158.516, -10.873, -7.067, -34.967, 30.72, -0.18414, -0.18903, 0.04636, -0.96338,
 15:46:05.996,ed:35:33:d3:6c:f8, 2015-01-01 03:57:20.725, 0.385, -0.018, 0.91, 0.61, -1.465, 0.427, -1.198, -22.621, 158.522, -10.873, -7.067, -34.967, 30.72, -0.18414, -0.18903, 0.04636, -0.96338,
 15:46:06.016,ed:40:fe:65:30:6c, 2015-01-01 03:57:25.790, 0.561, 0.021, 0.83, 0.305, -0.366, 0.183, 1.461, -33.728, -119.471, -18.360, -6.593, -7.800, 28.47, 0.4855, -0.24408, -0.15656, -0.82468,
 15:46:06.016,ed:40:fe:65:30:6c, 2015-01-01 03:57:25.790, 0.561, 0.02, 0.829, 0.427, -0.061, 0.122, 1.467, -33.734, -119.471, -18.360, -6.593, -7.800, 28.47, 0.4855, -0.24408, -0.15656, -0.82468,
 15:46:06.017,f6:90:cc:01:6d:25, 2015-01-01 03:57:20.775, 0.91, 0.233, 0.301, 0.244, -0.61, -0.122, 37.546, -67.104, 151.293, -26.607, -14.987, -7.893, 32.33, 0.02209, 0.57199, 0.13055, 0.80945,
 15:46:06.017,f6:90:cc:01:6d:25, 2015-01-01 03:57:20.775, 0.911, 0.233, 0.297, 0.305, -0.549, 0, 37.568, -67.115, 151.326, -26.607, -14.987, -7.893, 32.33, 0.02209, 0.57199, 0.13055, 0.80945,
 15:46:06.040,ed:35:33:d3:6c:f8, 2015-01-01 03:57:20.725, 0.391, -0.018, 0.911, 0.854, -0.854, -0.244, -1.181, -22.643, 158.538, -10.873, -7.067, -34.967, 30.72, -0.18414, -0.18903, 0.04636, -0.96338,
 15:46:06.040,ed:35:33:d3:6c:f8, 2015-01-01 03:57:20.725, 0.388, -0.017, 0.913, 1.343, -0.305, 0.549, -1.159, -22.659, 158.555, -10.873, -7.067, -34.967, 30.72, -0.18414, -0.18903, 0.04636, -0.96338,
 15:46:06.059,ed:40:fe:65:30:6c, 2015-01-01 03:57:25.790, 0.561, 0.019, 0.83, 0.427, 0.183, -0.061, 1.472, -33.734, -119.482, -18.360, -6.593, -7.800, 28.47, 0.4855, -0.24408, -0.15656, -0.82468,
 15:46:06.059,ed:40:fe:65:30:6c, 2015-01-01 03:57:25.790, 0.561, 0.02, 0.832, 0.488, 0.305, -0.244, 1.483, -33.728, -119.498, -18.360, -6.593, -7.800, 28.47, 0.4855, -0.24408, -0.15656, -0.82468,
 15:46:06.061,e3:ca:2d:fd:e0:8c, 2015-01-01 03:57:20.315, 0.958, 0.088, 0.335, 0, -0.366, 0.183, 14.777, -70.027, 147.25, -26.007, -13.080, -11.940, 29.62, 0.16177, 0.57523, -0.06226, 0.79935,
 15:46:06.061,e3:ca:2d:fd:e0:8c, 2015-01-01 03:57:20.315, 0.959, 0.089, 0.334, -0.244, -0.61, 0.183, 14.771, -70.032, 147.261, -26.007, -13.080, -11.940, 29.62, 0.16177, 0.57523, -0.06226, 0.79935,
 15:46:06.063,f6:90:cc:01:6d:25, 2015-01-01 03:57:20.775, 0.913, 0.233, 0.298, 0.183, -0.671, 0, 37.59, -67.126, 151.375, -26.607, -14.987, -7.893, 32.33, 0.02209, 0.57199, 0.13055, 0.80945,
 15:46:06.063,f6:90:cc:01:6d:25, 2015-01-01 03:57:20.775, 0.913, 0.233, 0.299, 0.427, -0.488, 0.061, 37.612, -67.137, 151.392, -26.607, -14.987, -7.893, 32.33, 0.02209, 0.57199, 0.13055, 0.80945,
 15:46:06.085,e3:ca:2d:fd:e0:8c, 2015-01-01 03:57:20.315, 0.959, 0.088, 0.336, -0.244, -0.549, 0.183, 14.76, -70.043, 147.272, -26.007, -13.080, -11.940, 29.62, 0.15793, 0.57574, -0.05933, 0.79996,
 15:46:06.085,e3:ca:2d:fd:e0:8c, 2015-01-01 03:57:20.315, 0.958, 0.088, 0.338, -0.122, -0.488, 0.183, 14.755, -70.054, 147.305, -26.007, -13.080, -11.940, 29.62, 0.15793, 0.57574, -0.05933, 0.79996,
 15:46:06.086,ed:35:33:d3:6c:f8, 2015-01-01 03:57:20.725, 0.387, -0.013, 0.92, 0.793, 0.183, 0.183, -1.137, -22.665, 158.582, -10.873, -7.067, -34.967, 30.72, -0.18414, -0.18903, 0.04636, -0.96338,
 15:46:06.086,ed:35:33:d3:6c:f8, 2015-01-01 03:57:20.725, 0.384, -0.011, 0.918, 0.366, 0.549, 0.061, -1.121, -22.659, 158.588, -10.873, -7.067, -34.967, 30.72, -0.18414, -0.18903, 0.04636, -0.96338,
 15:46:06.106,ed:40:fe:65:30:6c, 2015-01-01 03:57:25.790, 0.56, 0.02, 0.836, 0.488, 0.183, -0.061, 1.494, -33.728, -119.509, -18.360, -6.593, -7.800, 28.47, 0.4855, -0.24408, -0.15656, -0.82468,
 15:46:06.106,ed:40:fe:65:30:6c, 2015-01-01 03:57:25.790, 0.556, 0.021, 0.833, 0.488, 0.244, 0.183, 1.505, -33.723, -119.498, -18.360, -6.593, -7.800, 28.47, 0.4855, -0.24408, -0.15656, -0.82468,
 15:46:06.127,ed:40:fe:65:30:6c, 2015-01-01 03:57:25.790, 0.556, 0.02, 0.832, 0.427, 0.427, 0.305, 1.505, -33.717, -119.493, -18.360, -6.593, -7.800, 28.47, 0.4855, -0.24408, -0.15656, -0.82468,
 15:46:06.127,ed:40:fe:65:30:6c, 2015-01-01 03:57:25.790, 0.558, 0.019, 0.833, 0.427, 0.366, 0.183, 1.511, -33.712, -119.482, -18.360, -6.593, -7.800, 28.47, 0.4855, -0.24408, -0.15656, -0.82468,
 15:46:06.132,f6:90:cc:01:6d:25, 2015-01-01 03:57:20.775, 0.912, 0.232, 0.301, 0.427, -0.366, 0.061, 37.634, -67.143, 151.37, -26.607, -14.987, -7.893, 32.33, 0.02209, 0.57199, 0.13055, 0.80945,
 15:46:06.133,f6:90:cc:01:6d:25, 2015-01-01 03:57:20.775, 0.906, 0.23, 0.304, 0.061, -0.305, 0.061, 37.639, -67.154, 151.359, -26.607, -14.987, -7.893, 32.33, 0.02209, 0.57199, 0.13055, 0.80945,
 15:46:06.133,e3:ca:2d:fd:e0:8c, 2015-01-01 03:57:20.315, 0.955, 0.087, 0.34, -0.122, -0.183, 0.061, 14.749, -70.06, 147.305, -26.007, -13.080, -11.940, 29.62, 0.15793, 0.57574, -0.05933, 0.79996,
 15:46:06.133,e3:ca:2d:fd:e0:8c, 2015-01-01 03:57:20.315, 0.955, 0.086, 0.338, -0.061, -0.183, 0, 14.749, -70.065, 147.294, -26.007, -13.080, -11.940, 29.62, 0.15793, 0.57574, -0.05933, 0.79996,
 15:46:06.134,ed:35:33:d3:6c:f8, 2015-01-01 03:57:20.725, 0.383, -0.015, 0.915, 0.305, 0.305, 0.183, -1.115, -22.654, 158.593, -10.873, -7.067, -34.967, 30.72, -0.18414, -0.18903, 0.04636, -0.96338,
 15:46:06.134,ed:35:33:d3:6c:f8, 2015-01-01 03:57:20.725, 0.385, -0.016, 0.912, 0.549, 0.305, 0.183, -1.104, -22.648, 158.599, -10.873, -7.067, -34.967, 30.72, -0.18414, -0.18903, 0.04636, -0.96338,
 15:46:06.152,e3:ca:2d:fd:e0:8c, 2015-01-01 03:57:20.670, 0.959, 0.086, 0.336, 0, -0.061, 0, 14.749, -70.065, 147.266, -26.007, -13.080, -11.940, 29.62, 0.15793, 0.57574, -0.05933, 0.79996,
 15:46:06.152,e3:ca:2d:fd:e0:8c, 2015-01-01 03:57:20.670, 0.961, 0.087, 0.335, 0, -0.122, 0, 14.749, -70.065, 147.261, -26.007, -13.080, -11.940, 29.62, 0.15793, 0.57574, -0.05933, 0.79996,
 15:46:06.152,f6:90:cc:01:6d:25, 2015-01-01 03:57:20.775, 0.908, 0.23, 0.301, -0.122, -0.122, 0.122, 37.639, -67.159, 151.375, -26.920, -14.893, -7.633, 32.33, 0.02209, 0.57199, 0.13055, 0.80945,
 15:46:06.152,f6:90:cc:01:6d:25, 2015-01-01 03:57:20.775, 0.912, 0.23, 0.3, -0.61, -0.061, 0.122, 37.623, -67.159, 151.436, -26.920, -14.893, -7.633, 32.33, 0.02209, 0.57199, 0.13055, 0.80945,
 15:46:06.155,ed:35:33:d3:6c:f8, 2015-01-01 03:57:20.725, 0.387, -0.02, 0.917, 0.671, 0.488, 0.244, -1.093, -22.643, 158.599, -11.487, -7.280, -35.440, 30.72, -0.18414, -0.18903, 0.04636, -0.96338,
 15:46:06.155,ed:35:33:d3:6c:f8, 2015-01-01 03:57:20.725, 0.387, -0.019, 0.921, 0.671, 0.061, 0.427, -1.082, -22.637, 158.61, -11.487, -7.280, -35.440, 30.72, -0.18414, -0.18903, 0.04636, -0.96338,
 15:46:06.173,ed:40:fe:65:30:6c, 2015-01-01 03:57:25.790, 0.56, 0.017, 0.836, 0.366, 0.244, 0.061, 1.516, -33.706, -119.471, -18.360, -6.593, -7.800, 28.47, 0.4855, -0.24408, -0.15656, -0.82468,
 15:46:06.173,ed:40:fe:65:30:6c, 2015-01-01 03:57:25.790, 0.561, 0.018, 0.836, 0.366, 0.183, 0, 1.522, -33.706, -119.46, -18.360, -6.593, -7.800, 28.47, 0.4855, -0.24408, -0.15656, -0.82468,
 15:46:06.196,e3:ca:2d:fd:e0:8c, 2015-01-01 03:57:20.670, 0.962, 0.088, 0.333, 0.061, 0, 0, 14.749, -70.065, 147.288, -26.007, -13.080, -11.940, 29.62, 0.15793, 0.57574, -0.05933, 0.79996,
 15:46:06.196,e3:ca:2d:fd:e0:8c, 2015-01-01 03:57:20.670, 0.961, 0.087, 0.333, 0.061, 0.122, 0, 14.744, -70.065, 147.321, -26.007, -13.080, -11.940, 29.62, 0.15793, 0.57574, -0.05933, 0.79996,
 15:46:06.198,ed:35:33:d3:6c:f8, 2015-01-01 03:57:20.725, 0.389, -0.013, 0.922, 0.427, 0.122, 0.488, -1.071, -22.637, 158.626, -11.487, -7.280, -35.440, 30.72, -0.18414, -0.18903, 0.04636, -0.96338,
 15:46:06.198,ed:35:33:d3:6c:f8, 2015-01-01 03:57:20.725, 0.388, -0.012, 0.922, 0, 0.061, 0.305, -1.066, -22.637, 158.654, -11.487, -7.280, -35.440, 30.72, -0.18414, -0.18903, 0.04636, -0.96338,
 15:46:06.198,f6:90:cc:01:6d:25, 2015-01-01 03:57:20.775, 0.913, 0.233, 0.298, -1.038, -0.122, 0.122, 37.601, -67.165, 151.507, -26.920, -14.893, -7.633, 32.33, 0.02209, 0.57199, 0.13055, 0.80945,
 15:46:06.198,f6:90:cc:01:6d:25, 2015-01-01 03:57:20.775, 0.915, 0.231, 0.296, -0.916, -0.183, 0, 37.59, -67.17, 151.562, -26.920, -14.893, -7.633, 32.33, 0.02209, 0.57199, 0.13055, 0.80945,
 15:46:06.218,ed:40:fe:65:30:6c, 2015-01-01 03:57:25.790, 0.562, 0.02, 0.836, 0.305, 0.061, 0.122, 1.522, -33.706, -119.449, -18.360, -6.593, -7.800, 28.47, 0.4855, -0.24408, -0.15656, -0.82468,
 15:46:06.218,ed:40:fe:65:30:6c, 2015-01-01 03:57:25.790, 0.56, 0.021, 0.835, 0.244, 0, 0.305, 1.522, -33.706, -119.438, -18.360, -6.593, -7.800, 28.47, 0.4855, -0.24408, -0.15656, -0.82468,
 15:46:06.220,f6:90:cc:01:6d:25, 2015-01-01 03:57:20.775, 0.915, 0.231, 0.297, -0.61, -0.183, 0, 37.584, -67.176, 151.578, -26.920, -14.893, -7.633, 32.33, 0.02084, 0.57355, 0.13156, 0.8082,
 15:46:06.220,f6:90:cc:01:6d:25, 2015-01-01 03:57:20.775, 0.91, 0.233, 0.3, -0.244, -0.061, -0.061, 37.584, -67.181, 151.573, -26.920, -14.893, -7.633, 32.33, 0.02084, 0.57355, 0.13156, 0.8082,
 15:46:06.240,e3:ca:2d:fd:e0:8c, 2015-01-01 03:57:20.670, 0.958, 0.089, 0.334, 0.061, 0.244, 0, 14.744, -70.065, 147.332, -26.007, -13.080, -11.940, 29.62, 0.15793, 0.57574, -0.05933, 0.79996,
 15:46:06.240,e3:ca:2d:fd:e0:8c, 2015-01-01 03:57:20.670, 0.955, 0.089, 0.335, 0.122, 0.183, 0, 14.744, -70.06, 147.354, -26.007, -13.080, -11.940, 29.62, 0.15793, 0.57574, -0.05933, 0.79996,
 15:46:06.244,ed:35:33:d3:6c:f8, 2015-01-01 03:57:20.725, 0.382, -0.012, 0.917, 0, 0.061, 0.305, -1.071, -22.637, 158.687, -11.487, -7.280, -35.440, 30.72, -0.18347, -0.19116, 0.04538, -0.96313,
 15:46:06.244,ed:35:33:d3:6c:f8, 2015-01-01 03:57:20.725, 0.38, -0.015, 0.917, 0.244, 0.244, 0.183, -1.066, -22.637, 158.708, -11.487, -7.280, -35.440, 30.72, -0.18347, -0.19116, 0.04538, -0.96313,
 15:46:06.266,f6:90:cc:01:6d:25, 2015-01-01 03:57:20.775, 0.907, 0.234, 0.3, 0, 0, 0, 37.584, -67.187, 151.578, -26.920, -14.893, -7.633, 32.33, 0.02084, 0.57355, 0.13156, 0.8082,
 15:46:06.266,f6:90:cc:01:6d:25, 2015-01-01 03:57:20.775, 0.908, 0.234, 0.305, -0.183, 0, 0, 37.584, -67.187, 151.584, -26.920, -14.893, -7.633, 32.33, 0.02084, 0.57355, 0.13156, 0.8082,
 15:46:06.285,ed:40:fe:65:30:6c, 2015-01-01 03:57:25.790, 0.554, 0.023, 0.833, 0.305, 0.061, 0.366, 1.522, -33.706, -119.427, -18.753, -6.447, -7.480, 28.47, 0.4855, -0.24408, -0.15656, -0.82468,
 15:46:06.285,ed:40:fe:65:30:6c, 2015-01-01 03:57:25.790, 0.553, 0.022, 0.834, 0.061, 0.183, 0.183, 1.522, -33.706, -119.427, -18.753, -6.447, -7.480, 28.47, 0.4855, -0.24408, -0.15656, -0.82468,
 15:46:06.287,e3:ca:2d:fd:e0:8c, 2015-01-01 03:57:20.670, 0.954, 0.09, 0.338, 0.061, 0.061, 0, 14.744, -70.06, 147.36, -26.007, -13.080, -11.940, 29.62, 0.15793, 0.57574, -0.05933, 0.79996,
 15:46:06.287,e3:ca:2d:fd:e0:8c, 2015-01-01 03:57:20.670, 0.955, 0.089, 0.34, 0, -0.061, 0, 14.744, -70.06, 147.343, -26.007, -13.080, -11.940, 29.62, 0.15793, 0.57574, -0.05933, 0.79996,
 15:46:06.290,ed:35:33:d3:6c:f8, 2015-01-01 03:57:21.040, 0.381, -0.013, 0.919, -0.244, 0.183, -0.061, -1.066, -22.637, 158.719, -11.487, -7.280, -35.440, 30.72, -0.18347, -0.19116, 0.04538, -0.96313,
 15:46:06.290,ed:35:33:d3:6c:f8, 2015-01-01 03:57:21.040, 0.381, -0.013, 0.918, -0.305, -0.122, -0.061, -1.066, -22.637, 158.708, -11.487, -7.280, -35.440, 30.72, -0.18347, -0.19116, 0.04538, -0.96313,
 15:46:06.309,e3:ca:2d:fd:e0:8c, 2015-01-01 03:57:20.670, 0.956, 0.09, 0.341, 0, 0, 0, 14.744, -70.06, 147.305, -26.007, -13.080, -11.940, 29.62, 0.15793, 0.57574, -0.05933, 0.79996,
 15:46:06.309,e3:ca:2d:fd:e0:8c, 2015-01-01 03:57:20.670, 0.956, 0.09, 0.341, 0.061, 0.122, 0, 14.744, -70.054, 147.272, -26.007, -13.080, -11.940, 29.62, 0.15793, 0.57574, -0.05933, 0.79996,
 15:46:06.309,ed:40:fe:65:30:6c, 2015-01-01 03:57:25.790, 0.553, 0.022, 0.836, 0, 0.061, 0, 1.522, -33.706, -119.432, -18.753, -6.447, -7.480, 28.47, 0.48584, -0.2439, -0.15714, -0.82443,
 15:46:06.309,ed:40:fe:65:30:6c, 2015-01-01 03:57:25.790, 0.554, 0.021, 0.835, 0, 0, 0, 1.516, -33.701, -119.443, -18.753, -6.447, -7.480, 28.47, 0.48584, -0.2439, -0.15714, -0.82443,
 15:46:06.311,f6:90:cc:01:6d:25, 2015-01-01 03:57:21.135, 0.908, 0.232, 0.304, -0.427, 0, 0, 37.579, -67.187, 151.589, -26.920, -14.893, -7.633, 32.33, 0.02084, 0.57355, 0.13156, 0.8082,
 15:46:06.311,f6:90:cc:01:6d:25, 2015-01-01 03:57:21.135, 0.909, 0.233, 0.306, -0.61, 0.061, 0, 37.562, -67.187, 151.595, -26.920, -14.893, -7.633, 32.33, 0.02084, 0.57355, 0.13156, 0.8082,
 15:46:06.333,ed:35:33:d3:6c:f8, 2015-01-01 03:57:21.040, 0.383, -0.014, 0.917, -0.061, 0, -0.061, -1.071, -22.637, 158.687, -11.487, -7.280, -35.440, 30.72, -0.18347, -0.19116, 0.04538, -0.96313,
 15:46:06.333,ed:35:33:d3:6c:f8, 2015-01-01 03:57:21.040, 0.376, -0.013, 0.917, 0.366, 0.244, 0, -1.066, -22.637, 158.665, -11.487, -7.280, -35.440, 30.72, -0.18347, -0.19116, 0.04538, -0.96313,
 15:46:06.352,ed:40:fe:65:30:6c, 2015-01-01 03:57:25.790, 0.554, 0.021, 0.837, 0.122, 0, 0, 1.522, -33.701, -119.449, -18.753, -6.447, -7.480, 28.47, 0.48584, -0.2439, -0.15714, -0.82443,
 15:46:06.352,ed:40:fe:65:30:6c, 2015-01-01 03:57:25.790, 0.549, 0.022, 0.836, 0.244, 0.122, 0, 1.522, -33.701, -119.443, -18.753, -6.447, -7.480, 28.47, 0.48584, -0.2439, -0.15714, -0.82443,
 15:46:06.354,e3:ca:2d:fd:e0:8c, 2015-01-01 03:57:20.670, 0.953, 0.089, 0.341, 0.061, 0.122, 0, 14.744, -70.049, 147.261, -26.007, -13.080, -11.940, 29.62, 0.15793, 0.57574, -0.05933, 0.79996,
 15:46:06.354,e3:ca:2d:fd:e0:8c, 2015-01-01 03:57:20.670, 0.957, 0.088, 0.338, 0, 0, 0, 14.744, -70.049, 147.277, -26.007, -13.080, -11.940, 29.62, 0.15793, 0.57574, -0.05933, 0.79996,
 15:46:06.356,ed:35:33:d3:6c:f8, 2015-01-01 03:57:21.040, 0.378, -0.017, 0.917, 0.305, 0.122, -0.122, -1.055, -22.632, 158.643, -11.487, -7.280, -35.440, 30.72, -0.18347, -0.19116, 0.04538, -0.96313,
 15:46:06.356,ed:35:33:d3:6c:f8, 2015-01-01 03:57:21.040, 0.382, -0.012, 0.92, 0.488, 0.854, -0.427, -1.044, -22.626, 158.621, -11.487, -7.280, -35.440, 30.72, -0.18347, -0.19116, 0.04538, -0.96313,
 15:46:06.375,ed:40:fe:65:30:6c, 2015-01-01 03:57:26.150, 0.552, 0.02, 0.837, 0.183, 0.366, -0.122, 1.527, -33.69, -119.443, -18.753, -6.447, -7.480, 28.47, 0.48584, -0.2439, -0.15714, -0.82443,
 15:46:06.375,ed:40:fe:65:30:6c, 2015-01-01 03:57:26.150, 0.555, 0.021, 0.839, 0.183, 0.244, -0.122, 1.533, -33.684, -119.454, -18.753, -6.447, -7.480, 28.47, 0.48584, -0.2439, -0.15714, -0.82443,
 15:46:06.377,f6:90:cc:01:6d:25, 2015-01-01 03:57:21.135, 0.908, 0.233, 0.307, -0.305, 0.244, -0.061, 37.551, -67.181, 151.589, -26.920, -14.893, -7.633, 32.33, 0.02084, 0.57355, 0.13156, 0.8082,
 15:46:06.377,f6:90:cc:01:6d:25, 2015-01-01 03:57:21.135, 0.906, 0.231, 0.307, -0.244, 0.183, -0.061, 37.546, -67.181, 151.589, -26.920, -14.893, -7.633, 32.33, 0.02084, 0.57355, 0.13156, 0.8082,
 15:46:06.401,ed:35:33:d3:6c:f8, 2015-01-01 03:57:21.040, 0.384, -0.013, 0.922, 0.488, 0.305, -0.244, -1.033, -22.615, 158.61, -11.487, -7.280, -35.440, 30.72, -0.18347, -0.19116, 0.04538, -0.96313,
 15:46:06.401,ed:35:33:d3:6c:f8, 2015-01-01 03:57:21.040, 0.385, -0.014, 0.921, 0.366, 0.244, -0.183, -1.016, -22.604, 158.604, -11.487, -7.280, -35.440, 30.72, -0.18347, -0.19116, 0.04538, -0.96313,
 15:46:06.401,f6:90:cc:01:6d:25, 2015-01-01 03:57:21.135, 0.91, 0.229, 0.304, -0.122, 0, -0.061, 37.54, -67.181, 151.567, -26.920, -14.893, -7.633, 32.33, 0.02084, 0.57355, 0.13156, 0.8082,
 15:46:06.401,f6:90:cc:01:6d:25, 2015-01-01 03:57:21.135, 0.91, 0.23, 0.303, -0.122, -0.305, -0.183, 37.551, -67.181, 151.567, -26.920, -14.893, -7.633, 32.33, 0.02084, 0.57355, 0.13156, 0.8082,
 15:46:06.420,ed:40:fe:65:30:6c, 2015-01-01 03:57:26.150, 0.558, 0.021, 0.838, 0.305, 0.183, 0, 1.538, -33.679, -119.471, -18.753, -6.447, -7.480, 28.47, 0.48584, -0.2439, -0.15714, -0.82443,
 15:46:06.420,ed:40:fe:65:30:6c, 2015-01-01 03:57:26.150, 0.559, 0.022, 0.838, 0.183, 0, -0.061, 1.538, -33.679, -119.487, -18.753, -6.447, -7.480, 28.47, 0.48584, -0.2439, -0.15714, -0.82443,
 15:46:06.422,f6:90:cc:01:6d:25, 2015-01-01 03:57:21.135, 0.912, 0.233, 0.301, -0.183, -0.427, -0.183, 37.568, -67.187, 151.562, -26.920, -14.893, -7.633, 32.33, 0.02084, 0.57355, 0.13156, 0.8082,
 15:46:06.422,f6:90:cc:01:6d:25, 2015-01-01 03:57:21.135, 0.912, 0.233, 0.301, -0.305, -0.427, -0.122, 37.579, -67.192, 151.551, -26.920, -14.893, -7.633, 32.33, 0.02084, 0.57355, 0.13156, 0.8082,
 15:46:06.422,e3:ca:2d:fd:e0:8c, 2015-01-01 03:57:20.670, 0.958, 0.087, 0.337, 0.061, -0.061, 0, 14.744, -70.049, 147.299, -25.893, -12.693, -12.487, 29.62, 0.15793, 0.57574, -0.05933, 0.79996,
 15:46:06.422,e3:ca:2d:fd:e0:8c, 2015-01-01 03:57:20.670, 0.959, 0.087, 0.337, 0.122, -0.183, 0, 14.749, -70.049, 147.343, -25.893, -12.693, -12.487, 29.62, 0.15793, 0.57574, -0.05933, 0.79996,
 15:46:06.445,e3:ca:2d:fd:e0:8c, 2015-01-01 03:57:20.670, 0.959, 0.088, 0.336, 0.122, -0.122, 0, 14.749, -70.049, 147.382, -25.893, -12.693, -12.487, 29.62, 0.15729, 0.57581, -0.0589, 0.80008,
 15:46:06.445,e3:ca:2d:fd:e0:8c, 2015-01-01 03:57:20.670, 0.957, 0.088, 0.336, 0.122, -0.061, 0, 14.755, -70.049, 147.415, -25.893, -12.693, -12.487, 29.62, 0.15729, 0.57581, -0.0589, 0.80008,
 15:46:06.446,ed:35:33:d3:6c:f8, 2015-01-01 03:57:21.040, 0.384, -0.01, 0.921, -0.061, 0.366, -0.427, -1.011, -22.599, 158.61, -11.487, -7.280, -35.440, 30.72, -0.18347, -0.19116, 0.04538, -0.96313,
 15:46:06.446,ed:35:33:d3:6c:f8, 2015-01-01 03:57:21.040, 0.383, -0.011, 0.918, -0.366, -0.061, -0.427, -1.005, -22.593, 158.604, -11.487, -7.280, -35.440, 30.72, -0.18347, -0.19116, 0.04538, -0.96313,
 15:46:06.465,ed:40:fe:65:30:6c, 2015-01-01 03:57:26.150, 0.558, 0.024, 0.835, 0.061, 0, -0.061, 1.544, -33.679, -119.487, -18.753, -6.447, -7.480, 28.47, 0.48584, -0.2439, -0.15714, -0.82443,
 15:46:06.465,ed:40:fe:65:30:6c, 2015-01-01 03:57:26.150, 0.557, 0.023, 0.834, -0.183, 0.061, -0.122, 1.538, -33.673, -119.487, -18.753, -6.447, -7.480, 28.47, 0.48584, -0.2439, -0.15714, -0.82443,
 15:46:06.487,ed:40:fe:65:30:6c, 2015-01-01 03:57:26.150, 0.56, 0.024, 0.836, -0.366, -0.061, -0.061, 1.533, -33.673, -119.482, -18.753, -6.447, -7.480, 28.47, 0.48584, -0.2439, -0.15714, -0.82443,
 15:46:06.487,ed:40:fe:65:30:6c, 2015-01-01 03:57:26.150, 0.559, 0.022, 0.836, -0.305, -0.122, 0.183, 1.527, -33.679, -119.46, -18.753, -6.447, -7.480, 28.47, 0.48584, -0.2439, -0.15714, -0.82443,
 15:46:06.488,e3:ca:2d:fd:e0:8c, 2015-01-01 03:57:20.670, 0.959, 0.088, 0.334, 0.061, 0, 0, 14.755, -70.049, 147.453, -25.893, -12.693, -12.487, 29.62, 0.15729, 0.57581, -0.0589, 0.80008,
 15:46:06.488,e3:ca:2d:fd:e0:8c, 2015-01-01 03:57:20.670, 0.96, 0.088, 0.334, 0, -0.061, 0, 14.755, -70.049, 147.486, -25.893, -12.693, -12.487, 29.62, 0.15729, 0.57581, -0.0589, 0.80008,
 15:46:06.489,f6:90:cc:01:6d:25, 2015-01-01 03:57:21.135, 0.91, 0.234, 0.299, -0.305, -0.366, 0, 37.579, -67.198, 151.545, -26.920, -14.893, -7.633, 32.33, 0.02084, 0.57355, 0.13156, 0.8082,
 15:46:06.489,f6:90:cc:01:6d:25, 2015-01-01 03:57:21.135, 0.915, 0.233, 0.298, -0.305, -0.305, 0, 37.584, -67.203, 151.545, -26.920, -14.893, -7.633, 32.33, 0.02084, 0.57355, 0.13156, 0.8082,
 15:46:06.491,ed:35:33:d3:6c:f8, 2015-01-01 03:57:21.040, 0.387, -0.01, 0.921, -0.732, 0.061, -0.549, -1.011, -22.599, 158.599, -11.040, -7.400, -34.327, 30.72, -0.18347, -0.19116, 0.04538, -0.96313,
 15:46:06.491,ed:35:33:d3:6c:f8, 2015-01-01 03:57:21.040, 0.388, -0.009, 0.921, -0.427, 0.183, -0.366, -1.016, -22.593, 158.599, -11.040, -7.400, -34.327, 30.72, -0.18347, -0.19116, 0.04538, -0.96313,
 15:46:06.511,e3:ca:2d:fd:e0:8c, 2015-01-01 03:57:20.670, 0.958, 0.088, 0.336, 0, -0.061, 0, 14.755, -70.054, 147.524, -25.893, -12.693, -12.487, 29.62, 0.15729, 0.57581, -0.0589, 0.80008,
 15:46:06.511,e3:ca:2d:fd:e0:8c, 2015-01-01 03:57:20.670, 0.956, 0.089, 0.338, 0.061, -0.061, 0, 14.755, -70.054, 147.557, -25.893, -12.693, -12.487, 29.62, 0.15729, 0.57581, -0.0589, 0.80008,
 15:46:06.512,f6:90:cc:01:6d:25, 2015-01-01 03:57:21.135, 0.913, 0.231, 0.3, -0.183, -0.305, 0, 37.59, -67.209, 151.551, -26.713, -15.113, -7.533, 32.33, 0.02084, 0.57355, 0.13156, 0.8082,
 15:46:06.512,f6:90:cc:01:6d:25, 2015-01-01 03:57:21.135, 0.909, 0.233, 0.302, 0, -0.122, 0, 37.595, -67.22, 151.562, -26.713, -15.113, -7.533, 32.33, 0.02084, 0.57355, 0.13156, 0.8082,
 15:46:06.514,ed:35:33:d3:6c:f8, 2015-01-01 03:57:21.040, 0.383, -0.014, 0.919, -0.366, -0.366, 0.061, -1.016, -22.593, 158.61, -11.040, -7.400, -34.327, 30.72, -0.18356, -0.19089, 0.04492, -0.9632,
 15:46:06.514,ed:35:33:d3:6c:f8, 2015-01-01 03:57:21.040, 0.38, -0.016, 0.917, -0.061, -0.427, 0.244, -1.022, -22.604, 158.654, -11.040, -7.400, -34.327, 30.72, -0.18356, -0.19089, 0.04492, -0.9632,
 15:46:06.533,ed:40:fe:65:30:6c, 2015-01-01 03:57:26.150, 0.555, 0.019, 0.836, 0, -0.061, 0.305, 1.522, -33.679, -119.449, -18.753, -6.447, -7.480, 28.47, 0.48584, -0.2439, -0.15714, -0.82443,
 15:46:06.533,ed:40:fe:65:30:6c, 2015-01-01 03:57:26.150, 0.553, 0.018, 0.835, 0.183, -0.122, 0.183, 1.522, -33.679, -119.443, -18.753, -6.447, -7.480, 28.47, 0.48584, -0.2439, -0.15714, -0.82443,
 15:46:06.556,e3:ca:2d:fd:e0:8c, 2015-01-01 03:57:20.670, 0.955, 0.088, 0.338, 0.061, -0.122, 0, 14.76, -70.054, 147.59, -25.893, -12.693, -12.487, 29.62, 0.15729, 0.57581, -0.0589, 0.80008,
 15:46:06.556,e3:ca:2d:fd:e0:8c, 2015-01-01 03:57:20.670, 0.955, 0.088, 0.338, 0, -0.061, 0, 14.76, -70.054, 147.623, -25.893, -12.693, -12.487, 29.62, 0.15729, 0.57581, -0.0589, 0.80008,
 15:46:06.560,f6:90:cc:01:6d:25, 2015-01-01 03:57:21.135, 0.907, 0.232, 0.302, -0.122, -0.183, 0, 37.601, -67.22, 151.567, -26.713, -15.113, -7.533, 32.33, 0.02084, 0.57355, 0.13156, 0.8082,
 15:46:06.560,f6:90:cc:01:6d:25, 2015-01-01 03:57:21.135, 0.908, 0.232, 0.303, -0.183, -0.061, 0, 37.601, -67.225, 151.606, -26.713, -15.113, -7.533, 32.33, 0.02084, 0.57355, 0.13156, 0.8082,
 15:46:06.560,ed:35:33:d3:6c:f8, 2015-01-01 03:57:21.040, 0.379, -0.017, 0.916, -0.061, -0.244, 0, -1.022, -22.61, 158.681, -11.040, -7.400, -34.327, 30.72, -0.18356, -0.19089, 0.04492, -0.9632,
 15:46:06.560,ed:35:33:d3:6c:f8, 2015-01-01 03:57:21.040, 0.383, -0.014, 0.915, -0.122, 0, -0.305, -1.022, -22.615, 158.687, -11.040, -7.400, -34.327, 30.72, -0.18356, -0.19089, 0.04492, -0.9632,
 15:46:06.577,ed:40:fe:65:30:6c, 2015-01-01 03:57:26.150, 0.553, 0.021, 0.834, 0.061, -0.061, 0, 1.522, -33.679, -119.449, -18.753, -6.447, -7.480, 28.47, 0.48584, -0.2439, -0.15714, -0.82443,
 15:46:06.577,ed:40:fe:65:30:6c, 2015-01-01 03:57:26.150, 0.554, 0.021, 0.833, 0, -0.061, -0.122, 1.522, -33.684, -119.46, -18.753, -6.447, -7.480, 28.47, 0.48584, -0.2439, -0.15714, -0.82443,
 15:46:06.580,f6:90:cc:01:6d:25, 2015-01-01 03:57:21.135, 0.91, 0.23, 0.302, -0.305, -0.061, 0, 37.601, -67.225, 151.655, -26.713, -15.113, -7.533, 32.33, 0.02023, 0.57382, 0.13174, 0.80798,
 15:46:06.580,f6:90:cc:01:6d:25, 2015-01-01 03:57:21.135, 0.913, 0.23, 0.303, -0.305, -0.183, 0, 37.595, -67.231, 151.683, -26.713, -15.113, -7.533, 32.33, 0.02023, 0.57382, 0.13174, 0.80798,
 15:46:06.603,ed:35:33:d3:6c:f8, 2015-01-01 03:57:21.330, 0.383, -0.012, 0.915, 0, 0.183, -0.305, -1.016, -22.615, 158.708, -11.040, -7.400, -34.327, 30.72, -0.18356, -0.19089, 0.04492, -0.9632,
 15:46:06.603,ed:35:33:d3:6c:f8, 2015-01-01 03:57:21.330, 0.386, -0.014, 0.918, 0, 0.244, -0.183, -1.011, -22.61, 158.708, -11.040, -7.400, -34.327, 30.72, -0.18356, -0.19089, 0.04492, -0.9632,
 15:46:06.623,e3:ca:2d:fd:e0:8c, 2015-01-01 03:57:20.670, 0.956, 0.089, 0.338, 0.122, 0, 0, 14.76, -70.054, 147.656, -25.893, -12.693, -12.487, 29.63, 0.15729, 0.57581, -0.0589, 0.80008,
 15:46:06.623,e3:ca:2d:fd:e0:8c, 2015-01-01 03:57:20.670, 0.958, 0.089, 0.338, 0.122, 0, 0, 14.766, -70.054, 147.689, -25.893, -12.693, -12.487, 29.63, 0.15729, 0.57581, -0.0589, 0.80008,
 15:46:06.624,f6:90:cc:01:6d:25, 2015-01-01 03:57:21.135, 0.914, 0.229, 0.303, -0.122, -0.183, 0, 37.595, -67.231, 151.705, -26.713, -15.113, -7.533, 32.33, 0.02023, 0.57382, 0.13174, 0.80798,
 15:46:06.624,f6:90:cc:01:6d:25, 2015-01-01 03:57:21.135, 0.911, 0.23, 0.3, 0.244, 0, 0, 37.595, -67.236, 151.71, -26.713, -15.113, -7.533, 32.33, 0.02023, 0.57382, 0.13174, 0.80798,
 15:46:06.645,ed:40:fe:65:30:6c, 2015-01-01 03:57:26.150, 0.556, 0.021, 0.835, 0, 0, -0.061, 1.522, -33.679, -119.471, -18.180, -6.240, -8.560, 28.47, 0.48584, -0.2439, -0.15714, -0.82443,
 15:46:06.645,ed:40:fe:65:30:6c, 2015-01-01 03:57:26.150, 0.558, 0.019, 0.837, 0, 0.122, 0, 1.522, -33.679, -119.487, -18.180, -6.240, -8.560, 28.47, 0.48584, -0.2439, -0.15714, -0.82443,
 15:46:06.647,e3:ca:2d:fd:e0:8c, 2015-01-01 03:57:21.160, 0.958, 0.088, 0.339, 0, -0.122, 0, 14.766, -70.054, 147.722, -25.893, -12.693, -12.487, 29.63, 0.15729, 0.57581, -0.0589, 0.80008,
 15:46:06.647,e3:ca:2d:fd:e0:8c, 2015-01-01 03:57:21.160, 0.959, 0.087, 0.339, 0, -0.122, 0, 14.766, -70.054, 147.75, -25.893, -12.693, -12.487, 29.63, 0.15729, 0.57581, -0.0589, 0.80008,
 15:46:06.649,ed:35:33:d3:6c:f8, 2015-01-01 03:57:21.330, 0.382, -0.012, 0.921, 0.183, 0.671, -0.061, -1.005, -22.599, 158.703, -11.040, -7.400, -34.327, 30.72, -0.18356, -0.19089, 0.04492, -0.9632,
 15:46:06.649,ed:35:33:d3:6c:f8, 2015-01-01 03:57:21.330, 0.381, -0.012, 0.922, -0.061, 0.305, 0.061, -1.005, -22.593, 158.681, -11.040, -7.400, -34.327, 30.72, -0.18356, -0.19089, 0.04492, -0.9632,
 15:46:06.668,ed:40:fe:65:30:6c, 2015-01-01 03:57:26.150, 0.555, 0.02, 0.839, 0.183, 0.122, 0.183, 1.522, -33.673, -119.498, -18.180, -6.240, -8.560, 28.47, 0.48544, -0.24377, -0.15689, -0.82474,
 15:46:06.668,ed:40:fe:65:30:6c, 2015-01-01 03:57:26.150, 0.554, 0.023, 0.838, 0.122, 0.122, 0.244, 1.522, -33.673, -119.487, -18.180, -6.240, -8.560, 28.47, 0.48544, -0.24377, -0.15689, -0.82474,
 15:46:06.668,e3:ca:2d:fd:e0:8c, 2015-01-01 03:57:21.160, 0.957, 0.086, 0.337, 0, -0.061, 0, 14.766, -70.054, 147.783, -25.893, -12.693, -12.487, 29.63, 0.15729, 0.57581, -0.0589, 0.80008,
 15:46:06.668,e3:ca:2d:fd:e0:8c, 2015-01-01 03:57:21.160, 0.956, 0.089, 0.335, 0, -0.122, 0, 14.766, -70.054, 147.81, -25.893, -12.693, -12.487, 29.63, 0.15729, 0.57581, -0.0589, 0.80008,
 15:46:06.669,f6:90:cc:01:6d:25, 2015-01-01 03:57:21.490, 0.909, 0.232, 0.302, 0.122, -0.061, 0, 37.601, -67.236, 151.721, -26.713, -15.113, -7.533, 32.33, 0.02023, 0.57382, 0.13174, 0.80798,
 15:46:06.669,f6:90:cc:01:6d:25, 2015-01-01 03:57:21.490, 0.909, 0.234, 0.301, 0, -0.244, 0, 37.601, -67.242, 151.716, -26.713, -15.113, -7.533, 32.33, 0.02023, 0.57382, 0.13174, 0.80798,
 15:46:06.693,ed:35:33:d3:6c:f8, 2015-01-01 03:57:21.330, 0.384, -0.012, 0.918, 0, 0.549, -0.122, -1, -22.582, 158.654, -11.040, -7.400, -34.327, 30.72, -0.18356, -0.19089, 0.04492, -0.9632,
 15:46:06.693,ed:35:33:d3:6c:f8, 2015-01-01 03:57:21.330, 0.385, -0.015, 0.916, 0, 0.427, -0.122, -1, -22.577, 158.637, -11.040, -7.400, -34.327, 30.72, -0.18356, -0.19089, 0.04492, -0.9632,
 15:46:06.712,ed:40:fe:65:30:6c, 2015-01-01 03:57:26.150, 0.556, 0.024, 0.835, -0.061, 0.122, 0.122, 1.516, -33.668, -119.476, -18.180, -6.240, -8.560, 28.47, 0.48544, -0.24377, -0.15689, -0.82474,
 15:46:06.712,ed:40:fe:65:30:6c, 2015-01-01 03:57:26.150, 0.558, 0.019, 0.833, -0.061, 0.061, -0.061, 1.516, -33.668, -119.465, -18.180, -6.240, -8.560, 28.47, 0.48544, -0.24377, -0.15689, -0.82474,
 15:46:06.714,f6:90:cc:01:6d:25, 2015-01-01 03:57:21.490, 0.911, 0.232, 0.298, -0.244, -0.366, 0, 37.606, -67.247, 151.716, -26.713, -15.113, -7.533, 32.33, 0.02023, 0.57382, 0.13174, 0.80798,
 15:46:06.714,f6:90:cc:01:6d:25, 2015-01-01 03:57:21.490, 0.911, 0.23, 0.298, -0.488, -0.305, 0, 37.612, -67.253, 151.71, -26.713, -15.113, -7.533, 32.33, 0.02023, 0.57382, 0.13174, 0.80798,
 15:46:06.714,e3:ca:2d:fd:e0:8c, 2015-01-01 03:57:21.160, 0.958, 0.088, 0.334, -0.061, -0.305, 0, 14.766, -70.06, 147.838, -25.893, -12.693, -12.487, 29.63, 0.15729, 0.57581, -0.0589, 0.80008,
 15:46:06.714,e3:ca:2d:fd:e0:8c, 2015-01-01 03:57:21.160, 0.958, 0.087, 0.336, -0.122, -0.366, 0, 14.766, -70.065, 147.865, -25.893, -12.693, -12.487, 29.63, 0.15729, 0.57581, -0.0589, 0.80008,
 15:46:06.716,ed:35:33:d3:6c:f8, 2015-01-01 03:57:21.330, 0.384, -0.018, 0.915, -0.061, 0.366, -0.122, -0.994, -22.571, 158.637, -11.040, -7.400, -34.327, 30.72, -0.18356, -0.19089, 0.04492, -0.9632,
 15:46:06.716,ed:35:33:d3:6c:f8, 2015-01-01 03:57:21.330, 0.386, -0.014, 0.917, -0.061, 0, 0, -0.994, -22.566, 158.615, -11.040, -7.400, -34.327, 30.72, -0.18356, -0.19089, 0.04492, -0.9632,
 15:46:06.734,ed:40:fe:65:30:6c, 2015-01-01 03:57:26.505, 0.557, 0.017, 0.833, -0.061, 0, -0.122, 1.516, -33.662, -119.46, -18.180, -6.240, -8.560, 28.47, 0.48544, -0.24377, -0.15689, -0.82474,
 15:46:06.734,ed:40:fe:65:30:6c, 2015-01-01 03:57:26.505, 0.559, 0.021, 0.833, 0, 0, -0.183, 1.516, -33.662, -119.465, -18.180, -6.240, -8.560, 28.47, 0.48544, -0.24377, -0.15689, -0.82474,
 15:46:06.737,f6:90:cc:01:6d:25, 2015-01-01 03:57:21.490, 0.915, 0.23, 0.298, -0.427, -0.183, 0, 37.612, -67.258, 151.732, -26.713, -15.113, -7.533, 32.33, 0.02023, 0.57382, 0.13174, 0.80798,
 15:46:06.737,f6:90:cc:01:6d:25, 2015-01-01 03:57:21.490, 0.915, 0.23, 0.299, -0.244, -0.183, 0, 37.612, -67.264, 151.765, -26.713, -15.113, -7.533, 32.33, 0.02023, 0.57382, 0.13174, 0.80798,
 15:46:06.758,e3:ca:2d:fd:e0:8c, 2015-01-01 03:57:21.160, 0.96, 0.087, 0.336, -0.061, -0.122, 0, 14.766, -70.071, 147.892, -25.893, -12.693, -12.487, 29.63, 0.15729, 0.57581, -0.0589, 0.80008,
 15:46:06.758,e3:ca:2d:fd:e0:8c, 2015-01-01 03:57:21.160, 0.961, 0.088, 0.336, -0.061, -0.061, 0, 14.766, -70.071, 147.92, -25.893, -12.693, -12.487, 29.63, 0.15729, 0.57581, -0.0589, 0.80008,
 15:46:06.762,ed:35:33:d3:6c:f8, 2015-01-01 03:57:21.330, 0.388, -0.01, 0.917, 0.061, 0.305, -0.061, -0.994, -22.566, 158.571, -11.040, -7.400, -34.327, 30.72, -0.18356, -0.19089, 0.04492, -0.9632,
 15:46:06.762,ed:35:33:d3:6c:f8, 2015-01-01 03:57:21.330, 0.381, -0.015, 0.921, 0.366, 0.305, 0.122, -0.989, -22.56, 158.511, -11.040, -7.400, -34.327, 30.72, -0.18356, -0.19089, 0.04492, -0.9632,
 15:46:06.780,ed:40:fe:65:30:6c, 2015-01-01 03:57:26.505, 0.56, 0.022, 0.836, 0.061, 0.061, -0.061, 1.516, -33.662, -119.443, -18.180, -6.240, -8.560, 28.47, 0.48544, -0.24377, -0.15689, -0.82474,
 15:46:06.780,ed:40:fe:65:30:6c, 2015-01-01 03:57:26.505, 0.556, 0.019, 0.839, 0, 0.183, 0, 1.516, -33.662, -119.427, -18.180, -6.240, -8.560, 28.47, 0.48544, -0.24377, -0.15689, -0.82474,
 15:46:06.784,f6:90:cc:01:6d:25, 2015-01-01 03:57:21.490, 0.911, 0.232, 0.299, -0.122, -0.183, 0, 37.612, -67.264, 151.798, -26.713, -15.113, -7.533, 32.33, 0.02023, 0.57382, 0.13174, 0.80798,
 15:46:06.784,f6:90:cc:01:6d:25, 2015-01-01 03:57:21.490, 0.91, 0.233, 0.3, -0.122, -0.183, 0, 37.617, -67.269, 151.82, -26.713, -15.113, -7.533, 32.33, 0.02023, 0.57382, 0.13174, 0.80798,
 15:46:06.807,ed:35:33:d3:6c:f8, 2015-01-01 03:57:21.330, 0.383, -0.016, 0.923, 0, 0, 0.122, -0.983, -22.56, 158.456, -10.647, -7.067, -35.407, 30.72, -0.18356, -0.19089, 0.04492, -0.9632,
 15:46:06.807,ed:35:33:d3:6c:f8, 2015-01-01 03:57:21.330, 0.38, -0.017, 0.918, 0, -0.061, 0, -0.983, -22.56, 158.428, -10.647, -7.067, -35.407, 30.72, -0.18356, -0.19089, 0.04492, -0.9632,
 15:46:06.826,e3:ca:2d:fd:e0:8c, 2015-01-01 03:57:21.160, 0.959, 0.088, 0.335, 0, -0.061, 0, 14.76, -70.071, 147.953, -25.893, -12.693, -12.487, 29.63, 0.15729, 0.57581, -0.0589, 0.80008,
 15:46:06.826,e3:ca:2d:fd:e0:8c, 2015-01-01 03:57:21.160, 0.957, 0.09, 0.336, 0, -0.061, 0, 14.76, -70.071, 147.98, -25.893, -12.693, -12.487, 29.63, 0.15729, 0.57581, -0.0589, 0.80008,
 15:46:06.826,ed:40:fe:65:30:6c, 2015-01-01 03:57:26.505, 0.556, 0.02, 0.838, 0, 0.061, -0.061, 1.516, -33.657, -119.405, -18.180, -6.240, -8.560, 28.47, 0.48544, -0.24377, -0.15689, -0.82474,
 15:46:06.826,ed:40:fe:65:30:6c, 2015-01-01 03:57:26.505, 0.554, 0.019, 0.834, -0.122, 0, -0.366, 1.516, -33.657, -119.394, -18.180, -6.240, -8.560, 28.47, 0.48544, -0.24377, -0.15689, -0.82474,
 15:46:06.828,f6:90:cc:01:6d:25, 2015-01-01 03:57:21.490, 0.907, 0.232, 0.299, -0.305, -0.183, 0, 37.617, -67.275, 151.831, -26.713, -15.113, -7.533, 32.33, 0.02023, 0.57382, 0.13174, 0.80798,
 15:46:06.828,f6:90:cc:01:6d:25, 2015-01-01 03:57:21.490, 0.908, 0.231, 0.3, -0.549, -0.244, 0, 37.617, -67.28, 151.842, -26.713, -15.113, -7.533, 32.33, 0.02023, 0.57382, 0.13174, 0.80798,
 15:46:06.849,e3:ca:2d:fd:e0:8c, 2015-01-01 03:57:21.160, 0.955, 0.088, 0.336, -0.061, 0, 0, 14.76, -70.071, 148.008, -26.067, -13.260, -12.840, 29.63, 0.15729, 0.57581, -0.0589, 0.80008,
 15:46:06.849,e3:ca:2d:fd:e0:8c, 2015-01-01 03:57:21.160, 0.955, 0.087, 0.336, -0.061, -0.061, 0, 14.76, -70.071, 148.035, -26.067, -13.260, -12.840, 29.63, 0.15729, 0.57581, -0.0589, 0.80008,
 15:46:06.852,ed:35:33:d3:6c:f8, 2015-01-01 03:57:21.330, 0.379, -0.01, 0.916, -0.366, 0, -0.366, -0.983, -22.566, 158.428, -10.647, -7.067, -35.407, 30.72, -0.18515, -0.19058, 0.04489, -0.96295,
 15:46:06.852,ed:35:33:d3:6c:f8, 2015-01-01 03:57:21.330, 0.38, -0.002, 0.915, -0.427, 0.183, -0.366, -0.989, -22.56, 158.456, -10.647, -7.067, -35.407, 30.72, -0.18515, -0.19058, 0.04489, -0.96295,
 15:46:06.869,ed:40:fe:65:30:6c, 2015-01-01 03:57:26.505, 0.551, 0.023, 0.833, -0.183, 0.061, -0.488, 1.516, -33.657, -119.383, -18.180, -6.240, -8.560, 28.47, 0.48544, -0.24377, -0.15689, -0.82474,
 15:46:06.869,ed:40:fe:65:30:6c, 2015-01-01 03:57:26.505, 0.553, 0.027, 0.834, -0.061, 0.183, -0.122, 1.516, -33.651, -119.366, -18.180, -6.240, -8.560, 28.47, 0.48544, -0.24377, -0.15689, -0.82474,
 15:46:06.892,ed:40:fe:65:30:6c, 2015-01-01 03:57:26.505, 0.557, 0.023, 0.837, 0, 0.244, 0.244, 1.516, -33.646, -119.344, -18.180, -6.240, -8.560, 28.47, 0.48544, -0.24377, -0.15689, -0.82474,
 15:46:06.892,ed:40:fe:65:30:6c, 2015-01-01 03:57:26.505, 0.555, 0.016, 0.839, 0.427, 0.183, 0.427, 1.516, -33.646, -119.323, -18.180, -6.240, -8.560, 28.47, 0.48544, -0.24377, -0.15689, -0.82474,
 15:46:06.894,f6:90:cc:01:6d:25, 2015-01-01 03:57:21.490, 0.911, 0.23, 0.302, -0.244, -0.366, 0, 37.617, -67.286, 151.853, -26.800, -14.573, -7.747, 32.33, 0.02023, 0.57382, 0.13174, 0.80798,
 15:46:06.894,f6:90:cc:01:6d:25, 2015-01-01 03:57:21.490, 0.914, 0.229, 0.303, 0, -0.183, 0, 37.623, -67.291, 151.848, -26.800, -14.573, -7.747, 32.33, 0.02023, 0.57382, 0.13174, 0.80798,
 15:46:06.894,e3:ca:2d:fd:e0:8c, 2015-01-01 03:57:21.160, 0.956, 0.086, 0.337, 0, -0.122, 0, 14.76, -70.076, 148.063, -26.067, -13.260, -12.840, 29.63, 0.15729, 0.57581, -0.0589, 0.80008,
 15:46:06.894,e3:ca:2d:fd:e0:8c, 2015-01-01 03:57:21.160, 0.958, 0.087, 0.34, 0.061, -0.244, 0, 14.76, -70.076, 148.09, -26.067, -13.260, -12.840, 29.63, 0.15729, 0.57581, -0.0589, 0.80008,
 15:46:06.896,ed:35:33:d3:6c:f8, 2015-01-01 03:57:21.640, 0.385, -0.006, 0.918, -0.122, 0.244, -0.061, -0.989, -22.56, 158.456, -10.647, -7.067, -35.407, 30.72, -0.18515, -0.19058, 0.04489, -0.96295,
 15:46:06.896,ed:35:33:d3:6c:f8, 2015-01-01 03:57:21.640, 0.38, -0.016, 0.919, 0.305, 0.183, 0.366, -0.983, -22.555, 158.445, -10.647, -7.067, -35.407, 30.72, -0.18515, -0.19058, 0.04489, -0.96295,
 15:46:06.917,e3:ca:2d:fd:e0:8c, 2015-01-01 03:57:21.160, 0.958, 0.088, 0.34, 0.122, -0.122, 0, 14.766, -70.082, 148.112, -26.067, -13.260, -12.840, 29.63, 0.15213, 0.57635, -0.05527, 0.80093,
 15:46:06.917,e3:ca:2d:fd:e0:8c, 2015-01-01 03:57:21.160, 0.958, 0.088, 0.339, 0.244, 0, 0, 14.766, -70.076, 148.14, -26.067, -13.260, -12.840, 29.63, 0.15213, 0.57635, -0.05527, 0.80093,
 15:46:06.918,ed:35:33:d3:6c:f8, 2015-01-01 03:57:21.640, 0.381, -0.018, 0.924, 0, 0, 0.305, -0.983, -22.555, 158.434, -10.647, -7.067, -35.407, 30.72, -0.18515, -0.19058, 0.04489, -0.96295,
 15:46:06.918,ed:35:33:d3:6c:f8, 2015-01-01 03:57:21.640, 0.38, -0.011, 0.922, 0, 0.122, 0, -0.978, -22.555, 158.417, -10.647, -7.067, -35.407, 30.72, -0.18515, -0.19058, 0.04489, -0.96295,
 15:46:06.918,f6:90:cc:01:6d:25, 2015-01-01 03:57:21.490, 0.912, 0.231, 0.304, 0.305, 0, 0, 37.628, -67.297, 151.859, -26.800, -14.573, -7.747, 32.33, 0.01819, 0.57397, 0.1329, 0.80774,
 15:46:06.918,f6:90:cc:01:6d:25, 2015-01-01 03:57:21.490, 0.91, 0.231, 0.3, 0.305, 0.061, 0, 37.634, -67.297, 151.875, -26.800, -14.573, -7.747, 32.33, 0.01819, 0.57397, 0.1329, 0.80774,
 15:46:06.937,ed:40:fe:65:30:6c, 2015-01-01 03:57:26.505, 0.554, 0.02, 0.839, 0.488, 0.122, 0.305, 1.522, -33.64, -119.295, -18.180, -6.240, -8.560, 28.47, 0.48544, -0.24377, -0.15689, -0.82474,
 15:46:06.937,ed:40:fe:65:30:6c, 2015-01-01 03:57:26.505, 0.554, 0.024, 0.839, 0.244, 0, 0.061, 1.527, -33.64, -119.268, -18.180, -6.240, -8.560, 28.47, 0.48544, -0.24377, -0.15689, -0.82474,
 15:46:06.961,e3:ca:2d:fd:e0:8c, 2015-01-01 03:57:21.160, 0.958, 0.089, 0.335, 0.183, 0.061, 0, 14.771, -70.076, 148.167, -26.067, -13.260, -12.840, 29.63, 0.15213, 0.57635, -0.05527, 0.80093,
 15:46:06.961,e3:ca:2d:fd:e0:8c, 2015-01-01 03:57:21.160, 0.958, 0.091, 0.333, 0.122, -0.122, 0, 14.771, -70.076, 148.195, -26.067, -13.260, -12.840, 29.63, 0.15213, 0.57635, -0.05527, 0.80093,
 15:46:06.963,f6:90:cc:01:6d:25, 2015-01-01 03:57:21.490, 0.908, 0.235, 0.3, 0, -0.122, 0, 37.634, -67.297, 151.875, -26.800, -14.573, -7.747, 32.33, 0.01819, 0.57397, 0.1329, 0.80774,
 15:46:06.963,f6:90:cc:01:6d:25, 2015-01-01 03:57:21.490, 0.909, 0.236, 0.3, -0.244, -0.366, 0, 37.639, -67.302, 151.87, -26.800, -14.573, -7.747, 32.33, 0.01819, 0.57397, 0.1329, 0.80774,
 15:46:06.964,ed:35:33:d3:6c:f8, 2015-01-01 03:57:21.640, 0.383, -0.012, 0.916, -0.183, 0.061, -0.244, -0.978, -22.555, 158.395, -10.647, -7.067, -35.407, 30.72, -0.18515, -0.19058, 0.04489, -0.96295,
 15:46:06.964,ed:35:33:d3:6c:f8, 2015-01-01 03:57:21.640, 0.383, -0.008, 0.917, -0.122, 0.488, -0.488, -0.978, -22.549, 158.351, -10.647, -7.067, -35.407, 30.72, -0.18515, -0.19058, 0.04489, -0.96295,
 15:46:06.986,f6:90:cc:01:6d:25, 2015-01-01 03:57:21.825, 0.913, 0.234, 0.298, -0.366, -0.488, 0, 37.645, -67.308, 151.853, -26.800, -14.573, -7.747, 32.33, 0.01819, 0.57397, 0.1329, 0.80774,
 15:46:06.986,f6:90:cc:01:6d:25, 2015-01-01 03:57:21.825, 0.912, 0.229, 0.297, -0.366, -0.549, 0, 37.656, -67.319, 151.837, -26.800, -14.573, -7.747, 32.33, 0.01819, 0.57397, 0.1329, 0.80774,
 15:46:07.005,ed:40:fe:65:30:6c, 2015-01-01 03:57:26.505, 0.557, 0.025, 0.835, -0.061, -0.061, -0.061, 1.522, -33.64, -119.246, -18.520, -6.080, -7.987, 28.47, 0.48544, -0.24377, -0.15689, -0.82474,
 15:46:07.005,ed:40:fe:65:30:6c, 2015-01-01 03:57:26.505, 0.556, 0.022, 0.835, -0.122, -0.122, -0.061, 1.522, -33.64, -119.229, -18.520, -6.080, -7.987, 28.47, 0.48544, -0.24377, -0.15689, -0.82474,
 15:46:07.007,e3:ca:2d:fd:e0:8c, 2015-01-01 03:57:21.495, 0.959, 0.09, 0.335, 0, -0.244, 0, 14.777, -70.082, 148.217, -26.067, -13.260, -12.840, 29.63, 0.15213, 0.57635, -0.05527, 0.80093,
 15:46:07.007,e3:ca:2d:fd:e0:8c, 2015-01-01 03:57:21.495, 0.958, 0.087, 0.336, 0, -0.183, 0, 14.777, -70.082, 148.239, -26.067, -13.260, -12.840, 29.63, 0.15213, 0.57635, -0.05527, 0.80093,
 15:46:07.009,ed:35:33:d3:6c:f8, 2015-01-01 03:57:21.640, 0.382, -0.008, 0.918, 0.183, 0.549, -0.366, -0.967, -22.538, 158.307, -10.647, -7.067, -35.407, 30.72, -0.18515, -0.19058, 0.04489, -0.96295,
 15:46:07.009,ed:35:33:d3:6c:f8, 2015-01-01 03:57:21.640, 0.384, -0.01, 0.918, 0.427, 0.916, -0.061, -0.956, -22.522, 158.236, -10.647, -7.067, -35.407, 30.72, -0.18515, -0.19058, 0.04489, -0.96295,
 15:46:07.031,e3:ca:2d:fd:e0:8c, 2015-01-01 03:57:21.495, 0.958, 0.086, 0.336, 0.183, 0, 0, 14.782, -70.082, 148.266, -26.067, -13.260, -12.840, 29.63, 0.15213, 0.57635, -0.05527, 0.80093,
 15:46:07.031,e3:ca:2d:fd:e0:8c, 2015-01-01 03:57:21.495, 0.958, 0.087, 0.335, 0.183, 0.061, 0, 14.782, -70.082, 148.293, -26.067, -13.260, -12.840, 29.63, 0.15213, 0.57635, -0.05527, 0.80093,
 15:46:07.032,ed:40:fe:65:30:6c, 2015-01-01 03:57:26.505, 0.557, 0.021, 0.836, 0.061, -0.061, 0.244, 1.522, -33.64, -119.207, -18.520, -6.080, -7.987, 28.47, 0.48749, -0.24313, -0.15735, -0.82361,
 15:46:07.032,ed:40:fe:65:30:6c, 2015-01-01 03:57:26.505, 0.556, 0.018, 0.835, 0.244, 0, 0.488, 1.522, -33.64, -119.18, -18.520, -6.080, -7.987, 28.47, 0.48749, -0.24313, -0.15735, -0.82361,
 15:46:07.033,f6:90:cc:01:6d:25, 2015-01-01 03:57:21.825, 0.913, 0.23, 0.297, 0, -0.366, 0, 37.667, -67.324, 151.82, -26.800, -14.573, -7.747, 32.33, 0.01819, 0.57397, 0.1329, 0.80774,
 15:46:07.033,f6:90:cc:01:6d:25, 2015-01-01 03:57:21.825, 0.913, 0.229, 0.298, 0.061, -0.122, 0, 37.678, -67.33, 151.809, -26.800, -14.573, -7.747, 32.33, 0.01819, 0.57397, 0.1329, 0.80774,
 15:46:07.055,ed:35:33:d3:6c:f8, 2015-01-01 03:57:21.640, 0.382, -0.014, 0.918, 0.305, 0.488, 0.305, -0.95, -22.511, 158.187, -10.647, -7.067, -35.407, 30.72, -0.18515, -0.19058, 0.04489, -0.96295,
 15:46:07.055,ed:35:33:d3:6c:f8, 2015-01-01 03:57:21.640, 0.382, -0.021, 0.919, 0, 0.183, 0.427, -0.945, -22.505, 158.165, -10.647, -7.067, -35.407, 30.72, -0.18515, -0.19058, 0.04489, -0.96295,
 15:46:07.074,e3:ca:2d:fd:e0:8c, 2015-01-01 03:57:21.495, 0.958, 0.087, 0.337, 0.122, 0, 0, 14.782, -70.082, 148.315, -26.067, -13.260, -12.840, 29.63, 0.15213, 0.57635, -0.05527, 0.80093,
 15:46:07.074,e3:ca:2d:fd:e0:8c, 2015-01-01 03:57:21.495, 0.955, 0.088, 0.336, 0.061, -0.061, 0, 14.782, -70.082, 148.343, -26.067, -13.260, -12.840, 29.63, 0.15213, 0.57635, -0.05527, 0.80093,
 15:46:07.075,f6:90:cc:01:6d:25, 2015-01-01 03:57:21.825, 0.911, 0.231, 0.301, 0.122, -0.122, 0, 37.683, -67.335, 151.804, -26.800, -14.573, -7.747, 32.33, 0.01819, 0.57397, 0.1329, 0.80774,
 15:46:07.075,f6:90:cc:01:6d:25, 2015-01-01 03:57:21.825, 0.91, 0.234, 0.299, -0.061, -0.122, 0, 37.689, -67.335, 151.798, -26.800, -14.573, -7.747, 32.33, 0.01819, 0.57397, 0.1329, 0.80774,
 15:46:07.095,ed:40:fe:65:30:6c, 2015-01-01 03:57:26.505, 0.556, 0.016, 0.838, 0.244, 0, 0.366, 1.522, -33.64, -119.147, -18.520, -6.080, -7.987, 28.47, 0.48749, -0.24313, -0.15735, -0.82361,
 15:46:07.095,ed:40:fe:65:30:6c, 2015-01-01 03:57:26.505, 0.555, 0.021, 0.837, 0.122, 0, 0.061, 1.516, -33.64, -119.119, -18.520, -6.080, -7.987, 28.47, 0.48749, -0.24313, -0.15735, -0.82361,
 15:46:07.098,ed:35:33:d3:6c:f8, 2015-01-01 03:57:21.640, 0.379, -0.015, 0.92, -0.061, 0.122, 0.244, -0.945, -22.505, 158.148, -10.860, -7.187, -34.473, 30.72, -0.18515, -0.19058, 0.04489, -0.96295,
 15:46:07.098,ed:35:33:d3:6c:f8, 2015-01-01 03:57:21.640, 0.376, -0.009, 0.919, -0.183, 0.061, -0.122, -0.95, -22.5, 158.126, -10.860, -7.187, -34.473, 30.72, -0.18515, -0.19058, 0.04489, -0.96295,
 15:46:07.118,ed:40:fe:65:30:6c, 2015-01-01 03:57:26.865, 0.556, 0.024, 0.834, 0.061, 0, 0, 1.516, -33.64, -119.097, -18.520, -6.080, -7.987, 28.47, 0.48749, -0.24313, -0.15735, -0.82361,
 15:46:07.118,ed:40:fe:65:30:6c, 2015-01-01 03:57:26.865, 0.557, 0.023, 0.832, 0, 0.061, 0.061, 1.516, -33.64, -119.075, -18.520, -6.080, -7.987, 28.47, 0.48749, -0.24313, -0.15735, -0.82361,
 15:46:07.118,e3:ca:2d:fd:e0:8c, 2015-01-01 03:57:21.495, 0.955, 0.087, 0.336, 0.061, -0.061, 0, 14.782, -70.082, 148.365, -26.067, -13.260, -12.840, 29.63, 0.15213, 0.57635, -0.05527, 0.80093,
 15:46:07.118,e3:ca:2d:fd:e0:8c, 2015-01-01 03:57:21.495, 0.957, 0.086, 0.336, -0.061, -0.183, 0, 14.782, -70.087, 148.387, -26.067, -13.260, -12.840, 29.63, 0.15213, 0.57635, -0.05527, 0.80093,
 15:46:07.119,f6:90:cc:01:6d:25, 2015-01-01 03:57:21.825, 0.91, 0.23, 0.297, -0.244, -0.244, 0, 37.689, -67.341, 151.793, -26.800, -14.573, -7.747, 32.33, 0.01819, 0.57397, 0.1329, 0.80774,
 15:46:07.119,f6:90:cc:01:6d:25, 2015-01-01 03:57:21.825, 0.912, 0.23, 0.298, -0.122, -0.183, 0, 37.694, -67.346, 151.782, -26.800, -14.573, -7.747, 32.33, 0.01819, 0.57397, 0.1329, 0.80774,
 15:46:07.123,ed:35:33:d3:6c:f8, 2015-01-01 03:57:21.640, 0.388, -0.015, 0.907, 0.549, -0.244, -0.122, -0.945, -22.505, 158.093, -10.860, -7.187, -34.473, 30.72, -0.18793, -0.19006, 0.04498, -0.96252,
 15:46:07.123,ed:35:33:d3:6c:f8, 2015-01-01 03:57:21.640, 0.385, -0.014, 0.915, 0.488, 0.122, 0, -0.928, -22.505, 158.066, -10.860, -7.187, -34.473, 30.72, -0.18793, -0.19006, 0.04498, -0.96252,
 15:46:07.141,ed:40:fe:65:30:6c, 2015-01-01 03:57:26.865, 0.558, 0.017, 0.834, 0.061, 0.244, 0.061, 1.516, -33.635, -119.053, -18.520, -6.080, -7.987, 28.47, 0.48749, -0.24313, -0.15735, -0.82361,
 15:46:07.141,ed:40:fe:65:30:6c, 2015-01-01 03:57:26.865, 0.557, 0.014, 0.836, 0.305, 0.366, -0.061, 1.516, -33.629, -119.031, -18.520, -6.080, -7.987, 28.47, 0.48749, -0.24313, -0.15735, -0.82361,
 15:46:07.142,f6:90:cc:01:6d:25, 2015-01-01 03:57:21.825, 0.914, 0.229, 0.299, 0.183, -0.305, 0, 37.7, -67.352, 151.776, -26.800, -14.573, -7.747, 32.33, 0.01819, 0.57397, 0.1329, 0.80774,
 15:46:07.142,f6:90:cc:01:6d:25, 2015-01-01 03:57:21.825, 0.914, 0.229, 0.298, 0.488, -0.488, 0, 37.722, -67.357, 151.76, -26.800, -14.573, -7.747, 32.33, 0.01819, 0.57397, 0.1329, 0.80774,
 15:46:07.167,ed:35:33:d3:6c:f8, 2015-01-01 03:57:21.640, 0.383, -0.02, 0.917, 0.61, 0.305, 0.244, -0.917, -22.505, 158.044, -10.860, -7.187, -34.473, 30.72, -0.18793, -0.19006, 0.04498, -0.96252,
 15:46:07.167,ed:35:33:d3:6c:f8, 2015-01-01 03:57:21.640, 0.383, -0.012, 0.922, 0.549, 0.366, 0.366, -0.912, -22.5, 158.027, -10.860, -7.187, -34.473, 30.72, -0.18793, -0.19006, 0.04498, -0.96252,
 15:46:07.185,ed:40:fe:65:30:6c, 2015-01-01 03:57:26.865, 0.558, 0.021, 0.839, 0.427, 0.305, -0.122, 1.522, -33.624, -119.015, -18.520, -6.080, -7.987, 28.47, 0.48749, -0.24313, -0.15735, -0.82361,
 15:46:07.185,ed:40:fe:65:30:6c, 2015-01-01 03:57:26.865, 0.553, 0.026, 0.84, 0.366, 0.244, 0, 1.533, -33.618, -118.998, -18.520, -6.080, -7.987, 28.47, 0.48749, -0.24313, -0.15735, -0.82361,
 15:46:07.186,e3:ca:2d:fd:e0:8c, 2015-01-01 03:57:21.495, 0.958, 0.087, 0.336, -0.183, -0.427, 0, 14.782, -70.093, 148.403, -26.067, -13.260, -12.840, 29.63, 0.15213, 0.57635, -0.05527, 0.80093,
 15:46:07.186,e3:ca:2d:fd:e0:8c, 2015-01-01 03:57:21.495, 0.958, 0.087, 0.337, -0.244, -0.61, 0, 14.782, -70.104, 148.42, -26.067, -13.260, -12.840, 29.63, 0.15213, 0.57635, -0.05527, 0.80093,
 15:46:07.188,f6:90:cc:01:6d:25, 2015-01-01 03:57:21.825, 0.915, 0.231, 0.303, 0.61, -0.366, 0, 37.744, -67.368, 151.743, -26.800, -14.573, -7.747, 32.33, 0.01819, 0.57397, 0.1329, 0.80774,
 15:46:07.188,f6:90:cc:01:6d:25, 2015-01-01 03:57:21.825, 0.91, 0.236, 0.303, 0.671, 0, 0, 37.76, -67.368, 151.738, -26.800, -14.573, -7.747, 32.33, 0.01819, 0.57397, 0.1329, 0.80774,
 15:46:07.209,e3:ca:2d:fd:e0:8c, 2015-01-01 03:57:21.495, 0.962, 0.088, 0.339, -0.183, -0.61, 0, 14.788, -70.115, 148.436, -25.740, -12.787, -13.227, 29.63, 0.15213, 0.57635, -0.05527, 0.80093,
 15:46:07.209,e3:ca:2d:fd:e0:8c, 2015-01-01 03:57:21.495, 0.957, 0.091, 0.341, -0.061, -0.305, 0, 14.788, -70.12, 148.453, -25.740, -12.787, -13.227, 29.63, 0.15213, 0.57635, -0.05527, 0.80093,
 15:46:07.211,ed:35:33:d3:6c:f8, 2015-01-01 03:57:21.930, 0.378, -0.005, 0.925, 0.244, 0.793, 0.183, -0.906, -22.489, 158.005, -10.860, -7.187, -34.473, 30.72, -0.18793, -0.19006, 0.04498, -0.96252,
 15:46:07.211,ed:35:33:d3:6c:f8, 2015-01-01 03:57:21.930, 0.37, -0.008, 0.922, 0, 0, 0, -0.901, -22.484, 157.983, -10.860, -7.187, -34.473, 30.72, -0.18793, -0.19006, 0.04498, -0.96252,
 15:46:07.230,ed:40:fe:65:30:6c, 2015-01-01 03:57:26.865, 0.546, 0.025, 0.835, 0.305, 0.183, 0.061, 1.538, -33.613, -118.976, -18.520, -6.080, -7.987, 28.47, 0.48749, -0.24313, -0.15735, -0.82361,
 15:46:07.230,ed:40:fe:65:30:6c, 2015-01-01 03:57:26.865, 0.55, 0.024, 0.835, 0, 0.183, 0, 1.538, -33.613, -118.96, -18.520, -6.080, -7.987, 28.47, 0.48749, -0.24313, -0.15735, -0.82361,
 15:46:07.253,ed:40:fe:65:30:6c, 2015-01-01 03:57:26.865, 0.559, 0.023, 0.835, -0.305, 0.061, 0, 1.538, -33.607, -118.938, -18.520, -6.080, -7.987, 28.47, 0.48749, -0.24313, -0.15735, -0.82361,
 15:46:07.253,ed:40:fe:65:30:6c, 2015-01-01 03:57:26.865, 0.561, 0.02, 0.836, -0.244, 0.122, -0.122, 1.533, -33.602, -118.922, -18.520, -6.080, -7.987, 28.47, 0.48749, -0.24313, -0.15735, -0.82361,
 15:46:07.255,e3:ca:2d:fd:e0:8c, 2015-01-01 03:57:21.495, 0.955, 0.09, 0.34, 0.061, 0.122, 0, 14.788, -70.115, 148.475, -25.740, -12.787, -13.227, 29.63, 0.15213, 0.57635, -0.05527, 0.80093,
 15:46:07.255,e3:ca:2d:fd:e0:8c, 2015-01-01 03:57:21.495, 0.957, 0.088, 0.333, 0.061, 0.427, 0, 14.782, -70.104, 148.508, -25.740, -12.787, -13.227, 29.63, 0.15213, 0.57635, -0.05527, 0.80093,
 15:46:07.256,ed:35:33:d3:6c:f8, 2015-01-01 03:57:21.930, 0.377, -0.01, 0.92, -0.305, 0.061, -0.366, -0.901, -22.484, 157.95, -10.860, -7.187, -34.473, 30.72, -0.18793, -0.19006, 0.04498, -0.96252,
 15:46:07.256,ed:35:33:d3:6c:f8, 2015-01-01 03:57:21.930, 0.387, -0.01, 0.917, -0.305, 0.488, -0.427, -0.901, -22.478, 157.917, -10.860, -7.187, -34.473, 30.72, -0.18793, -0.19006, 0.04498, -0.96252,
 15:46:07.256,f6:90:cc:01:6d:25, 2015-01-01 03:57:21.825, 0.904, 0.233, 0.299, 0.183, 0.305, 0, 37.76, -67.368, 151.743, -26.893, -14.367, -7.480, 32.33, 0.01819, 0.57397, 0.1329, 0.80774,
 15:46:07.256,f6:90:cc:01:6d:25, 2015-01-01 03:57:21.825, 0.906, 0.23, 0.295, -0.305, 0.366, 0, 37.749, -67.363, 151.749, -26.893, -14.367, -7.480, 32.33, 0.01819, 0.57397, 0.1329, 0.80774,
 15:46:07.276,e3:ca:2d:fd:e0:8c, 2015-01-01 03:57:21.495, 0.96, 0.087, 0.328, 0, 0, 0, 14.782, -70.104, 148.53, -25.740, -12.787, -13.227, 29.63, 0.14908, 0.57675, -0.05313, 0.80139,
 15:46:07.276,e3:ca:2d:fd:e0:8c, 2015-01-01 03:57:21.495, 0.96, 0.088, 0.33, 0, -0.488, 0, 14.788, -70.115, 148.541, -25.740, -12.787, -13.227, 29.63, 0.14908, 0.57675, -0.05313, 0.80139,
 15:46:07.278,f6:90:cc:01:6d:25, 2015-01-01 03:57:21.825, 0.913, 0.231, 0.296, -0.793, 0, 0, 37.733, -67.363, 151.754, -26.893, -14.367, -7.480, 32.33, 0.01816, 0.57455, 0.13293, 0.80731,
 15:46:07.278,f6:90:cc:01:6d:25, 2015-01-01 03:57:21.825, 0.917, 0.234, 0.295, -0.305, -0.183, 0, 37.733, -67.368, 151.749, -26.893, -14.367, -7.480, 32.33, 0.01816, 0.57455, 0.13293, 0.80731,
 15:46:07.278,ed:35:33:d3:6c:f8, 2015-01-01 03:57:21.930, 0.387, -0.015, 0.916, 0.061, 0.61, -0.122, -0.901, -22.467, 157.89, -10.860, -7.187, -34.473, 30.72, -0.18793, -0.19006, 0.04498, -0.96252,
 15:46:07.278,ed:35:33:d3:6c:f8, 2015-01-01 03:57:21.930, 0.387, -0.022, 0.917, 0.732, 0.732, 0, -0.89, -22.456, 157.863, -10.860, -7.187, -34.473, 30.72, -0.18793, -0.19006, 0.04498, -0.96252,
 15:46:07.298,ed:40:fe:65:30:6c, 2015-01-01 03:57:26.865, 0.561, 0.011, 0.834, 0, 0.244, -0.427, 1.533, -33.602, -118.905, -18.520, -6.080, -7.987, 28.47, 0.48749, -0.24313, -0.15735, -0.82361,
 15:46:07.298,ed:40:fe:65:30:6c, 2015-01-01 03:57:26.865, 0.558, 0.019, 0.835, 0.305, 0.305, -0.488, 1.538, -33.596, -118.9, -18.520, -6.080, -7.987, 28.47, 0.48749, -0.24313, -0.15735, -0.82361,
 15:46:07.322,e3:ca:2d:fd:e0:8c, 2015-01-01 03:57:21.495, 0.958, 0.086, 0.335, -0.244, -0.732, 0, 14.793, -70.126, 148.552, -25.740, -12.787, -13.227, 29.63, 0.14908, 0.57675, -0.05313, 0.80139,
 15:46:07.322,e3:ca:2d:fd:e0:8c, 2015-01-01 03:57:21.495, 0.955, 0.085, 0.34, -0.305, -0.671, 0, 14.793, -70.142, 148.568, -25.740, -12.787, -13.227, 29.63, 0.14908, 0.57675, -0.05313, 0.80139,
 15:46:07.326,ed:35:33:d3:6c:f8, 2015-01-01 03:57:21.930, 0.383, -0.011, 0.918, 0.854, 1.038, 0.061, -0.873, -22.44, 157.841, -10.860, -7.187, -34.473, 30.72, -0.18793, -0.19006, 0.04498, -0.96252,
 15:46:07.326,ed:35:33:d3:6c:f8, 2015-01-01 03:57:21.930, 0.381, -0.003, 0.917, 1.038, 0.854, 0.122, -0.851, -22.423, 157.819, -10.860, -7.187, -34.473, 30.72, -0.18793, -0.19006, 0.04498, -0.96252,
 15:46:07.344,f6:90:cc:01:6d:25, 2015-01-01 03:57:21.825, 0.917, 0.229, 0.295, -0.122, -0.366, 0, 37.738, -67.374, 151.738, -26.893, -14.367, -7.480, 32.33, 0.01816, 0.57455, 0.13293, 0.80731,
 15:46:07.344,f6:90:cc:01:6d:25, 2015-01-01 03:57:21.825, 0.915, 0.228, 0.298, -0.061, -0.488, 0, 37.755, -67.379, 151.721, -26.893, -14.367, -7.480, 32.33, 0.01816, 0.57455, 0.13293, 0.80731,
 15:46:07.365,e3:ca:2d:fd:e0:8c, 2015-01-01 03:57:21.855, 0.955, 0.087, 0.337, -0.427, -0.671, 0, 14.793, -70.153, 148.579, -25.740, -12.787, -13.227, 29.63, 0.14908, 0.57675, -0.05313, 0.80139,
 15:46:07.365,e3:ca:2d:fd:e0:8c, 2015-01-01 03:57:21.855, 0.962, 0.087, 0.337, -0.366, -0.671, 0, 14.793, -70.164, 148.59, -25.740, -12.787, -13.227, 29.63, 0.14908, 0.57675, -0.05313, 0.80139,
 15:46:07.365,ed:40:fe:65:30:6c, 2015-01-01 03:57:26.865, 0.555, 0.025, 0.835, 0.549, 0.671, -0.183, 1.549, -33.585, -118.889, -18.353, -6.480, -7.607, 28.47, 0.48749, -0.24313, -0.15735, -0.82361,
 15:46:07.365,ed:40:fe:65:30:6c, 2015-01-01 03:57:26.865, 0.561, 0.023, 0.839, 0.671, 0.977, 0.305, 1.56, -33.574, -118.872, -18.353, -6.480, -7.607, 28.47, 0.48749, -0.24313, -0.15735, -0.82361,
 15:46:07.367,f6:90:cc:01:6d:25, 2015-01-01 03:57:22.185, 0.914, 0.229, 0.298, -0.366, -0.61, 0, 37.766, -67.396, 151.699, -26.893, -14.367, -7.480, 32.33, 0.01816, 0.57455, 0.13293, 0.80731,
 15:46:07.367,f6:90:cc:01:6d:25, 2015-01-01 03:57:22.185, 0.918, 0.227, 0.301, 0, -0.488, 0, 37.776, -67.401, 151.683, -26.893, -14.367, -7.480, 32.33, 0.01816, 0.57455, 0.13293, 0.80731,
 15:46:07.370,ed:35:33:d3:6c:f8, 2015-01-01 03:57:21.930, 0.386, -0.006, 0.918, 0.549, 1.038, 0.488, -0.84, -22.407, 157.802, -10.860, -7.187, -34.473, 30.72, -0.18793, -0.19006, 0.04498, -0.96252,
 15:46:07.370,ed:35:33:d3:6c:f8, 2015-01-01 03:57:21.930, 0.383, -0.007, 0.92, 0.61, 2.014, 0.732, -0.829, -22.379, 157.791, -10.860, -7.187, -34.473, 30.72, -0.18793, -0.19006, 0.04498, -0.96252,
 15:46:07.388,ed:40:fe:65:30:6c, 2015-01-01 03:57:26.865, 0.557, 0.023, 0.836, 0.61, 1.099, 0.549, 1.566, -33.552, -118.845, -18.353, -6.480, -7.607, 28.47, 0.49026, -0.24188, -0.15808, -0.8222,
 15:46:07.388,ed:40:fe:65:30:6c, 2015-01-01 03:57:26.865, 0.554, 0.024, 0.837, 0.916, 1.099, 0.488, 1.571, -33.536, -118.817, -18.353, -6.480, -7.607, 28.47, 0.49026, -0.24188, -0.15808, -0.8222,
 15:46:07.390,f6:90:cc:01:6d:25, 2015-01-01 03:57:22.185, 0.913, 0.232, 0.299, 0.427, 0, 0, 37.787, -67.407, 151.677, -26.893, -14.367, -7.480, 32.33, 0.01816, 0.57455, 0.13293, 0.80731,
 15:46:07.390,f6:90:cc:01:6d:25, 2015-01-01 03:57:22.185, 0.908, 0.234, 0.296, 1.038, 0.366, 0, 37.793, -67.407, 151.683, -26.893, -14.367, -7.480, 32.33, 0.01816, 0.57455, 0.13293, 0.80731,
 15:46:07.411,e3:ca:2d:fd:e0:8c, 2015-01-01 03:57:21.855, 0.958, 0.089, 0.336, -0.366, -0.854, 0, 14.793, -70.181, 148.596, -25.740, -12.787, -13.227, 29.63, 0.14908, 0.57675, -0.05313, 0.80139,
 15:46:07.411,e3:ca:2d:fd:e0:8c, 2015-01-01 03:57:21.855, 0.958, 0.087, 0.334, -0.122, -0.61, 0, 14.799, -70.192, 148.607, -25.740, -12.787, -13.227, 29.63, 0.14908, 0.57675, -0.05313, 0.80139,
 15:46:07.413,ed:35:33:d3:6c:f8, 2015-01-01 03:57:21.930, 0.378, -0.011, 0.919, 0.916, 2.136, 0.732, -0.818, -22.341, 157.764, -10.800, -7.280, -35.367, 30.72, -0.18793, -0.19006, 0.04498, -0.96252,
 15:46:07.413,ed:35:33:d3:6c:f8, 2015-01-01 03:57:21.930, 0.372, -0.013, 0.916, 1.709, 2.625, 0.488, -0.797, -22.297, 157.714, -10.800, -7.280, -35.367, 30.72, -0.18793, -0.19006, 0.04498, -0.96252,
 15:46:07.434,e3:ca:2d:fd:e0:8c, 2015-01-01 03:57:21.855, 0.952, 0.088, 0.332, -0.183, -0.244, 0, 14.793, -70.192, 148.623, -25.740, -12.787, -13.227, 29.63, 0.14908, 0.57675, -0.05313, 0.80139,
 15:46:07.434,e3:ca:2d:fd:e0:8c, 2015-01-01 03:57:21.855, 0.954, 0.092, 0.333, -0.366, -0.244, 0, 14.793, -70.197, 148.64, -25.740, -12.787, -13.227, 29.63, 0.14908, 0.57675, -0.05313, 0.80139,
 15:46:07.434,ed:40:fe:65:30:6c, 2015-01-01 03:57:26.865, 0.547, 0.022, 0.833, 1.16, 1.038, 0.183, 1.582, -33.514, -118.795, -18.353, -6.480, -7.607, 28.47, 0.49026, -0.24188, -0.15808, -0.8222,
 15:46:07.434,ed:40:fe:65:30:6c, 2015-01-01 03:57:26.865, 0.547, 0.021, 0.829, 1.343, 0.977, -0.305, 1.604, -33.497, -118.79, -18.353, -6.480, -7.607, 28.47, 0.49026, -0.24188, -0.15808, -0.8222,
 15:46:07.435,f6:90:cc:01:6d:25, 2015-01-01 03:57:22.185, 0.9, 0.237, 0.289, 0.916, 0.977, 0.427, 37.776, -67.396, 151.721, -26.893, -14.367, -7.480, 32.33, 0.01816, 0.57455, 0.13293, 0.80731,
 15:46:07.435,f6:90:cc:01:6d:25, 2015-01-01 03:57:22.185, 0.903, 0.234, 0.294, 0.244, 1.038, 0.366, 37.744, -67.39, 151.771, -26.893, -14.367, -7.480, 32.33, 0.01816, 0.57455, 0.13293, 0.80731,
 15:46:07.455,ed:40:fe:65:30:6c, 2015-01-01 03:57:27.220, 0.559, 0.023, 0.833, 1.892, 0.549, -0.244, 1.637, -33.481, -118.79, -18.353, -6.480, -7.607, 28.47, 0.49026, -0.24188, -0.15808, -0.8222,
 15:46:07.455,ed:40:fe:65:30:6c, 2015-01-01 03:57:27.220, 0.563, 0.027, 0.836, 2.197, 0.366, 0.183, 1.675, -33.47, -118.79, -18.353, -6.480, -7.607, 28.47, 0.49026, -0.24188, -0.15808, -0.8222,
 15:46:07.458,ed:35:33:d3:6c:f8, 2015-01-01 03:57:21.930, 0.373, -0.012, 0.915, 0.671, 2.197, 0.244, -0.775, -22.253, 157.676, -10.800, -7.280, -35.367, 30.72, -0.19119, -0.18802, 0.04385, -0.96231,
 15:46:07.458,ed:35:33:d3:6c:f8, 2015-01-01 03:57:21.930, 0.383, -0.006, 0.917, 1.404, 3.174, 0.488, -0.753, -22.203, 157.637, -10.800, -7.280, -35.367, 30.72, -0.19119, -0.18802, 0.04385, -0.96231,
 15:46:07.479,e3:ca:2d:fd:e0:8c, 2015-01-01 03:57:21.855, 0.962, 0.089, 0.331, -0.488, -0.244, 0, 14.788, -70.203, 148.656, -25.740, -12.787, -13.227, 29.63, 0.14908, 0.57675, -0.05313, 0.80139,
 15:46:07.479,e3:ca:2d:fd:e0:8c, 2015-01-01 03:57:21.855, 0.966, 0.089, 0.333, -0.366, -0.427, 0.305, 14.771, -70.208, 148.689, -25.740, -12.787, -13.227, 29.63, 0.14908, 0.57675, -0.05313, 0.80139,
 15:46:07.481,f6:90:cc:01:6d:25, 2015-01-01 03:57:22.185, 0.915, 0.229, 0.296, 0.916, 1.16, 0.244, 37.722, -67.374, 151.787, -26.893, -14.367, -7.480, 32.33, 0.01816, 0.57455, 0.13293, 0.80731,
 15:46:07.481,f6:90:cc:01:6d:25, 2015-01-01 03:57:22.185, 0.92, 0.232, 0.296, 1.465, 1.648, 0.305, 37.694, -67.357, 151.804, -26.893, -14.367, -7.480, 32.33, 0.01816, 0.57455, 0.13293, 0.80731,
 15:46:07.481,ed:35:33:d3:6c:f8, 2015-01-01 03:57:22.245, 0.385, 0, 0.923, 1.404, 4.272, 1.16, -0.731, -22.132, 157.626, -10.800, -7.280, -35.367, 30.72, -0.19119, -0.18802, 0.04385, -0.96231,
 15:46:07.481,ed:35:33:d3:6c:f8, 2015-01-01 03:57:22.245, 0.377, 0, 0.928, 1.404, 4.517, 1.77, -0.709, -22.05, 157.632, -10.800, -7.280, -35.367, 30.72, -0.19119, -0.18802, 0.04385, -0.96231,
 15:46:07.502,ed:40:fe:65:30:6c, 2015-01-01 03:57:27.220, 0.558, 0.029, 0.839, 2.747, 0.305, 0.854, 1.719, -33.464, -118.768, -18.353, -6.480, -7.607, 28.47, 0.49026, -0.24188, -0.15808, -0.8222,
 15:46:07.502,ed:40:fe:65:30:6c, 2015-01-01 03:57:27.220, 0.55, 0.029, 0.844, 2.93, 0.366, 1.221, 1.758, -33.459, -118.74, -18.353, -6.480, -7.607, 28.47, 0.49026, -0.24188, -0.15808, -0.8222,
 15:46:07.502,f6:90:cc:01:6d:25, 2015-01-01 03:57:22.185, 0.918, 0.234, 0.299, 1.953, 2.502, 0.305, 37.656, -67.324, 151.864, -26.893, -14.367, -7.480, 32.33, 0.01816, 0.57455, 0.13293, 0.80731,
 15:46:07.502,f6:90:cc:01:6d:25, 2015-01-01 03:57:22.185, 0.911, 0.235, 0.304, 2.258, 3.418, 0.305, 37.601, -67.28, 151.941, -26.893, -14.367, -7.480, 32.33, 0.01816, 0.57455, 0.13293, 0.80731,
 15:46:07.526,ed:35:33:d3:6c:f8, 2015-01-01 03:57:22.245, 0.367, -0.006, 0.93, 1.16, 3.967, 1.099, -0.692, -21.967, 157.632, -10.800, -7.280, -35.367, 30.72, -0.19119, -0.18802, 0.04385, -0.96231,
 15:46:07.526,ed:35:33:d3:6c:f8, 2015-01-01 03:57:22.245, 0.362, -0.009, 0.928, 1.038, 3.235, 0.244, -0.676, -21.901, 157.632, -10.800, -7.280, -35.367, 30.72, -0.19119, -0.18802, 0.04385, -0.96231,
 15:46:07.544,ed:40:fe:65:30:6c, 2015-01-01 03:57:27.220, 0.545, 0.027, 0.842, 2.747, 0.549, 1.16, 1.802, -33.453, -118.707, -18.353, -6.480, -7.607, 28.47, 0.49026, -0.24188, -0.15808, -0.8222,
 15:46:07.544,ed:40:fe:65:30:6c, 2015-01-01 03:57:27.220, 0.543, 0.027, 0.836, 2.197, 0.549, 0.854, 1.835, -33.448, -118.685, -18.353, -6.480, -7.607, 28.47, 0.49026, -0.24188, -0.15808, -0.8222,
 15:46:07.546,e3:ca:2d:fd:e0:8c, 2015-01-01 03:57:21.855, 0.963, 0.089, 0.335, -0.244, -0.061, 0.305, 14.749, -70.214, 148.722, -25.740, -12.787, -13.227, 29.63, 0.14908, 0.57675, -0.05313, 0.80139,
 15:46:07.546,e3:ca:2d:fd:e0:8c, 2015-01-01 03:57:21.855, 0.958, 0.09, 0.338, -0.305, 0, 0.305, 14.733, -70.214, 148.76, -25.740, -12.787, -13.227, 29.63, 0.14908, 0.57675, -0.05313, 0.80139,
 15:46:07.570,f6:90:cc:01:6d:25, 2015-01-01 03:57:22.185, 0.906, 0.234, 0.304, 2.014, 3.357, 0.488, 37.535, -67.236, 152.034, -26.893, -14.367, -7.480, 32.33, 0.01816, 0.57455, 0.13293, 0.80731,
 15:46:07.570,f6:90:cc:01:6d:25, 2015-01-01 03:57:22.185, 0.902, 0.23, 0.302, 2.014, 2.747, 0.366, 37.48, -67.198, 152.139, -26.893, -14.367, -7.480, 32.33, 0.01816, 0.57455, 0.13293, 0.80731,
 15:46:07.570,e3:ca:2d:fd:e0:8c, 2015-01-01 03:57:21.855, 0.957, 0.088, 0.336, -0.305, -0.122, 0.305, 14.711, -70.219, 148.793, -25.807, -12.667, -12.733, 29.63, 0.14908, 0.57675, -0.05313, 0.80139,
 15:46:07.570,e3:ca:2d:fd:e0:8c, 2015-01-01 03:57:21.855, 0.955, 0.086, 0.333, -0.183, -0.244, 0.305, 14.694, -70.219, 148.826, -25.807, -12.667, -12.733, 29.63, 0.14908, 0.57675, -0.05313, 0.80139,
 15:46:07.571,ed:35:33:d3:6c:f8, 2015-01-01 03:57:22.245, 0.359, -0.011, 0.92, 1.038, 3.357, -0.671, -0.648, -21.841, 157.632, -10.800, -7.280, -35.367, 30.72, -0.19119, -0.18802, 0.04385, -0.96231,
 15:46:07.571,ed:35:33:d3:6c:f8, 2015-01-01 03:57:22.245, 0.364, -0.009, 0.924, 0, 3.601, -1.526, -0.626, -21.775, 157.643, -10.800, -7.280, -35.367, 30.72, -0.19119, -0.18802, 0.04385, -0.96231,
 15:46:07.592,ed:40:fe:65:30:6c, 2015-01-01 03:57:27.220, 0.544, 0.027, 0.837, 1.099, 0.61, 0.427, 1.862, -33.437, -118.663, -18.353, -6.480, -7.607, 28.47, 0.49026, -0.24188, -0.15808, -0.8222,
 15:46:07.592,ed:40:fe:65:30:6c, 2015-01-01 03:57:27.220, 0.55, 0.029, 0.839, 0.61, 0.183, 0.305, 1.879, -33.426, -118.647, -18.353, -6.480, -7.607, 28.47, 0.49026, -0.24188, -0.15808, -0.8222,
 15:46:07.594,f6:90:cc:01:6d:25, 2015-01-01 03:57:22.185, 0.904, 0.229, 0.301, 0.793, 1.953, 0.366, 37.43, -67.17, 152.21, -26.520, -14.907, -7.793, 32.33, 0.01816, 0.57455, 0.13293, 0.80731,
 15:46:07.596,f6:90:cc:01:6d:25, 2015-01-01 03:57:22.185, 0.911, 0.229, 0.304, -0.427, 1.282, 0.427, 37.375, -67.154, 152.26, -26.520, -14.907, -7.793, 32.33, 0.01816, 0.57455, 0.13293, 0.80731,
 15:46:07.614,e3:ca:2d:fd:e0:8c, 2015-01-01 03:57:21.855, 0.961, 0.083, 0.335, -0.061, -0.488, 0.244, 14.689, -70.23, 148.854, -25.807, -12.667, -12.733, 29.63, 0.14908, 0.57675, -0.05313, 0.80139,
 15:46:07.614,e3:ca:2d:fd:e0:8c, 2015-01-01 03:57:21.855, 0.96, 0.082, 0.338, 0, 0.061, 0, 14.683, -70.236, 148.87, -25.807, -12.667, -12.733, 29.63, 0.14908, 0.57675, -0.05313, 0.80139,
 15:46:07.617,ed:35:33:d3:6c:f8, 2015-01-01 03:57:22.245, 0.362, -0.005, 0.929, 0.671, 3.662, -1.892, -0.604, -21.703, 157.643, -10.800, -7.280, -35.367, 30.72, -0.19119, -0.18802, 0.04385, -0.96231,
 15:46:07.617,ed:35:33:d3:6c:f8, 2015-01-01 03:57:22.245, 0.364, -0.003, 0.93, 0.427, 2.747, -0.916, -0.582, -21.643, 157.648, -10.800, -7.280, -35.367, 30.72, -0.19119, -0.18802, 0.04385, -0.96231,
 15:46:07.636,e3:ca:2d:fd:e0:8c, 2015-01-01 03:57:21.855, 0.958, 0.084, 0.335, 0.122, 0.732, 0, 14.678, -70.23, 148.892, -25.807, -12.667, -12.733, 29.63, 0.14676, 0.57767, -0.05231, 0.80121,
 15:46:07.636,e3:ca:2d:fd:e0:8c, 2015-01-01 03:57:21.855, 0.958, 0.086, 0.333, 0.244, 0.732, 0, 14.667, -70.214, 148.92, -25.807, -12.667, -12.733, 29.63, 0.14676, 0.57767, -0.05231, 0.80121,
 15:46:07.636,ed:40:fe:65:30:6c, 2015-01-01 03:57:27.220, 0.551, 0.027, 0.84, 0.488, -0.061, 0.488, 1.884, -33.42, -118.636, -18.353, -6.480, -7.607, 28.47, 0.49026, -0.24188, -0.15808, -0.8222,
 15:46:07.636,ed:40:fe:65:30:6c, 2015-01-01 03:57:27.220, 0.549, 0.024, 0.84, 0.427, -0.122, 0.793, 1.884, -33.42, -118.619, -18.353, -6.480, -7.607, 28.47, 0.49026, -0.24188, -0.15808, -0.8222,
 15:46:07.639,f6:90:cc:01:6d:25, 2015-01-01 03:57:22.185, 0.911, 0.228, 0.303, -0.793, 0.916, 0.427, 37.315, -67.148, 152.276, -26.520, -14.907, -7.793, 32.33, 0.01816, 0.57455, 0.13293, 0.80731,
 15:46:07.639,f6:90:cc:01:6d:25, 2015-01-01 03:57:22.185, 0.908, 0.229, 0.306, -0.366, 0.793, 0.366, 37.277, -67.143, 152.292, -26.520, -14.907, -7.793, 32.33, 0.01816, 0.57455, 0.13293, 0.80731,
 15:46:07.659,ed:40:fe:65:30:6c, 2015-01-01 03:57:27.220, 0.55, 0.024, 0.838, 0.305, -0.305, 0.793, 1.879, -33.426, -118.603, -18.380, -6.280, -8.000, 28.47, 0.49026, -0.24188, -0.15808, -0.8222,
 15:46:07.659,ed:40:fe:65:30:6c, 2015-01-01 03:57:27.220, 0.551, 0.021, 0.837, 0.122, -0.244, 0.305, 1.873, -33.431, -118.581, -18.380, -6.280, -8.000, 28.47, 0.49026, -0.24188, -0.15808, -0.8222,
 15:46:07.661,ed:35:33:d3:6c:f8, 2015-01-01 03:57:22.245, 0.362, -0.006, 0.929, 0, 1.404, -0.122, -0.571, -21.605, 157.692, -10.800, -7.280, -35.367, 30.72, -0.19119, -0.18802, 0.04385, -0.96231,
 15:46:07.661,ed:35:33:d3:6c:f8, 2015-01-01 03:57:22.245, 0.365, -0.012, 0.925, 0.061, 0.366, 0.671, -0.571, -21.583, 157.747, -10.800, -7.280, -35.367, 30.72, -0.19119, -0.18802, 0.04385, -0.96231,
 15:46:07.684,ed:35:33:d3:6c:f8, 2015-01-01 03:57:22.245, 0.364, -0.016, 0.922, 0.366, -0.366, 0.427, -0.571, -21.588, 157.791, -10.787, -7.340, -34.580, 30.72, -0.19119, -0.18802, 0.04385, -0.96231,
 15:46:07.684,ed:35:33:d3:6c:f8, 2015-01-01 03:57:22.245, 0.367, -0.011, 0.929, 0.061, -0.305, 0.122, -0.566, -21.594, 157.824, -10.787, -7.340, -34.580, 30.72, -0.19119, -0.18802, 0.04385, -0.96231,
 15:46:07.703,ed:40:fe:65:30:6c, 2015-01-01 03:57:27.220, 0.553, 0.022, 0.843, 0.061, -0.183, 0, 1.873, -33.431, -118.581, -18.380, -6.280, -8.000, 28.47, 0.49026, -0.24188, -0.15808, -0.8222,
 15:46:07.703,ed:40:fe:65:30:6c, 2015-01-01 03:57:27.220, 0.55, 0.026, 0.842, -0.122, -0.061, -0.061, 1.868, -33.431, -118.586, -18.380, -6.280, -8.000, 28.47, 0.49026, -0.24188, -0.15808, -0.8222,
 15:46:07.704,e3:ca:2d:fd:e0:8c, 2015-01-01 03:57:21.855, 0.961, 0.087, 0.331, 0.122, 0.549, 0.061, 14.656, -70.203, 148.953, -25.807, -12.667, -12.733, 29.63, 0.14676, 0.57767, -0.05231, 0.80121,
 15:46:07.704,e3:ca:2d:fd:e0:8c, 2015-01-01 03:57:21.855, 0.96, 0.087, 0.333, 0, 0.122, 0, 14.65, -70.192, 148.975, -25.807, -12.667, -12.733, 29.63, 0.14676, 0.57767, -0.05231, 0.80121,
 15:46:07.705,f6:90:cc:01:6d:25, 2015-01-01 03:57:22.185, 0.909, 0.231, 0.307, 0.488, 0.671, 0.305, 37.255, -67.137, 152.314, -26.520, -14.907, -7.793, 32.33, 0.01736, 0.57248, 0.13315, 0.80878,
 15:46:07.705,f6:90:cc:01:6d:25, 2015-01-01 03:57:22.185, 0.911, 0.23, 0.304, 1.038, 0.305, 0.122, 37.26, -67.132, 152.298, -26.520, -14.907, -7.793, 32.33, 0.01736, 0.57248, 0.13315, 0.80878,
 15:46:07.727,f6:90:cc:01:6d:25, 2015-01-01 03:57:22.565, 0.913, 0.23, 0.308, 0.732, -0.183, 0.061, 37.282, -67.137, 152.265, -26.520, -14.907, -7.793, 32.33, 0.01736, 0.57248, 0.13315, 0.80878,
 15:46:07.727,f6:90:cc:01:6d:25, 2015-01-01 03:57:22.565, 0.909, 0.232, 0.304, 0.854, -0.244, -0.122, 37.31, -67.143, 152.254, -26.520, -14.907, -7.793, 32.33, 0.01736, 0.57248, 0.13315, 0.80878,
 15:46:07.727,e3:ca:2d:fd:e0:8c, 2015-01-01 03:57:22.210, 0.959, 0.089, 0.334, 0.061, 0, 0, 14.645, -70.192, 148.997, -25.807, -12.667, -12.733, 29.63, 0.14676, 0.57767, -0.05231, 0.80121,
 15:46:07.727,e3:ca:2d:fd:e0:8c, 2015-01-01 03:57:22.210, 0.958, 0.087, 0.334, 0.183, 0.183, 0, 14.645, -70.192, 149.013, -25.807, -12.667, -12.733, 29.63, 0.14676, 0.57767, -0.05231, 0.80121,
 15:46:07.729,ed:35:33:d3:6c:f8, 2015-01-01 03:57:22.245, 0.363, -0.009, 0.931, -0.366, -0.854, -0.061, -0.571, -21.605, 157.852, -10.787, -7.340, -34.580, 30.72, -0.19119, -0.18802, 0.04385, -0.96231,
 15:46:07.729,ed:35:33:d3:6c:f8, 2015-01-01 03:57:22.245, 0.367, -0.008, 0.928, -0.61, -1.099, -0.305, -0.577, -21.621, 157.863, -10.787, -7.340, -34.580, 30.72, -0.19119, -0.18802, 0.04385, -0.96231,
 15:46:07.749,f6:90:cc:01:6d:25, 2015-01-01 03:57:22.565, 0.909, 0.234, 0.303, 0.977, -0.183, -0.183, 37.337, -67.143, 152.249, -26.520, -14.907, -7.793, 32.33, 0.01736, 0.57248, 0.13315, 0.80878,
 15:46:07.749,f6:90:cc:01:6d:25, 2015-01-01 03:57:22.565, 0.911, 0.232, 0.304, 0.488, -0.122, -0.244, 37.359, -67.143, 152.243, -26.520, -14.907, -7.793, 32.33, 0.01736, 0.57248, 0.13315, 0.80878,
 15:46:07.770,ed:40:fe:65:30:6c, 2015-01-01 03:57:27.220, 0.553, 0.027, 0.84, -0.244, -0.183, -0.183, 1.868, -33.431, -118.586, -18.380, -6.280, -8.000, 28.47, 0.49301, -0.23926, -0.16031, -0.82089,
 15:46:07.770,ed:40:fe:65:30:6c, 2015-01-01 03:57:27.220, 0.554, 0.027, 0.836, -0.366, -0.244, -0.427, 1.862, -33.431, -118.592, -18.380, -6.280, -8.000, 28.47, 0.49301, -0.23926, -0.16031, -0.82089,
 15:46:07.771,e3:ca:2d:fd:e0:8c, 2015-01-01 03:57:22.210, 0.958, 0.087, 0.336, 0.183, 0.244, 0.061, 14.645, -70.186, 149.035, -25.807, -12.667, -12.733, 29.63, 0.14676, 0.57767, -0.05231, 0.80121,
 15:46:07.771,e3:ca:2d:fd:e0:8c, 2015-01-01 03:57:22.210, 0.958, 0.086, 0.336, 0.122, 0.244, 0, 14.639, -70.181, 149.057, -25.807, -12.667, -12.733, 29.63, 0.14676, 0.57767, -0.05231, 0.80121,
 15:46:07.773,ed:35:33:d3:6c:f8, 2015-01-01 03:57:22.245, 0.368, -0.007, 0.923, -0.916, -0.916, -0.488, -0.593, -21.643, 157.863, -10.787, -7.340, -34.580, 30.72, -0.18948, -0.18304, 0.04083, -0.96375,
 15:46:07.773,ed:35:33:d3:6c:f8, 2015-01-01 03:57:22.245, 0.365, 0, 0.924, -1.16, -0.671, -0.977, -0.604, -21.66, 157.874, -10.787, -7.340, -34.580, 30.72, -0.18948, -0.18304, 0.04083, -0.96375,
 15:46:07.794,e3:ca:2d:fd:e0:8c, 2015-01-01 03:57:22.210, 0.955, 0.088, 0.337, 0.122, 0, 0, 14.639, -70.175, 149.073, -25.807, -12.667, -12.733, 29.63, 0.14676, 0.57767, -0.05231, 0.80121,
 15:46:07.794,e3:ca:2d:fd:e0:8c, 2015-01-01 03:57:22.210, 0.957, 0.088, 0.337, 0, 0, 0.122, 14.639, -70.175, 149.095, -25.807, -12.667, -12.733, 29.63, 0.14676, 0.57767, -0.05231, 0.80121,
 15:46:07.794,ed:40:fe:65:30:6c, 2015-01-01 03:57:27.555, 0.55, 0.031, 0.838, -0.427, -0.122, -0.488, 1.857, -33.437, -118.592, -18.380, -6.280, -8.000, 28.47, 0.49301, -0.23926, -0.16031, -0.82089,
 15:46:07.794,ed:40:fe:65:30:6c, 2015-01-01 03:57:27.555, 0.547, 0.034, 0.84, -0.366, 0.122, -0.183, 1.857, -33.431, -118.592, -18.380, -6.280, -8.000, 28.47, 0.49301, -0.23926, -0.16031, -0.82089,
 15:46:07.795,f6:90:cc:01:6d:25, 2015-01-01 03:57:22.565, 0.911, 0.231, 0.305, -0.183, -0.122, -0.183, 37.365, -67.143, 152.238, -26.520, -14.907, -7.793, 32.33, 0.01736, 0.57248, 0.13315, 0.80878,
 15:46:07.795,f6:90:cc:01:6d:25, 2015-01-01 03:57:22.565, 0.906, 0.232, 0.308, -0.366, -0.183, -0.061, 37.365, -67.148, 152.238, -26.520, -14.907, -7.793, 32.33, 0.01736, 0.57248, 0.13315, 0.80878,
 15:46:07.819,ed:35:33:d3:6c:f8, 2015-01-01 03:57:22.560, 0.362, 0.002, 0.925, -0.488, -0.183, -0.916, -0.61, -21.665, 157.874, -10.787, -7.340, -34.580, 30.72, -0.18948, -0.18304, 0.04083, -0.96375,
 15:46:07.819,ed:35:33:d3:6c:f8, 2015-01-01 03:57:22.560, 0.366, -0.004, 0.925, -0.366, -0.061, -0.977, -0.61, -21.665, 157.885, -10.787, -7.340, -34.580, 30.72, -0.18948, -0.18304, 0.04083, -0.96375,
 15:46:07.838,e3:ca:2d:fd:e0:8c, 2015-01-01 03:57:22.210, 0.956, 0.087, 0.337, 0, -0.061, 0.122, 14.634, -70.175, 149.117, -25.807, -12.667, -12.733, 29.63, 0.14676, 0.57767, -0.05231, 0.80121,
 15:46:07.838,e3:ca:2d:fd:e0:8c, 2015-01-01 03:57:22.210, 0.958, 0.085, 0.337, -0.061, -0.061, 0.061, 14.628, -70.175, 149.134, -25.807, -12.667, -12.733, 29.63, 0.14676, 0.57767, -0.05231, 0.80121,
 15:46:07.838,ed:40:fe:65:30:6c, 2015-01-01 03:57:27.555, 0.548, 0.03, 0.839, -0.488, 0.183, -0.122, 1.851, -33.426, -118.581, -18.380, -6.280, -8.000, 28.47, 0.49301, -0.23926, -0.16031, -0.82089,
 15:46:07.838,ed:40:fe:65:30:6c, 2015-01-01 03:57:27.555, 0.548, 0.024, 0.839, -0.305, 0.244, -0.183, 1.846, -33.42, -118.57, -18.380, -6.280, -8.000, 28.47, 0.49301, -0.23926, -0.16031, -0.82089,
 15:46:07.840,f6:90:cc:01:6d:25, 2015-01-01 03:57:22.565, 0.908, 0.231, 0.306, -0.061, -0.183, 0, 37.37, -67.148, 152.243, -26.520, -14.907, -7.793, 32.33, 0.01736, 0.57248, 0.13315, 0.80878,
 15:46:07.840,f6:90:cc:01:6d:25, 2015-01-01 03:57:22.565, 0.908, 0.23, 0.305, 0, -0.244, 0, 37.375, -67.154, 152.238, -26.520, -14.907, -7.793, 32.33, 0.01736, 0.57248, 0.13315, 0.80878,
 15:46:07.861,ed:40:fe:65:30:6c, 2015-01-01 03:57:27.555, 0.551, 0.022, 0.84, -0.244, 0.122, -0.244, 1.84, -33.415, -118.57, -18.380, -6.280, -8.000, 28.47, 0.49301, -0.23926, -0.16031, -0.82089,
 15:46:07.861,ed:40:fe:65:30:6c, 2015-01-01 03:57:27.555, 0.555, 0.024, 0.842, -0.305, 0, -0.305, 1.84, -33.409, -118.575, -18.380, -6.280, -8.000, 28.47, 0.49301, -0.23926, -0.16031, -0.82089,
 15:46:07.864,ed:35:33:d3:6c:f8, 2015-01-01 03:57:22.560, 0.363, -0.016, 0.921, 0.122, -0.366, -0.244, -0.604, -21.671, 157.89, -10.787, -7.340, -34.580, 30.72, -0.18948, -0.18304, 0.04083, -0.96375,
 15:46:07.864,ed:35:33:d3:6c:f8, 2015-01-01 03:57:22.560, 0.367, -0.007, 0.929, -0.488, -0.366, -0.488, -0.604, -21.676, 157.939, -10.787, -7.340, -34.580, 30.72, -0.18948, -0.18304, 0.04083, -0.96375,
 15:46:07.883,e3:ca:2d:fd:e0:8c, 2015-01-01 03:57:22.210, 0.96, 0.085, 0.337, -0.183, -0.244, 0, 14.623, -70.181, 149.156, -25.807, -12.667, -12.733, 29.63, 0.14676, 0.57767, -0.05231, 0.80121,
 15:46:07.883,e3:ca:2d:fd:e0:8c, 2015-01-01 03:57:22.210, 0.958, 0.085, 0.335, -0.122, -0.244, -0.061, 14.623, -70.181, 149.161, -25.807, -12.667, -12.733, 29.63, 0.14676, 0.57767, -0.05231, 0.80121,
 15:46:07.885,f6:90:cc:01:6d:25, 2015-01-01 03:57:22.565, 0.911, 0.229, 0.304, -0.122, -0.305, 0, 37.375, -67.159, 152.221, -26.520, -14.907, -7.793, 32.33, 0.01736, 0.57248, 0.13315, 0.80878,
 15:46:07.885,f6:90:cc:01:6d:25, 2015-01-01 03:57:22.565, 0.912, 0.23, 0.307, -0.366, -0.305, 0, 37.375, -67.165, 152.21, -26.520, -14.907, -7.793, 32.33, 0.01736, 0.57248, 0.13315, 0.80878,
 15:46:07.887,ed:35:33:d3:6c:f8, 2015-01-01 03:57:22.560, 0.372, -0.009, 0.926, -0.488, -0.122, -0.732, -0.604, -21.676, 157.983, -10.787, -7.340, -34.580, 30.72, -0.18948, -0.18304, 0.04083, -0.96375,
 15:46:07.887,ed:35:33:d3:6c:f8, 2015-01-01 03:57:22.560, 0.369, -0.005, 0.923, -0.183, 0.427, -0.61, -0.604, -21.676, 158.011, -10.787, -7.340, -34.580, 30.72, -0.18948, -0.18304, 0.04083, -0.96375,
 15:46:07.905,ed:40:fe:65:30:6c, 2015-01-01 03:57:27.555, 0.553, 0.027, 0.837, -0.366, 0.122, -0.366, 1.835, -33.409, -118.581, -18.380, -6.280, -8.000, 28.47, 0.49301, -0.23926, -0.16031, -0.82089,
 15:46:07.905,ed:40:fe:65:30:6c, 2015-01-01 03:57:27.555, 0.551, 0.025, 0.834, -0.244, 0.183, -0.244, 1.835, -33.404, -118.586, -18.380, -6.280, -8.000, 28.47, 0.49301, -0.23926, -0.16031, -0.82089,
 15:46:07.928,e3:ca:2d:fd:e0:8c, 2015-01-01 03:57:22.210, 0.957, 0.083, 0.334, -0.122, -0.244, 0, 14.623, -70.186, 149.172, -25.807, -12.667, -12.733, 29.63, 0.14676, 0.57767, -0.05231, 0.80121,
 15:46:07.928,e3:ca:2d:fd:e0:8c, 2015-01-01 03:57:22.210, 0.959, 0.083, 0.334, 0, -0.183, 0, 14.617, -70.186, 149.183, -25.807, -12.667, -12.733, 29.63, 0.14676, 0.57767, -0.05231, 0.80121,
 15:46:07.930,f6:90:cc:01:6d:25, 2015-01-01 03:57:22.565, 0.911, 0.231, 0.305, -0.549, -0.244, -0.061, 37.37, -67.165, 152.205, -26.520, -14.907, -7.793, 32.33, 0.01736, 0.57248, 0.13315, 0.80878,
 15:46:07.930,f6:90:cc:01:6d:25, 2015-01-01 03:57:22.565, 0.91, 0.228, 0.302, -0.61, -0.244, 0, 37.365, -67.17, 152.238, -26.520, -14.907, -7.793, 32.33, 0.01736, 0.57248, 0.13315, 0.80878,
 15:46:07.931,ed:35:33:d3:6c:f8, 2015-01-01 03:57:22.560, 0.367, -0.006, 0.921, -0.549, -0.183, -0.427, -0.604, -21.671, 158.033, -10.787, -7.340, -34.580, 30.72, -0.18948, -0.18304, 0.04083, -0.96375,
 15:46:07.931,ed:35:33:d3:6c:f8, 2015-01-01 03:57:22.560, 0.369, -0.004, 0.924, -0.305, 0.305, -0.549, -0.61, -21.671, 158.027, -10.787, -7.340, -34.580, 30.72, -0.18948, -0.18304, 0.04083, -0.96375,
 15:46:07.953,f6:90:cc:01:6d:25, 2015-01-01 03:57:22.565, 0.912, 0.227, 0.301, -0.366, -0.183, 0, 37.359, -67.176, 152.271, -27.147, -14.820, -7.320, 32.33, 0.01736, 0.57248, 0.13315, 0.80878,
 15:46:07.953,f6:90:cc:01:6d:25, 2015-01-01 03:57:22.565, 0.913, 0.227, 0.303, -0.183, -0.122, 0, 37.354, -67.176, 152.281, -27.147, -14.820, -7.320, 32.33, 0.01736, 0.57248, 0.13315, 0.80878,
 15:46:07.973,ed:40:fe:65:30:6c, 2015-01-01 03:57:27.555, 0.551, 0.024, 0.837, -0.183, 0.305, 0, 1.829, -33.398, -118.586, -18.380, -6.280, -8.000, 28.47, 0.49301, -0.23926, -0.16031, -0.82089,
 15:46:07.973,ed:40:fe:65:30:6c, 2015-01-01 03:57:27.555, 0.554, 0.026, 0.841, 0, 0.244, 0.244, 1.824, -33.393, -118.575, -18.380, -6.280, -8.000, 28.47, 0.49301, -0.23926, -0.16031, -0.82089,
 15:46:07.977,ed:35:33:d3:6c:f8, 2015-01-01 03:57:22.560, 0.369, -0.004, 0.928, -0.061, -0.122, 0.061, -0.61, -21.671, 158.033, -10.787, -7.340, -34.580, 30.72, -0.18948, -0.18304, 0.04083, -0.96375,
 15:46:07.977,ed:35:33:d3:6c:f8, 2015-01-01 03:57:22.560, 0.37, -0.011, 0.931, 0, -0.488, 0.427, -0.61, -21.676, 158.06, -10.787, -7.340, -34.580, 30.72, -0.18948, -0.18304, 0.04083, -0.96375,
 15:46:07.996,ed:40:fe:65:30:6c, 2015-01-01 03:57:27.555, 0.554, 0.023, 0.842, 0.061, 0.183, 0.366, 1.824, -33.387, -118.564, -18.407, -6.333, -7.287, 28.47, 0.49301, -0.23926, -0.16031, -0.82089,
 15:46:07.996,ed:40:fe:65:30:6c, 2015-01-01 03:57:27.555, 0.555, 0.024, 0.84, 0, 0, 0.305, 1.818, -33.382, -118.553, -18.407, -6.333, -7.287, 28.47, 0.49301, -0.23926, -0.16031, -0.82089,
 15:46:07.997,f6:90:cc:01:6d:25, 2015-01-01 03:57:22.565, 0.912, 0.233, 0.299, 0, -0.244, 0, 37.354, -67.181, 152.287, -27.147, -14.820, -7.320, 32.33, 0.01736, 0.57248, 0.13315, 0.80878,
 15:46:07.997,f6:90:cc:01:6d:25, 2015-01-01 03:57:22.565, 0.909, 0.235, 0.3, -0.183, -0.061, -0.061, 37.359, -67.187, 152.287, -27.147, -14.820, -7.320, 32.33, 0.01736, 0.57248, 0.13315, 0.80878,
 15:46:07.997,e3:ca:2d:fd:e0:8c, 2015-01-01 03:57:22.210, 0.963, 0.084, 0.334, 0.183, -0.244, 0, 14.617, -70.192, 149.194, -26.127, -13.353, -12.513, 29.63, 0.14676, 0.57767, -0.05231, 0.80121,
 15:46:07.997,e3:ca:2d:fd:e0:8c, 2015-01-01 03:57:22.210, 0.962, 0.086, 0.334, 0.305, -0.183, 0, 14.623, -70.197, 149.205, -26.127, -13.353, -12.513, 29.63, 0.14676, 0.57767, -0.05231, 0.80121,
 15:46:08.019,e3:ca:2d:fd:e0:8c, 2015-01-01 03:57:22.210, 0.96, 0.088, 0.332, 0.183, -0.061, 0, 14.623, -70.197, 149.222, -26.127, -13.353, -12.513, 29.63, 0.14471, 0.57748, -0.05087, 0.80179,
 15:46:08.019,e3:ca:2d:fd:e0:8c, 2015-01-01 03:57:22.210, 0.958, 0.09, 0.332, 0.183, -0.061, -0.061, 14.628, -70.197, 149.233, -26.127, -13.353, -12.513, 29.63, 0.14471, 0.57748, -0.05087, 0.80179,
 15:46:08.021,ed:35:33:d3:6c:f8, 2015-01-01 03:57:22.560, 0.371, -0.009, 0.929, -0.488, -0.977, 0.305, -0.615, -21.693, 158.088, -10.920, -7.373, -35.113, 30.72, -0.18948, -0.18304, 0.04083, -0.96375,
 15:46:08.021,ed:35:33:d3:6c:f8, 2015-01-01 03:57:22.560, 0.369, -0.007, 0.925, -0.793, -0.854, 0, -0.632, -21.714, 158.104, -10.920, -7.373, -35.113, 30.72, -0.18948, -0.18304, 0.04083, -0.96375,
 15:46:08.044,ed:35:33:d3:6c:f8, 2015-01-01 03:57:22.560, 0.368, -0.006, 0.921, -0.732, -0.671, -0.366, -0.643, -21.725, 158.093, -10.920, -7.373, -35.113, 30.72, -0.18756, -0.18402, 0.04123, -0.96393,
 15:46:08.044,ed:35:33:d3:6c:f8, 2015-01-01 03:57:22.560, 0.368, -0.004, 0.922, -0.488, -0.488, -0.305, -0.648, -21.736, 158.099, -10.920, -7.373, -35.113, 30.72, -0.18756, -0.18402, 0.04123, -0.96393,
 15:46:08.062,ed:40:fe:65:30:6c, 2015-01-01 03:57:27.555, 0.551, 0.028, 0.838, -0.183, 0, 0.122, 1.813, -33.382, -118.537, -18.407, -6.333, -7.287, 28.47, 0.49301, -0.23926, -0.16031, -0.82089,
 15:46:08.062,ed:40:fe:65:30:6c, 2015-01-01 03:57:27.555, 0.549, 0.029, 0.836, -0.427, 0, -0.183, 1.807, -33.382, -118.537, -18.407, -6.333, -7.287, 28.47, 0.49301, -0.23926, -0.16031, -0.82089,
 15:46:08.063,e3:ca:2d:fd:e0:8c, 2015-01-01 03:57:22.210, 0.957, 0.088, 0.333, 0.122, -0.061, -0.061, 14.634, -70.197, 149.244, -26.127, -13.353, -12.513, 29.63, 0.14471, 0.57748, -0.05087, 0.80179,
 15:46:08.063,e3:ca:2d:fd:e0:8c, 2015-01-01 03:57:22.210, 0.957, 0.088, 0.335, -0.122, -0.122, 0, 14.639, -70.203, 149.255, -26.127, -13.353, -12.513, 29.63, 0.14471, 0.57748, -0.05087, 0.80179,
 15:46:08.065,f6:90:cc:01:6d:25, 2015-01-01 03:57:22.565, 0.906, 0.236, 0.301, -0.427, -0.305, -0.061, 37.359, -67.192, 152.298, -27.147, -14.820, -7.320, 32.33, 0.01688, 0.57278, 0.13351, 0.80853,
 15:46:08.065,f6:90:cc:01:6d:25, 2015-01-01 03:57:22.565, 0.91, 0.234, 0.304, -0.732, -0.488, 0, 37.365, -67.198, 152.336, -27.147, -14.820, -7.320, 32.33, 0.01688, 0.57278, 0.13351, 0.80853,
 15:46:08.086,ed:40:fe:65:30:6c, 2015-01-01 03:57:27.555, 0.55, 0.028, 0.836, -0.305, -0.061, -0.305, 1.802, -33.382, -118.531, -18.407, -6.333, -7.287, 28.47, 0.49326, -0.23914, -0.15973, -0.82089,
 15:46:08.086,ed:40:fe:65:30:6c, 2015-01-01 03:57:27.555, 0.55, 0.027, 0.838, -0.122, -0.183, -0.122, 1.802, -33.382, -118.521, -18.407, -6.333, -7.287, 28.47, 0.49326, -0.23914, -0.15973, -0.82089,
 15:46:08.087,f6:90:cc:01:6d:25, 2015-01-01 03:57:22.920, 0.911, 0.23, 0.304, -0.366, -0.427, 0, 37.37, -67.203, 152.391, -27.147, -14.820, -7.320, 32.33, 0.01688, 0.57278, 0.13351, 0.80853,
 15:46:08.087,f6:90:cc:01:6d:25, 2015-01-01 03:57:22.920, 0.91, 0.229, 0.304, 0, -0.244, -0.061, 37.375, -67.214, 152.419, -27.147, -14.820, -7.320, 32.33, 0.01688, 0.57278, 0.13351, 0.80853,
 15:46:08.087,e3:ca:2d:fd:e0:8c, 2015-01-01 03:57:22.590, 0.957, 0.086, 0.337, -0.061, -0.061, 0, 14.639, -70.203, 149.266, -26.127, -13.353, -12.513, 29.63, 0.14471, 0.57748, -0.05087, 0.80179,
 15:46:08.087,e3:ca:2d:fd:e0:8c, 2015-01-01 03:57:22.590, 0.957, 0.085, 0.339, 0.061, 0, 0, 14.639, -70.203, 149.277, -26.127, -13.353, -12.513, 29.63, 0.14471, 0.57748, -0.05087, 0.80179,
 15:46:08.088,ed:35:33:d3:6c:f8, 2015-01-01 03:57:22.560, 0.367, -0.002, 0.925, -0.488, -0.732, -0.305, -0.654, -21.747, 158.11, -10.920, -7.373, -35.113, 30.72, -0.18756, -0.18402, 0.04123, -0.96393,
 15:46:08.088,ed:35:33:d3:6c:f8, 2015-01-01 03:57:22.560, 0.368, -0.006, 0.922, 0.183, -0.793, -0.244, -0.643, -21.764, 158.132, -10.920, -7.373, -35.113, 30.72, -0.18756, -0.18402, 0.04123, -0.96393,
 15:46:08.111,f6:90:cc:01:6d:25, 2015-01-01 03:57:22.920, 0.911, 0.229, 0.305, 0, -0.061, 0, 37.381, -67.214, 152.463, -27.147, -14.820, -7.320, 32.33, 0.01688, 0.57278, 0.13351, 0.80853,
 15:46:08.111,f6:90:cc:01:6d:25, 2015-01-01 03:57:22.920, 0.911, 0.23, 0.304, -0.183, -0.122, 0.061, 37.381, -67.214, 152.512, -27.147, -14.820, -7.320, 32.33, 0.01688, 0.57278, 0.13351, 0.80853,
 15:46:08.131,ed:40:fe:65:30:6c, 2015-01-01 03:57:27.555, 0.549, 0.027, 0.838, 0.122, -0.061, 0.244, 1.802, -33.387, -118.504, -18.407, -6.333, -7.287, 28.47, 0.49326, -0.23914, -0.15973, -0.82089,
 15:46:08.131,ed:40:fe:65:30:6c, 2015-01-01 03:57:27.555, 0.551, 0.024, 0.84, 0.244, 0.061, 0.183, 1.802, -33.387, -118.499, -18.407, -6.333, -7.287, 28.47, 0.49326, -0.23914, -0.15973, -0.82089,
 15:46:08.131,e3:ca:2d:fd:e0:8c, 2015-01-01 03:57:22.590, 0.959, 0.085, 0.338, 0.061, 0.061, 0, 14.634, -70.203, 149.293, -26.127, -13.353, -12.513, 29.63, 0.14471, 0.57748, -0.05087, 0.80179,
 15:46:08.131,e3:ca:2d:fd:e0:8c, 2015-01-01 03:57:22.590, 0.959, 0.086, 0.336, 0.061, 0, 0, 14.634, -70.197, 149.304, -26.127, -13.353, -12.513, 29.63, 0.14471, 0.57748, -0.05087, 0.80179,
 15:46:08.133,ed:35:33:d3:6c:f8, 2015-01-01 03:57:22.850, 0.369, -0.012, 0.925, 0.183, -0.671, -0.183, -0.637, -21.78, 158.143, -10.920, -7.373, -35.113, 30.72, -0.18756, -0.18402, 0.04123, -0.96393,
 15:46:08.133,ed:35:33:d3:6c:f8, 2015-01-01 03:57:22.850, 0.369, -0.01, 0.928, -0.305, -0.671, -0.183, -0.637, -21.791, 158.165, -10.920, -7.373, -35.113, 30.72, -0.18756, -0.18402, 0.04123, -0.96393,
 15:46:08.152,ed:40:fe:65:30:6c, 2015-01-01 03:57:27.915, 0.549, 0.024, 0.842, 0.122, 0, 0, 1.802, -33.382, -118.504, -18.407, -6.333, -7.287, 28.47, 0.49326, -0.23914, -0.15973, -0.82089,
 15:46:08.152,ed:40:fe:65:30:6c, 2015-01-01 03:57:27.915, 0.549, 0.025, 0.84, 0.183, -0.183, -0.061, 1.807, -33.382, -118.515, -18.407, -6.333, -7.287, 28.47, 0.49326, -0.23914, -0.15973, -0.82089,
 15:46:08.155,f6:90:cc:01:6d:25, 2015-01-01 03:57:22.920, 0.907, 0.232, 0.305, -0.183, -0.244, 0.061, 37.381, -67.22, 152.512, -27.147, -14.820, -7.320, 32.33, 0.01688, 0.57278, 0.13351, 0.80853,
 15:46:08.155,f6:90:cc:01:6d:25, 2015-01-01 03:57:22.920, 0.908, 0.231, 0.301, -0.061, -0.244, 0, 37.381, -67.225, 152.512, -27.147, -14.820, -7.320, 32.33, 0.01688, 0.57278, 0.13351, 0.80853,
 15:46:08.176,e3:ca:2d:fd:e0:8c, 2015-01-01 03:57:22.590, 0.958, 0.087, 0.334, 0.061, 0, 0, 14.634, -70.197, 149.321, -26.127, -13.353, -12.513, 29.63, 0.14471, 0.57748, -0.05087, 0.80179,
 15:46:08.176,e3:ca:2d:fd:e0:8c, 2015-01-01 03:57:22.590, 0.958, 0.086, 0.333, 0.183, -0.061, 0, 14.634, -70.197, 149.332, -26.127, -13.353, -12.513, 29.63, 0.14471, 0.57748, -0.05087, 0.80179,
 15:46:08.178,ed:35:33:d3:6c:f8, 2015-01-01 03:57:22.850, 0.369, -0.007, 0.93, 0.366, -1.221, -0.061, -0.632, -21.813, 158.203, -10.920, -7.373, -35.113, 30.72, -0.18756, -0.18402, 0.04123, -0.96393,
 15:46:08.178,ed:35:33:d3:6c:f8, 2015-01-01 03:57:22.850, 0.371, -0.01, 0.918, 0.122, -0.427, -0.427, -0.621, -21.824, 158.236, -10.920, -7.373, -35.113, 30.72, -0.18756, -0.18402, 0.04123, -0.96393,
 15:46:08.197,ed:40:fe:65:30:6c, 2015-01-01 03:57:27.915, 0.552, 0.026, 0.836, 0, -0.061, -0.366, 1.813, -33.387, -118.531, -18.407, -6.333, -7.287, 28.47, 0.49326, -0.23914, -0.15973, -0.82089,
 15:46:08.197,ed:40:fe:65:30:6c, 2015-01-01 03:57:27.915, 0.552, 0.027, 0.836, -0.244, 0, -0.671, 1.813, -33.382, -118.564, -18.407, -6.333, -7.287, 28.47, 0.49326, -0.23914, -0.15973, -0.82089,
 15:46:08.199,e3:ca:2d:fd:e0:8c, 2015-01-01 03:57:22.590, 0.957, 0.086, 0.333, 0.061, -0.244, 0, 14.634, -70.197, 149.343, -26.127, -13.353, -12.513, 29.63, 0.14471, 0.57748, -0.05087, 0.80179,
 15:46:08.199,e3:ca:2d:fd:e0:8c, 2015-01-01 03:57:22.590, 0.958, 0.085, 0.334, -0.061, -0.305, 0, 14.639, -70.203, 149.354, -26.127, -13.353, -12.513, 29.63, 0.14471, 0.57748, -0.05087, 0.80179,
 15:46:08.200,f6:90:cc:01:6d:25, 2015-01-01 03:57:22.920, 0.911, 0.232, 0.302, -0.305, -0.427, 0, 37.386, -67.231, 152.501, -27.147, -14.820, -7.320, 32.33, 0.01688, 0.57278, 0.13351, 0.80853,
 15:46:08.200,f6:90:cc:01:6d:25, 2015-01-01 03:57:22.920, 0.913, 0.229, 0.299, -0.549, -0.488, 0, 37.392, -67.236, 152.512, -27.147, -14.820, -7.320, 32.33, 0.01688, 0.57278, 0.13351, 0.80853,
 15:46:08.220,ed:40:fe:65:30:6c, 2015-01-01 03:57:27.915, 0.551, 0.026, 0.838, -0.305, 0, -0.427, 1.818, -33.382, -118.592, -18.407, -6.333, -7.287, 28.47, 0.49326, -0.23914, -0.15973, -0.82089,
 15:46:08.220,ed:40:fe:65:30:6c, 2015-01-01 03:57:27.915, 0.554, 0.025, 0.839, -0.183, 0, 0.122, 1.813, -33.382, -118.608, -18.407, -6.333, -7.287, 28.47, 0.49326, -0.23914, -0.15973, -0.82089,
 15:46:08.224,ed:35:33:d3:6c:f8, 2015-01-01 03:57:22.850, 0.37, -0.005, 0.922, -0.183, -0.061, -0.61, -0.621, -21.824, 158.247, -10.920, -7.373, -35.113, 30.72, -0.18756, -0.18402, 0.04123, -0.96393,
 15:46:08.224,ed:35:33:d3:6c:f8, 2015-01-01 03:57:22.850, 0.371, 0, 0.925, -0.183, -0.122, -0.671, -0.615, -21.83, 158.269, -10.920, -7.373, -35.113, 30.72, -0.18756, -0.18402, 0.04123, -0.96393,
 15:46:08.245,f6:90:cc:01:6d:25, 2015-01-01 03:57:22.920, 0.913, 0.225, 0.299, -0.427, -0.366, 0, 37.392, -67.247, 152.529, -27.147, -14.820, -7.320, 32.33, 0.01688, 0.57278, 0.13351, 0.80853,
 15:46:08.245,f6:90:cc:01:6d:25, 2015-01-01 03:57:22.920, 0.915, 0.228, 0.3, -0.061, -0.366, 0, 37.397, -67.253, 152.534, -27.147, -14.820, -7.320, 32.33, 0.01688, 0.57278, 0.13351, 0.80853,
 15:46:08.246,ed:35:33:d3:6c:f8, 2015-01-01 03:57:22.850, 0.376, -0.004, 0.926, 0, 0, -0.488, -0.61, -21.83, 158.286, -10.920, -7.373, -35.113, 30.72, -0.18756, -0.18402, 0.04123, -0.96393,
 15:46:08.246,ed:35:33:d3:6c:f8, 2015-01-01 03:57:22.850, 0.379, -0.008, 0.929, 0.427, -0.305, 0, -0.599, -21.83, 158.307, -10.920, -7.373, -35.113, 30.72, -0.18756, -0.18402, 0.04123, -0.96393,
 15:46:08.265,ed:40:fe:65:30:6c, 2015-01-01 03:57:27.915, 0.558, 0.023, 0.84, -0.244, 0, 0.366, 1.802, -33.382, -118.597, -18.407, -6.333, -7.287, 28.47, 0.49326, -0.23914, -0.15973, -0.82089,
 15:46:08.265,ed:40:fe:65:30:6c, 2015-01-01 03:57:27.915, 0.556, 0.023, 0.839, -0.122, 0.061, 0.183, 1.796, -33.376, -118.575, -18.407, -6.333, -7.287, 28.47, 0.49326, -0.23914, -0.15973, -0.82089,
 15:46:08.267,e3:ca:2d:fd:e0:8c, 2015-01-01 03:57:22.590, 0.961, 0.085, 0.334, 0, -0.305, 0, 14.639, -70.208, 149.359, -26.127, -13.353, -12.513, 29.63, 0.14471, 0.57748, -0.05087, 0.80179,
 15:46:08.267,e3:ca:2d:fd:e0:8c, 2015-01-01 03:57:22.590, 0.961, 0.086, 0.334, -0.061, -0.305, 0, 14.639, -70.214, 149.37, -26.127, -13.353, -12.513, 29.63, 0.14471, 0.57748, -0.05087, 0.80179,
 15:46:08.289,e3:ca:2d:fd:e0:8c, 2015-01-01 03:57:22.590, 0.959, 0.087, 0.334, -0.061, -0.366, 0, 14.645, -70.219, 149.376, -25.973, -12.827, -12.673, 29.63, 0.14471, 0.57748, -0.05087, 0.80179,
 15:46:08.289,e3:ca:2d:fd:e0:8c, 2015-01-01 03:57:22.590, 0.957, 0.085, 0.335, -0.183, -0.305, 0, 14.645, -70.225, 149.381, -25.973, -12.827, -12.673, 29.63, 0.14471, 0.57748, -0.05087, 0.80179,
 15:46:08.290,f6:90:cc:01:6d:25, 2015-01-01 03:57:22.920, 0.912, 0.233, 0.301, 0, -0.366, 0, 37.403, -67.258, 152.556, -27.147, -14.820, -7.320, 32.33, 0.01688, 0.57278, 0.13351, 0.80853,
 15:46:08.290,f6:90:cc:01:6d:25, 2015-01-01 03:57:22.920, 0.909, 0.232, 0.3, -0.183, -0.366, 0, 37.414, -67.269, 152.578, -27.147, -14.820, -7.320, 32.33, 0.01688, 0.57278, 0.13351, 0.80853,
 15:46:08.292,ed:35:33:d3:6c:f8, 2015-01-01 03:57:22.850, 0.376, -0.013, 0.921, -0.183, -0.305, 0.183, -0.599, -21.841, 158.324, -10.920, -7.373, -35.113, 30.72, -0.18756, -0.18402, 0.04123, -0.96393,
 15:46:08.292,ed:35:33:d3:6c:f8, 2015-01-01 03:57:22.850, 0.372, -0.015, 0.919, 0.305, -0.671, 0.244, -0.593, -21.852, 158.34, -10.920, -7.373, -35.113, 30.72, -0.18756, -0.18402, 0.04123, -0.96393,
 15:46:08.310,ed:40:fe:65:30:6c, 2015-01-01 03:57:27.915, 0.552, 0.02, 0.836, 0.061, 0, -0.183, 1.796, -33.376, -118.581, -18.407, -6.333, -7.287, 28.47, 0.49326, -0.23914, -0.15973, -0.82089,
 15:46:08.310,ed:40:fe:65:30:6c, 2015-01-01 03:57:27.915, 0.549, 0.021, 0.833, 0.183, -0.061, -0.549, 1.807, -33.382, -118.603, -18.407, -6.333, -7.287, 28.47, 0.49326, -0.23914, -0.15973, -0.82089,
 15:46:08.334,e3:ca:2d:fd:e0:8c, 2015-01-01 03:57:22.590, 0.956, 0.085, 0.333, -0.183, -0.122, 0, 14.639, -70.23, 149.392, -25.973, -12.827, -12.673, 29.63, 0.14471, 0.57748, -0.05087, 0.80179,
 15:46:08.334,e3:ca:2d:fd:e0:8c, 2015-01-01 03:57:22.590, 0.956, 0.084, 0.333, -0.122, -0.122, 0, 14.634, -70.23, 149.403, -25.973, -12.827, -12.673, 29.63, 0.14471, 0.57748, -0.05087, 0.80179,
 15:46:08.335,f6:90:cc:01:6d:25, 2015-01-01 03:57:22.920, 0.908, 0.231, 0.299, -0.61, -0.305, 0, 37.419, -67.275, 152.584, -27.147, -14.820, -7.320, 32.33, 0.01688, 0.57278, 0.13351, 0.80853,
 15:46:08.335,f6:90:cc:01:6d:25, 2015-01-01 03:57:22.920, 0.909, 0.227, 0.298, -0.916, -0.183, 0, 37.414, -67.28, 152.589, -27.147, -14.820, -7.320, 32.33, 0.01688, 0.57278, 0.13351, 0.80853,
 15:46:08.336,ed:35:33:d3:6c:f8, 2015-01-01 03:57:22.850, 0.369, -0.01, 0.918, 0.671, -0.854, 0.305, -0.588, -21.868, 158.351, -10.933, -7.313, -35.440, 30.72, -0.18756, -0.18402, 0.04123, -0.96393,
 15:46:08.336,ed:35:33:d3:6c:f8, 2015-01-01 03:57:22.850, 0.372, -0.002, 0.919, 0.549, -0.732, 0.183, -0.577, -21.885, 158.351, -10.933, -7.313, -35.440, 30.72, -0.18756, -0.18402, 0.04123, -0.96393,
 15:46:08.355,ed:40:fe:65:30:6c, 2015-01-01 03:57:27.915, 0.55, 0.026, 0.833, 0.244, 0, -0.549, 1.813, -33.382, -118.636, -18.407, -6.333, -7.287, 28.47, 0.49326, -0.23914, -0.15973, -0.82089,
 15:46:08.355,ed:40:fe:65:30:6c, 2015-01-01 03:57:27.915, 0.553, 0.029, 0.837, 0.183, 0.183, -0.122, 1.818, -33.376, -118.669, -18.407, -6.333, -7.287, 28.47, 0.49326, -0.23914, -0.15973, -0.82089,
 15:46:08.358,f6:90:cc:01:6d:25, 2015-01-01 03:57:22.920, 0.914, 0.226, 0.303, -0.61, -0.122, 0, 37.403, -67.286, 152.6, -27.100, -14.747, -7.567, 32.33, 0.01688, 0.57278, 0.13351, 0.80853,
 15:46:08.358,f6:90:cc:01:6d:25, 2015-01-01 03:57:22.920, 0.916, 0.227, 0.302, 0.061, 0.061, 0, 37.397, -67.286, 152.589, -27.100, -14.747, -7.567, 32.33, 0.01688, 0.57278, 0.13351, 0.80853,
 15:46:08.382,ed:35:33:d3:6c:f8, 2015-01-01 03:57:22.850, 0.375, 0.002, 0.922, 0.427, 0, 0.244, -0.566, -21.89, 158.346, -10.933, -7.313, -35.440, 30.72, -0.1853, -0.18558, 0.04047, -0.96411,
 15:46:08.382,ed:35:33:d3:6c:f8, 2015-01-01 03:57:22.850, 0.373, -0.002, 0.926, 0.183, 0.061, 0.427, -0.566, -21.89, 158.335, -10.933, -7.313, -35.440, 30.72, -0.1853, -0.18558, 0.04047, -0.96411,
 15:46:08.401,e3:ca:2d:fd:e0:8c, 2015-01-01 03:57:22.590, 0.962, 0.085, 0.333, 0, -0.244, 0, 14.634, -70.236, 149.409, -25.973, -12.827, -12.673, 29.63, 0.14334, 0.57782, -0.04999, 0.80185,
 15:46:08.401,e3:ca:2d:fd:e0:8c, 2015-01-01 03:57:22.590, 0.961, 0.086, 0.335, 0.183, -0.427, 0, 14.639, -70.241, 149.414, -25.973, -12.827, -12.673, 29.63, 0.14334, 0.57782, -0.04999, 0.80185,
 15:46:08.402,f6:90:cc:01:6d:25, 2015-01-01 03:57:22.920, 0.914, 0.231, 0.302, 0.122, 0.061, 0, 37.397, -67.286, 152.584, -27.100, -14.747, -7.567, 32.33, 0.01688, 0.57278, 0.13351, 0.80853,
 15:46:08.402,f6:90:cc:01:6d:25, 2015-01-01 03:57:22.920, 0.91, 0.232, 0.304, 0.122, 0.183, 0, 37.392, -67.286, 152.595, -27.100, -14.747, -7.567, 32.33, 0.01688, 0.57278, 0.13351, 0.80853,
 15:46:08.423,ed:40:fe:65:30:6c, 2015-01-01 03:57:27.915, 0.554, 0.028, 0.842, 0.122, 0.244, 0.366, 1.818, -33.371, -118.691, -18.340, -6.740, -8.240, 28.47, 0.49326, -0.23914, -0.15973, -0.82089,
 15:46:08.423,ed:40:fe:65:30:6c, 2015-01-01 03:57:27.915, 0.551, 0.024, 0.842, 0.305, 0.244, 0.488, 1.818, -33.371, -118.691, -18.340, -6.740, -8.240, 28.47, 0.49326, -0.23914, -0.15973, -0.82089,
 15:46:08.423,e3:ca:2d:fd:e0:8c, 2015-01-01 03:57:22.925, 0.96, 0.088, 0.336, 0.122, -0.427, 0, 14.645, -70.247, 149.42, -25.973, -12.827, -12.673, 29.63, 0.14334, 0.57782, -0.04999, 0.80185,
 15:46:08.423,e3:ca:2d:fd:e0:8c, 2015-01-01 03:57:22.925, 0.959, 0.088, 0.335, 0.061, -0.183, 0, 14.65, -70.252, 149.425, -25.973, -12.827, -12.673, 29.63, 0.14334, 0.57782, -0.04999, 0.80185,
 15:46:08.427,ed:35:33:d3:6c:f8, 2015-01-01 03:57:23.160, 0.371, -0.011, 0.928, 0.366, -0.305, 0.732, -0.56, -21.896, 158.329, -10.933, -7.313, -35.440, 30.72, -0.1853, -0.18558, 0.04047, -0.96411,
 15:46:08.427,ed:35:33:d3:6c:f8, 2015-01-01 03:57:23.160, 0.373, -0.007, 0.929, -0.244, 0, 0.244, -0.56, -21.896, 158.335, -10.933, -7.313, -35.440, 30.72, -0.1853, -0.18558, 0.04047, -0.96411,
 15:46:08.446,ed:40:fe:65:30:6c, 2015-01-01 03:57:27.915, 0.551, 0.025, 0.841, 0.427, 0.183, 0.305, 1.818, -33.365, -118.691, -18.340, -6.740, -8.240, 28.47, 0.49219, -0.23917, -0.15942, -0.82159,
 15:46:08.446,ed:40:fe:65:30:6c, 2015-01-01 03:57:27.915, 0.551, 0.032, 0.839, 0.244, 0, 0.183, 1.818, -33.365, -118.696, -18.340, -6.740, -8.240, 28.47, 0.49219, -0.23917, -0.15942, -0.82159,
 15:46:08.446,e3:ca:2d:fd:e0:8c, 2015-01-01 03:57:22.925, 0.958, 0.088, 0.333, 0, 0, 0, 14.65, -70.252, 149.436, -25.973, -12.827, -12.673, 29.63, 0.14334, 0.57782, -0.04999, 0.80185,
 15:46:08.446,e3:ca:2d:fd:e0:8c, 2015-01-01 03:57:22.925, 0.958, 0.088, 0.333, -0.244, 0, 0, 14.645, -70.252, 149.447, -25.973, -12.827, -12.673, 29.63, 0.14334, 0.57782, -0.04999, 0.80185,
 15:46:08.448,ed:35:33:d3:6c:f8, 2015-01-01 03:57:23.160, 0.373, -0.002, 0.922, -0.305, 0.183, 0, -0.566, -21.896, 158.313, -10.933, -7.313, -35.440, 30.72, -0.1853, -0.18558, 0.04047, -0.96411,
 15:46:08.448,ed:35:33:d3:6c:f8, 2015-01-01 03:57:23.160, 0.372, -0.005, 0.92, -0.122, 0.305, -0.122, -0.566, -21.89, 158.28, -10.933, -7.313, -35.440, 30.72, -0.1853, -0.18558, 0.04047, -0.96411,
 15:46:08.471,f6:90:cc:01:6d:25, 2015-01-01 03:57:22.920, 0.908, 0.234, 0.3, 0.061, 0.305, 0, 37.386, -67.286, 152.622, -27.100, -14.747, -7.567, 32.33, 0.01422, 0.57306, 0.13495, 0.80814,
 15:46:08.471,f6:90:cc:01:6d:25, 2015-01-01 03:57:22.920, 0.907, 0.236, 0.299, -0.427, 0.305, 0, 37.375, -67.28, 152.633, -27.100, -14.747, -7.567, 32.33, 0.01422, 0.57306, 0.13495, 0.80814,
 15:46:08.490,ed:40:fe:65:30:6c, 2015-01-01 03:57:27.915, 0.55, 0.032, 0.836, 0.061, -0.122, 0, 1.824, -33.365, -118.713, -18.340, -6.740, -8.240, 28.47, 0.49219, -0.23917, -0.15942, -0.82159,
 15:46:08.490,ed:40:fe:65:30:6c, 2015-01-01 03:57:27.915, 0.551, 0.026, 0.837, 0, -0.244, -0.366, 1.829, -33.371, -118.735, -18.340, -6.740, -8.240, 28.47, 0.49219, -0.23917, -0.15942, -0.82159,
 15:46:08.493,f6:90:cc:01:6d:25, 2015-01-01 03:57:23.325, 0.911, 0.235, 0.301, -0.732, 0.305, 0.305, 37.354, -67.28, 152.65, -27.100, -14.747, -7.567, 32.33, 0.01422, 0.57306, 0.13495, 0.80814,
 15:46:08.493,f6:90:cc:01:6d:25, 2015-01-01 03:57:23.325, 0.912, 0.229, 0.301, -0.916, 0.122, 0.183, 37.326, -67.28, 152.655, -27.100, -14.747, -7.567, 32.33, 0.01422, 0.57306, 0.13495, 0.80814,
 15:46:08.493,e3:ca:2d:fd:e0:8c, 2015-01-01 03:57:22.925, 0.959, 0.088, 0.332, -0.488, -0.122, 0, 14.639, -70.252, 149.458, -25.973, -12.827, -12.673, 29.63, 0.14334, 0.57782, -0.04999, 0.80185,
 15:46:08.493,e3:ca:2d:fd:e0:8c, 2015-01-01 03:57:22.925, 0.958, 0.086, 0.332, -0.488, -0.244, 0, 14.634, -70.258, 149.469, -25.973, -12.827, -12.673, 29.63, 0.14334, 0.57782, -0.04999, 0.80185,
 15:46:08.494,ed:35:33:d3:6c:f8, 2015-01-01 03:57:23.160, 0.372, -0.008, 0.92, 0.549, 0.61, -0.061, -0.555, -21.879, 158.269, -10.933, -7.313, -35.440, 30.72, -0.1853, -0.18558, 0.04047, -0.96411,
 15:46:08.494,ed:35:33:d3:6c:f8, 2015-01-01 03:57:23.160, 0.371, -0.008, 0.923, 0.793, 0.732, 0.122, -0.538, -21.868, 158.269, -10.933, -7.313, -35.440, 30.72, -0.1853, -0.18558, 0.04047, -0.96411,
 15:46:08.516,f6:90:cc:01:6d:25, 2015-01-01 03:57:23.325, 0.913, 0.225, 0.302, -0.427, 0.183, 0, 37.304, -67.28, 152.644, -27.100, -14.747, -7.567, 32.33, 0.01422, 0.57306, 0.13495, 0.80814,
 15:46:08.516,f6:90:cc:01:6d:25, 2015-01-01 03:57:23.325, 0.914, 0.226, 0.304, 0.061, 0.427, 0, 37.293, -67.275, 152.628, -27.100, -14.747, -7.567, 32.33, 0.01422, 0.57306, 0.13495, 0.80814,
 15:46:08.535,ed:40:fe:65:30:6c, 2015-01-01 03:57:28.270, 0.551, 0.021, 0.839, 0.122, -0.183, -0.549, 1.835, -33.371, -118.762, -18.340, -6.740, -8.240, 28.47, 0.49219, -0.23917, -0.15942, -0.82159,
 15:46:08.535,ed:40:fe:65:30:6c, 2015-01-01 03:57:28.270, 0.552, 0.024, 0.837, 0.366, -0.183, -0.305, 1.846, -33.376, -118.779, -18.340, -6.740, -8.240, 28.47, 0.49219, -0.23917, -0.15942, -0.82159,
 15:46:08.537,e3:ca:2d:fd:e0:8c, 2015-01-01 03:57:22.925, 0.958, 0.085, 0.334, -0.427, -0.305, 0, 14.628, -70.263, 149.474, -25.973, -12.827, -12.673, 29.63, 0.14334, 0.57782, -0.04999, 0.80185,
 15:46:08.537,e3:ca:2d:fd:e0:8c, 2015-01-01 03:57:22.925, 0.958, 0.086, 0.336, -0.305, -0.183, 0, 14.623, -70.263, 149.48, -25.973, -12.827, -12.673, 29.63, 0.14334, 0.57782, -0.04999, 0.80185,
 15:46:08.540,ed:35:33:d3:6c:f8, 2015-01-01 03:57:23.160, 0.372, -0.002, 0.922, 0.916, 1.16, 0.122, -0.522, -21.852, 158.253, -10.933, -7.313, -35.440, 30.72, -0.1853, -0.18558, 0.04047, -0.96411,
 15:46:08.540,ed:35:33:d3:6c:f8, 2015-01-01 03:57:23.160, 0.374, 0, 0.924, 0.732, 1.282, 0.305, -0.505, -21.824, 158.258, -10.933, -7.313, -35.440, 30.72, -0.1853, -0.18558, 0.04047, -0.96411,
 15:46:08.558,ed:40:fe:65:30:6c, 2015-01-01 03:57:28.270, 0.553, 0.028, 0.839, 0.671, 0, 0.122, 1.857, -33.376, -118.795, -18.340, -6.740, -8.240, 28.47, 0.49219, -0.23917, -0.15942, -0.82159,
 15:46:08.558,ed:40:fe:65:30:6c, 2015-01-01 03:57:28.270, 0.553, 0.027, 0.84, 0.854, 0, 0.488, 1.868, -33.376, -118.79, -18.340, -6.740, -8.240, 28.47, 0.49219, -0.23917, -0.15942, -0.82159,
 15:46:08.558,e3:ca:2d:fd:e0:8c, 2015-01-01 03:57:22.925, 0.96, 0.085, 0.336, -0.122, 0, 0, 14.617, -70.269, 149.491, -25.973, -12.827, -12.673, 29.63, 0.14334, 0.57782, -0.04999, 0.80185,
 15:46:08.558,e3:ca:2d:fd:e0:8c, 2015-01-01 03:57:22.925, 0.96, 0.085, 0.335, 0, 0.183, 0, 14.617, -70.263, 149.502, -25.973, -12.827, -12.673, 29.63, 0.14334, 0.57782, -0.04999, 0.80185,
 15:46:08.560,f6:90:cc:01:6d:25, 2015-01-01 03:57:23.325, 0.914, 0.228, 0.305, 0.427, 0.732, 0, 37.282, -67.269, 152.639, -27.100, -14.747, -7.567, 32.33, 0.01422, 0.57306, 0.13495, 0.80814,
 15:46:08.560,f6:90:cc:01:6d:25, 2015-01-01 03:57:23.325, 0.912, 0.229, 0.302, 0.549, 0.916, 0, 37.266, -67.253, 152.644, -27.100, -14.747, -7.567, 32.33, 0.01422, 0.57306, 0.13495, 0.80814,
 15:46:08.584,ed:35:33:d3:6c:f8, 2015-01-01 03:57:23.160, 0.37, -0.005, 0.925, 0.977, 1.282, 0.732, -0.489, -21.802, 158.253, -10.933, -7.313, -35.440, 30.72, -0.1853, -0.18558, 0.04047, -0.96411,
 15:46:08.584,ed:35:33:d3:6c:f8, 2015-01-01 03:57:23.160, 0.364, -0.013, 0.93, 1.343, 0.793, 1.099, -0.472, -21.786, 158.253, -10.933, -7.313, -35.440, 30.72, -0.1853, -0.18558, 0.04047, -0.96411,
 15:46:08.602,ed:40:fe:65:30:6c, 2015-01-01 03:57:28.270, 0.549, 0.022, 0.841, 0.977, 0, 0.488, 1.879, -33.376, -118.773, -18.340, -6.740, -8.240, 28.47, 0.49219, -0.23917, -0.15942, -0.82159,
 15:46:08.602,ed:40:fe:65:30:6c, 2015-01-01 03:57:28.270, 0.548, 0.027, 0.842, 0.61, -0.183, 0.244, 1.89, -33.376, -118.751, -18.340, -6.740, -8.240, 28.47, 0.49219, -0.23917, -0.15942, -0.82159,
 15:46:08.605,f6:90:cc:01:6d:25, 2015-01-01 03:57:23.325, 0.909, 0.229, 0.302, 0.244, 0.977, 0, 37.249, -67.242, 152.666, -27.100, -14.747, -7.567, 32.33, 0.01422, 0.57306, 0.13495, 0.80814,
 15:46:08.605,f6:90:cc:01:6d:25, 2015-01-01 03:57:23.325, 0.907, 0.229, 0.299, 0, 0.916, 0.061, 37.222, -67.231, 152.666, -27.100, -14.747, -7.567, 32.33, 0.01422, 0.57306, 0.13495, 0.80814,
 15:46:08.605,e3:ca:2d:fd:e0:8c, 2015-01-01 03:57:22.925, 0.96, 0.085, 0.333, 0.122, 0.305, 0, 14.612, -70.258, 149.513, -25.973, -12.827, -12.673, 29.63, 0.14334, 0.57782, -0.04999, 0.80185,
 15:46:08.605,e3:ca:2d:fd:e0:8c, 2015-01-01 03:57:22.925, 0.959, 0.085, 0.33, 0.061, 0.305, 0, 14.606, -70.252, 149.529, -25.973, -12.827, -12.673, 29.63, 0.14334, 0.57782, -0.04999, 0.80185,
 15:46:08.630,ed:35:33:d3:6c:f8, 2015-01-01 03:57:23.160, 0.367, -0.003, 0.93, 0.427, 0.916, 0.549, -0.461, -21.769, 158.264, -10.680, -7.307, -34.507, 30.72, -0.1853, -0.18558, 0.04047, -0.96411,
 15:46:08.630,ed:35:33:d3:6c:f8, 2015-01-01 03:57:23.160, 0.366, 0, 0.925, 0.305, 0.977, 0.305, -0.456, -21.753, 158.264, -10.680, -7.307, -34.507, 30.72, -0.1853, -0.18558, 0.04047, -0.96411,
 15:46:08.648,ed:40:fe:65:30:6c, 2015-01-01 03:57:28.270, 0.548, 0.033, 0.839, 0.366, -0.244, 0.183, 1.89, -33.382, -118.74, -18.340, -6.740, -8.240, 28.47, 0.49219, -0.23917, -0.15942, -0.82159,
 15:46:08.648,ed:40:fe:65:30:6c, 2015-01-01 03:57:28.270, 0.548, 0.031, 0.838, 0.122, -0.305, 0.061, 1.895, -33.387, -118.729, -18.340, -6.740, -8.240, 28.47, 0.49219, -0.23917, -0.15942, -0.82159,
 15:46:08.651,ed:35:33:d3:6c:f8, 2015-01-01 03:57:23.160, 0.367, -0.003, 0.923, 0.244, 0.61, 0.122, -0.45, -21.736, 158.264, -10.680, -7.307, -34.507, 30.72, -0.18585, -0.18442, 0.03934, -0.96426,
 15:46:08.651,ed:35:33:d3:6c:f8, 2015-01-01 03:57:23.160, 0.365, -0.006, 0.923, 0.488, 0.61, 0.122, -0.445, -21.725, 158.264, -10.680, -7.307, -34.507, 30.72, -0.18585, -0.18442, 0.03934, -0.96426,
 15:46:08.670,ed:40:fe:65:30:6c, 2015-01-01 03:57:28.270, 0.549, 0.027, 0.838, 0, -0.305, -0.061, 1.895, -33.387, -118.718, -18.340, -6.740, -8.240, 28.47, 0.49219, -0.23917, -0.15942, -0.82159,
 15:46:08.670,ed:40:fe:65:30:6c, 2015-01-01 03:57:28.270, 0.549, 0.026, 0.839, 0.061, -0.366, -0.244, 1.901, -33.393, -118.713, -18.340, -6.740, -8.240, 28.47, 0.49219, -0.23917, -0.15942, -0.82159,
 15:46:08.672,f6:90:cc:01:6d:25, 2015-01-01 03:57:23.325, 0.906, 0.232, 0.301, -0.488, 0.549, 0.183, 37.189, -67.22, 152.644, -27.100, -14.747, -7.567, 32.33, 0.01422, 0.57306, 0.13495, 0.80814,
 15:46:08.672,f6:90:cc:01:6d:25, 2015-01-01 03:57:23.325, 0.907, 0.231, 0.301, -0.427, 0.305, 0.183, 37.161, -67.22, 152.611, -27.100, -14.747, -7.567, 32.33, 0.01422, 0.57306, 0.13495, 0.80814,
 15:46:08.693,e3:ca:2d:fd:e0:8c, 2015-01-01 03:57:22.925, 0.958, 0.088, 0.329, 0.061, 0.061, 0, 14.606, -70.247, 149.54, -25.927, -12.573, -12.693, 29.63, 0.14334, 0.57782, -0.04999, 0.80185,
 15:46:08.693,e3:ca:2d:fd:e0:8c, 2015-01-01 03:57:22.925, 0.958, 0.087, 0.332, 0.061, 0, 0, 14.606, -70.247, 149.551, -25.927, -12.573, -12.693, 29.63, 0.14334, 0.57782, -0.04999, 0.80185,
 15:46:08.694,f6:90:cc:01:6d:25, 2015-01-01 03:57:23.325, 0.91, 0.229, 0.304, -0.61, -0.122, 0.183, 37.145, -67.22, 152.573, -26.360, -14.860, -7.527, 32.33, 0.01422, 0.57306, 0.13495, 0.80814,
 15:46:08.694,f6:90:cc:01:6d:25, 2015-01-01 03:57:23.325, 0.912, 0.229, 0.306, -0.61, -0.305, 0.061, 37.139, -67.225, 152.518, -26.360, -14.860, -7.527, 32.33, 0.01422, 0.57306, 0.13495, 0.80814,
 15:46:08.697,ed:35:33:d3:6c:f8, 2015-01-01 03:57:23.160, 0.366, -0.005, 0.925, 0.671, 0.366, 0.183, -0.428, -21.714, 158.275, -10.680, -7.307, -34.507, 30.72, -0.18585, -0.18442, 0.03934, -0.96426,
 15:46:08.697,ed:35:33:d3:6c:f8, 2015-01-01 03:57:23.160, 0.37, -0.002, 0.923, 1.282, 0.366, 0, -0.406, -21.709, 158.269, -10.680, -7.307, -34.507, 30.72, -0.18585, -0.18442, 0.03934, -0.96426,
 15:46:08.715,ed:40:fe:65:30:6c, 2015-01-01 03:57:28.270, 0.552, 0.026, 0.839, 0.183, -0.244, -0.244, 1.906, -33.398, -118.713, -18.340, -6.740, -8.240, 28.47, 0.49219, -0.23917, -0.15942, -0.82159,
 15:46:08.715,ed:40:fe:65:30:6c, 2015-01-01 03:57:28.270, 0.553, 0.025, 0.839, 0.427, -0.122, -0.061, 1.912, -33.398, -118.702, -18.340, -6.740, -8.240, 28.47, 0.49219, -0.23917, -0.15942, -0.82159,
 15:46:08.716,e3:ca:2d:fd:e0:8c, 2015-01-01 03:57:22.925, 0.958, 0.087, 0.336, -0.061, -0.244, 0, 14.606, -70.252, 149.557, -25.927, -12.573, -12.693, 29.63, 0.14236, 0.57794, -0.04947, 0.80197,
 15:46:08.716,e3:ca:2d:fd:e0:8c, 2015-01-01 03:57:22.925, 0.957, 0.087, 0.337, -0.244, -0.305, 0, 14.606, -70.258, 149.562, -25.927, -12.573, -12.693, 29.63, 0.14236, 0.57794, -0.04947, 0.80197,
 15:46:08.741,f6:90:cc:01:6d:25, 2015-01-01 03:57:23.325, 0.912, 0.226, 0.308, -0.488, -0.244, 0, 37.134, -67.231, 152.463, -26.360, -14.860, -7.527, 32.33, 0.01422, 0.57306, 0.13495, 0.80814,
 15:46:08.741,f6:90:cc:01:6d:25, 2015-01-01 03:57:23.325, 0.91, 0.228, 0.308, -0.427, 0, 0.061, 37.128, -67.236, 152.413, -26.360, -14.860, -7.527, 32.33, 0.01422, 0.57306, 0.13495, 0.80814,
 15:46:08.741,ed:35:33:d3:6c:f8, 2015-01-01 03:57:23.450, 0.371, -0.003, 0.922, 0.916, 0.122, 0.305, -0.385, -21.703, 158.28, -10.680, -7.307, -34.507, 30.72, -0.18585, -0.18442, 0.03934, -0.96426,
 15:46:08.741,ed:35:33:d3:6c:f8, 2015-01-01 03:57:23.450, 0.369, -0.004, 0.922, 0.977, -0.183, 0.549, -0.368, -21.709, 158.291, -10.680, -7.307, -34.507, 30.72, -0.18585, -0.18442, 0.03934, -0.96426,
 15:46:08.762,e3:ca:2d:fd:e0:8c, 2015-01-01 03:57:22.925, 0.958, 0.086, 0.339, -0.122, -0.305, 0, 14.606, -70.263, 149.568, -25.927, -12.573, -12.693, 29.63, 0.14236, 0.57794, -0.04947, 0.80197,
 15:46:08.762,e3:ca:2d:fd:e0:8c, 2015-01-01 03:57:22.925, 0.958, 0.087, 0.339, -0.061, -0.244, 0, 14.606, -70.263, 149.573, -25.927, -12.573, -12.693, 29.63, 0.14236, 0.57794, -0.04947, 0.80197,
 15:46:08.783,e3:ca:2d:fd:e0:8c, 2015-01-01 03:57:23.285, 0.957, 0.087, 0.336, -0.061, -0.122, 0, 14.606, -70.269, 149.579, -25.927, -12.573, -12.693, 29.63, 0.14236, 0.57794, -0.04947, 0.80197,
 15:46:08.783,e3:ca:2d:fd:e0:8c, 2015-01-01 03:57:23.285, 0.958, 0.084, 0.335, 0, 0, 0, 14.606, -70.263, 149.59, -25.927, -12.573, -12.693, 29.63, 0.14236, 0.57794, -0.04947, 0.80197,
 15:46:08.783,ed:40:fe:65:30:6c, 2015-01-01 03:57:28.270, 0.551, 0.025, 0.837, 0.61, 0, 0, 1.923, -33.398, -118.696, -18.507, -6.653, -7.307, 28.47, 0.49219, -0.23917, -0.15942, -0.82159,
 15:46:08.783,ed:40:fe:65:30:6c, 2015-01-01 03:57:28.270, 0.55, 0.025, 0.836, 0.732, 0, 0, 1.934, -33.398, -118.685, -18.507, -6.653, -7.307, 28.47, 0.49219, -0.23917, -0.15942, -0.82159,
 15:46:08.785,f6:90:cc:01:6d:25, 2015-01-01 03:57:23.325, 0.91, 0.229, 0.308, -0.183, 0.122, 0.061, 37.112, -67.236, 152.369, -26.360, -14.860, -7.527, 32.33, 0.01718, 0.57294, 0.13217, 0.80862,
 15:46:08.785,f6:90:cc:01:6d:25, 2015-01-01 03:57:23.325, 0.909, 0.228, 0.305, 0.244, 0.488, 0, 37.101, -67.231, 152.336, -26.360, -14.860, -7.527, 32.33, 0.01718, 0.57294, 0.13217, 0.80862,
 15:46:08.786,ed:35:33:d3:6c:f8, 2015-01-01 03:57:23.450, 0.367, -0.007, 0.919, 1.038, 0.244, 0.427, -0.352, -21.703, 158.28, -10.680, -7.307, -34.507, 30.72, -0.18585, -0.18442, 0.03934, -0.96426,
 15:46:08.786,ed:35:33:d3:6c:f8, 2015-01-01 03:57:23.450, 0.369, -0.003, 0.92, 1.038, 0.366, 0.244, -0.335, -21.698, 158.264, -10.680, -7.307, -34.507, 30.72, -0.18585, -0.18442, 0.03934, -0.96426,
 15:46:08.807,ed:40:fe:65:30:6c, 2015-01-01 03:57:28.270, 0.55, 0.026, 0.835, 0.671, 0.183, -0.183, 1.95, -33.393, -118.68, -18.507, -6.653, -7.307, 28.47, 0.49252, -0.23877, -0.16049, -0.82129,
 15:46:08.807,ed:40:fe:65:30:6c, 2015-01-01 03:57:28.270, 0.55, 0.027, 0.836, 0.61, 0.366, -0.183, 1.961, -33.382, -118.674, -18.507, -6.653, -7.307, 28.47, 0.49252, -0.23877, -0.16049, -0.82129,
 15:46:08.807,e3:ca:2d:fd:e0:8c, 2015-01-01 03:57:23.285, 0.96, 0.085, 0.333, 0.122, 0, 0, 14.606, -70.263, 149.601, -25.927, -12.573, -12.693, 29.63, 0.14236, 0.57794, -0.04947, 0.80197,
 15:46:08.807,e3:ca:2d:fd:e0:8c, 2015-01-01 03:57:23.285, 0.962, 0.085, 0.331, 0.122, -0.061, 0, 14.606, -70.263, 149.606, -25.927, -12.573, -12.693, 29.63, 0.14236, 0.57794, -0.04947, 0.80197,
 15:46:08.830,f6:90:cc:01:6d:25, 2015-01-01 03:57:23.325, 0.909, 0.227, 0.302, 0.305, 0.488, 0, 37.09, -67.22, 152.303, -26.360, -14.860, -7.527, 32.33, 0.01718, 0.57294, 0.13217, 0.80862,
 15:46:08.830,f6:90:cc:01:6d:25, 2015-01-01 03:57:23.325, 0.912, 0.228, 0.302, 0.061, 0.122, -0.061, 37.09, -67.22, 152.26, -26.360, -14.860, -7.527, 32.33, 0.01718, 0.57294, 0.13217, 0.80862,
 15:46:08.832,ed:35:33:d3:6c:f8, 2015-01-01 03:57:23.450, 0.367, -0.001, 0.922, 1.587, 0.732, 0, -0.302, -21.687, 158.253, -10.680, -7.307, -34.507, 30.72, -0.18585, -0.18442, 0.03934, -0.96426,
 15:46:08.832,ed:35:33:d3:6c:f8, 2015-01-01 03:57:23.450, 0.369, -0.001, 0.929, 0.427, 0.427, 0.061, -0.291, -21.682, 158.264, -10.680, -7.307, -34.507, 30.72, -0.18585, -0.18442, 0.03934, -0.96426,
 15:46:08.851,e3:ca:2d:fd:e0:8c, 2015-01-01 03:57:23.285, 0.962, 0.086, 0.331, 0.183, -0.122, 0, 14.606, -70.263, 149.612, -25.927, -12.573, -12.693, 29.63, 0.14236, 0.57794, -0.04947, 0.80197,
 15:46:08.851,e3:ca:2d:fd:e0:8c, 2015-01-01 03:57:23.285, 0.961, 0.087, 0.331, 0.122, -0.061, 0, 14.612, -70.263, 149.623, -25.927, -12.573, -12.693, 29.63, 0.14236, 0.57794, -0.04947, 0.80197,
 15:46:08.851,ed:40:fe:65:30:6c, 2015-01-01 03:57:28.270, 0.553, 0.028, 0.839, 0.427, 0.244, -0.122, 1.972, -33.376, -118.669, -18.507, -6.653, -7.307, 28.47, 0.49252, -0.23877, -0.16049, -0.82129,
 15:46:08.851,ed:40:fe:65:30:6c, 2015-01-01 03:57:28.270, 0.555, 0.028, 0.842, 0.061, 0.183, 0, 1.972, -33.371, -118.663, -18.507, -6.653, -7.307, 28.47, 0.49252, -0.23877, -0.16049, -0.82129,
 15:46:08.853,f6:90:cc:01:6d:25, 2015-01-01 03:57:23.660, 0.914, 0.229, 0.301, 0.061, 0.122, -0.061, 37.084, -67.22, 152.216, -26.360, -14.860, -7.527, 32.33, 0.01718, 0.57294, 0.13217, 0.80862,
 15:46:08.853,f6:90:cc:01:6d:25, 2015-01-01 03:57:23.660, 0.914, 0.23, 0.301, 0, 0.122, -0.122, 37.084, -67.214, 152.172, -26.360, -14.860, -7.527, 32.33, 0.01718, 0.57294, 0.13217, 0.80862,
 15:46:08.855,ed:35:33:d3:6c:f8, 2015-01-01 03:57:23.450, 0.372, 0, 0.931, -0.183, 0.244, -0.061, -0.291, -21.676, 158.291, -10.680, -7.307, -34.507, 30.72, -0.18585, -0.18442, 0.03934, -0.96426,
 15:46:08.855,ed:35:33:d3:6c:f8, 2015-01-01 03:57:23.450, 0.372, -0.002, 0.929, -0.488, 0, -0.244, -0.291, -21.671, 158.307, -10.680, -7.307, -34.507, 30.72, -0.18585, -0.18442, 0.03934, -0.96426,
 15:46:08.873,ed:40:fe:65:30:6c, 2015-01-01 03:57:28.630, 0.557, 0.03, 0.841, -0.122, 0.122, 0, 1.972, -33.371, -118.652, -18.507, -6.653, -7.307, 28.47, 0.49252, -0.23877, -0.16049, -0.82129,
 15:46:08.873,ed:40:fe:65:30:6c, 2015-01-01 03:57:28.630, 0.556, 0.03, 0.839, -0.366, 0, -0.122, 1.967, -33.371, -118.647, -18.507, -6.653, -7.307, 28.47, 0.49252, -0.23877, -0.16049, -0.82129,
 15:46:08.875,f6:90:cc:01:6d:25, 2015-01-01 03:57:23.660, 0.912, 0.232, 0.3, -0.122, 0.061, -0.061, 37.084, -67.214, 152.122, -26.360, -14.860, -7.527, 32.33, 0.01718, 0.57294, 0.13217, 0.80862,
 15:46:08.875,f6:90:cc:01:6d:25, 2015-01-01 03:57:23.660, 0.912, 0.231, 0.302, -0.305, 0, -0.061, 37.084, -67.214, 152.078, -26.360, -14.860, -7.527, 32.33, 0.01718, 0.57294, 0.13217, 0.80862,
 15:46:08.897,e3:ca:2d:fd:e0:8c, 2015-01-01 03:57:23.285, 0.96, 0.086, 0.332, 0, 0, 0, 14.612, -70.263, 149.628, -25.927, -12.573, -12.693, 29.63, 0.14236, 0.57794, -0.04947, 0.80197,
 15:46:08.897,e3:ca:2d:fd:e0:8c, 2015-01-01 03:57:23.285, 0.958, 0.086, 0.333, -0.122, 0.061, 0, 14.606, -70.263, 149.639, -25.927, -12.573, -12.693, 29.63, 0.14236, 0.57794, -0.04947, 0.80197,
 15:46:08.898,ed:35:33:d3:6c:f8, 2015-01-01 03:57:23.450, 0.373, -0.001, 0.925, -0.61, -0.244, -0.427, -0.302, -21.676, 158.313, -10.680, -7.307, -34.507, 30.72, -0.18585, -0.18442, 0.03934, -0.96426,
 15:46:08.898,ed:35:33:d3:6c:f8, 2015-01-01 03:57:23.450, 0.371, -0.001, 0.921, -0.244, -0.305, -0.366, -0.302, -21.687, 158.302, -10.680, -7.307, -34.507, 30.72, -0.18585, -0.18442, 0.03934, -0.96426,
 15:46:08.918,ed:40:fe:65:30:6c, 2015-01-01 03:57:28.630, 0.554, 0.028, 0.836, -0.305, 0, -0.183, 1.961, -33.371, -118.641, -18.507, -6.653, -7.307, 28.47, 0.49252, -0.23877, -0.16049, -0.82129,
 15:46:08.918,ed:40:fe:65:30:6c, 2015-01-01 03:57:28.630, 0.551, 0.025, 0.834, -0.122, 0.061, 0, 1.956, -33.365, -118.636, -18.507, -6.653, -7.307, 28.47, 0.49252, -0.23877, -0.16049, -0.82129,
 15:46:08.920,f6:90:cc:01:6d:25, 2015-01-01 03:57:23.660, 0.91, 0.227, 0.301, -0.244, 0.061, -0.061, 37.079, -67.214, 152.034, -26.360, -14.860, -7.527, 32.33, 0.01718, 0.57294, 0.13217, 0.80862,
 15:46:08.920,f6:90:cc:01:6d:25, 2015-01-01 03:57:23.660, 0.909, 0.225, 0.301, 0, 0.183, -0.061, 37.079, -67.214, 151.99, -26.360, -14.860, -7.527, 32.33, 0.01718, 0.57294, 0.13217, 0.80862,
 15:46:08.942,e3:ca:2d:fd:e0:8c, 2015-01-01 03:57:23.285, 0.958, 0.084, 0.334, -0.183, 0.122, 0, 14.601, -70.263, 149.65, -25.927, -12.573, -12.693, 29.63, 0.14236, 0.57794, -0.04947, 0.80197,
 15:46:08.942,e3:ca:2d:fd:e0:8c, 2015-01-01 03:57:23.285, 0.957, 0.084, 0.334, 0, 0.244, 0, 14.595, -70.258, 149.661, -25.927, -12.573, -12.693, 29.63, 0.14236, 0.57794, -0.04947, 0.80197,
 15:46:08.944,ed:35:33:d3:6c:f8, 2015-01-01 03:57:23.450, 0.368, -0.002, 0.918, 0.061, -0.122, -0.122, -0.302, -21.687, 158.275, -10.433, -7.627, -35.213, 30.72, -0.18585, -0.18442, 0.03934, -0.96426,
 15:46:08.944,ed:35:33:d3:6c:f8, 2015-01-01 03:57:23.450, 0.365, -0.003, 0.92, 0.183, -0.061, 0.122, -0.297, -21.693, 158.258, -10.433, -7.627, -35.213, 30.72, -0.18585, -0.18442, 0.03934, -0.96426,
 15:46:08.963,ed:40:fe:65:30:6c, 2015-01-01 03:57:28.630, 0.548, 0.026, 0.834, 0.183, 0.305, 0.061, 1.961, -33.36, -118.625, -18.507, -6.653, -7.307, 28.47, 0.49252, -0.23877, -0.16049, -0.82129,
 15:46:08.963,ed:40:fe:65:30:6c, 2015-01-01 03:57:28.630, 0.548, 0.027, 0.838, 0.244, 0.427, 0.122, 1.961, -33.354, -118.614, -18.507, -6.653, -7.307, 28.47, 0.49252, -0.23877, -0.16049, -0.82129,
 15:46:08.965,f6:90:cc:01:6d:25, 2015-01-01 03:57:23.660, 0.91, 0.228, 0.307, 0, 0.244, -0.061, 37.073, -67.214, 151.957, -26.360, -14.860, -7.527, 32.33, 0.01718, 0.57294, 0.13217, 0.80862,
 15:46:08.965,f6:90:cc:01:6d:25, 2015-01-01 03:57:23.660, 0.91, 0.229, 0.307, 0, 0.305, -0.122, 37.068, -67.209, 151.919, -26.360, -14.860, -7.527, 32.33, 0.01718, 0.57294, 0.13217, 0.80862,
 15:46:08.986,ed:40:fe:65:30:6c, 2015-01-01 03:57:28.630, 0.548, 0.028, 0.841, 0.244, 0.549, 0.122, 1.961, -33.344, -118.603, -18.507, -6.653, -7.307, 28.47, 0.49252, -0.23877, -0.16049, -0.82129,
 15:46:08.986,ed:40:fe:65:30:6c, 2015-01-01 03:57:28.630, 0.546, 0.028, 0.841, 0.183, 0.549, 0.061, 1.967, -33.333, -118.592, -18.507, -6.653, -7.307, 28.47, 0.49252, -0.23877, -0.16049, -0.82129,
 15:46:08.986,e3:ca:2d:fd:e0:8c, 2015-01-01 03:57:23.285, 0.958, 0.086, 0.336, 0.061, 0.183, 0, 14.59, -70.258, 149.672, -25.927, -12.573, -12.693, 29.63, 0.14236, 0.57794, -0.04947, 0.80197,
 15:46:08.986,e3:ca:2d:fd:e0:8c, 2015-01-01 03:57:23.285, 0.958, 0.086, 0.336, 0.122, 0.122, 0, 14.59, -70.252, 149.683, -25.927, -12.573, -12.693, 29.63, 0.14236, 0.57794, -0.04947, 0.80197,
 15:46:08.988,ed:35:33:d3:6c:f8, 2015-01-01 03:57:23.450, 0.366, -0.002, 0.926, 0, -0.183, 0.061, -0.291, -21.698, 158.258, -10.433, -7.627, -35.213, 30.72, -0.18564, -0.18436, 0.03796, -0.96436,
 15:46:08.988,ed:35:33:d3:6c:f8, 2015-01-01 03:57:23.450, 0.365, -0.002, 0.927, -0.366, -0.549, -0.122, -0.297, -21.709, 158.28, -10.433, -7.627, -35.213, 30.72, -0.18564, -0.18436, 0.03796, -0.96436,
 15:46:09.009,e3:ca:2d:fd:e0:8c, 2015-01-01 03:57:23.285, 0.957, 0.087, 0.335, 0.244, 0.122, 0, 14.59, -70.247, 149.689, -26.400, -12.740, -12.840, 29.63, 0.14236, 0.57794, -0.04947, 0.80197,
 15:46:09.009,e3:ca:2d:fd:e0:8c, 2015-01-01 03:57:23.285, 0.958, 0.087, 0.335, 0.305, 0.122, 0, 14.59, -70.247, 149.7, -26.400, -12.740, -12.840, 29.63, 0.14236, 0.57794, -0.04947, 0.80197,
 15:46:09.011,ed:35:33:d3:6c:f8, 2015-01-01 03:57:23.765, 0.366, -0.001, 0.926, -0.488, -0.427, -0.244, -0.302, -21.714, 158.291, -10.433, -7.627, -35.213, 30.72, -0.18564, -0.18436, 0.03796, -0.96436,
 15:46:09.011,ed:35:33:d3:6c:f8, 2015-01-01 03:57:23.765, 0.369, 0, 0.925, -0.244, -0.122, -0.183, -0.302, -21.72, 158.28, -10.433, -7.627, -35.213, 30.72, -0.18564, -0.18436, 0.03796, -0.96436,
 15:46:09.011,f6:90:cc:01:6d:25, 2015-01-01 03:57:23.660, 0.908, 0.228, 0.307, 0, 0.122, 0, 37.062, -67.209, 151.88, -26.360, -14.860, -7.527, 32.33, 0.01718, 0.57294, 0.13217, 0.80862,
 15:46:09.011,f6:90:cc:01:6d:25, 2015-01-01 03:57:23.660, 0.908, 0.229, 0.306, 0, 0.183, 0, 37.057, -67.209, 151.842, -26.360, -14.860, -7.527, 32.33, 0.01718, 0.57294, 0.13217, 0.80862,
 15:46:09.029,ed:40:fe:65:30:6c, 2015-01-01 03:57:28.630, 0.549, 0.03, 0.842, 0.183, 0.488, 0, 1.967, -33.322, -118.586, -18.507, -6.653, -7.307, 28.47, 0.49252, -0.23877, -0.16049, -0.82129,
 15:46:09.029,ed:40:fe:65:30:6c, 2015-01-01 03:57:28.630, 0.549, 0.032, 0.84, 0.183, 0.427, 0, 1.972, -33.311, -118.575, -18.507, -6.653, -7.307, 28.47, 0.49252, -0.23877, -0.16049, -0.82129,
 15:46:09.054,e3:ca:2d:fd:e0:8c, 2015-01-01 03:57:23.285, 0.958, 0.088, 0.335, 0.244, 0, 0, 14.595, -70.247, 149.711, -26.400, -12.740, -12.840, 29.63, 0.14236, 0.57794, -0.04947, 0.80197,
 15:46:09.054,e3:ca:2d:fd:e0:8c, 2015-01-01 03:57:23.285, 0.957, 0.09, 0.334, 0.061, 0, 0, 14.595, -70.241, 149.716, -26.400, -12.740, -12.840, 29.63, 0.14236, 0.57794, -0.04947, 0.80197,
 15:46:09.055,f6:90:cc:01:6d:25, 2015-01-01 03:57:23.660, 0.909, 0.23, 0.306, -0.122, 0.061, 0, 37.051, -67.203, 151.804, -26.360, -14.860, -7.527, 32.33, 0.01718, 0.57294, 0.13217, 0.80862,
 15:46:09.055,f6:90:cc:01:6d:25, 2015-01-01 03:57:23.660, 0.907, 0.233, 0.304, -0.061, 0.061, 0, 37.046, -67.203, 151.765, -26.360, -14.860, -7.527, 32.33, 0.01718, 0.57294, 0.13217, 0.80862,
 15:46:09.057,ed:35:33:d3:6c:f8, 2015-01-01 03:57:23.765, 0.367, 0, 0.924, 0.183, 0, -0.122, -0.302, -21.72, 158.258, -10.433, -7.627, -35.213, 30.72, -0.18564, -0.18436, 0.03796, -0.96436,
 15:46:09.057,ed:35:33:d3:6c:f8, 2015-01-01 03:57:23.765, 0.366, -0.005, 0.926, 0.305, -0.122, -0.244, -0.291, -21.72, 158.258, -10.433, -7.627, -35.213, 30.72, -0.18564, -0.18436, 0.03796, -0.96436,
 15:46:09.076,ed:40:fe:65:30:6c, 2015-01-01 03:57:28.630, 0.548, 0.029, 0.84, 0.061, 0.366, -0.122, 1.972, -33.305, -118.57, -18.507, -6.653, -7.307, 28.47, 0.49252, -0.23877, -0.16049, -0.82129,
 15:46:09.078,ed:40:fe:65:30:6c, 2015-01-01 03:57:28.630, 0.549, 0.028, 0.839, 0, 0.183, -0.427, 1.978, -33.3, -118.575, -18.507, -6.653, -7.307, 28.47, 0.49252, -0.23877, -0.16049, -0.82129,
 15:46:09.080,f6:90:cc:01:6d:25, 2015-01-01 03:57:23.660, 0.908, 0.232, 0.305, -0.305, 0, 0, 37.04, -67.203, 151.727, -26.873, -14.753, -7.660, 32.33, 0.01718, 0.57294, 0.13217, 0.80862,
 15:46:09.080,f6:90:cc:01:6d:25, 2015-01-01 03:57:23.660, 0.912, 0.23, 0.306, -0.488, 0, 0, 37.029, -67.203, 151.688, -26.873, -14.753, -7.660, 32.33, 0.01718, 0.57294, 0.13217, 0.80862,
 15:46:09.101,ed:35:33:d3:6c:f8, 2015-01-01 03:57:23.765, 0.367, -0.001, 0.928, 0, -0.122, -0.427, -0.286, -21.725, 158.269, -10.433, -7.627, -35.213, 30.72, -0.18564, -0.18436, 0.03796, -0.96436,
 15:46:09.101,ed:35:33:d3:6c:f8, 2015-01-01 03:57:23.765, 0.371, 0.005, 0.927, -0.671, -0.061, -0.61, -0.286, -21.725, 158.28, -10.433, -7.627, -35.213, 30.72, -0.18564, -0.18436, 0.03796, -0.96436,
 15:46:09.122,e3:ca:2d:fd:e0:8c, 2015-01-01 03:57:23.285, 0.959, 0.09, 0.335, 0, 0, 0, 14.601, -70.241, 149.722, -26.400, -12.740, -12.840, 29.63, 0.14133, 0.57797, -0.04874, 0.80219,
 15:46:09.122,e3:ca:2d:fd:e0:8c, 2015-01-01 03:57:23.285, 0.96, 0.088, 0.335, -0.061, -0.061, 0, 14.601, -70.241, 149.733, -26.400, -12.740, -12.840, 29.63, 0.14133, 0.57797, -0.04874, 0.80219,
 15:46:09.123,f6:90:cc:01:6d:25, 2015-01-01 03:57:23.660, 0.911, 0.229, 0.305, -0.366, 0, 0, 37.024, -67.203, 151.65, -26.873, -14.753, -7.660, 32.33, 0.01718, 0.57294, 0.13217, 0.80862,
 15:46:09.123,f6:90:cc:01:6d:25, 2015-01-01 03:57:23.660, 0.909, 0.228, 0.304, 0, 0.122, 0, 37.018, -67.203, 151.617, -26.873, -14.753, -7.660, 32.33, 0.01718, 0.57294, 0.13217, 0.80862,
 15:46:09.142,ed:40:fe:65:30:6c, 2015-01-01 03:57:28.630, 0.552, 0.032, 0.842, -0.183, 0.122, -0.488, 1.983, -33.294, -118.581, -18.400, -6.587, -7.573, 28.47, 0.49252, -0.23877, -0.16049, -0.82129,
 15:46:09.142,ed:40:fe:65:30:6c, 2015-01-01 03:57:28.630, 0.549, 0.033, 0.84, -0.183, 0.244, -0.183, 1.983, -33.289, -118.575, -18.400, -6.587, -7.573, 28.47, 0.49252, -0.23877, -0.16049, -0.82129,
 15:46:09.146,ed:35:33:d3:6c:f8, 2015-01-01 03:57:23.765, 0.368, 0.004, 0.925, -0.61, 0, -0.427, -0.291, -21.725, 158.313, -10.433, -7.627, -35.213, 30.72, -0.18564, -0.18436, 0.03796, -0.96436,
 15:46:09.146,ed:35:33:d3:6c:f8, 2015-01-01 03:57:23.765, 0.368, -0.003, 0.922, -0.671, -0.061, -0.183, -0.302, -21.725, 158.357, -10.433, -7.627, -35.213, 30.72, -0.18564, -0.18436, 0.03796, -0.96436,
 15:46:09.166,ed:40:fe:65:30:6c, 2015-01-01 03:57:28.630, 0.547, 0.028, 0.837, -0.122, 0.244, 0.122, 1.978, -33.283, -118.564, -18.400, -6.587, -7.573, 28.47, 0.49353, -0.2377, -0.16046, -0.82101,
 15:46:09.166,ed:40:fe:65:30:6c, 2015-01-01 03:57:28.630, 0.551, 0.028, 0.84, -0.061, 0.305, 0.061, 1.978, -33.272, -118.559, -18.400, -6.587, -7.573, 28.47, 0.49353, -0.2377, -0.16046, -0.82101,
 15:46:09.166,e3:ca:2d:fd:e0:8c, 2015-01-01 03:57:23.640, 0.958, 0.085, 0.335, -0.061, -0.122, 0, 14.601, -70.241, 149.738, -26.400, -12.740, -12.840, 29.63, 0.14133, 0.57797, -0.04874, 0.80219,
 15:46:09.166,e3:ca:2d:fd:e0:8c, 2015-01-01 03:57:23.640, 0.958, 0.084, 0.334, 0, -0.061, 0, 14.601, -70.241, 149.744, -26.400, -12.740, -12.840, 29.63, 0.14133, 0.57797, -0.04874, 0.80219,
 15:46:09.188,e3:ca:2d:fd:e0:8c, 2015-01-01 03:57:23.640, 0.96, 0.083, 0.334, 0, 0, 0, 14.601, -70.241, 149.749, -26.400, -12.740, -12.840, 29.63, 0.14133, 0.57797, -0.04874, 0.80219,
 15:46:09.188,e3:ca:2d:fd:e0:8c, 2015-01-01 03:57:23.640, 0.961, 0.085, 0.334, 0.122, 0, 0, 14.601, -70.241, 149.755, -26.400, -12.740, -12.840, 29.63, 0.14133, 0.57797, -0.04874, 0.80219,
 15:46:09.190,f6:90:cc:01:6d:25, 2015-01-01 03:57:23.660, 0.91, 0.226, 0.303, -0.122, 0.061, 0, 37.013, -67.203, 151.578, -26.873, -14.753, -7.660, 32.33, 0.02313, 0.57358, 0.12778, 0.80875,
 15:46:09.190,f6:90:cc:01:6d:25, 2015-01-01 03:57:23.660, 0.914, 0.228, 0.305, 0, 0.061, 0, 37.007, -67.203, 151.545, -26.873, -14.753, -7.660, 32.33, 0.02313, 0.57358, 0.12778, 0.80875,
 15:46:09.192,ed:35:33:d3:6c:f8, 2015-01-01 03:57:23.765, 0.37, -0.002, 0.926, -0.61, 0.488, -0.122, -0.308, -21.714, 158.373, -10.433, -7.627, -35.213, 30.72, -0.18564, -0.18436, 0.03796, -0.96436,
 15:46:09.192,ed:35:33:d3:6c:f8, 2015-01-01 03:57:23.765, 0.367, -0.002, 0.931, -0.549, 0.183, 0.122, -0.319, -21.709, 158.379, -10.433, -7.627, -35.213, 30.72, -0.18564, -0.18436, 0.03796, -0.96436,
 15:46:09.210,ed:40:fe:65:30:6c, 2015-01-01 03:57:28.630, 0.549, 0.028, 0.843, -0.122, 0.183, 0.122, 1.972, -33.267, -118.548, -18.400, -6.587, -7.573, 28.47, 0.49353, -0.2377, -0.16046, -0.82101,
 15:46:09.210,ed:40:fe:65:30:6c, 2015-01-01 03:57:28.630, 0.547, 0.025, 0.844, 0, 0, 0.183, 1.972, -33.267, -118.537, -18.400, -6.587, -7.573, 28.47, 0.49353, -0.2377, -0.16046, -0.82101,
 15:46:09.212,f6:90:cc:01:6d:25, 2015-01-01 03:57:24.040, 0.91, 0.227, 0.304, -0.061, 0.061, 0, 37.007, -67.203, 151.507, -26.873, -14.753, -7.660, 32.33, 0.02313, 0.57358, 0.12778, 0.80875,
 15:46:09.212,f6:90:cc:01:6d:25, 2015-01-01 03:57:24.040, 0.908, 0.228, 0.301, -0.183, 0, 0, 37.002, -67.203, 151.474, -26.873, -14.753, -7.660, 32.33, 0.02313, 0.57358, 0.12778, 0.80875,
 15:46:09.212,e3:ca:2d:fd:e0:8c, 2015-01-01 03:57:23.640, 0.959, 0.086, 0.333, 0.244, 0, 0, 14.606, -70.241, 149.766, -26.400, -12.740, -12.840, 29.63, 0.14133, 0.57797, -0.04874, 0.80219,
 15:46:09.212,e3:ca:2d:fd:e0:8c, 2015-01-01 03:57:23.640, 0.959, 0.087, 0.333, 0.244, 0, 0, 14.606, -70.241, 149.771, -26.400, -12.740, -12.840, 29.63, 0.14133, 0.57797, -0.04874, 0.80219,
 15:46:09.214,ed:35:33:d3:6c:f8, 2015-01-01 03:57:23.765, 0.367, -0.007, 0.929, -0.183, -0.549, 0.305, -0.324, -21.714, 158.412, -10.747, -7.400, -34.387, 30.72, -0.18564, -0.18436, 0.03796, -0.96436,
 15:46:09.214,ed:35:33:d3:6c:f8, 2015-01-01 03:57:23.765, 0.371, -0.004, 0.923, -0.122, -0.427, 0.122, -0.324, -21.725, 158.423, -10.747, -7.400, -34.387, 30.72, -0.18564, -0.18436, 0.03796, -0.96436,
 15:46:09.233,ed:40:fe:65:30:6c, 2015-01-01 03:57:28.985, 0.55, 0.027, 0.84, 0, -0.183, 0.061, 1.967, -33.272, -118.526, -18.400, -6.587, -7.573, 28.47, 0.49353, -0.2377, -0.16046, -0.82101,
 15:46:09.233,ed:40:fe:65:30:6c, 2015-01-01 03:57:28.985, 0.551, 0.029, 0.837, -0.122, -0.244, -0.061, 1.967, -33.272, -118.521, -18.400, -6.587, -7.573, 28.47, 0.49353, -0.2377, -0.16046, -0.82101,
 15:46:09.257,e3:ca:2d:fd:e0:8c, 2015-01-01 03:57:23.640, 0.959, 0.089, 0.332, 0.122, 0, 0, 14.612, -70.241, 149.777, -26.400, -12.740, -12.840, 29.63, 0.14133, 0.57797, -0.04874, 0.80219,
 15:46:09.257,e3:ca:2d:fd:e0:8c, 2015-01-01 03:57:23.640, 0.956, 0.088, 0.334, 0.183, -0.061, 0, 14.612, -70.241, 149.782, -26.400, -12.740, -12.840, 29.63, 0.14133, 0.57797, -0.04874, 0.80219,
 15:46:09.257,f6:90:cc:01:6d:25, 2015-01-01 03:57:24.040, 0.91, 0.231, 0.303, -0.305, -0.061, 0, 36.996, -67.203, 151.436, -26.873, -14.753, -7.660, 32.33, 0.02313, 0.57358, 0.12778, 0.80875,
 15:46:09.258,f6:90:cc:01:6d:25, 2015-01-01 03:57:24.040, 0.909, 0.231, 0.305, -0.061, 0, 0, 36.996, -67.209, 151.397, -26.873, -14.753, -7.660, 32.33, 0.02313, 0.57358, 0.12778, 0.80875,
 15:46:09.258,ed:35:33:d3:6c:f8, 2015-01-01 03:57:23.765, 0.368, -0.002, 0.922, -0.122, -0.366, 0, -0.324, -21.731, 158.412, -10.747, -7.400, -34.387, 30.72, -0.18564, -0.18436, 0.03796, -0.96436,
 15:46:09.258,ed:35:33:d3:6c:f8, 2015-01-01 03:57:23.765, 0.366, 0.004, 0.924, -0.549, -0.427, -0.122, -0.33, -21.742, 158.395, -10.747, -7.400, -34.387, 30.72, -0.18564, -0.18436, 0.03796, -0.96436,
 15:46:09.277,ed:40:fe:65:30:6c, 2015-01-01 03:57:28.985, 0.548, 0.031, 0.838, -0.122, -0.122, -0.122, 1.967, -33.272, -118.521, -18.400, -6.587, -7.573, 28.47, 0.49353, -0.2377, -0.16046, -0.82101,
 15:46:09.277,ed:40:fe:65:30:6c, 2015-01-01 03:57:28.985, 0.546, 0.032, 0.838, -0.122, 0, 0.122, 1.961, -33.272, -118.51, -18.400, -6.587, -7.573, 28.47, 0.49353, -0.2377, -0.16046, -0.82101,
 15:46:09.280,f6:90:cc:01:6d:25, 2015-01-01 03:57:24.040, 0.907, 0.229, 0.304, 0.183, 0.061, 0, 36.996, -67.209, 151.364, -26.873, -14.753, -7.660, 32.33, 0.02313, 0.57358, 0.12778, 0.80875,
 15:46:09.280,f6:90:cc:01:6d:25, 2015-01-01 03:57:24.040, 0.908, 0.228, 0.305, 0.122, 0.061, 0, 36.996, -67.209, 151.331, -26.873, -14.753, -7.660, 32.33, 0.02313, 0.57358, 0.12778, 0.80875,
 15:46:09.301,e3:ca:2d:fd:e0:8c, 2015-01-01 03:57:23.640, 0.956, 0.087, 0.336, 0.122, 0, 0, 14.617, -70.241, 149.788, -26.400, -12.740, -12.840, 29.63, 0.14133, 0.57797, -0.04874, 0.80219,
 15:46:09.301,e3:ca:2d:fd:e0:8c, 2015-01-01 03:57:23.640, 0.957, 0.088, 0.336, 0.061, 0, 0, 14.617, -70.241, 149.799, -26.400, -12.740, -12.840, 29.63, 0.14133, 0.57797, -0.04874, 0.80219,
 15:46:09.303,ed:35:33:d3:6c:f8, 2015-01-01 03:57:23.765, 0.368, 0.003, 0.924, -0.549, -0.244, -0.061, -0.335, -21.747, 158.379, -10.747, -7.400, -34.387, 30.72, -0.18445, -0.18469, 0.03809, -0.96454,
 15:46:09.303,ed:35:33:d3:6c:f8, 2015-01-01 03:57:23.765, 0.369, -0.006, 0.924, -0.488, -0.305, -0.061, -0.341, -21.753, 158.368, -10.747, -7.400, -34.387, 30.72, -0.18445, -0.18469, 0.03809, -0.96454,
 15:46:09.323,ed:40:fe:65:30:6c, 2015-01-01 03:57:28.985, 0.548, 0.029, 0.839, -0.061, -0.061, 0.366, 1.956, -33.272, -118.493, -18.400, -6.587, -7.573, 28.47, 0.49353, -0.2377, -0.16046, -0.82101,
 15:46:09.323,ed:40:fe:65:30:6c, 2015-01-01 03:57:28.985, 0.548, 0.023, 0.84, 0, 0, 0.183, 1.956, -33.272, -118.482, -18.400, -6.587, -7.573, 28.47, 0.49353, -0.2377, -0.16046, -0.82101,
 15:46:09.325,f6:90:cc:01:6d:25, 2015-01-01 03:57:24.040, 0.91, 0.229, 0.308, 0.061, -0.122, 0, 37.002, -67.209, 151.293, -26.873, -14.753, -7.660, 32.33, 0.02313, 0.57358, 0.12778, 0.80875,
 15:46:09.325,f6:90:cc:01:6d:25, 2015-01-01 03:57:24.040, 0.909, 0.229, 0.306, 0.244, -0.122, 0, 37.007, -67.209, 151.254, -26.873, -14.753, -7.660, 32.33, 0.02313, 0.57358, 0.12778, 0.80875,
 15:46:09.346,e3:ca:2d:fd:e0:8c, 2015-01-01 03:57:23.640, 0.958, 0.086, 0.336, 0, -0.061, 0, 14.617, -70.241, 149.804, -26.400, -12.740, -12.840, 29.63, 0.14133, 0.57797, -0.04874, 0.80219,
 15:46:09.346,e3:ca:2d:fd:e0:8c, 2015-01-01 03:57:23.640, 0.958, 0.087, 0.336, 0, -0.183, 0, 14.623, -70.241, 149.81, -26.400, -12.740, -12.840, 29.63, 0.14133, 0.57797, -0.04874, 0.80219,
 15:46:09.349,ed:35:33:d3:6c:f8, 2015-01-01 03:57:23.765, 0.368, -0.008, 0.924, -0.305, -0.366, 0.061, -0.346, -21.758, 158.368, -10.747, -7.400, -34.387, 30.72, -0.18445, -0.18469, 0.03809, -0.96454,
 15:46:09.349,ed:35:33:d3:6c:f8, 2015-01-01 03:57:23.765, 0.37, -0.007, 0.926, -0.305, -0.427, -0.122, -0.352, -21.764, 158.368, -10.747, -7.400, -34.387, 30.72, -0.18445, -0.18469, 0.03809, -0.96454,
 15:46:09.367,ed:40:fe:65:30:6c, 2015-01-01 03:57:28.985, 0.549, 0.025, 0.842, 0, 0, -0.061, 1.956, -33.272, -118.477, -18.400, -6.587, -7.573, 28.47, 0.49353, -0.2377, -0.16046, -0.82101,
 15:46:09.367,ed:40:fe:65:30:6c, 2015-01-01 03:57:28.985, 0.549, 0.028, 0.842, -0.061, -0.183, -0.244, 1.956, -33.272, -118.477, -18.400, -6.587, -7.573, 28.47, 0.49353, -0.2377, -0.16046, -0.82101,
 15:46:09.370,e3:ca:2d:fd:e0:8c, 2015-01-01 03:57:23.640, 0.958, 0.087, 0.334, 0, -0.122, 0, 14.623, -70.241, 149.81, -26.047, -12.420, -12.707, 29.63, 0.14133, 0.57797, -0.04874, 0.80219,
 15:46:09.370,e3:ca:2d:fd:e0:8c, 2015-01-01 03:57:23.640, 0.959, 0.086, 0.334, 0.061, -0.122, 0, 14.623, -70.241, 149.815, -26.047, -12.420, -12.707, 29.63, 0.14133, 0.57797, -0.04874, 0.80219,
 15:46:09.393,f6:90:cc:01:6d:25, 2015-01-01 03:57:24.040, 0.911, 0.229, 0.305, 0.244, -0.122, 0, 37.013, -67.214, 151.221, -26.873, -14.753, -7.660, 32.33, 0.02313, 0.57358, 0.12778, 0.80875,
 15:46:09.393,f6:90:cc:01:6d:25, 2015-01-01 03:57:24.040, 0.909, 0.229, 0.304, 0.122, -0.122, 0, 37.018, -67.214, 151.183, -26.873, -14.753, -7.660, 32.33, 0.02313, 0.57358, 0.12778, 0.80875,
 15:46:09.394,ed:35:33:d3:6c:f8, 2015-01-01 03:57:23.765, 0.369, -0.001, 0.928, -0.549, -0.488, -0.183, -0.357, -21.775, 158.39, -10.747, -7.400, -34.387, 30.78, -0.18445, -0.18469, 0.03809, -0.96454,
 15:46:09.394,ed:35:33:d3:6c:f8, 2015-01-01 03:57:23.765, 0.374, 0.001, 0.925, -0.793, -0.671, -0.305, -0.368, -21.786, 158.384, -10.747, -7.400, -34.387, 30.78, -0.18445, -0.18469, 0.03809, -0.96454,
 15:46:09.417,ed:40:fe:65:30:6c, 2015-01-01 03:57:28.985, 0.551, 0.031, 0.84, -0.122, -0.366, -0.244, 1.956, -33.278, -118.477, -18.400, -6.587, -7.573, 28.47, 0.49353, -0.2377, -0.16046, -0.82101,
 15:46:09.417,ed:40:fe:65:30:6c, 2015-01-01 03:57:28.985, 0.553, 0.031, 0.837, -0.244, -0.427, -0.122, 1.956, -33.283, -118.477, -18.400, -6.587, -7.573, 28.47, 0.49353, -0.2377, -0.16046, -0.82101,
 15:46:09.417,ed:35:33:d3:6c:f8, 2015-01-01 03:57:24.165, 0.372, -0.001, 0.921, -0.427, -0.427, -0.366, -0.374, -21.797, 158.373, -10.747, -7.400, -34.387, 30.78, -0.18445, -0.18469, 0.03809, -0.96454,
 15:46:09.417,ed:35:33:d3:6c:f8, 2015-01-01 03:57:24.165, 0.371, -0.004, 0.923, 0, -0.549, -0.305, -0.368, -21.808, 158.346, -10.747, -7.400, -34.387, 30.78, -0.18445, -0.18469, 0.03809, -0.96454,
 15:46:09.417,e3:ca:2d:fd:e0:8c, 2015-01-01 03:57:23.640, 0.959, 0.087, 0.333, 0.061, -0.061, 0, 14.628, -70.241, 149.821, -26.047, -12.420, -12.707, 29.63, 0.14133, 0.57797, -0.04874, 0.80219,
 15:46:09.417,e3:ca:2d:fd:e0:8c, 2015-01-01 03:57:23.640, 0.959, 0.084, 0.332, 0.061, -0.061, 0, 14.628, -70.247, 149.826, -26.047, -12.420, -12.707, 29.63, 0.14133, 0.57797, -0.04874, 0.80219,
 15:46:09.419,f6:90:cc:01:6d:25, 2015-01-01 03:57:24.040, 0.911, 0.23, 0.301, 0.061, -0.061, 0, 37.024, -67.214, 151.144, -26.840, -14.967, -7.400, 32.33, 0.02313, 0.57358, 0.12778, 0.80875,
 15:46:09.419,f6:90:cc:01:6d:25, 2015-01-01 03:57:24.040, 0.912, 0.228, 0.299, 0, 0.061, 0, 37.018, -67.214, 151.117, -26.840, -14.967, -7.400, 32.33, 0.02313, 0.57358, 0.12778, 0.80875,
 15:46:09.435,ed:40:fe:65:30:6c, 2015-01-01 03:57:28.985, 0.551, 0.026, 0.838, -0.244, -0.549, -0.122, 1.95, -33.294, -118.471, -18.493, -6.287, -7.513, 28.47, 0.49353, -0.2377, -0.16046, -0.82101,
 15:46:09.435,ed:40:fe:65:30:6c, 2015-01-01 03:57:28.985, 0.55, 0.025, 0.838, 0, -0.549, -0.061, 1.95, -33.305, -118.466, -18.493, -6.287, -7.513, 28.47, 0.49353, -0.2377, -0.16046, -0.82101,
 15:46:09.460,f6:90:cc:01:6d:25, 2015-01-01 03:57:24.040, 0.91, 0.227, 0.301, -0.122, 0, 0, 37.018, -67.22, 151.084, -26.840, -14.967, -7.400, 32.33, 0.02313, 0.57358, 0.12778, 0.80875,
 15:46:09.460,f6:90:cc:01:6d:25, 2015-01-01 03:57:24.040, 0.911, 0.228, 0.302, -0.122, -0.244, 0, 37.024, -67.225, 151.046, -26.840, -14.967, -7.400, 32.33, 0.02313, 0.57358, 0.12778, 0.80875,
 15:46:09.461,ed:35:33:d3:6c:f8, 2015-01-01 03:57:24.165, 0.372, -0.005, 0.923, 0.61, -0.61, 0, -0.352, -21.819, 158.34, -10.747, -7.400, -34.387, 30.78, -0.18445, -0.18469, 0.03809, -0.96454,
 15:46:09.461,ed:35:33:d3:6c:f8, 2015-01-01 03:57:24.165, 0.374, -0.004, 0.929, 0.305, -0.916, 0.122, -0.346, -21.835, 158.329, -10.747, -7.400, -34.387, 30.78, -0.18445, -0.18469, 0.03809, -0.96454,
 15:46:09.482,e3:ca:2d:fd:e0:8c, 2015-01-01 03:57:23.640, 0.96, 0.085, 0.333, 0, -0.183, 0, 14.628, -70.247, 149.832, -26.047, -12.420, -12.707, 29.63, 0.14038, 0.57806, -0.04794, 0.80234,
 15:46:09.482,e3:ca:2d:fd:e0:8c, 2015-01-01 03:57:23.640, 0.962, 0.086, 0.332, -0.061, -0.366, 0, 14.634, -70.252, 149.832, -26.047, -12.420, -12.707, 29.63, 0.14038, 0.57806, -0.04794, 0.80234,
 15:46:09.483,f6:90:cc:01:6d:25, 2015-01-01 03:57:24.040, 0.913, 0.229, 0.307, 0.061, -0.488, 0, 37.04, -67.231, 151.002, -26.840, -14.967, -7.400, 32.33, 0.02725, 0.57437, 0.12476, 0.8085,
 15:46:09.483,f6:90:cc:01:6d:25, 2015-01-01 03:57:24.040, 0.908, 0.233, 0.308, 1.099, -0.488, 0, 37.062, -67.242, 150.952, -26.840, -14.967, -7.400, 32.33, 0.02725, 0.57437, 0.12476, 0.8085,
 15:46:09.502,ed:40:fe:65:30:6c, 2015-01-01 03:57:28.985, 0.553, 0.026, 0.84, 0.122, -0.61, -0.061, 1.956, -33.316, -118.466, -18.493, -6.287, -7.513, 28.47, 0.49353, -0.2377, -0.16046, -0.82101,
 15:46:09.502,ed:40:fe:65:30:6c, 2015-01-01 03:57:28.985, 0.554, 0.025, 0.843, 0.061, -0.916, 0, 1.956, -33.333, -118.46, -18.493, -6.287, -7.513, 28.47, 0.49353, -0.2377, -0.16046, -0.82101,
 15:46:09.503,e3:ca:2d:fd:e0:8c, 2015-01-01 03:57:24.000, 0.961, 0.088, 0.334, 0, -0.427, 0, 14.634, -70.263, 149.832, -26.047, -12.420, -12.707, 29.63, 0.14038, 0.57806, -0.04794, 0.80234,
 15:46:09.503,e3:ca:2d:fd:e0:8c, 2015-01-01 03:57:24.000, 0.959, 0.086, 0.333, 0.061, -0.305, 0, 14.639, -70.269, 149.832, -26.047, -12.420, -12.707, 29.63, 0.14038, 0.57806, -0.04794, 0.80234,
 15:46:09.506,ed:35:33:d3:6c:f8, 2015-01-01 03:57:24.165, 0.372, -0.004, 0.928, -0.244, -1.282, 0.061, -0.352, -21.863, 158.324, -10.747, -7.400, -34.387, 30.78, -0.18445, -0.18469, 0.03809, -0.96454,
 15:46:09.506,ed:35:33:d3:6c:f8, 2015-01-01 03:57:24.165, 0.371, 0, 0.924, -0.488, -1.465, -0.122, -0.357, -21.89, 158.335, -10.747, -7.400, -34.387, 30.78, -0.18445, -0.18469, 0.03809, -0.96454,
 15:46:09.526,e3:ca:2d:fd:e0:8c, 2015-01-01 03:57:24.000, 0.957, 0.087, 0.335, 0, -0.305, 0, 14.645, -70.274, 149.832, -26.047, -12.420, -12.707, 29.63, 0.14038, 0.57806, -0.04794, 0.80234,
 15:46:09.526,e3:ca:2d:fd:e0:8c, 2015-01-01 03:57:24.000, 0.957, 0.086, 0.334, 0.061, -0.427, 0, 14.65, -70.28, 149.832, -26.047, -12.420, -12.707, 29.63, 0.14038, 0.57806, -0.04794, 0.80234,
 15:46:09.526,ed:40:fe:65:30:6c, 2015-01-01 03:57:28.985, 0.546, 0.03, 0.841, 0, -0.977, 0, 1.956, -33.349, -118.455, -18.493, -6.287, -7.513, 28.47, 0.4942, -0.23798, -0.16074, -0.82047,
 15:46:09.526,ed:40:fe:65:30:6c, 2015-01-01 03:57:28.985, 0.546, 0.027, 0.841, -0.183, -0.793, -0.366, 1.956, -33.365, -118.455, -18.493, -6.287, -7.513, 28.47, 0.4942, -0.23798, -0.16074, -0.82047,
 15:46:09.528,f6:90:cc:01:6d:25, 2015-01-01 03:57:24.040, 0.908, 0.231, 0.309, 1.648, -0.427, 0, 37.101, -67.247, 150.93, -26.840, -14.967, -7.400, 32.33, 0.02725, 0.57437, 0.12476, 0.8085,
 15:46:09.528,f6:90:cc:01:6d:25, 2015-01-01 03:57:24.040, 0.908, 0.227, 0.307, 1.648, -0.61, 0, 37.145, -67.253, 150.974, -26.840, -14.967, -7.400, 32.33, 0.02725, 0.57437, 0.12476, 0.8085,
 15:46:09.553,ed:35:33:d3:6c:f8, 2015-01-01 03:57:24.165, 0.366, -0.003, 0.922, -0.122, -1.526, -0.122, -0.357, -21.923, 158.373, -10.747, -7.400, -34.387, 30.78, -0.18445, -0.18469, 0.03809, -0.96454,
 15:46:09.553,ed:35:33:d3:6c:f8, 2015-01-01 03:57:24.165, 0.371, -0.002, 0.921, -0.061, -1.526, -0.061, -0.357, -21.951, 158.384, -10.747, -7.400, -34.387, 30.78, -0.18445, -0.18469, 0.03809, -0.96454,
 15:46:09.571,e3:ca:2d:fd:e0:8c, 2015-01-01 03:57:24.000, 0.956, 0.085, 0.338, 0.183, -0.366, 0, 14.656, -70.285, 149.832, -26.047, -12.420, -12.707, 29.63, 0.14038, 0.57806, -0.04794, 0.80234,
 15:46:09.571,e3:ca:2d:fd:e0:8c, 2015-01-01 03:57:24.000, 0.958, 0.086, 0.334, 0.305, -0.244, 0, 14.661, -70.291, 149.837, -26.047, -12.420, -12.707, 29.63, 0.14038, 0.57806, -0.04794, 0.80234,
 15:46:09.571,ed:40:fe:65:30:6c, 2015-01-01 03:57:28.985, 0.55, 0.028, 0.836, 0, -0.854, -0.183, 1.956, -33.376, -118.455, -18.493, -6.287, -7.513, 28.47, 0.4942, -0.23798, -0.16074, -0.82047,
 15:46:09.571,ed:40:fe:65:30:6c, 2015-01-01 03:57:28.985, 0.548, 0.026, 0.835, 0, -0.671, 0, 1.961, -33.393, -118.455, -18.493, -6.287, -7.513, 28.47, 0.4942, -0.23798, -0.16074, -0.82047,
 15:46:09.572,f6:90:cc:01:6d:25, 2015-01-01 03:57:24.375, 0.908, 0.225, 0.305, 1.892, -0.61, 0, 37.194, -67.264, 151.013, -26.840, -14.967, -7.400, 32.33, 0.02725, 0.57437, 0.12476, 0.8085,
 15:46:09.572,f6:90:cc:01:6d:25, 2015-01-01 03:57:24.375, 0.909, 0.228, 0.303, 2.075, -0.671, 0, 37.244, -67.275, 151.035, -26.840, -14.967, -7.400, 32.33, 0.02725, 0.57437, 0.12476, 0.8085,
 15:46:09.593,ed:40:fe:65:30:6c, 2015-01-01 03:57:29.345, 0.554, 0.028, 0.839, -0.122, -0.549, -0.061, 1.956, -33.404, -118.449, -18.493, -6.287, -7.513, 28.47, 0.4942, -0.23798, -0.16074, -0.82047,
 15:46:09.593,ed:40:fe:65:30:6c, 2015-01-01 03:57:29.345, 0.556, 0.023, 0.839, -0.183, -0.61, -0.366, 1.956, -33.409, -118.449, -18.493, -6.287, -7.513, 28.47, 0.4942, -0.23798, -0.16074, -0.82047,
 15:46:09.596,ed:35:33:d3:6c:f8, 2015-01-01 03:57:24.165, 0.372, -0.002, 0.918, 0.488, -1.221, 0, -0.341, -21.973, 158.406, -10.747, -7.400, -34.387, 30.78, -0.18445, -0.18469, 0.03809, -0.96454,
 15:46:09.596,ed:35:33:d3:6c:f8, 2015-01-01 03:57:24.165, 0.372, -0.003, 0.919, 0.122, -1.343, 0.122, -0.341, -22, 158.439, -10.747, -7.400, -34.387, 30.78, -0.18445, -0.18469, 0.03809, -0.96454,
 15:46:09.617,e3:ca:2d:fd:e0:8c, 2015-01-01 03:57:24.000, 0.96, 0.087, 0.334, 0.244, -0.244, 0, 14.672, -70.291, 149.837, -26.047, -12.420, -12.707, 29.63, 0.14038, 0.57806, -0.04794, 0.80234,
 15:46:09.617,e3:ca:2d:fd:e0:8c, 2015-01-01 03:57:24.000, 0.961, 0.088, 0.333, 0.122, -0.366, 0, 14.678, -70.296, 149.837, -26.047, -12.420, -12.707, 29.63, 0.14038, 0.57806, -0.04794, 0.80234,
 15:46:09.619,ed:35:33:d3:6c:f8, 2015-01-01 03:57:24.165, 0.38, -0.007, 0.923, 0.183, -0.916, 0, -0.335, -22.017, 158.456, -10.960, -7.700, -34.867, 30.78, -0.18445, -0.18469, 0.03809, -0.96454,
 15:46:09.619,ed:35:33:d3:6c:f8, 2015-01-01 03:57:24.165, 0.375, -0.008, 0.92, 1.404, -0.977, 0.061, -0.308, -22.039, 158.478, -10.960, -7.700, -34.867, 30.78, -0.18445, -0.18469, 0.03809, -0.96454,
 15:46:09.619,f6:90:cc:01:6d:25, 2015-01-01 03:57:24.375, 0.914, 0.231, 0.305, 1.526, -0.916, 0, 37.299, -67.286, 151.062, -26.840, -14.967, -7.400, 32.33, 0.02725, 0.57437, 0.12476, 0.8085,
 15:46:09.619,f6:90:cc:01:6d:25, 2015-01-01 03:57:24.375, 0.914, 0.231, 0.302, 1.343, -0.977, 0, 37.348, -67.302, 151.084, -26.840, -14.967, -7.400, 32.33, 0.02725, 0.57437, 0.12476, 0.8085,
 15:46:09.637,ed:40:fe:65:30:6c, 2015-01-01 03:57:29.345, 0.554, 0.024, 0.839, -0.183, -0.671, -0.61, 1.956, -33.42, -118.455, -18.493, -6.287, -7.513, 28.47, 0.4942, -0.23798, -0.16074, -0.82047,
 15:46:09.637,ed:40:fe:65:30:6c, 2015-01-01 03:57:29.345, 0.553, 0.031, 0.838, -0.244, -0.549, -0.61, 1.961, -33.431, -118.466, -18.493, -6.287, -7.513, 28.47, 0.4942, -0.23798, -0.16074, -0.82047,
 15:46:09.640,f6:90:cc:01:6d:25, 2015-01-01 03:57:24.375, 0.913, 0.231, 0.3, 1.404, -0.977, 0, 37.403, -67.313, 151.095, -26.840, -14.967, -7.400, 32.33, 0.02725, 0.57437, 0.12476, 0.8085,
 15:46:09.640,f6:90:cc:01:6d:25, 2015-01-01 03:57:24.375, 0.913, 0.228, 0.298, 1.648, -0.854, 0, 37.452, -67.33, 151.068, -26.840, -14.967, -7.400, 32.33, 0.02725, 0.57437, 0.12476, 0.8085,
 15:46:09.661,e3:ca:2d:fd:e0:8c, 2015-01-01 03:57:24.000, 0.959, 0.087, 0.334, 0.122, -0.366, 0, 14.683, -70.302, 149.837, -26.047, -12.420, -12.707, 29.63, 0.14038, 0.57806, -0.04794, 0.80234,
 15:46:09.661,e3:ca:2d:fd:e0:8c, 2015-01-01 03:57:24.000, 0.959, 0.085, 0.333, 0.122, -0.244, 0, 14.689, -70.307, 149.837, -26.047, -12.420, -12.707, 29.63, 0.14038, 0.57806, -0.04794, 0.80234,
 15:46:09.664,ed:35:33:d3:6c:f8, 2015-01-01 03:57:24.165, 0.376, -0.002, 0.924, 0.61, -1.343, -0.061, -0.291, -22.061, 158.5, -10.960, -7.700, -34.867, 30.78, -0.18445, -0.18469, 0.03809, -0.96454,
 15:46:09.664,ed:35:33:d3:6c:f8, 2015-01-01 03:57:24.165, 0.376, 0.006, 0.923, 0, -1.221, -0.183, -0.291, -22.088, 158.511, -10.960, -7.700, -34.867, 30.78, -0.18445, -0.18469, 0.03809, -0.96454,
 15:46:09.683,ed:40:fe:65:30:6c, 2015-01-01 03:57:29.345, 0.554, 0.032, 0.837, -0.244, -0.488, -0.244, 1.961, -33.442, -118.471, -18.493, -6.287, -7.513, 28.47, 0.4942, -0.23798, -0.16074, -0.82047,
 15:46:09.683,ed:40:fe:65:30:6c, 2015-01-01 03:57:29.345, 0.555, 0.028, 0.837, -0.488, -0.488, 0, 1.956, -33.448, -118.471, -18.493, -6.287, -7.513, 28.47, 0.4942, -0.23798, -0.16074, -0.82047,
 15:46:09.685,f6:90:cc:01:6d:25, 2015-01-01 03:57:24.375, 0.913, 0.227, 0.298, 1.404, -0.732, 0, 37.507, -67.341, 151.051, -26.840, -14.967, -7.400, 32.33, 0.02725, 0.57437, 0.12476, 0.8085,
 15:46:09.685,f6:90:cc:01:6d:25, 2015-01-01 03:57:24.375, 0.912, 0.228, 0.296, 1.099, -0.793, 0, 37.551, -67.357, 151.035, -26.840, -14.967, -7.400, 32.33, 0.02725, 0.57437, 0.12476, 0.8085,
 15:46:09.705,e3:ca:2d:fd:e0:8c, 2015-01-01 03:57:24.000, 0.96, 0.083, 0.332, 0.183, -0.183, 0, 14.689, -70.307, 149.843, -26.047, -12.420, -12.707, 29.63, 0.14038, 0.57806, -0.04794, 0.80234,
 15:46:09.706,e3:ca:2d:fd:e0:8c, 2015-01-01 03:57:24.000, 0.96, 0.083, 0.332, 0.244, -0.183, 0, 14.694, -70.312, 149.843, -26.047, -12.420, -12.707, 29.63, 0.14038, 0.57806, -0.04794, 0.80234,
 15:46:09.709,ed:35:33:d3:6c:f8, 2015-01-01 03:57:24.165, 0.378, 0.002, 0.924, -0.183, -1.221, 0, -0.291, -22.11, 158.5, -10.960, -7.700, -34.867, 30.78, -0.18344, -0.18762, 0.03815, -0.96414,
 15:46:09.709,ed:35:33:d3:6c:f8, 2015-01-01 03:57:24.165, 0.38, 0, 0.922, -0.183, -1.16, 0.061, -0.291, -22.132, 158.478, -10.960, -7.700, -34.867, 30.78, -0.18344, -0.18762, 0.03815, -0.96414,
 15:46:09.728,ed:40:fe:65:30:6c, 2015-01-01 03:57:29.345, 0.556, 0.027, 0.836, -0.61, -0.549, 0.183, 1.945, -33.459, -118.466, -18.493, -6.287, -7.513, 28.47, 0.4942, -0.23798, -0.16074, -0.82047,
 15:46:09.728,ed:40:fe:65:30:6c, 2015-01-01 03:57:29.345, 0.556, 0.026, 0.838, -0.671, -0.671, 0, 1.934, -33.47, -118.455, -18.493, -6.287, -7.513, 28.47, 0.4942, -0.23798, -0.16074, -0.82047,
 15:46:09.729,e3:ca:2d:fd:e0:8c, 2015-01-01 03:57:24.000, 0.961, 0.084, 0.331, 0.305, -0.183, 0, 14.7, -70.312, 149.848, -26.060, -12.767, -12.553, 29.63, 0.14038, 0.57806, -0.04794, 0.80234,
 15:46:09.729,e3:ca:2d:fd:e0:8c, 2015-01-01 03:57:24.000, 0.961, 0.086, 0.331, 0.366, -0.244, 0, 14.705, -70.318, 149.848, -26.060, -12.767, -12.553, 29.63, 0.14038, 0.57806, -0.04794, 0.80234,
 15:46:09.730,f6:90:cc:01:6d:25, 2015-01-01 03:57:24.375, 0.913, 0.23, 0.298, 0.488, -0.854, 0, 37.59, -67.368, 151.051, -26.840, -14.967, -7.400, 32.33, 0.02725, 0.57437, 0.12476, 0.8085,
 15:46:09.730,f6:90:cc:01:6d:25, 2015-01-01 03:57:24.375, 0.912, 0.234, 0.297, 0.122, -0.854, 0, 37.617, -67.385, 151.04, -26.840, -14.967, -7.400, 32.33, 0.02725, 0.57437, 0.12476, 0.8085,
 15:46:09.754,ed:35:33:d3:6c:f8, 2015-01-01 03:57:24.480, 0.38, -0.003, 0.92, -0.732, -0.916, -0.061, -0.302, -22.154, 158.45, -10.960, -7.700, -34.867, 30.78, -0.18344, -0.18762, 0.03815, -0.96414,
 15:46:09.754,ed:35:33:d3:6c:f8, 2015-01-01 03:57:24.480, 0.375, -0.007, 0.92, -0.305, -0.671, -0.122, -0.308, -22.165, 158.401, -10.960, -7.700, -34.867, 30.78, -0.18344, -0.18762, 0.03815, -0.96414,
 15:46:09.772,ed:40:fe:65:30:6c, 2015-01-01 03:57:29.345, 0.554, 0.025, 0.835, -0.549, -0.61, -0.244, 1.917, -33.481, -118.455, -18.493, -6.287, -7.513, 28.47, 0.4942, -0.23798, -0.16074, -0.82047,
 15:46:09.772,ed:40:fe:65:30:6c, 2015-01-01 03:57:29.345, 0.554, 0.022, 0.831, -0.488, -0.427, -0.427, 1.912, -33.492, -118.455, -18.493, -6.287, -7.513, 28.47, 0.4942, -0.23798, -0.16074, -0.82047,
 15:46:09.774,e3:ca:2d:fd:e0:8c, 2015-01-01 03:57:24.000, 0.958, 0.086, 0.332, 0.244, -0.244, 0, 14.711, -70.323, 149.848, -26.060, -12.767, -12.553, 29.63, 0.14038, 0.57806, -0.04794, 0.80234,
 15:46:09.774,e3:ca:2d:fd:e0:8c, 2015-01-01 03:57:24.000, 0.957, 0.084, 0.333, 0.061, -0.183, 0, 14.711, -70.329, 149.848, -26.060, -12.767, -12.553, 29.63, 0.14038, 0.57806, -0.04794, 0.80234,
 15:46:09.776,ed:35:33:d3:6c:f8, 2015-01-01 03:57:24.480, 0.379, -0.011, 0.919, 0.61, -1.404, 0, -0.297, -22.192, 158.357, -10.960, -7.700, -34.867, 30.78, -0.18344, -0.18762, 0.03815, -0.96414,
 15:46:09.776,ed:35:33:d3:6c:f8, 2015-01-01 03:57:24.480, 0.382, -0.004, 0.913, 0.61, -1.343, -0.061, -0.28, -22.22, 158.324, -10.960, -7.700, -34.867, 30.78, -0.18344, -0.18762, 0.03815, -0.96414,
 15:46:09.795,ed:40:fe:65:30:6c, 2015-01-01 03:57:29.345, 0.558, 0.024, 0.833, -0.244, -0.305, -0.366, 1.906, -33.497, -118.46, -18.660, -6.947, -7.313, 28.47, 0.4942, -0.23798, -0.16074, -0.82047,
 15:46:09.795,ed:40:fe:65:30:6c, 2015-01-01 03:57:29.345, 0.559, 0.027, 0.837, 0, -0.305, -0.061, 1.906, -33.503, -118.466, -18.660, -6.947, -7.313, 28.47, 0.4942, -0.23798, -0.16074, -0.82047,
 15:46:09.798,f6:90:cc:01:6d:25, 2015-01-01 03:57:24.375, 0.91, 0.231, 0.297, -0.122, -1.038, 0, 37.645, -67.401, 151.029, -26.787, -15.073, -7.827, 32.33, 0.02725, 0.57437, 0.12476, 0.8085,
 15:46:09.798,f6:90:cc:01:6d:25, 2015-01-01 03:57:24.375, 0.913, 0.226, 0.293, -0.366, -0.854, 0, 37.667, -67.418, 151.024, -26.787, -15.073, -7.827, 32.33, 0.02725, 0.57437, 0.12476, 0.8085,
 15:46:09.820,f6:90:cc:01:6d:25, 2015-01-01 03:57:24.375, 0.917, 0.227, 0.297, -0.61, -0.671, 0, 37.683, -67.429, 151.035, -26.787, -15.073, -7.827, 32.33, 0.02325, 0.57581, 0.12872, 0.80701,
 15:46:09.820,f6:90:cc:01:6d:25, 2015-01-01 03:57:24.375, 0.917, 0.229, 0.298, -0.549, -0.427, -0.366, 37.689, -67.44, 151.057, -26.787, -15.073, -7.827, 32.33, 0.02325, 0.57581, 0.12872, 0.80701,
 15:46:09.821,ed:35:33:d3:6c:f8, 2015-01-01 03:57:24.480, 0.381, 0.001, 0.917, 1.099, -0.549, 0.122, -0.258, -22.236, 158.335, -10.960, -7.700, -34.867, 30.78, -0.18344, -0.18762, 0.03815, -0.96414,
 15:46:09.821,ed:35:33:d3:6c:f8, 2015-01-01 03:57:24.480, 0.387, 0.006, 0.923, 0.671, -0.671, 0.061, -0.247, -22.247, 158.335, -10.960, -7.700, -34.867, 30.78, -0.18344, -0.18762, 0.03815, -0.96414,
 15:46:09.841,ed:40:fe:65:30:6c, 2015-01-01 03:57:29.345, 0.558, 0.028, 0.837, 0.366, -0.183, 0.366, 1.906, -33.514, -118.46, -18.660, -6.947, -7.313, 28.47, 0.4942, -0.23798, -0.16074, -0.82047,
 15:46:09.841,ed:40:fe:65:30:6c, 2015-01-01 03:57:29.345, 0.555, 0.026, 0.837, 0.549, -0.183, 0.488, 1.906, -33.514, -118.444, -18.660, -6.947, -7.313, 28.47, 0.4942, -0.23798, -0.16074, -0.82047,
 15:46:09.842,e3:ca:2d:fd:e0:8c, 2015-01-01 03:57:24.000, 0.959, 0.085, 0.333, 0, 0, 0, 14.711, -70.329, 149.854, -26.060, -12.767, -12.553, 29.63, 0.13962, 0.57874, -0.04742, 0.802,
 15:46:09.842,e3:ca:2d:fd:e0:8c, 2015-01-01 03:57:24.000, 0.962, 0.086, 0.334, 0.122, 0, 0, 14.711, -70.329, 149.859, -26.060, -12.767, -12.553, 29.63, 0.13962, 0.57874, -0.04742, 0.802,
 15:46:09.865,f6:90:cc:01:6d:25, 2015-01-01 03:57:24.375, 0.913, 0.231, 0.295, 0, -0.122, -0.366, 37.705, -67.445, 151.084, -26.787, -15.073, -7.827, 32.33, 0.02325, 0.57581, 0.12872, 0.80701,
 15:46:09.865,f6:90:cc:01:6d:25, 2015-01-01 03:57:24.375, 0.912, 0.233, 0.296, 0.061, 0, -0.244, 37.722, -67.445, 151.095, -26.787, -15.073, -7.827, 32.33, 0.02325, 0.57581, 0.12872, 0.80701,
 15:46:09.865,e3:ca:2d:fd:e0:8c, 2015-01-01 03:57:24.355, 0.96, 0.086, 0.333, 0.183, 0.183, 0, 14.705, -70.323, 149.87, -26.060, -12.767, -12.553, 29.63, 0.13962, 0.57874, -0.04742, 0.802,
 15:46:09.865,e3:ca:2d:fd:e0:8c, 2015-01-01 03:57:24.355, 0.961, 0.088, 0.332, 0.244, 0.427, 0, 14.705, -70.312, 149.881, -26.060, -12.767, -12.553, 29.63, 0.13962, 0.57874, -0.04742, 0.802,
 15:46:09.866,ed:35:33:d3:6c:f8, 2015-01-01 03:57:24.480, 0.375, 0, 0.921, 1.221, -0.854, 0.305, -0.22, -22.269, 158.324, -10.960, -7.700, -34.867, 30.78, -0.18344, -0.18762, 0.03815, -0.96414,
 15:46:09.866,ed:35:33:d3:6c:f8, 2015-01-01 03:57:24.480, 0.388, -0.004, 0.922, 0.671, -1.465, 0.122, -0.209, -22.297, 158.318, -10.960, -7.700, -34.867, 30.78, -0.18344, -0.18762, 0.03815, -0.96414,
 15:46:09.888,f6:90:cc:01:6d:25, 2015-01-01 03:57:24.710, 0.909, 0.233, 0.299, 0, -0.183, -0.183, 37.733, -67.445, 151.095, -26.787, -15.073, -7.827, 32.33, 0.02325, 0.57581, 0.12872, 0.80701,
 15:46:09.888,f6:90:cc:01:6d:25, 2015-01-01 03:57:24.710, 0.91, 0.233, 0.296, -0.122, -0.488, -0.244, 37.749, -67.451, 151.068, -26.787, -15.073, -7.827, 32.33, 0.02325, 0.57581, 0.12872, 0.80701,
 15:46:09.908,ed:40:fe:65:30:6c, 2015-01-01 03:57:29.345, 0.551, 0.026, 0.837, 0.366, -0.244, 0.122, 1.912, -33.519, -118.433, -18.660, -6.947, -7.313, 28.47, 0.49396, -0.23953, -0.16119, -0.82007,
 15:46:09.908,ed:40:fe:65:30:6c, 2015-01-01 03:57:29.345, 0.551, 0.027, 0.837, 0.183, -0.305, -0.183, 1.917, -33.525, -118.427, -18.660, -6.947, -7.313, 28.47, 0.49396, -0.23953, -0.16119, -0.82007,
 15:46:09.909,e3:ca:2d:fd:e0:8c, 2015-01-01 03:57:24.355, 0.96, 0.087, 0.331, 0.183, 0.366, 0, 14.7, -70.307, 149.886, -26.060, -12.767, -12.553, 29.63, 0.13962, 0.57874, -0.04742, 0.802,
 15:46:09.909,e3:ca:2d:fd:e0:8c, 2015-01-01 03:57:24.355, 0.958, 0.087, 0.331, 0.183, 0.122, 0, 14.7, -70.307, 149.897, -26.060, -12.767, -12.553, 29.63, 0.13962, 0.57874, -0.04742, 0.802,
 15:46:09.912,ed:35:33:d3:6c:f8, 2015-01-01 03:57:24.480, 0.375, -0.002, 0.919, 1.16, -0.732, -0.061, -0.181, -22.313, 158.307, -10.960, -7.700, -34.867, 30.78, -0.18344, -0.18762, 0.03815, -0.96414,
 15:46:09.912,ed:35:33:d3:6c:f8, 2015-01-01 03:57:24.480, 0.379, 0.004, 0.921, 0.183, -0.854, -0.305, -0.176, -22.335, 158.269, -10.960, -7.700, -34.867, 30.78, -0.18344, -0.18762, 0.03815, -0.96414,
 15:46:09.931,e3:ca:2d:fd:e0:8c, 2015-01-01 03:57:24.355, 0.958, 0.087, 0.332, 0.183, 0, 0, 14.705, -70.307, 149.897, -26.060, -12.767, -12.553, 29.63, 0.13962, 0.57874, -0.04742, 0.802,
 15:46:09.931,e3:ca:2d:fd:e0:8c, 2015-01-01 03:57:24.355, 0.958, 0.087, 0.333, 0.183, 0, 0, 14.705, -70.307, 149.903, -26.060, -12.767, -12.553, 29.63, 0.13962, 0.57874, -0.04742, 0.802,
 15:46:09.931,ed:40:fe:65:30:6c, 2015-01-01 03:57:29.680, 0.554, 0.032, 0.835, 0.061, -0.305, -0.183, 1.923, -33.536, -118.427, -18.660, -6.947, -7.313, 28.47, 0.49396, -0.23953, -0.16119, -0.82007,
 15:46:09.931,ed:40:fe:65:30:6c, 2015-01-01 03:57:29.680, 0.552, 0.033, 0.835, 0, -0.244, 0.122, 1.923, -33.541, -118.422, -18.660, -6.947, -7.313, 28.47, 0.49396, -0.23953, -0.16119, -0.82007,
 15:46:09.932,f6:90:cc:01:6d:25, 2015-01-01 03:57:24.710, 0.911, 0.23, 0.296, -0.183, -0.549, -0.183, 37.771, -67.456, 151.046, -26.787, -15.073, -7.827, 32.33, 0.02325, 0.57581, 0.12872, 0.80701,
 15:46:09.932,f6:90:cc:01:6d:25, 2015-01-01 03:57:24.710, 0.91, 0.231, 0.296, -0.183, -0.427, -0.122, 37.787, -67.462, 151.013, -26.787, -15.073, -7.827, 32.33, 0.02325, 0.57581, 0.12872, 0.80701,
 15:46:09.956,ed:35:33:d3:6c:f8, 2015-01-01 03:57:24.480, 0.379, 0.009, 0.917, 0.061, -0.305, -0.427, -0.17, -22.341, 158.231, -11.060, -7.293, -36.060, 30.78, -0.18344, -0.18762, 0.03815, -0.96414,
 15:46:09.956,ed:35:33:d3:6c:f8, 2015-01-01 03:57:24.480, 0.378, 0.002, 0.917, 0, -0.183, -0.305, -0.165, -22.346, 158.176, -11.060, -7.293, -36.060, 30.78, -0.18344, -0.18762, 0.03815, -0.96414,
 15:46:09.975,ed:40:fe:65:30:6c, 2015-01-01 03:57:29.680, 0.551, 0.028, 0.836, -0.183, -0.061, 0.122, 1.923, -33.541, -118.416, -18.660, -6.947, -7.313, 28.47, 0.49396, -0.23953, -0.16119, -0.82007,
 15:46:09.975,ed:40:fe:65:30:6c, 2015-01-01 03:57:29.680, 0.553, 0.021, 0.838, -0.244, -0.122, -0.061, 1.917, -33.541, -118.411, -18.660, -6.947, -7.313, 28.47, 0.49396, -0.23953, -0.16119, -0.82007,
 15:46:09.978,e3:ca:2d:fd:e0:8c, 2015-01-01 03:57:24.355, 0.957, 0.087, 0.335, 0.061, 0.122, 0, 14.705, -70.302, 149.908, -26.060, -12.767, -12.553, 29.63, 0.13962, 0.57874, -0.04742, 0.802,
 15:46:09.978,e3:ca:2d:fd:e0:8c, 2015-01-01 03:57:24.355, 0.958, 0.088, 0.336, 0.061, 0.061, 0, 14.705, -70.302, 149.914, -26.060, -12.767, -12.553, 29.63, 0.13962, 0.57874, -0.04742, 0.802,
 15:46:09.980,ed:35:33:d3:6c:f8, 2015-01-01 03:57:24.480, 0.379, -0.006, 0.918, 0.061, -0.122, -0.122, -0.159, -22.346, 158.121, -11.060, -7.293, -36.060, 30.78, -0.18649, -0.19, 0.03812, -0.9631,
 15:46:09.980,ed:35:33:d3:6c:f8, 2015-01-01 03:57:24.480, 0.379, -0.005, 0.921, 0.122, 0, -0.183, -0.154, -22.352, 158.055, -11.060, -7.293, -36.060, 30.78, -0.18649, -0.19, 0.03812, -0.9631,
 15:46:09.980,f6:90:cc:01:6d:25, 2015-01-01 03:57:24.710, 0.911, 0.231, 0.299, -0.183, -0.366, 0, 37.798, -67.467, 150.98, -26.787, -15.073, -7.827, 32.33, 0.02325, 0.57581, 0.12872, 0.80701,
 15:46:09.980,f6:90:cc:01:6d:25, 2015-01-01 03:57:24.710, 0.914, 0.23, 0.3, -0.183, -0.244, -0.122, 37.804, -67.473, 150.947, -26.787, -15.073, -7.827, 32.33, 0.02325, 0.57581, 0.12872, 0.80701,
 15:46:09.998,ed:40:fe:65:30:6c, 2015-01-01 03:57:29.680, 0.553, 0.024, 0.839, -0.061, -0.183, -0.244, 1.912, -33.547, -118.411, -18.660, -6.947, -7.313, 28.47, 0.49396, -0.23953, -0.16119, -0.82007,
 15:46:09.998,ed:40:fe:65:30:6c, 2015-01-01 03:57:29.680, 0.555, 0.029, 0.837, 0.122, -0.122, -0.122, 1.917, -33.547, -118.411, -18.660, -6.947, -7.313, 28.47, 0.49396, -0.23953, -0.16119, -0.82007,
 15:46:10.000,f6:90:cc:01:6d:25, 2015-01-01 03:57:24.710, 0.912, 0.231, 0.301, -0.244, -0.305, -0.183, 37.815, -67.478, 150.919, -26.787, -15.073, -7.827, 32.33, 0.02325, 0.57581, 0.12872, 0.80701,
 15:46:10.000,f6:90:cc:01:6d:25, 2015-01-01 03:57:24.710, 0.913, 0.228, 0.298, -0.183, -0.244, -0.122, 37.82, -67.478, 150.881, -26.787, -15.073, -7.827, 32.33, 0.02325, 0.57581, 0.12872, 0.80701,
 15:46:10.022,e3:ca:2d:fd:e0:8c, 2015-01-01 03:57:24.355, 0.958, 0.087, 0.336, 0, 0, 0, 14.705, -70.302, 149.919, -26.060, -12.767, -12.553, 29.63, 0.13962, 0.57874, -0.04742, 0.802,
 15:46:10.022,e3:ca:2d:fd:e0:8c, 2015-01-01 03:57:24.355, 0.958, 0.086, 0.335, -0.061, -0.061, 0, 14.705, -70.302, 149.925, -26.060, -12.767, -12.553, 29.63, 0.13962, 0.57874, -0.04742, 0.802,
 15:46:10.024,ed:35:33:d3:6c:f8, 2015-01-01 03:57:24.480, 0.38, 0.002, 0.921, 0.305, 0, -0.244, -0.143, -22.352, 158, -11.060, -7.293, -36.060, 30.78, -0.18649, -0.19, 0.03812, -0.9631,
 15:46:10.024,ed:35:33:d3:6c:f8, 2015-01-01 03:57:24.480, 0.382, 0.003, 0.917, 0.427, 0.061, -0.122, -0.132, -22.352, 157.983, -11.060, -7.293, -36.060, 30.78, -0.18649, -0.19, 0.03812, -0.9631,
 15:46:10.043,ed:40:fe:65:30:6c, 2015-01-01 03:57:29.680, 0.554, 0.028, 0.835, 0.244, 0, 0, 1.917, -33.547, -118.405, -18.660, -6.947, -7.313, 28.47, 0.49396, -0.23953, -0.16119, -0.82007,
 15:46:10.043,ed:40:fe:65:30:6c, 2015-01-01 03:57:29.680, 0.551, 0.025, 0.835, 0.305, 0.061, 0.122, 1.923, -33.547, -118.4, -18.660, -6.947, -7.313, 28.47, 0.49396, -0.23953, -0.16119, -0.82007,
 15:46:10.068,f6:90:cc:01:6d:25, 2015-01-01 03:57:24.710, 0.912, 0.229, 0.297, 0.122, -0.122, -0.122, 37.831, -67.484, 150.864, -26.787, -15.073, -7.827, 32.33, 0.02325, 0.57581, 0.12872, 0.80701,
 15:46:10.068,f6:90:cc:01:6d:25, 2015-01-01 03:57:24.710, 0.91, 0.228, 0.295, 0.122, -0.366, -0.183, 37.842, -67.484, 150.853, -26.787, -15.073, -7.827, 32.33, 0.02325, 0.57581, 0.12872, 0.80701,
 15:46:10.068,e3:ca:2d:fd:e0:8c, 2015-01-01 03:57:24.355, 0.958, 0.086, 0.334, 0, 0, 0, 14.7, -70.302, 149.93, -26.060, -12.767, -12.553, 29.63, 0.13962, 0.57874, -0.04742, 0.802,
 15:46:10.068,e3:ca:2d:fd:e0:8c, 2015-01-01 03:57:24.355, 0.958, 0.085, 0.333, 0.061, 0, 0, 14.7, -70.296, 149.93, -26.060, -12.767, -12.553, 29.63, 0.13962, 0.57874, -0.04742, 0.802,
 15:46:10.069,ed:35:33:d3:6c:f8, 2015-01-01 03:57:24.770, 0.378, 0, 0.917, 0.427, -0.061, -0.061, -0.121, -22.352, 157.956, -11.060, -7.293, -36.060, 30.78, -0.18649, -0.19, 0.03812, -0.9631,
 15:46:10.069,ed:35:33:d3:6c:f8, 2015-01-01 03:57:24.770, 0.376, 0.001, 0.921, 0.488, 0, 0.061, -0.11, -22.352, 157.934, -11.060, -7.293, -36.060, 30.78, -0.18649, -0.19, 0.03812, -0.9631,
 15:46:10.090,f6:90:cc:01:6d:25, 2015-01-01 03:57:24.710, 0.911, 0.231, 0.296, 0, -0.305, -0.122, 37.859, -67.489, 150.859, -26.753, -15.080, -7.593, 32.33, 0.02325, 0.57581, 0.12872, 0.80701,
 15:46:10.090,f6:90:cc:01:6d:25, 2015-01-01 03:57:24.710, 0.913, 0.234, 0.296, -0.183, -0.427, -0.061, 37.87, -67.495, 150.875, -26.753, -15.080, -7.593, 32.33, 0.02325, 0.57581, 0.12872, 0.80701,
 15:46:10.110,ed:40:fe:65:30:6c, 2015-01-01 03:57:29.680, 0.553, 0.028, 0.838, 0.366, 0.122, 0.305, 1.928, -33.547, -118.394, -18.660, -6.947, -7.313, 28.47, 0.49396, -0.23953, -0.16119, -0.82007,
 15:46:10.110,ed:40:fe:65:30:6c, 2015-01-01 03:57:29.680, 0.557, 0.03, 0.839, 0.061, 0, 0.244, 1.928, -33.541, -118.383, -18.660, -6.947, -7.313, 28.47, 0.49396, -0.23953, -0.16119, -0.82007,
 15:46:10.111,e3:ca:2d:fd:e0:8c, 2015-01-01 03:57:24.355, 0.959, 0.085, 0.332, 0.183, 0, 0, 14.7, -70.296, 149.936, -25.873, -12.660, -12.627, 29.63, 0.13962, 0.57874, -0.04742, 0.802,
 15:46:10.111,e3:ca:2d:fd:e0:8c, 2015-01-01 03:57:24.355, 0.961, 0.087, 0.331, 0.183, 0, 0, 14.705, -70.296, 149.941, -25.873, -12.660, -12.627, 29.63, 0.13962, 0.57874, -0.04742, 0.802,
 15:46:10.115,ed:35:33:d3:6c:f8, 2015-01-01 03:57:24.770, 0.38, 0.002, 0.923, 0.061, 0, 0.061, -0.11, -22.352, 157.923, -11.060, -7.293, -36.060, 30.78, -0.18649, -0.19, 0.03812, -0.9631,
 15:46:10.115,ed:35:33:d3:6c:f8, 2015-01-01 03:57:24.770, 0.383, 0.001, 0.923, -0.183, -0.122, 0, -0.11, -22.357, 157.917, -11.060, -7.293, -36.060, 30.78, -0.18649, -0.19, 0.03812, -0.9631,
 15:46:10.132,ed:40:fe:65:30:6c, 2015-01-01 03:57:29.680, 0.556, 0.029, 0.837, -0.183, -0.183, 0, 1.923, -33.541, -118.372, -18.727, -6.427, -8.207, 28.47, 0.49396, -0.23953, -0.16119, -0.82007,
 15:46:10.132,ed:40:fe:65:30:6c, 2015-01-01 03:57:29.680, 0.557, 0.025, 0.836, -0.366, -0.305, -0.244, 1.923, -33.547, -118.372, -18.727, -6.427, -8.207, 28.47, 0.49396, -0.23953, -0.16119, -0.82007,
 15:46:10.135,f6:90:cc:01:6d:25, 2015-01-01 03:57:24.710, 0.913, 0.235, 0.296, -0.244, -0.488, 0, 37.881, -67.5, 150.886, -26.753, -15.080, -7.593, 32.33, 0.02325, 0.57581, 0.12872, 0.80701,
 15:46:10.135,f6:90:cc:01:6d:25, 2015-01-01 03:57:24.710, 0.914, 0.232, 0.293, -0.305, -0.549, 0, 37.892, -67.511, 150.864, -26.753, -15.080, -7.593, 32.33, 0.02325, 0.57581, 0.12872, 0.80701,
 15:46:10.156,e3:ca:2d:fd:e0:8c, 2015-01-01 03:57:24.355, 0.96, 0.089, 0.331, 0.244, -0.061, 0, 14.705, -70.296, 149.941, -25.873, -12.660, -12.627, 29.63, 0.13962, 0.57874, -0.04742, 0.802,
 15:46:10.156,e3:ca:2d:fd:e0:8c, 2015-01-01 03:57:24.355, 0.959, 0.088, 0.332, 0.183, -0.061, 0, 14.711, -70.296, 149.947, -25.873, -12.660, -12.627, 29.63, 0.13962, 0.57874, -0.04742, 0.802,
 15:46:10.159,ed:35:33:d3:6c:f8, 2015-01-01 03:57:24.770, 0.383, -0.001, 0.92, -0.183, -0.488, -0.061, -0.11, -22.368, 157.906, -11.060, -7.293, -36.060, 30.78, -0.18649, -0.19, 0.03812, -0.9631,
 15:46:10.159,ed:35:33:d3:6c:f8, 2015-01-01 03:57:24.770, 0.382, -0.001, 0.919, -0.244, -0.427, -0.183, -0.11, -22.379, 157.879, -11.060, -7.293, -36.060, 30.78, -0.18649, -0.19, 0.03812, -0.9631,
 15:46:10.178,ed:40:fe:65:30:6c, 2015-01-01 03:57:29.680, 0.557, 0.025, 0.835, -0.427, -0.305, -0.305, 1.917, -33.552, -118.372, -18.727, -6.427, -8.207, 28.47, 0.49396, -0.23953, -0.16119, -0.82007,
 15:46:10.178,ed:40:fe:65:30:6c, 2015-01-01 03:57:29.680, 0.556, 0.029, 0.835, -0.244, -0.244, 0, 1.912, -33.558, -118.372, -18.727, -6.427, -8.207, 28.47, 0.49396, -0.23953, -0.16119, -0.82007,
 15:46:10.179,e3:ca:2d:fd:e0:8c, 2015-01-01 03:57:24.355, 0.959, 0.086, 0.333, 0.122, 0, 0, 14.711, -70.296, 149.952, -25.873, -12.660, -12.627, 29.63, 0.13904, 0.57855, -0.04691, 0.80228,
 15:46:10.179,e3:ca:2d:fd:e0:8c, 2015-01-01 03:57:24.355, 0.958, 0.087, 0.334, 0.061, 0.061, 0, 14.711, -70.296, 149.958, -25.873, -12.660, -12.627, 29.63, 0.13904, 0.57855, -0.04691, 0.80228,
 15:46:10.181,ed:35:33:d3:6c:f8, 2015-01-01 03:57:24.770, 0.383, 0.006, 0.92, -0.305, -0.183, -0.122, -0.115, -22.379, 157.846, -11.060, -7.293, -36.060, 30.78, -0.18649, -0.19, 0.03812, -0.9631,
 15:46:10.181,ed:35:33:d3:6c:f8, 2015-01-01 03:57:24.770, 0.384, 0.009, 0.918, -0.305, -0.061, 0, -0.121, -22.385, 157.802, -11.060, -7.293, -36.060, 30.78, -0.18649, -0.19, 0.03812, -0.9631,
 15:46:10.200,ed:40:fe:65:30:6c, 2015-01-01 03:57:29.680, 0.555, 0.03, 0.835, 0, 0, 0.488, 1.906, -33.558, -118.367, -18.727, -6.427, -8.207, 28.47, 0.49445, -0.23972, -0.16156, -0.81967,
 15:46:10.200,ed:40:fe:65:30:6c, 2015-01-01 03:57:29.680, 0.553, 0.024, 0.835, 0.183, 0.061, 0.488, 1.901, -33.558, -118.35, -18.727, -6.427, -8.207, 28.47, 0.49445, -0.23972, -0.16156, -0.81967,
 15:46:10.204,f6:90:cc:01:6d:25, 2015-01-01 03:57:24.710, 0.916, 0.229, 0.292, -0.183, -0.366, -0.061, 37.903, -67.516, 150.848, -26.753, -15.080, -7.593, 32.33, 0.0231, 0.57651, 0.12912, 0.80643,
 15:46:10.204,f6:90:cc:01:6d:25, 2015-01-01 03:57:24.710, 0.914, 0.228, 0.295, -0.122, -0.183, -0.122, 37.914, -67.522, 150.837, -26.753, -15.080, -7.593, 32.33, 0.0231, 0.57651, 0.12912, 0.80643,
 15:46:10.224,e3:ca:2d:fd:e0:8c, 2015-01-01 03:57:24.355, 0.957, 0.087, 0.334, 0.061, 0.183, 0, 14.711, -70.296, 149.963, -25.873, -12.660, -12.627, 29.63, 0.13904, 0.57855, -0.04691, 0.80228,
 15:46:10.224,e3:ca:2d:fd:e0:8c, 2015-01-01 03:57:24.355, 0.958, 0.087, 0.333, 0.122, 0.183, 0, 14.711, -70.291, 149.969, -25.873, -12.660, -12.627, 29.63, 0.13904, 0.57855, -0.04691, 0.80228,
 15:46:10.225,f6:90:cc:01:6d:25, 2015-01-01 03:57:25.045, 0.911, 0.231, 0.297, 0, 0, -0.061, 37.919, -67.527, 150.848, -26.753, -15.080, -7.593, 32.33, 0.0231, 0.57651, 0.12912, 0.80643,
 15:46:10.225,f6:90:cc:01:6d:25, 2015-01-01 03:57:25.045, 0.91, 0.232, 0.297, 0.183, 0.183, 0, 37.919, -67.522, 150.87, -26.753, -15.080, -7.593, 32.33, 0.0231, 0.57651, 0.12912, 0.80643,
 15:46:10.227,ed:35:33:d3:6c:f8, 2015-01-01 03:57:24.770, 0.38, 0, 0.917, 0.183, -0.183, 0.305, -0.115, -22.39, 157.753, -11.060, -7.293, -36.060, 30.78, -0.18649, -0.19, 0.03812, -0.9631,
 15:46:10.227,ed:35:33:d3:6c:f8, 2015-01-01 03:57:24.770, 0.38, -0.008, 0.917, 0.305, -0.366, 0.366, -0.11, -22.401, 157.692, -11.060, -7.293, -36.060, 30.78, -0.18649, -0.19, 0.03812, -0.9631,
 15:46:10.246,ed:40:fe:65:30:6c, 2015-01-01 03:57:29.680, 0.553, 0.021, 0.836, 0.305, 0, 0.122, 1.901, -33.558, -118.339, -18.727, -6.427, -8.207, 28.47, 0.49445, -0.23972, -0.16156, -0.81967,
 15:46:10.246,ed:40:fe:65:30:6c, 2015-01-01 03:57:29.680, 0.556, 0.024, 0.836, 0.244, -0.061, -0.183, 1.906, -33.558, -118.334, -18.727, -6.427, -8.207, 28.47, 0.49445, -0.23972, -0.16156, -0.81967,
 15:46:10.247,f6:90:cc:01:6d:25, 2015-01-01 03:57:25.045, 0.911, 0.232, 0.296, 0.061, 0.183, -0.061, 37.919, -67.522, 150.903, -26.753, -15.080, -7.593, 32.33, 0.0231, 0.57651, 0.12912, 0.80643,
 15:46:10.247,f6:90:cc:01:6d:25, 2015-01-01 03:57:25.045, 0.914, 0.231, 0.295, -0.061, 0.061, -0.061, 37.919, -67.522, 150.93, -26.753, -15.080, -7.593, 32.33, 0.0231, 0.57651, 0.12912, 0.80643,
 15:46:10.269,e3:ca:2d:fd:e0:8c, 2015-01-01 03:57:24.735, 0.959, 0.087, 0.333, 0.061, 0.183, 0, 14.705, -70.285, 149.974, -25.873, -12.660, -12.627, 29.63, 0.13904, 0.57855, -0.04691, 0.80228,
 15:46:10.269,e3:ca:2d:fd:e0:8c, 2015-01-01 03:57:24.735, 0.959, 0.087, 0.334, 0, 0.122, 0, 14.705, -70.28, 149.98, -25.873, -12.660, -12.627, 29.63, 0.13904, 0.57855, -0.04691, 0.80228,
 15:46:10.272,ed:35:33:d3:6c:f8, 2015-01-01 03:57:24.770, 0.381, -0.005, 0.919, 0.427, -0.366, 0.122, -0.099, -22.407, 157.626, -10.687, -7.140, -35.447, 30.78, -0.18649, -0.19, 0.03812, -0.9631,
 15:46:10.272,ed:35:33:d3:6c:f8, 2015-01-01 03:57:24.770, 0.382, 0, 0.918, 0.366, -0.244, 0, -0.093, -22.418, 157.588, -10.687, -7.140, -35.447, 30.78, -0.18649, -0.19, 0.03812, -0.9631,
 15:46:10.291,ed:40:fe:65:30:6c, 2015-01-01 03:57:29.680, 0.555, 0.026, 0.835, 0.244, -0.061, -0.305, 1.912, -33.558, -118.339, -18.727, -6.427, -8.207, 28.47, 0.49445, -0.23972, -0.16156, -0.81967,
 15:46:10.291,ed:40:fe:65:30:6c, 2015-01-01 03:57:29.680, 0.554, 0.028, 0.837, 0.244, 0, -0.183, 1.917, -33.558, -118.339, -18.727, -6.427, -8.207, 28.47, 0.49445, -0.23972, -0.16156, -0.81967,
 15:46:10.291,e3:ca:2d:fd:e0:8c, 2015-01-01 03:57:24.735, 0.959, 0.086, 0.333, 0.061, 0.244, 0, 14.705, -70.28, 149.985, -25.873, -12.660, -12.627, 29.63, 0.13904, 0.57855, -0.04691, 0.80228,
 15:46:10.292,e3:ca:2d:fd:e0:8c, 2015-01-01 03:57:24.735, 0.959, 0.087, 0.333, 0.122, 0.183, 0, 14.7, -70.274, 149.991, -25.873, -12.660, -12.627, 29.63, 0.13904, 0.57855, -0.04691, 0.80228,
 15:46:10.294,f6:90:cc:01:6d:25, 2015-01-01 03:57:25.045, 0.913, 0.229, 0.296, -0.244, 0.061, -0.183, 37.919, -67.522, 150.93, -26.753, -15.080, -7.593, 32.33, 0.0231, 0.57651, 0.12912, 0.80643,
 15:46:10.294,f6:90:cc:01:6d:25, 2015-01-01 03:57:25.045, 0.913, 0.23, 0.295, -0.183, 0.122, -0.244, 37.919, -67.516, 150.93, -26.753, -15.080, -7.593, 32.33, 0.0231, 0.57651, 0.12912, 0.80643,
 15:46:10.316,ed:35:33:d3:6c:f8, 2015-01-01 03:57:24.770, 0.381, 0.003, 0.919, 0.366, -0.366, 0, -0.082, -22.423, 157.577, -10.687, -7.140, -35.447, 30.78, -0.18649, -0.19, 0.03812, -0.9631,
 15:46:10.316,ed:35:33:d3:6c:f8, 2015-01-01 03:57:24.770, 0.384, 0.003, 0.92, 0.244, -0.366, 0, -0.077, -22.434, 157.549, -10.687, -7.140, -35.447, 30.78, -0.18649, -0.19, 0.03812, -0.9631,
 15:46:10.335,ed:40:fe:65:30:6c, 2015-01-01 03:57:29.680, 0.554, 0.029, 0.837, 0.061, 0, -0.061, 1.923, -33.558, -118.339, -18.727, -6.427, -8.207, 28.47, 0.49445, -0.23972, -0.16156, -0.81967,
 15:46:10.335,ed:40:fe:65:30:6c, 2015-01-01 03:57:29.680, 0.553, 0.025, 0.837, -0.061, 0.061, -0.122, 1.923, -33.558, -118.339, -18.727, -6.427, -8.207, 28.47, 0.49445, -0.23972, -0.16156, -0.81967,
 15:46:10.336,e3:ca:2d:fd:e0:8c, 2015-01-01 03:57:24.735, 0.958, 0.086, 0.333, 0, 0.061, 0, 14.7, -70.269, 150.002, -25.873, -12.660, -12.627, 29.63, 0.13904, 0.57855, -0.04691, 0.80228,
 15:46:10.336,e3:ca:2d:fd:e0:8c, 2015-01-01 03:57:24.735, 0.959, 0.088, 0.333, 0, 0.061, 0, 14.7, -70.269, 150.002, -25.873, -12.660, -12.627, 29.63, 0.13904, 0.57855, -0.04691, 0.80228,
 15:46:10.338,f6:90:cc:01:6d:25, 2015-01-01 03:57:25.045, 0.912, 0.23, 0.295, -0.427, 0, -0.183, 37.919, -67.516, 150.875, -26.753, -15.080, -7.593, 32.33, 0.0231, 0.57651, 0.12912, 0.80643,
 15:46:10.338,f6:90:cc:01:6d:25, 2015-01-01 03:57:25.045, 0.911, 0.232, 0.295, -0.488, 0, -0.183, 37.919, -67.516, 150.82, -26.753, -15.080, -7.593, 32.33, 0.0231, 0.57651, 0.12912, 0.80643,
 15:46:10.358,ed:40:fe:65:30:6c, 2015-01-01 03:57:29.680, 0.555, 0.028, 0.838, -0.183, 0, -0.305, 1.923, -33.558, -118.339, -18.727, -6.427, -8.207, 28.54, 0.49445, -0.23972, -0.16156, -0.81967,
 15:46:10.358,ed:40:fe:65:30:6c, 2015-01-01 03:57:29.680, 0.556, 0.03, 0.838, -0.244, -0.122, -0.305, 1.923, -33.558, -118.345, -18.727, -6.427, -8.207, 28.54, 0.49445, -0.23972, -0.16156, -0.81967,
 15:46:10.361,ed:35:33:d3:6c:f8, 2015-01-01 03:57:24.770, 0.38, 0.001, 0.918, 0.977, -0.061, 0.854, -0.066, -22.434, 157.533, -10.687, -7.140, -35.447, 30.78, -0.19104, -0.19067, 0.03851, -0.96207,
 15:46:10.361,ed:35:33:d3:6c:f8, 2015-01-01 03:57:24.770, 0.381, 0, 0.922, -0.061, -0.061, -0.305, -0.06, -22.44, 157.489, -10.687, -7.140, -35.447, 30.78, -0.19104, -0.19067, 0.03851, -0.96207,
 15:46:10.381,e3:ca:2d:fd:e0:8c, 2015-01-01 03:57:24.735, 0.959, 0.087, 0.334, 0, 0, 0, 14.694, -70.263, 150.007, -25.873, -12.660, -12.627, 29.63, 0.13904, 0.57855, -0.04691, 0.80228,
 15:46:10.381,e3:ca:2d:fd:e0:8c, 2015-01-01 03:57:24.735, 0.959, 0.085, 0.335, 0, 0, 0, 14.694, -70.263, 150.013, -25.873, -12.660, -12.627, 29.63, 0.13904, 0.57855, -0.04691, 0.80228,
 15:46:10.383,f6:90:cc:01:6d:25, 2015-01-01 03:57:25.045, 0.914, 0.233, 0.295, -0.427, 0, 0, 37.914, -67.516, 150.787, -26.753, -15.080, -7.593, 32.33, 0.0231, 0.57651, 0.12912, 0.80643,
 15:46:10.383,f6:90:cc:01:6d:25, 2015-01-01 03:57:25.045, 0.915, 0.23, 0.297, -0.427, 0, 0, 37.908, -67.516, 150.754, -26.753, -15.080, -7.593, 32.33, 0.0231, 0.57651, 0.12912, 0.80643,
 15:46:10.383,ed:35:33:d3:6c:f8, 2015-01-01 03:57:25.125, 0.384, 0.004, 0.922, -0.305, 0, -0.366, -0.06, -22.44, 157.467, -10.687, -7.140, -35.447, 30.78, -0.19104, -0.19067, 0.03851, -0.96207,
 15:46:10.383,ed:35:33:d3:6c:f8, 2015-01-01 03:57:25.125, 0.385, 0.005, 0.919, -0.244, -0.244, -0.366, -0.06, -22.445, 157.445, -10.687, -7.140, -35.447, 30.78, -0.19104, -0.19067, 0.03851, -0.96207,
 15:46:10.405,ed:40:fe:65:30:6c, 2015-01-01 03:57:29.680, 0.557, 0.028, 0.836, -0.061, 0, -0.061, 1.923, -33.558, -118.345, -18.727, -6.427, -8.207, 28.54, 0.49445, -0.23972, -0.16156, -0.81967,
 15:46:10.405,ed:40:fe:65:30:6c, 2015-01-01 03:57:29.680, 0.552, 0.025, 0.833, 0, 0.061, 0.122, 1.917, -33.558, -118.339, -18.727, -6.427, -8.207, 28.54, 0.49445, -0.23972, -0.16156, -0.81967,
 15:46:10.428,f6:90:cc:01:6d:25, 2015-01-01 03:57:25.045, 0.913, 0.229, 0.296, -0.305, -0.183, 0, 37.903, -67.522, 150.716, -26.753, -15.080, -7.593, 32.33, 0.0231, 0.57651, 0.12912, 0.80643,
 15:46:10.428,f6:90:cc:01:6d:25, 2015-01-01 03:57:25.045, 0.909, 0.229, 0.295, -0.183, -0.122, 0, 37.903, -67.522, 150.677, -26.753, -15.080, -7.593, 32.33, 0.0231, 0.57651, 0.12912, 0.80643,
 15:46:10.430,ed:35:33:d3:6c:f8, 2015-01-01 03:57:25.125, 0.38, 0.003, 0.917, 0, 0, 0, -0.06, -22.445, 157.423, -10.687, -7.140, -35.447, 30.78, -0.19104, -0.19067, 0.03851, -0.96207,
 15:46:10.430,ed:35:33:d3:6c:f8, 2015-01-01 03:57:25.125, 0.381, 0, 0.915, -0.244, 0, 0, -0.06, -22.451, 157.401, -10.687, -7.140, -35.447, 30.78, -0.19104, -0.19067, 0.03851, -0.96207,
 15:46:10.448,ed:40:fe:65:30:6c, 2015-01-01 03:57:30.170, 0.554, 0.027, 0.833, -0.061, 0.305, 0, 1.917, -33.552, -118.334, -18.727, -6.427, -8.207, 28.54, 0.49445, -0.23972, -0.16156, -0.81967,
 15:46:10.448,ed:40:fe:65:30:6c, 2015-01-01 03:57:30.170, 0.556, 0.03, 0.838, -0.122, 0.366, -0.061, 1.917, -33.547, -118.334, -18.727, -6.427, -8.207, 28.54, 0.49445, -0.23972, -0.16156, -0.81967,
 15:46:10.450,e3:ca:2d:fd:e0:8c, 2015-01-01 03:57:24.735, 0.955, 0.087, 0.334, 0, 0.122, 0, 14.694, -70.263, 150.013, -25.873, -12.660, -12.627, 29.63, 0.13904, 0.57855, -0.04691, 0.80228,
 15:46:10.450,e3:ca:2d:fd:e0:8c, 2015-01-01 03:57:24.735, 0.958, 0.086, 0.333, 0.061, 0.122, 0, 14.694, -70.263, 150.018, -25.873, -12.660, -12.627, 29.63, 0.13904, 0.57855, -0.04691, 0.80228,
 15:46:10.451,f6:90:cc:01:6d:25, 2015-01-01 03:57:25.045, 0.913, 0.23, 0.296, -0.488, -0.061, 0, 37.897, -67.527, 150.634, -26.713, -15.013, -8.253, 32.33, 0.0231, 0.57651, 0.12912, 0.80643,
 15:46:10.451,f6:90:cc:01:6d:25, 2015-01-01 03:57:25.045, 0.916, 0.233, 0.298, -0.671, -0.244, 0, 37.892, -67.527, 150.584, -26.713, -15.013, -8.253, 32.33, 0.0231, 0.57651, 0.12912, 0.80643,
 15:46:10.471,e3:ca:2d:fd:e0:8c, 2015-01-01 03:57:24.735, 0.962, 0.088, 0.333, 0, 0.061, 0, 14.689, -70.258, 150.024, -25.893, -12.740, -13.613, 29.63, 0.13904, 0.57855, -0.04691, 0.80228,
 15:46:10.471,e3:ca:2d:fd:e0:8c, 2015-01-01 03:57:24.735, 0.96, 0.089, 0.333, 0, -0.061, 0, 14.689, -70.258, 150.029, -25.893, -12.740, -13.613, 29.63, 0.13904, 0.57855, -0.04691, 0.80228,
 15:46:10.474,ed:35:33:d3:6c:f8, 2015-01-01 03:57:25.125, 0.384, 0.002, 0.917, -0.183, 0.366, -0.061, -0.066, -22.445, 157.374, -10.687, -7.140, -35.447, 30.78, -0.19104, -0.19067, 0.03851, -0.96207,
 15:46:10.474,ed:35:33:d3:6c:f8, 2015-01-01 03:57:25.125, 0.381, 0.002, 0.925, -0.244, 0.366, -0.122, -0.066, -22.44, 157.341, -10.687, -7.140, -35.447, 30.78, -0.19104, -0.19067, 0.03851, -0.96207,
 15:46:10.492,ed:40:fe:65:30:6c, 2015-01-01 03:57:30.170, 0.554, 0.025, 0.841, -0.122, 0.122, -0.122, 1.912, -33.541, -118.334, -18.727, -6.427, -8.207, 28.54, 0.49445, -0.23972, -0.16156, -0.81967,
 15:46:10.492,ed:40:fe:65:30:6c, 2015-01-01 03:57:30.170, 0.553, 0.025, 0.838, 0.122, 0, -0.061, 1.912, -33.541, -118.328, -18.727, -6.427, -8.207, 28.54, 0.49445, -0.23972, -0.16156, -0.81967,
 15:46:10.496,f6:90:cc:01:6d:25, 2015-01-01 03:57:25.045, 0.913, 0.232, 0.295, -0.671, 0, 0, 37.881, -67.533, 150.551, -26.713, -15.013, -8.253, 32.33, 0.0231, 0.57651, 0.12912, 0.80643,
 15:46:10.496,f6:90:cc:01:6d:25, 2015-01-01 03:57:25.045, 0.911, 0.23, 0.294, -0.549, 0.061, 0, 37.87, -67.533, 150.535, -26.713, -15.013, -8.253, 32.33, 0.0231, 0.57651, 0.12912, 0.80643,
 15:46:10.517,e3:ca:2d:fd:e0:8c, 2015-01-01 03:57:24.735, 0.958, 0.087, 0.332, 0, 0.061, 0, 14.689, -70.258, 150.035, -25.893, -12.740, -13.613, 29.63, 0.13904, 0.57855, -0.04691, 0.80228,
 15:46:10.517,e3:ca:2d:fd:e0:8c, 2015-01-01 03:57:24.735, 0.958, 0.087, 0.333, -0.061, 0.122, 0, 14.689, -70.252, 150.035, -25.893, -12.740, -13.613, 29.63, 0.13904, 0.57855, -0.04691, 0.80228,
 15:46:10.519,ed:35:33:d3:6c:f8, 2015-01-01 03:57:25.125, 0.378, 0, 0.925, -0.183, -0.427, 0.061, -0.066, -22.445, 157.33, -10.687, -7.140, -35.447, 30.78, -0.19104, -0.19067, 0.03851, -0.96207,
 15:46:10.519,ed:35:33:d3:6c:f8, 2015-01-01 03:57:25.125, 0.364, 0.003, 0.921, -0.244, -0.244, 0, -0.071, -22.451, 157.335, -10.687, -7.140, -35.447, 30.78, -0.19104, -0.19067, 0.03851, -0.96207,
 15:46:10.538,ed:40:fe:65:30:6c, 2015-01-01 03:57:30.170, 0.553, 0.03, 0.837, 0.061, 0, 0, 1.917, -33.541, -118.328, -18.727, -6.427, -8.207, 28.54, 0.49445, -0.23972, -0.16156, -0.81967,
 15:46:10.538,ed:40:fe:65:30:6c, 2015-01-01 03:57:30.170, 0.552, 0.03, 0.835, 0.122, 0.122, 0, 1.917, -33.536, -118.323, -18.727, -6.427, -8.207, 28.54, 0.49445, -0.23972, -0.16156, -0.81967,
 15:46:10.540,e3:ca:2d:fd:e0:8c, 2015-01-01 03:57:24.735, 0.955, 0.087, 0.332, -0.122, -0.061, 0, 14.689, -70.252, 150.04, -25.893, -12.740, -13.613, 29.63, 0.13858, 0.57828, -0.04648, 0.80255,
 15:46:10.540,e3:ca:2d:fd:e0:8c, 2015-01-01 03:57:24.735, 0.955, 0.086, 0.333, -0.183, -0.305, 0, 14.683, -70.258, 150.04, -25.893, -12.740, -13.613, 29.63, 0.13858, 0.57828, -0.04648, 0.80255,
 15:46:10.541,ed:35:33:d3:6c:f8, 2015-01-01 03:57:25.125, 0.396, 0.003, 0.916, 0.916, -0.793, -3.052, -0.022, -22.467, 157.247, -10.687, -7.140, -35.447, 30.78, -0.19104, -0.19067, 0.03851, -0.96207,
 15:46:10.541,ed:35:33:d3:6c:f8, 2015-01-01 03:57:25.125, 0.379, -0.002, 0.913, 0.61, 0.061, -0.061, -0.011, -22.467, 157.236, -10.687, -7.140, -35.447, 30.78, -0.19104, -0.19067, 0.03851, -0.96207,
 15:46:10.561,ed:40:fe:65:30:6c, 2015-01-01 03:57:30.170, 0.552, 0.024, 0.833, 0.244, 0.366, -0.122, 1.923, -33.53, -118.323, -18.727, -6.427, -8.207, 28.54, 0.49445, -0.23972, -0.16156, -0.81967,
 15:46:10.561,ed:40:fe:65:30:6c, 2015-01-01 03:57:30.170, 0.554, 0.024, 0.838, 0.366, 0.366, -0.305, 1.928, -33.525, -118.323, -18.727, -6.427, -8.207, 28.54, 0.49445, -0.23972, -0.16156, -0.81967,
 15:46:10.563,f6:90:cc:01:6d:25, 2015-01-01 03:57:25.045, 0.911, 0.231, 0.296, -0.122, 0.061, 0, 37.864, -67.533, 150.535, -26.713, -15.013, -8.253, 32.33, 0.02545, 0.57703, 0.12723, 0.80627,
 15:46:10.563,f6:90:cc:01:6d:25, 2015-01-01 03:57:25.045, 0.909, 0.232, 0.295, -0.244, -0.061, 0, 37.864, -67.533, 150.546, -26.713, -15.013, -8.253, 32.33, 0.02545, 0.57703, 0.12723, 0.80627,
 15:46:10.587,ed:35:33:d3:6c:f8, 2015-01-01 03:57:25.125, 0.38, 0, 0.918, 0.61, 0.854, 0.061, 0, -22.451, 157.236, -10.687, -7.140, -35.447, 30.78, -0.19104, -0.19067, 0.03851, -0.96207,
 15:46:10.587,ed:35:33:d3:6c:f8, 2015-01-01 03:57:25.125, 0.381, 0.006, 0.92, 0.427, 1.099, 0, 0.005, -22.429, 157.242, -10.687, -7.140, -35.447, 30.78, -0.19104, -0.19067, 0.03851, -0.96207,
 15:46:10.587,f6:90:cc:01:6d:25, 2015-01-01 03:57:25.400, 0.912, 0.229, 0.297, -0.488, -0.122, 0, 37.859, -67.538, 150.546, -26.713, -15.013, -8.253, 32.33, 0.02545, 0.57703, 0.12723, 0.80627,
 15:46:10.587,f6:90:cc:01:6d:25, 2015-01-01 03:57:25.400, 0.916, 0.229, 0.3, -0.183, 0, 0, 37.853, -67.538, 150.546, -26.713, -15.013, -8.253, 32.33, 0.02545, 0.57703, 0.12723, 0.80627,
 15:46:10.606,e3:ca:2d:fd:e0:8c, 2015-01-01 03:57:24.735, 0.958, 0.088, 0.336, -0.366, -0.549, 0, 14.689, -70.263, 150.04, -25.893, -12.740, -13.613, 29.63, 0.13858, 0.57828, -0.04648, 0.80255,
 15:46:10.606,e3:ca:2d:fd:e0:8c, 2015-01-01 03:57:24.735, 0.958, 0.086, 0.338, -0.488, -0.854, 0, 14.689, -70.274, 150.035, -25.893, -12.740, -13.613, 29.63, 0.13858, 0.57828, -0.04648, 0.80255,
 15:46:10.607,f6:90:cc:01:6d:25, 2015-01-01 03:57:25.400, 0.915, 0.227, 0.299, 0.122, 0, 0, 37.853, -67.538, 150.546, -26.713, -15.013, -8.253, 32.33, 0.02545, 0.57703, 0.12723, 0.80627,
 15:46:10.607,f6:90:cc:01:6d:25, 2015-01-01 03:57:25.400, 0.915, 0.229, 0.3, 0.061, -0.183, 0, 37.859, -67.544, 150.54, -26.713, -15.013, -8.253, 32.33, 0.02545, 0.57703, 0.12723, 0.80627,
 15:46:10.628,ed:40:fe:65:30:6c, 2015-01-01 03:57:30.170, 0.554, 0.029, 0.84, 0.549, 0.488, 0, 1.939, -33.514, -118.323, -18.727, -6.427, -8.207, 28.54, 0.49445, -0.23972, -0.16156, -0.81967,
 15:46:10.628,ed:40:fe:65:30:6c, 2015-01-01 03:57:30.170, 0.555, 0.03, 0.838, 0.793, 0.671, 0.366, 1.95, -33.503, -118.317, -18.727, -6.427, -8.207, 28.54, 0.49445, -0.23972, -0.16156, -0.81967,
 15:46:10.628,e3:ca:2d:fd:e0:8c, 2015-01-01 03:57:25.095, 0.958, 0.086, 0.338, -0.366, -0.854, 0, 14.689, -70.291, 150.024, -25.893, -12.740, -13.613, 29.63, 0.13858, 0.57828, -0.04648, 0.80255,
 15:46:10.628,e3:ca:2d:fd:e0:8c, 2015-01-01 03:57:25.095, 0.959, 0.086, 0.337, -0.244, -0.793, 0, 14.694, -70.302, 150.013, -25.893, -12.740, -13.613, 29.63, 0.13858, 0.57828, -0.04648, 0.80255,
 15:46:10.632,ed:35:33:d3:6c:f8, 2015-01-01 03:57:25.125, 0.384, 0.007, 0.92, 0.732, 1.343, 0.366, 0.022, -22.407, 157.258, -10.987, -8.007, -34.933, 30.78, -0.19104, -0.19067, 0.03851, -0.96207,
 15:46:10.632,ed:35:33:d3:6c:f8, 2015-01-01 03:57:25.125, 0.376, 0.004, 0.919, 1.221, 1.282, 0.549, 0.044, -22.379, 157.275, -10.987, -8.007, -34.933, 30.78, -0.19104, -0.19067, 0.03851, -0.96207,
 15:46:10.651,ed:40:fe:65:30:6c, 2015-01-01 03:57:30.170, 0.556, 0.029, 0.838, 0.916, 0.671, 0.366, 1.961, -33.486, -118.306, -18.347, -6.573, -7.627, 28.54, 0.49445, -0.23972, -0.16156, -0.81967,
 15:46:10.651,ed:40:fe:65:30:6c, 2015-01-01 03:57:30.170, 0.554, 0.027, 0.837, 1.038, 0.671, 0.183, 1.978, -33.475, -118.295, -18.347, -6.573, -7.627, 28.54, 0.49445, -0.23972, -0.16156, -0.81967,
 15:46:10.652,f6:90:cc:01:6d:25, 2015-01-01 03:57:25.400, 0.913, 0.232, 0.298, 0, -0.122, 0, 37.864, -67.544, 150.54, -26.713, -15.013, -8.253, 32.33, 0.02545, 0.57703, 0.12723, 0.80627,
 15:46:10.652,f6:90:cc:01:6d:25, 2015-01-01 03:57:25.400, 0.911, 0.234, 0.296, 0.427, 0.061, 0.305, 37.859, -67.549, 150.546, -26.713, -15.013, -8.253, 32.33, 0.02545, 0.57703, 0.12723, 0.80627,
 15:46:10.674,e3:ca:2d:fd:e0:8c, 2015-01-01 03:57:25.095, 0.959, 0.088, 0.334, -0.244, -0.61, 0, 14.7, -70.312, 150.007, -25.893, -12.740, -13.613, 29.63, 0.13858, 0.57828, -0.04648, 0.80255,
 15:46:10.674,e3:ca:2d:fd:e0:8c, 2015-01-01 03:57:25.095, 0.959, 0.089, 0.333, -0.305, -0.366, 0, 14.7, -70.323, 150.002, -25.893, -12.740, -13.613, 29.63, 0.13858, 0.57828, -0.04648, 0.80255,
 15:46:10.677,ed:35:33:d3:6c:f8, 2015-01-01 03:57:25.125, 0.384, 0, 0.924, 2.38, 1.16, 1.282, 0.082, -22.357, 157.313, -10.987, -8.007, -34.933, 30.78, -0.19284, -0.19028, 0.03751, -0.96182,
 15:46:10.677,ed:35:33:d3:6c:f8, 2015-01-01 03:57:25.125, 0.38, 0.002, 0.917, 1.892, 1.282, 0.61, 0.115, -22.335, 157.297, -10.987, -8.007, -34.933, 30.78, -0.19284, -0.19028, 0.03751, -0.96182,
 15:46:10.695,ed:40:fe:65:30:6c, 2015-01-01 03:57:30.170, 0.553, 0.026, 0.833, 1.16, 0.427, 0.061, 1.994, -33.464, -118.306, -18.347, -6.573, -7.627, 28.54, 0.49445, -0.23972, -0.16156, -0.81967,
 15:46:10.695,ed:40:fe:65:30:6c, 2015-01-01 03:57:30.170, 0.552, 0.03, 0.833, 1.038, 0.366, 0, 2.016, -33.459, -118.334, -18.347, -6.573, -7.627, 28.54, 0.49445, -0.23972, -0.16156, -0.81967,
 15:46:10.696,e3:ca:2d:fd:e0:8c, 2015-01-01 03:57:25.095, 0.959, 0.088, 0.331, -0.122, -0.366, 0, 14.7, -70.329, 149.996, -25.893, -12.740, -13.613, 29.63, 0.13858, 0.57828, -0.04648, 0.80255,
 15:46:10.696,e3:ca:2d:fd:e0:8c, 2015-01-01 03:57:25.095, 0.96, 0.087, 0.329, -0.061, -0.305, 0, 14.7, -70.334, 149.996, -25.893, -12.740, -13.613, 29.63, 0.13858, 0.57828, -0.04648, 0.80255,
 15:46:10.718,ed:40:fe:65:30:6c, 2015-01-01 03:57:30.170, 0.552, 0.03, 0.833, 0.916, 0.427, 0, 2.032, -33.448, -118.356, -18.347, -6.573, -7.627, 28.54, 0.49506, -0.23849, -0.16196, -0.81958,
 15:46:10.718,ed:40:fe:65:30:6c, 2015-01-01 03:57:30.170, 0.558, 0.028, 0.835, 0.854, 0.305, -0.122, 2.049, -33.442, -118.367, -18.347, -6.573, -7.627, 28.54, 0.49506, -0.23849, -0.16196, -0.81958,
 15:46:10.720,f6:90:cc:01:6d:25, 2015-01-01 03:57:25.400, 0.909, 0.232, 0.296, 0.671, 0.488, 0.183, 37.848, -67.544, 150.557, -26.713, -15.013, -8.253, 32.33, 0.02545, 0.57703, 0.12723, 0.80627,
 15:46:10.720,f6:90:cc:01:6d:25, 2015-01-01 03:57:25.400, 0.909, 0.233, 0.295, 0.61, 0.488, 0.122, 37.842, -67.538, 150.568, -26.713, -15.013, -8.253, 32.33, 0.02545, 0.57703, 0.12723, 0.80627,
 15:46:10.721,ed:35:33:d3:6c:f8, 2015-01-01 03:57:25.440, 0.379, 0.005, 0.917, 1.16, 1.343, 0.061, 0.137, -22.313, 157.28, -10.987, -8.007, -34.933, 30.78, -0.19284, -0.19028, 0.03751, -0.96182,
 15:46:10.721,ed:35:33:d3:6c:f8, 2015-01-01 03:57:25.440, 0.381, 0.007, 0.915, 1.16, 1.343, 0, 0.165, -22.286, 157.275, -10.987, -8.007, -34.933, 30.78, -0.19284, -0.19028, 0.03751, -0.96182,
 15:46:10.741,e3:ca:2d:fd:e0:8c, 2015-01-01 03:57:25.095, 0.963, 0.087, 0.329, -0.183, -0.122, 0, 14.705, -70.334, 149.996, -25.893, -12.740, -13.613, 29.63, 0.13858, 0.57828, -0.04648, 0.80255,
 15:46:10.741,e3:ca:2d:fd:e0:8c, 2015-01-01 03:57:25.095, 0.965, 0.087, 0.33, -0.183, -0.061, 0, 14.705, -70.34, 149.996, -25.893, -12.740, -13.613, 29.63, 0.13858, 0.57828, -0.04648, 0.80255,
 15:46:10.744,f6:90:cc:01:6d:25, 2015-01-01 03:57:25.400, 0.911, 0.232, 0.291, 0.305, 0.366, 0.183, 37.831, -67.533, 150.579, -26.713, -15.013, -8.253, 32.33, 0.02545, 0.57703, 0.12723, 0.80627,
 15:46:10.744,f6:90:cc:01:6d:25, 2015-01-01 03:57:25.400, 0.917, 0.23, 0.29, 0, 0.305, 0.122, 37.826, -67.533, 150.584, -26.713, -15.013, -8.253, 32.33, 0.02545, 0.57703, 0.12723, 0.80627,
 15:46:10.744,ed:35:33:d3:6c:f8, 2015-01-01 03:57:25.440, 0.387, 0.006, 0.923, 0.977, 1.465, 0.305, 0.187, -22.264, 157.269, -10.987, -8.007, -34.933, 30.78, -0.19284, -0.19028, 0.03751, -0.96182,
 15:46:10.744,ed:35:33:d3:6c:f8, 2015-01-01 03:57:25.440, 0.384, 0.008, 0.925, 0.549, 1.77, 0.305, 0.203, -22.236, 157.253, -10.987, -8.007, -34.933, 30.78, -0.19284, -0.19028, 0.03751, -0.96182,
 15:46:10.764,ed:40:fe:65:30:6c, 2015-01-01 03:57:30.170, 0.563, 0.028, 0.837, 0.61, 0.122, -0.061, 2.065, -33.437, -118.378, -18.347, -6.573, -7.627, 28.54, 0.49506, -0.23849, -0.16196, -0.81958,
 15:46:10.764,ed:40:fe:65:30:6c, 2015-01-01 03:57:30.170, 0.56, 0.03, 0.84, 0.366, 0.061, 0.122, 2.071, -33.437, -118.383, -18.347, -6.573, -7.627, 28.54, 0.49506, -0.23849, -0.16196, -0.81958,
 15:46:10.788,f6:90:cc:01:6d:25, 2015-01-01 03:57:25.400, 0.922, 0.23, 0.292, -0.061, 0.61, 0.061, 37.809, -67.522, 150.595, -26.713, -15.013, -8.253, 32.33, 0.02545, 0.57703, 0.12723, 0.80627,
 15:46:10.788,f6:90:cc:01:6d:25, 2015-01-01 03:57:25.400, 0.92, 0.23, 0.293, 0, 0.793, 0, 37.787, -67.516, 150.612, -26.713, -15.013, -8.253, 32.33, 0.02545, 0.57703, 0.12723, 0.80627,
 15:46:10.789,ed:35:33:d3:6c:f8, 2015-01-01 03:57:25.440, 0.378, 0.007, 0.927, 0.122, 1.282, 0.244, 0.209, -22.203, 157.253, -10.987, -8.007, -34.933, 30.78, -0.19284, -0.19028, 0.03751, -0.96182,
 15:46:10.789,ed:35:33:d3:6c:f8, 2015-01-01 03:57:25.440, 0.375, 0.005, 0.924, 0.122, 0.427, 0.305, 0.214, -22.187, 157.231, -10.987, -8.007, -34.933, 30.78, -0.19284, -0.19028, 0.03751, -0.96182,
 15:46:10.808,ed:40:fe:65:30:6c, 2015-01-01 03:57:30.530, 0.553, 0.029, 0.841, 0.183, 0.122, 0.244, 2.071, -33.437, -118.383, -18.347, -6.573, -7.627, 28.54, 0.49506, -0.23849, -0.16196, -0.81958,
 15:46:10.808,ed:40:fe:65:30:6c, 2015-01-01 03:57:30.530, 0.549, 0.027, 0.838, 0.244, 0.061, 0.244, 2.071, -33.437, -118.389, -18.347, -6.573, -7.627, 28.54, 0.49506, -0.23849, -0.16196, -0.81958,
 15:46:10.809,e3:ca:2d:fd:e0:8c, 2015-01-01 03:57:25.095, 0.964, 0.086, 0.333, -0.122, 0.183, 0, 14.7, -70.334, 149.996, -25.893, -12.740, -13.613, 29.63, 0.13858, 0.57828, -0.04648, 0.80255,
 15:46:10.809,e3:ca:2d:fd:e0:8c, 2015-01-01 03:57:25.095, 0.96, 0.086, 0.332, 0, 0.366, 0, 14.694, -70.334, 150.002, -25.893, -12.740, -13.613, 29.63, 0.13858, 0.57828, -0.04648, 0.80255,
 15:46:10.810,f6:90:cc:01:6d:25, 2015-01-01 03:57:25.400, 0.913, 0.231, 0.293, 0.061, 0.977, 0.061, 37.766, -67.5, 150.639, -27.107, -15.020, -7.847, 32.33, 0.02545, 0.57703, 0.12723, 0.80627,
 15:46:10.810,f6:90:cc:01:6d:25, 2015-01-01 03:57:25.400, 0.908, 0.229, 0.294, -0.183, 0.854, 0, 37.738, -67.495, 150.656, -27.107, -15.020, -7.847, 32.33, 0.02545, 0.57703, 0.12723, 0.80627,
 15:46:10.832,e3:ca:2d:fd:e0:8c, 2015-01-01 03:57:25.095, 0.958, 0.084, 0.331, 0, 0.488, 0, 14.689, -70.323, 150.013, -26.087, -12.740, -12.880, 29.63, 0.13858, 0.57828, -0.04648, 0.80255,
 15:46:10.832,e3:ca:2d:fd:e0:8c, 2015-01-01 03:57:25.095, 0.958, 0.086, 0.331, 0, 0.427, 0, 14.683, -70.318, 150.024, -26.087, -12.740, -12.880, 29.63, 0.13858, 0.57828, -0.04648, 0.80255,
 15:46:10.833,ed:35:33:d3:6c:f8, 2015-01-01 03:57:25.440, 0.371, 0.003, 0.92, 0.183, 0, 0.488, 0.214, -22.187, 157.214, -10.987, -8.007, -34.933, 30.78, -0.19284, -0.19028, 0.03751, -0.96182,
 15:46:10.833,ed:35:33:d3:6c:f8, 2015-01-01 03:57:25.440, 0.374, 0.002, 0.92, -0.122, -0.061, 0.305, 0.214, -22.187, 157.198, -10.987, -8.007, -34.933, 30.78, -0.19284, -0.19028, 0.03751, -0.96182,
 15:46:10.857,f6:90:cc:01:6d:25, 2015-01-01 03:57:25.400, 0.907, 0.229, 0.295, -0.305, 0.732, 0, 37.716, -67.484, 150.672, -27.107, -15.020, -7.847, 32.33, 0.02545, 0.57703, 0.12723, 0.80627,
 15:46:10.857,f6:90:cc:01:6d:25, 2015-01-01 03:57:25.400, 0.909, 0.229, 0.299, -0.122, 0.671, 0, 37.7, -67.473, 150.683, -27.107, -15.020, -7.847, 32.33, 0.02545, 0.57703, 0.12723, 0.80627,
 15:46:10.857,ed:40:fe:65:30:6c, 2015-01-01 03:57:30.530, 0.548, 0.028, 0.836, 0.305, 0, 0.244, 2.076, -33.437, -118.394, -18.347, -6.573, -7.627, 28.54, 0.49506, -0.23849, -0.16196, -0.81958,
 15:46:10.857,ed:40:fe:65:30:6c, 2015-01-01 03:57:30.530, 0.546, 0.028, 0.836, 0.122, -0.122, 0.061, 2.076, -33.442, -118.4, -18.347, -6.573, -7.627, 28.54, 0.49506, -0.23849, -0.16196, -0.81958,
 15:46:10.877,e3:ca:2d:fd:e0:8c, 2015-01-01 03:57:25.095, 0.958, 0.087, 0.333, 0.061, 0.366, 0, 14.678, -70.307, 150.029, -26.087, -12.740, -12.880, 29.63, 0.13858, 0.57828, -0.04648, 0.80255,
 15:46:10.877,e3:ca:2d:fd:e0:8c, 2015-01-01 03:57:25.095, 0.957, 0.086, 0.335, 0.183, 0.305, 0, 14.678, -70.302, 150.04, -26.087, -12.740, -12.880, 29.63, 0.13858, 0.57828, -0.04648, 0.80255,
 15:46:10.878,ed:35:33:d3:6c:f8, 2015-01-01 03:57:25.440, 0.368, 0.008, 0.918, 0.183, 0.366, 0.488, 0.209, -22.187, 157.176, -10.987, -8.007, -34.933, 30.78, -0.19284, -0.19028, 0.03751, -0.96182,
 15:46:10.878,ed:35:33:d3:6c:f8, 2015-01-01 03:57:25.440, 0.372, 0.01, 0.926, -0.854, 0.122, -0.061, 0.209, -22.187, 157.165, -10.987, -8.007, -34.933, 30.78, -0.19284, -0.19028, 0.03751, -0.96182,
 15:46:10.897,ed:40:fe:65:30:6c, 2015-01-01 03:57:30.530, 0.545, 0.03, 0.84, -0.061, -0.061, 0.061, 2.071, -33.442, -118.422, -18.347, -6.573, -7.627, 28.54, 0.49506, -0.23849, -0.16196, -0.81958,
 15:46:10.897,ed:40:fe:65:30:6c, 2015-01-01 03:57:30.530, 0.548, 0.033, 0.841, -0.366, 0, 0.183, 2.065, -33.442, -118.433, -18.347, -6.573, -7.627, 28.54, 0.49506, -0.23849, -0.16196, -0.81958,
 15:46:10.899,e3:ca:2d:fd:e0:8c, 2015-01-01 03:57:25.095, 0.956, 0.088, 0.337, 0.122, 0.244, 0, 14.678, -70.296, 150.046, -26.087, -12.740, -12.880, 29.63, 0.13852, 0.57858, -0.04666, 0.80234,
 15:46:10.899,e3:ca:2d:fd:e0:8c, 2015-01-01 03:57:25.095, 0.958, 0.089, 0.339, 0.061, 0.305, 0, 14.672, -70.291, 150.051, -26.087, -12.740, -12.880, 29.63, 0.13852, 0.57858, -0.04666, 0.80234,
 15:46:10.923,f6:90:cc:01:6d:25, 2015-01-01 03:57:25.400, 0.908, 0.228, 0.3, -0.061, 0.61, 0, 37.678, -67.467, 150.694, -27.107, -15.020, -7.847, 32.33, 0.02548, 0.57651, 0.12692, 0.8067,
 15:46:10.923,f6:90:cc:01:6d:25, 2015-01-01 03:57:25.400, 0.91, 0.23, 0.303, -0.122, 0.488, 0, 37.667, -67.462, 150.699, -27.107, -15.020, -7.847, 32.33, 0.02548, 0.57651, 0.12692, 0.8067,
 15:46:10.943,ed:40:fe:65:30:6c, 2015-01-01 03:57:30.530, 0.548, 0.029, 0.841, -0.366, -0.061, 0.061, 2.054, -33.442, -118.438, -18.347, -6.573, -7.627, 28.54, 0.49506, -0.23849, -0.16196, -0.81958,
 15:46:10.943,ed:40:fe:65:30:6c, 2015-01-01 03:57:30.530, 0.547, 0.026, 0.841, -0.366, 0, -0.061, 2.049, -33.437, -118.444, -18.347, -6.573, -7.627, 28.54, 0.49506, -0.23849, -0.16196, -0.81958,
 15:46:10.943,e3:ca:2d:fd:e0:8c, 2015-01-01 03:57:25.095, 0.956, 0.087, 0.339, 0.244, 0.366, 0, 14.672, -70.285, 150.062, -26.087, -12.740, -12.880, 29.63, 0.13852, 0.57858, -0.04666, 0.80234,
 15:46:10.943,e3:ca:2d:fd:e0:8c, 2015-01-01 03:57:25.095, 0.955, 0.087, 0.339, 0.305, 0.366, 0, 14.672, -70.274, 150.068, -26.087, -12.740, -12.880, 29.63, 0.13852, 0.57858, -0.04666, 0.80234,
 15:46:10.944,f6:90:cc:01:6d:25, 2015-01-01 03:57:25.760, 0.912, 0.231, 0.306, 0.061, 0.549, 0, 37.65, -67.456, 150.71, -27.107, -15.020, -7.847, 32.33, 0.02548, 0.57651, 0.12692, 0.8067,
 15:46:10.944,f6:90:cc:01:6d:25, 2015-01-01 03:57:25.760, 0.911, 0.228, 0.305, 0.427, 0.854, -0.061, 37.634, -67.44, 150.727, -27.107, -15.020, -7.847, 32.33, 0.02548, 0.57651, 0.12692, 0.8067,
 15:46:10.947,ed:35:33:d3:6c:f8, 2015-01-01 03:57:25.440, 0.372, 0.005, 0.923, -0.671, 0, -0.122, 0.192, -22.181, 157.154, -11.087, -7.753, -35.187, 30.78, -0.19284, -0.19028, 0.03751, -0.96182,
 15:46:10.947,ed:35:33:d3:6c:f8, 2015-01-01 03:57:25.440, 0.371, 0.001, 0.924, -0.854, 0, -0.305, 0.181, -22.181, 157.176, -11.087, -7.753, -35.187, 30.78, -0.19284, -0.19028, 0.03751, -0.96182,
 15:46:10.947,ed:35:33:d3:6c:f8, 2015-01-01 03:57:25.440, 0.368, 0.011, 0.925, -0.793, 0.183, -0.244, 0.17, -22.181, 157.214, -11.087, -7.753, -35.187, 30.78, -0.19284, -0.19028, 0.03751, -0.96182,
 15:46:10.947,ed:35:33:d3:6c:f8, 2015-01-01 03:57:25.440, 0.368, 0.011, 0.922, -0.305, -0.183, -0.061, 0.159, -22.176, 157.231, -11.087, -7.753, -35.187, 30.78, -0.19284, -0.19028, 0.03751, -0.96182,
 15:46:10.967,f6:90:cc:01:6d:25, 2015-01-01 03:57:25.760, 0.908, 0.229, 0.303, 0.366, 0.793, -0.061, 37.617, -67.429, 150.743, -27.107, -15.020, -7.847, 32.33, 0.02548, 0.57651, 0.12692, 0.8067,
 15:46:10.967,f6:90:cc:01:6d:25, 2015-01-01 03:57:25.760, 0.911, 0.231, 0.302, 0.244, 0.305, 0, 37.601, -67.418, 150.749, -27.107, -15.020, -7.847, 32.33, 0.02548, 0.57651, 0.12692, 0.8067,
 15:46:10.987,ed:40:fe:65:30:6c, 2015-01-01 03:57:30.530, 0.542, 0.032, 0.841, -0.122, 0.061, 0.122, 2.043, -33.437, -118.444, -18.347, -6.573, -7.627, 28.54, 0.49506, -0.23849, -0.16196, -0.81958,
 15:46:10.987,ed:40:fe:65:30:6c, 2015-01-01 03:57:30.530, 0.546, 0.032, 0.84, 0.061, 0.061, 0.305, 2.038, -33.431, -118.438, -18.347, -6.573, -7.627, 28.54, 0.49506, -0.23849, -0.16196, -0.81958,
 15:46:10.989,e3:ca:2d:fd:e0:8c, 2015-01-01 03:57:25.450, 0.958, 0.089, 0.335, 0.183, 0.366, 0, 14.672, -70.263, 150.073, -26.087, -12.740, -12.880, 29.63, 0.13852, 0.57858, -0.04666, 0.80234,
 15:46:10.989,e3:ca:2d:fd:e0:8c, 2015-01-01 03:57:25.450, 0.959, 0.089, 0.333, 0.244, 0, 0, 14.672, -70.258, 150.079, -26.087, -12.740, -12.880, 29.63, 0.13852, 0.57858, -0.04666, 0.80234,
 15:46:10.992,ed:35:33:d3:6c:f8, 2015-01-01 03:57:25.440, 0.373, 0.003, 0.924, -0.305, -0.244, -0.061, 0.159, -22.181, 157.231, -11.087, -7.753, -35.187, 30.78, -0.19345, -0.18884, 0.03653, -0.96201,
 15:46:10.992,ed:35:33:d3:6c:f8, 2015-01-01 03:57:25.440, 0.373, 0.004, 0.925, -0.305, -0.183, -0.183, 0.154, -22.181, 157.225, -11.087, -7.753, -35.187, 30.78, -0.19345, -0.18884, 0.03653, -0.96201,
 15:46:11.011,ed:40:fe:65:30:6c, 2015-01-01 03:57:30.530, 0.55, 0.028, 0.84, 0, 0, 0.122, 2.038, -33.426, -118.444, -18.407, -6.493, -7.533, 28.54, 0.49506, -0.23849, -0.16196, -0.81958,
 15:46:11.011,ed:40:fe:65:30:6c, 2015-01-01 03:57:30.530, 0.549, 0.029, 0.84, -0.061, -0.122, 0, 2.032, -33.426, -118.455, -18.407, -6.493, -7.533, 28.54, 0.49506, -0.23849, -0.16196, -0.81958,
 15:46:11.012,f6:90:cc:01:6d:25, 2015-01-01 03:57:25.760, 0.909, 0.232, 0.299, 0.244, 0.061, -0.122, 37.601, -67.412, 150.749, -27.107, -15.020, -7.847, 32.33, 0.02548, 0.57651, 0.12692, 0.8067,
 15:46:11.012,f6:90:cc:01:6d:25, 2015-01-01 03:57:25.760, 0.913, 0.233, 0.298, 0.305, -0.061, -0.183, 37.606, -67.412, 150.738, -27.107, -15.020, -7.847, 32.33, 0.02548, 0.57651, 0.12692, 0.8067,
 15:46:11.034,e3:ca:2d:fd:e0:8c, 2015-01-01 03:57:25.450, 0.96, 0.09, 0.333, 0.305, -0.061, 0, 14.678, -70.258, 150.084, -26.087, -12.740, -12.880, 29.63, 0.13852, 0.57858, -0.04666, 0.80234,
 15:46:11.034,e3:ca:2d:fd:e0:8c, 2015-01-01 03:57:25.450, 0.962, 0.09, 0.332, 0.244, -0.183, 0, 14.689, -70.258, 150.084, -26.087, -12.740, -12.880, 29.63, 0.13852, 0.57858, -0.04666, 0.80234,
 15:46:11.036,ed:35:33:d3:6c:f8, 2015-01-01 03:57:25.755, 0.376, 0.006, 0.926, -0.549, -0.122, -0.488, 0.154, -22.181, 157.247, -11.087, -7.753, -35.187, 30.78, -0.19345, -0.18884, 0.03653, -0.96201,
 15:46:11.036,ed:35:33:d3:6c:f8, 2015-01-01 03:57:25.755, 0.381, 0.006, 0.926, -0.427, -0.122, -0.427, 0.148, -22.181, 157.242, -11.087, -7.753, -35.187, 30.78, -0.19345, -0.18884, 0.03653, -0.96201,
 15:46:11.055,ed:40:fe:65:30:6c, 2015-01-01 03:57:30.530, 0.554, 0.032, 0.842, -0.122, -0.305, -0.061, 2.032, -33.426, -118.477, -18.407, -6.493, -7.533, 28.54, 0.49506, -0.23849, -0.16196, -0.81958,
 15:46:11.055,ed:40:fe:65:30:6c, 2015-01-01 03:57:30.530, 0.557, 0.031, 0.84, -0.366, -0.549, -0.305, 2.032, -33.431, -118.504, -18.407, -6.493, -7.533, 28.54, 0.49506, -0.23849, -0.16196, -0.81958,
 15:46:11.056,e3:ca:2d:fd:e0:8c, 2015-01-01 03:57:25.450, 0.959, 0.089, 0.333, 0.183, -0.244, 0, 14.694, -70.263, 150.084, -26.087, -12.740, -12.880, 29.63, 0.13852, 0.57858, -0.04666, 0.80234,
 15:46:11.056,e3:ca:2d:fd:e0:8c, 2015-01-01 03:57:25.450, 0.957, 0.089, 0.333, 0, -0.122, 0, 14.705, -70.263, 150.084, -26.087, -12.740, -12.880, 29.63, 0.13852, 0.57858, -0.04666, 0.80234,
 15:46:11.059,f6:90:cc:01:6d:25, 2015-01-01 03:57:25.760, 0.913, 0.236, 0.299, 0, -0.061, -0.244, 37.623, -67.407, 150.716, -27.107, -15.020, -7.847, 32.33, 0.02548, 0.57651, 0.12692, 0.8067,
 15:46:11.059,f6:90:cc:01:6d:25, 2015-01-01 03:57:25.760, 0.91, 0.234, 0.297, -0.122, 0, -0.183, 37.628, -67.407, 150.699, -27.107, -15.020, -7.847, 32.33, 0.02548, 0.57651, 0.12692, 0.8067,
 15:46:11.081,ed:35:33:d3:6c:f8, 2015-01-01 03:57:25.755, 0.378, 0.006, 0.921, -0.61, 0, -0.427, 0.148, -22.181, 157.236, -11.087, -7.753, -35.187, 30.78, -0.19345, -0.18884, 0.03653, -0.96201,
 15:46:11.081,ed:35:33:d3:6c:f8, 2015-01-01 03:57:25.755, 0.376, 0.01, 0.916, -0.977, -0.488, -0.671, 0.137, -22.181, 157.231, -11.087, -7.753, -35.187, 30.78, -0.19345, -0.18884, 0.03653, -0.96201,
 15:46:11.101,e3:ca:2d:fd:e0:8c, 2015-01-01 03:57:25.450, 0.956, 0.086, 0.333, 0.122, 0.122, 0, 14.705, -70.263, 150.084, -26.087, -12.740, -12.880, 29.63, 0.13852, 0.57858, -0.04666, 0.80234,
 15:46:11.101,e3:ca:2d:fd:e0:8c, 2015-01-01 03:57:25.450, 0.96, 0.085, 0.333, 0.061, 0, 0, 14.711, -70.263, 150.09, -26.087, -12.740, -12.880, 29.63, 0.13852, 0.57858, -0.04666, 0.80234,
 15:46:11.103,f6:90:cc:01:6d:25, 2015-01-01 03:57:25.760, 0.91, 0.229, 0.296, 0, 0.122, -0.183, 37.639, -67.407, 150.683, -27.107, -15.020, -7.847, 32.33, 0.02548, 0.57651, 0.12692, 0.8067,
 15:46:11.103,f6:90:cc:01:6d:25, 2015-01-01 03:57:25.760, 0.917, 0.226, 0.297, -0.061, 0, -0.061, 37.639, -67.401, 150.672, -27.107, -15.020, -7.847, 32.33, 0.02548, 0.57651, 0.12692, 0.8067,
 15:46:11.123,ed:40:fe:65:30:6c, 2015-01-01 03:57:30.530, 0.553, 0.031, 0.834, -0.427, -0.61, -0.427, 2.027, -33.442, -118.537, -18.407, -6.493, -7.533, 28.54, 0.49393, -0.23846, -0.16162, -0.82031,
 15:46:11.123,ed:40:fe:65:30:6c, 2015-01-01 03:57:30.530, 0.552, 0.031, 0.831, -0.488, -0.427, -0.305, 2.027, -33.448, -118.57, -18.407, -6.493, -7.533, 28.54, 0.49393, -0.23846, -0.16162, -0.82031,
 15:46:11.127,ed:35:33:d3:6c:f8, 2015-01-01 03:57:25.755, 0.38, 0.01, 0.917, -0.793, 0.122, -0.61, 0.132, -22.187, 157.22, -11.087, -7.753, -35.187, 30.78, -0.19345, -0.18884, 0.03653, -0.96201,
 15:46:11.127,ed:35:33:d3:6c:f8, 2015-01-01 03:57:25.755, 0.378, 0.005, 0.924, -0.732, -0.488, -0.061, 0.121, -22.187, 157.203, -11.087, -7.753, -35.187, 30.78, -0.19345, -0.18884, 0.03653, -0.96201,
 15:46:11.146,e3:ca:2d:fd:e0:8c, 2015-01-01 03:57:25.450, 0.961, 0.083, 0.333, 0.183, -0.305, 0, 14.711, -70.263, 150.09, -26.087, -12.740, -12.880, 29.63, 0.13852, 0.57858, -0.04666, 0.80234,
 15:46:11.146,e3:ca:2d:fd:e0:8c, 2015-01-01 03:57:25.450, 0.958, 0.086, 0.333, 0.305, -0.122, 0, 14.722, -70.269, 150.084, -26.087, -12.740, -12.880, 29.63, 0.13852, 0.57858, -0.04666, 0.80234,
 15:46:11.146,ed:40:fe:65:30:6c, 2015-01-01 03:57:30.885, 0.555, 0.031, 0.836, -0.488, -0.305, -0.122, 2.016, -33.453, -118.603, -18.407, -6.493, -7.533, 28.54, 0.49393, -0.23846, -0.16162, -0.82031,
 15:46:11.146,ed:40:fe:65:30:6c, 2015-01-01 03:57:30.885, 0.556, 0.024, 0.84, -0.549, -0.366, 0.122, 2.005, -33.459, -118.63, -18.407, -6.493, -7.533, 28.54, 0.49393, -0.23846, -0.16162, -0.82031,
 15:46:11.147,f6:90:cc:01:6d:25, 2015-01-01 03:57:25.760, 0.915, 0.225, 0.298, -0.366, -0.183, 0, 37.645, -67.401, 150.667, -27.107, -15.020, -7.847, 32.33, 0.02548, 0.57651, 0.12692, 0.8067,
 15:46:11.147,f6:90:cc:01:6d:25, 2015-01-01 03:57:25.760, 0.913, 0.228, 0.294, -0.061, -0.366, -0.061, 37.645, -67.407, 150.65, -27.107, -15.020, -7.847, 32.33, 0.02548, 0.57651, 0.12692, 0.8067,
 15:46:11.149,ed:35:33:d3:6c:f8, 2015-01-01 03:57:25.755, 0.381, 0.001, 0.926, -1.038, -0.732, 0.366, 0.11, -22.198, 157.192, -11.087, -7.753, -35.187, 30.78, -0.19345, -0.18884, 0.03653, -0.96201,
 15:46:11.149,ed:35:33:d3:6c:f8, 2015-01-01 03:57:25.755, 0.379, 0, 0.922, -1.099, -0.916, 0.366, 0.088, -22.214, 157.198, -11.087, -7.753, -35.187, 30.78, -0.19345, -0.18884, 0.03653, -0.96201,
 15:46:11.169,ed:40:fe:65:30:6c, 2015-01-01 03:57:30.885, 0.556, 0.022, 0.839, -0.305, -0.427, 0.488, 1.994, -33.464, -118.636, -18.407, -6.493, -7.533, 28.54, 0.49393, -0.23846, -0.16162, -0.82031,
 15:46:11.169,ed:40:fe:65:30:6c, 2015-01-01 03:57:30.885, 0.554, 0.025, 0.836, -0.183, -0.488, 0.427, 1.983, -33.475, -118.641, -18.407, -6.493, -7.533, 28.54, 0.49393, -0.23846, -0.16162, -0.82031,
 15:46:11.193,f6:90:cc:01:6d:25, 2015-01-01 03:57:25.760, 0.911, 0.231, 0.297, 0.061, -0.366, 0, 37.656, -67.412, 150.628, -26.627, -15.040, -7.533, 32.33, 0.02548, 0.57651, 0.12692, 0.8067,
 15:46:11.193,f6:90:cc:01:6d:25, 2015-01-01 03:57:25.760, 0.91, 0.229, 0.299, 0.122, -0.488, 0, 37.667, -67.423, 150.606, -26.627, -15.040, -7.533, 32.33, 0.02548, 0.57651, 0.12692, 0.8067,
 15:46:11.193,ed:35:33:d3:6c:f8, 2015-01-01 03:57:25.755, 0.38, 0.001, 0.917, -1.343, -1.221, 0.122, 0.066, -22.236, 157.176, -11.087, -7.753, -35.187, 30.78, -0.19345, -0.18884, 0.03653, -0.96201,
 15:46:11.193,ed:35:33:d3:6c:f8, 2015-01-01 03:57:25.755, 0.378, 0.004, 0.916, -0.793, -0.671, 0, 0.044, -22.258, 157.154, -11.087, -7.753, -35.187, 30.78, -0.19345, -0.18884, 0.03653, -0.96201,
 15:46:11.214,e3:ca:2d:fd:e0:8c, 2015-01-01 03:57:25.450, 0.957, 0.086, 0.333, 0.244, 0, 0, 14.727, -70.269, 150.09, -25.773, -12.480, -12.020, 29.63, 0.13852, 0.57858, -0.04666, 0.80234,
 15:46:11.214,e3:ca:2d:fd:e0:8c, 2015-01-01 03:57:25.450, 0.957, 0.086, 0.333, 0.122, -0.061, 0, 14.727, -70.269, 150.09, -25.773, -12.480, -12.020, 29.63, 0.13852, 0.57858, -0.04666, 0.80234,
 15:46:11.214,ed:40:fe:65:30:6c, 2015-01-01 03:57:30.885, 0.554, 0.027, 0.834, -0.366, -0.305, 0.244, 1.972, -33.481, -118.641, -18.407, -6.493, -7.533, 28.54, 0.49393, -0.23846, -0.16162, -0.82031,
 15:46:11.214,ed:40:fe:65:30:6c, 2015-01-01 03:57:30.885, 0.552, 0.031, 0.834, -0.366, -0.183, 0.061, 1.967, -33.486, -118.63, -18.407, -6.493, -7.533, 28.54, 0.49393, -0.23846, -0.16162, -0.82031,
 15:46:11.236,e3:ca:2d:fd:e0:8c, 2015-01-01 03:57:25.450, 0.956, 0.087, 0.334, 0.122, -0.366, 0, 14.733, -70.269, 150.09, -25.773, -12.480, -12.020, 29.63, 0.13797, 0.57846, -0.04596, 0.80258,
 15:46:11.236,e3:ca:2d:fd:e0:8c, 2015-01-01 03:57:25.450, 0.957, 0.09, 0.336, -0.061, -0.366, 0, 14.738, -70.274, 150.084, -25.773, -12.480, -12.020, 29.63, 0.13797, 0.57846, -0.04596, 0.80258,
 15:46:11.238,f6:90:cc:01:6d:25, 2015-01-01 03:57:25.760, 0.908, 0.232, 0.299, 0, -0.671, 0, 37.683, -67.434, 150.584, -26.627, -15.040, -7.533, 32.33, 0.02548, 0.57651, 0.12692, 0.8067,
 15:46:11.238,f6:90:cc:01:6d:25, 2015-01-01 03:57:25.760, 0.909, 0.233, 0.3, -0.366, -0.854, 0, 37.705, -67.445, 150.557, -26.627, -15.040, -7.533, 32.33, 0.02548, 0.57651, 0.12692, 0.8067,
 15:46:11.239,ed:35:33:d3:6c:f8, 2015-01-01 03:57:25.755, 0.377, 0.007, 0.917, -0.305, -0.854, -0.061, 0.033, -22.275, 157.121, -10.533, -7.400, -34.867, 30.78, -0.19345, -0.18884, 0.03653, -0.96201,
 15:46:11.239,ed:35:33:d3:6c:f8, 2015-01-01 03:57:25.755, 0.379, 0, 0.918, -0.122, -0.916, 0, 0.033, -22.291, 157.099, -10.533, -7.400, -34.867, 30.78, -0.19345, -0.18884, 0.03653, -0.96201,
 15:46:11.258,ed:40:fe:65:30:6c, 2015-01-01 03:57:30.885, 0.551, 0.031, 0.835, -0.427, -0.244, 0, 1.956, -33.492, -118.63, -18.407, -6.493, -7.533, 28.54, 0.49393, -0.23846, -0.16162, -0.82031,
 15:46:11.258,ed:40:fe:65:30:6c, 2015-01-01 03:57:30.885, 0.553, 0.025, 0.836, -0.244, -0.244, -0.061, 1.95, -33.497, -118.63, -18.407, -6.493, -7.533, 28.54, 0.49393, -0.23846, -0.16162, -0.82031,
 15:46:11.260,f6:90:cc:01:6d:25, 2015-01-01 03:57:25.760, 0.912, 0.233, 0.303, -0.305, -0.793, 0, 37.722, -67.462, 150.518, -26.627, -15.040, -7.533, 32.33, 0.02646, 0.57635, 0.12643, 0.80685,
 15:46:11.260,f6:90:cc:01:6d:25, 2015-01-01 03:57:25.760, 0.914, 0.229, 0.299, 0.183, -0.549, 0, 37.738, -67.473, 150.491, -26.627, -15.040, -7.533, 32.33, 0.02646, 0.57635, 0.12643, 0.80685,
 15:46:11.282,e3:ca:2d:fd:e0:8c, 2015-01-01 03:57:25.450, 0.958, 0.09, 0.335, -0.183, -0.427, 0, 14.738, -70.285, 150.079, -25.773, -12.480, -12.020, 29.63, 0.13797, 0.57846, -0.04596, 0.80258,
 15:46:11.282,e3:ca:2d:fd:e0:8c, 2015-01-01 03:57:25.450, 0.96, 0.087, 0.335, -0.122, -0.244, 0, 14.738, -70.285, 150.079, -25.773, -12.480, -12.020, 29.63, 0.13797, 0.57846, -0.04596, 0.80258,
 15:46:11.284,ed:35:33:d3:6c:f8, 2015-01-01 03:57:25.755, 0.379, 0, 0.92, -0.183, -0.549, -0.061, 0.033, -22.308, 157.072, -10.533, -7.400, -34.867, 30.78, -0.19489, -0.18967, 0.03815, -0.96152,
 15:46:11.284,ed:35:33:d3:6c:f8, 2015-01-01 03:57:25.755, 0.378, 0.007, 0.923, 0, -0.366, -0.061, 0.033, -22.319, 157.05, -10.533, -7.400, -34.867, 30.78, -0.19489, -0.18967, 0.03815, -0.96152,
 15:46:11.303,e3:ca:2d:fd:e0:8c, 2015-01-01 03:57:25.785, 0.959, 0.085, 0.334, 0.122, -0.183, 0, 14.744, -70.291, 150.079, -25.773, -12.480, -12.020, 29.63, 0.13797, 0.57846, -0.04596, 0.80258,
 15:46:11.303,e3:ca:2d:fd:e0:8c, 2015-01-01 03:57:25.785, 0.961, 0.087, 0.332, 0.122, -0.122, 0, 14.744, -70.291, 150.079, -25.773, -12.480, -12.020, 29.63, 0.13797, 0.57846, -0.04596, 0.80258,
 15:46:11.305,f6:90:cc:01:6d:25, 2015-01-01 03:57:25.760, 0.913, 0.228, 0.298, 0.305, -0.427, 0, 37.755, -67.478, 150.469, -26.627, -15.040, -7.533, 32.33, 0.02646, 0.57635, 0.12643, 0.80685,
 15:46:11.305,f6:90:cc:01:6d:25, 2015-01-01 03:57:25.760, 0.912, 0.231, 0.297, 0.427, -0.549, 0, 37.776, -67.489, 150.447, -26.627, -15.040, -7.533, 32.33, 0.02646, 0.57635, 0.12643, 0.80685,
 15:46:11.306,ed:35:33:d3:6c:f8, 2015-01-01 03:57:26.045, 0.38, 0.005, 0.922, 0.183, -0.854, 0.061, 0.033, -22.33, 157.033, -10.533, -7.400, -34.867, 30.78, -0.19489, -0.18967, 0.03815, -0.96152,
 15:46:11.306,ed:35:33:d3:6c:f8, 2015-01-01 03:57:26.045, 0.384, 0, 0.921, 0.183, -1.099, 0.061, 0.038, -22.346, 157.011, -10.533, -7.400, -34.867, 30.78, -0.19489, -0.18967, 0.03815, -0.96152,
 15:46:11.325,ed:40:fe:65:30:6c, 2015-01-01 03:57:30.885, 0.554, 0.024, 0.838, 0, -0.305, -0.061, 1.95, -33.503, -118.636, -18.407, -6.493, -7.533, 28.54, 0.49393, -0.23846, -0.16162, -0.82031,
 15:46:11.325,ed:40:fe:65:30:6c, 2015-01-01 03:57:30.885, 0.552, 0.029, 0.839, 0.183, -0.244, 0.122, 1.95, -33.503, -118.641, -18.407, -6.493, -7.533, 28.54, 0.49393, -0.23846, -0.16162, -0.82031,
 15:46:11.348,ed:40:fe:65:30:6c, 2015-01-01 03:57:30.885, 0.554, 0.029, 0.84, 0.183, -0.244, 0.305, 1.95, -33.508, -118.647, -18.053, -6.440, -7.773, 28.54, 0.49393, -0.23846, -0.16162, -0.82031,
 15:46:11.348,ed:40:fe:65:30:6c, 2015-01-01 03:57:30.885, 0.557, 0.025, 0.836, 0.122, -0.305, 0.244, 1.95, -33.514, -118.663, -18.053, -6.440, -7.773, 28.54, 0.49393, -0.23846, -0.16162, -0.82031,
 15:46:11.349,e3:ca:2d:fd:e0:8c, 2015-01-01 03:57:25.785, 0.96, 0.088, 0.331, 0.122, -0.183, 0, 14.749, -70.291, 150.079, -25.773, -12.480, -12.020, 29.63, 0.13797, 0.57846, -0.04596, 0.80258,
 15:46:11.349,e3:ca:2d:fd:e0:8c, 2015-01-01 03:57:25.785, 0.96, 0.087, 0.33, 0.244, -0.122, 0, 14.755, -70.296, 150.073, -25.773, -12.480, -12.020, 29.63, 0.13797, 0.57846, -0.04596, 0.80258,
 15:46:11.349,f6:90:cc:01:6d:25, 2015-01-01 03:57:26.140, 0.912, 0.232, 0.296, 0.366, -0.61, 0, 37.798, -67.495, 150.419, -26.627, -15.040, -7.533, 32.33, 0.02646, 0.57635, 0.12643, 0.80685,
 15:46:11.349,f6:90:cc:01:6d:25, 2015-01-01 03:57:26.140, 0.914, 0.232, 0.292, 0.366, -0.427, 0, 37.82, -67.505, 150.397, -26.627, -15.040, -7.533, 32.33, 0.02646, 0.57635, 0.12643, 0.80685,
 15:46:11.351,ed:35:33:d3:6c:f8, 2015-01-01 03:57:26.045, 0.388, -0.001, 0.917, -0.305, -0.977, 0, 0.044, -22.368, 156.978, -10.533, -7.400, -34.867, 30.78, -0.19489, -0.18967, 0.03815, -0.96152,
 15:46:11.351,ed:35:33:d3:6c:f8, 2015-01-01 03:57:26.045, 0.385, 0.003, 0.923, 0.244, -1.099, -1.465, 0.044, -22.39, 156.923, -10.533, -7.400, -34.867, 30.78, -0.19489, -0.18967, 0.03815, -0.96152,
 15:46:11.372,f6:90:cc:01:6d:25, 2015-01-01 03:57:26.140, 0.914, 0.235, 0.293, 0.183, -0.427, 0, 37.837, -67.511, 150.375, -26.627, -15.040, -7.533, 32.33, 0.02646, 0.57635, 0.12643, 0.80685,
 15:46:11.372,f6:90:cc:01:6d:25, 2015-01-01 03:57:26.140, 0.916, 0.235, 0.296, 0.061, -0.488, 0, 37.853, -67.522, 150.353, -26.627, -15.040, -7.533, 32.33, 0.02646, 0.57635, 0.12643, 0.80685,
 15:46:11.393,ed:40:fe:65:30:6c, 2015-01-01 03:57:30.885, 0.557, 0.025, 0.833, 0, -0.427, 0, 1.95, -33.519, -118.691, -18.053, -6.440, -7.773, 28.54, 0.49393, -0.23846, -0.16162, -0.82031,
 15:46:11.393,ed:40:fe:65:30:6c, 2015-01-01 03:57:30.885, 0.558, 0.028, 0.836, -0.061, -0.549, -0.183, 1.95, -33.53, -118.718, -18.053, -6.440, -7.773, 28.54, 0.49393, -0.23846, -0.16162, -0.82031,
 15:46:11.395,e3:ca:2d:fd:e0:8c, 2015-01-01 03:57:25.785, 0.962, 0.087, 0.33, 0.244, -0.061, 0, 14.76, -70.296, 150.079, -25.773, -12.480, -12.020, 29.63, 0.13797, 0.57846, -0.04596, 0.80258,
 15:46:11.395,e3:ca:2d:fd:e0:8c, 2015-01-01 03:57:25.785, 0.96, 0.087, 0.333, 0.244, -0.122, 0, 14.766, -70.296, 150.079, -25.773, -12.480, -12.020, 29.63, 0.13797, 0.57846, -0.04596, 0.80258,
 15:46:11.396,ed:35:33:d3:6c:f8, 2015-01-01 03:57:26.045, 0.385, 0.004, 0.92, -0.366, -0.977, -0.244, 0.055, -22.412, 156.857, -10.533, -7.400, -34.867, 30.78, -0.19489, -0.18967, 0.03815, -0.96152,
 15:46:11.396,ed:35:33:d3:6c:f8, 2015-01-01 03:57:26.045, 0.383, 0.004, 0.921, -0.244, -1.709, -0.305, 0.055, -22.44, 156.808, -10.533, -7.400, -34.867, 30.78, -0.19489, -0.18967, 0.03815, -0.96152,
 15:46:11.416,ed:40:fe:65:30:6c, 2015-01-01 03:57:30.885, 0.556, 0.03, 0.837, -0.244, -0.549, -0.305, 1.95, -33.541, -118.746, -18.053, -6.440, -7.773, 28.54, 0.49194, -0.23993, -0.16098, -0.82123,
 15:46:11.416,ed:40:fe:65:30:6c, 2015-01-01 03:57:30.885, 0.558, 0.028, 0.838, -0.366, -0.671, -0.427, 1.945, -33.552, -118.773, -18.053, -6.440, -7.773, 28.54, 0.49194, -0.23993, -0.16098, -0.82123,
 15:46:11.418,f6:90:cc:01:6d:25, 2015-01-01 03:57:26.140, 0.916, 0.232, 0.298, 0.183, -0.427, 0, 37.875, -67.527, 150.337, -26.627, -15.040, -7.533, 32.33, 0.02646, 0.57635, 0.12643, 0.80685,
 15:46:11.418,f6:90:cc:01:6d:25, 2015-01-01 03:57:26.140, 0.915, 0.228, 0.295, 0.671, -0.244, 0, 37.892, -67.533, 150.32, -26.627, -15.040, -7.533, 32.33, 0.02646, 0.57635, 0.12643, 0.80685,
 15:46:11.439,e3:ca:2d:fd:e0:8c, 2015-01-01 03:57:25.785, 0.96, 0.088, 0.334, 0.244, -0.061, 0, 14.771, -70.302, 150.079, -25.773, -12.480, -12.020, 29.63, 0.13797, 0.57846, -0.04596, 0.80258,
 15:46:11.439,e3:ca:2d:fd:e0:8c, 2015-01-01 03:57:25.785, 0.958, 0.086, 0.334, 0.305, 0.061, 0, 14.777, -70.302, 150.079, -25.773, -12.480, -12.020, 29.63, 0.13797, 0.57846, -0.04596, 0.80258,
 15:46:11.444,ed:35:33:d3:6c:f8, 2015-01-01 03:57:26.045, 0.387, 0.004, 0.919, -0.122, -1.77, -0.122, 0.055, -22.473, 156.797, -10.533, -7.400, -34.867, 30.78, -0.19489, -0.18967, 0.03815, -0.96152,
 15:46:11.444,ed:35:33:d3:6c:f8, 2015-01-01 03:57:26.045, 0.383, 0.007, 0.914, -0.488, -1.282, -0.061, 0.055, -22.505, 156.791, -10.533, -7.400, -34.867, 30.78, -0.19489, -0.18967, 0.03815, -0.96152,
 15:46:11.462,ed:40:fe:65:30:6c, 2015-01-01 03:57:30.885, 0.558, 0.024, 0.834, -0.244, -0.549, -0.183, 1.945, -33.563, -118.79, -18.053, -6.440, -7.773, 28.54, 0.49194, -0.23993, -0.16098, -0.82123,
 15:46:11.462,ed:40:fe:65:30:6c, 2015-01-01 03:57:30.885, 0.554, 0.028, 0.833, -0.183, -0.427, 0.061, 1.939, -33.574, -118.801, -18.053, -6.440, -7.773, 28.54, 0.49194, -0.23993, -0.16098, -0.82123,
 15:46:11.462,e3:ca:2d:fd:e0:8c, 2015-01-01 03:57:25.785, 0.958, 0.085, 0.333, 0.183, 0.244, 0, 14.782, -70.296, 150.084, -25.773, -12.480, -12.020, 29.63, 0.13797, 0.57846, -0.04596, 0.80258,
 15:46:11.462,e3:ca:2d:fd:e0:8c, 2015-01-01 03:57:25.785, 0.958, 0.086, 0.333, 0.061, 0.122, 0, 14.777, -70.291, 150.09, -25.773, -12.480, -12.020, 29.63, 0.13797, 0.57846, -0.04596, 0.80258,
 15:46:11.466,f6:90:cc:01:6d:25, 2015-01-01 03:57:26.140, 0.912, 0.228, 0.293, 0.977, -0.122, 0, 37.919, -67.538, 150.304, -26.627, -15.040, -7.533, 32.33, 0.02646, 0.57635, 0.12643, 0.80685,
 15:46:11.466,f6:90:cc:01:6d:25, 2015-01-01 03:57:26.140, 0.912, 0.231, 0.296, 0.916, -0.244, 0, 37.941, -67.544, 150.293, -26.627, -15.040, -7.533, 32.33, 0.02646, 0.57635, 0.12643, 0.80685,
 15:46:11.482,ed:40:fe:65:30:6c, 2015-01-01 03:57:31.220, 0.555, 0.027, 0.835, -0.183, -0.305, 0.183, 1.934, -33.58, -118.801, -18.053, -6.440, -7.773, 28.54, 0.49194, -0.23993, -0.16098, -0.82123,
 15:46:11.482,ed:40:fe:65:30:6c, 2015-01-01 03:57:31.220, 0.552, 0.023, 0.834, -0.122, -0.183, -0.061, 1.928, -33.585, -118.801, -18.053, -6.440, -7.773, 28.54, 0.49194, -0.23993, -0.16098, -0.82123,
 15:46:11.486,ed:35:33:d3:6c:f8, 2015-01-01 03:57:26.045, 0.38, 0.002, 0.915, -0.549, -0.854, 0.061, 0.044, -22.533, 156.791, -10.533, -7.400, -34.867, 30.78, -0.19489, -0.18967, 0.03815, -0.96152,
 15:46:11.486,ed:35:33:d3:6c:f8, 2015-01-01 03:57:26.045, 0.385, -0.003, 0.916, -0.61, -2.136, -0.305, 0.038, -22.555, 156.819, -10.533, -7.400, -34.867, 30.78, -0.19489, -0.18967, 0.03815, -0.96152,
 15:46:11.507,e3:ca:2d:fd:e0:8c, 2015-01-01 03:57:25.785, 0.957, 0.086, 0.334, 0, 0, 0, 14.777, -70.291, 150.09, -25.773, -12.480, -12.020, 29.63, 0.13797, 0.57846, -0.04596, 0.80258,
 15:46:11.507,e3:ca:2d:fd:e0:8c, 2015-01-01 03:57:25.785, 0.958, 0.085, 0.334, 0, -0.061, 0, 14.777, -70.291, 150.09, -25.773, -12.480, -12.020, 29.63, 0.13797, 0.57846, -0.04596, 0.80258,
 15:46:11.509,f6:90:cc:01:6d:25, 2015-01-01 03:57:26.140, 0.911, 0.231, 0.297, 0.671, -0.427, 0, 37.969, -67.549, 150.276, -26.627, -15.040, -7.533, 32.33, 0.02646, 0.57635, 0.12643, 0.80685,
 15:46:11.509,f6:90:cc:01:6d:25, 2015-01-01 03:57:26.140, 0.913, 0.229, 0.296, 0.793, -0.366, 0, 37.991, -67.555, 150.26, -26.627, -15.040, -7.533, 32.33, 0.02646, 0.57635, 0.12643, 0.80685,
 15:46:11.509,ed:35:33:d3:6c:f8, 2015-01-01 03:57:26.045, 0.372, -0.002, 0.917, -0.366, -1.587, 0, 0.027, -22.599, 156.857, -11.360, -7.547, -34.500, 30.78, -0.19489, -0.18967, 0.03815, -0.96152,
 15:46:11.509,ed:35:33:d3:6c:f8, 2015-01-01 03:57:26.045, 0.397, 0.003, 0.919, -0.916, -1.16, -0.977, 0.022, -22.626, 156.89, -11.360, -7.547, -34.500, 30.78, -0.19489, -0.18967, 0.03815, -0.96152,
 15:46:11.529,ed:40:fe:65:30:6c, 2015-01-01 03:57:31.220, 0.554, 0.022, 0.837, 0, -0.061, -0.183, 1.928, -33.585, -118.806, -18.053, -6.440, -7.773, 28.54, 0.49194, -0.23993, -0.16098, -0.82123,
 15:46:11.529,ed:40:fe:65:30:6c, 2015-01-01 03:57:31.220, 0.554, 0.027, 0.835, 0, 0, -0.244, 1.934, -33.585, -118.812, -18.053, -6.440, -7.773, 28.54, 0.49194, -0.23993, -0.16098, -0.82123,
 15:46:11.554,ed:35:33:d3:6c:f8, 2015-01-01 03:57:26.045, 0.385, 0.006, 0.917, -0.244, -0.305, -0.122, 0.016, -22.648, 156.907, -11.360, -7.547, -34.500, 30.78, -0.19489, -0.18967, 0.03815, -0.96152,
 15:46:11.554,ed:35:33:d3:6c:f8, 2015-01-01 03:57:26.045, 0.385, 0.005, 0.918, -0.61, -0.244, -0.122, 0.011, -22.654, 156.912, -11.360, -7.547, -34.500, 30.78, -0.19489, -0.18967, 0.03815, -0.96152,
 15:46:11.572,ed:40:fe:65:30:6c, 2015-01-01 03:57:31.220, 0.556, 0.029, 0.837, 0, 0, -0.122, 1.934, -33.585, -118.812, -18.053, -6.440, -7.773, 28.54, 0.49194, -0.23993, -0.16098, -0.82123,
 15:46:11.572,ed:40:fe:65:30:6c, 2015-01-01 03:57:31.220, 0.554, 0.028, 0.835, 0, 0.061, 0, 1.928, -33.585, -118.812, -18.053, -6.440, -7.773, 28.54, 0.49194, -0.23993, -0.16098, -0.82123,
 15:46:11.575,f6:90:cc:01:6d:25, 2015-01-01 03:57:26.140, 0.913, 0.228, 0.295, 0.61, -0.183, 0, 38.013, -67.56, 150.244, -26.667, -14.827, -7.867, 32.33, 0.02646, 0.57635, 0.12643, 0.80685,
 15:46:11.575,f6:90:cc:01:6d:25, 2015-01-01 03:57:26.140, 0.914, 0.23, 0.295, 0.427, -0.061, 0, 38.024, -67.566, 150.233, -26.667, -14.827, -7.867, 32.33, 0.02646, 0.57635, 0.12643, 0.80685,
 15:46:11.596,e3:ca:2d:fd:e0:8c, 2015-01-01 03:57:25.785, 0.959, 0.085, 0.335, 0, -0.183, 0, 14.777, -70.296, 150.09, -26.160, -12.820, -12.787, 29.63, 0.13797, 0.57846, -0.04596, 0.80258,
 15:46:11.596,e3:ca:2d:fd:e0:8c, 2015-01-01 03:57:25.785, 0.958, 0.086, 0.333, 0, -0.183, 0, 14.777, -70.296, 150.09, -26.160, -12.820, -12.787, 29.63, 0.13797, 0.57846, -0.04596, 0.80258,
 15:46:11.598,f6:90:cc:01:6d:25, 2015-01-01 03:57:26.140, 0.912, 0.23, 0.296, 0.305, 0.061, 0, 38.029, -67.566, 150.227, -26.667, -14.827, -7.867, 32.33, 0.02673, 0.57761, 0.12668, 0.80591,
 15:46:11.598,f6:90:cc:01:6d:25, 2015-01-01 03:57:26.140, 0.91, 0.232, 0.296, 0.427, 0.061, 0, 38.035, -67.566, 150.227, -26.667, -14.827, -7.867, 32.33, 0.02673, 0.57761, 0.12668, 0.80591,
 15:46:11.600,ed:35:33:d3:6c:f8, 2015-01-01 03:57:26.045, 0.383, 0.005, 0.916, -0.122, 0, 0, 0.005, -22.659, 156.907, -11.360, -7.547, -34.500, 30.78, -0.19617, -0.19241, 0.03915, -0.96066,
 15:46:11.600,ed:35:33:d3:6c:f8, 2015-01-01 03:57:26.045, 0.383, 0.002, 0.917, 0.122, 0.061, 0.061, 0.005, -22.659, 156.896, -11.360, -7.547, -34.500, 30.78, -0.19617, -0.19241, 0.03915, -0.96066,
 15:46:11.618,ed:40:fe:65:30:6c, 2015-01-01 03:57:31.220, 0.552, 0.029, 0.836, 0.183, 0.183, 0, 1.934, -33.58, -118.817, -18.053, -6.440, -7.773, 28.54, 0.49194, -0.23993, -0.16098, -0.82123,
 15:46:11.618,ed:40:fe:65:30:6c, 2015-01-01 03:57:31.220, 0.553, 0.027, 0.836, 0.244, 0.183, 0, 1.939, -33.574, -118.834, -18.053, -6.440, -7.773, 28.54, 0.49194, -0.23993, -0.16098, -0.82123,
 15:46:11.621,e3:ca:2d:fd:e0:8c, 2015-01-01 03:57:25.785, 0.958, 0.088, 0.334, 0, -0.183, 0, 14.771, -70.302, 150.09, -26.160, -12.820, -12.787, 29.63, 0.1377, 0.5787, -0.04575, 0.80246,
 15:46:11.621,e3:ca:2d:fd:e0:8c, 2015-01-01 03:57:25.785, 0.958, 0.088, 0.333, 0, -0.122, 0, 14.771, -70.302, 150.09, -26.160, -12.820, -12.787, 29.63, 0.1377, 0.5787, -0.04575, 0.80246,
 15:46:11.642,f6:90:cc:01:6d:25, 2015-01-01 03:57:26.140, 0.91, 0.231, 0.294, 0.427, 0, 0, 38.04, -67.566, 150.222, -26.667, -14.827, -7.867, 32.33, 0.02673, 0.57761, 0.12668, 0.80591,
 15:46:11.642,f6:90:cc:01:6d:25, 2015-01-01 03:57:26.140, 0.912, 0.231, 0.295, 0.244, 0, 0, 38.046, -67.566, 150.216, -26.667, -14.827, -7.867, 32.33, 0.02673, 0.57761, 0.12668, 0.80591,
 15:46:11.644,ed:35:33:d3:6c:f8, 2015-01-01 03:57:26.355, 0.385, 0.006, 0.918, 0.061, 0.122, 0, 0.005, -22.659, 156.907, -11.360, -7.547, -34.500, 30.78, -0.19617, -0.19241, 0.03915, -0.96066,
 15:46:11.644,ed:35:33:d3:6c:f8, 2015-01-01 03:57:26.355, 0.388, 0.007, 0.917, 0, 0.061, 0.061, 0.011, -22.654, 156.912, -11.360, -7.547, -34.500, 30.78, -0.19617, -0.19241, 0.03915, -0.96066,
 15:46:11.665,f6:90:cc:01:6d:25, 2015-01-01 03:57:26.475, 0.913, 0.232, 0.293, 0.244, 0.061, 0, 38.051, -67.566, 150.211, -26.667, -14.827, -7.867, 32.33, 0.02673, 0.57761, 0.12668, 0.80591,
 15:46:11.665,f6:90:cc:01:6d:25, 2015-01-01 03:57:26.475, 0.913, 0.234, 0.293, 0.061, 0.122, 0, 38.051, -67.566, 150.211, -26.667, -14.827, -7.867, 32.33, 0.02673, 0.57761, 0.12668, 0.80591,
 15:46:11.665,e3:ca:2d:fd:e0:8c, 2015-01-01 03:57:25.785, 0.958, 0.088, 0.333, 0, -0.183, 0, 14.777, -70.302, 150.084, -26.160, -12.820, -12.787, 29.63, 0.1377, 0.5787, -0.04575, 0.80246,
 15:46:11.665,e3:ca:2d:fd:e0:8c, 2015-01-01 03:57:25.785, 0.959, 0.087, 0.333, -0.061, -0.244, 0, 14.777, -70.307, 150.084, -26.160, -12.820, -12.787, 29.63, 0.1377, 0.5787, -0.04575, 0.80246,
 15:46:11.685,ed:40:fe:65:30:6c, 2015-01-01 03:57:31.220, 0.555, 0.03, 0.836, 0.305, 0.122, 0.061, 1.939, -33.574, -118.845, -18.053, -6.440, -7.773, 28.54, 0.49194, -0.23993, -0.16098, -0.82123,
 15:46:11.685,ed:40:fe:65:30:6c, 2015-01-01 03:57:31.220, 0.557, 0.031, 0.835, 0.244, 0.122, 0.183, 1.945, -33.569, -118.85, -18.053, -6.440, -7.773, 28.54, 0.49194, -0.23993, -0.16098, -0.82123,
 15:46:11.685,e3:ca:2d:fd:e0:8c, 2015-01-01 03:57:26.165, 0.96, 0.088, 0.333, -0.122, -0.183, 0, 14.777, -70.307, 150.084, -26.160, -12.820, -12.787, 29.63, 0.1377, 0.5787, -0.04575, 0.80246,
 15:46:11.685,e3:ca:2d:fd:e0:8c, 2015-01-01 03:57:26.165, 0.96, 0.087, 0.332, -0.061, -0.122, 0, 14.777, -70.312, 150.084, -26.160, -12.820, -12.787, 29.63, 0.1377, 0.5787, -0.04575, 0.80246,
 15:46:11.690,ed:35:33:d3:6c:f8, 2015-01-01 03:57:26.355, 0.387, 0.001, 0.917, -0.061, 0.183, 0.122, 0.011, -22.654, 156.912, -11.360, -7.547, -34.500, 30.78, -0.19617, -0.19241, 0.03915, -0.96066,
 15:46:11.690,ed:35:33:d3:6c:f8, 2015-01-01 03:57:26.355, 0.387, 0.001, 0.917, -0.183, 0.061, 0.061, 0.011, -22.654, 156.879, -11.360, -7.547, -34.500, 30.78, -0.19617, -0.19241, 0.03915, -0.96066,
 15:46:11.707,ed:40:fe:65:30:6c, 2015-01-01 03:57:31.220, 0.557, 0.026, 0.835, 0.244, 0.183, 0.122, 1.945, -33.563, -118.85, -18.287, -6.447, -7.473, 28.54, 0.49194, -0.23993, -0.16098, -0.82123,
 15:46:11.707,ed:40:fe:65:30:6c, 2015-01-01 03:57:31.220, 0.556, 0.027, 0.835, 0.244, 0.122, 0, 1.95, -33.563, -118.861, -18.287, -6.447, -7.473, 28.54, 0.49194, -0.23993, -0.16098, -0.82123,
 15:46:11.708,e3:ca:2d:fd:e0:8c, 2015-01-01 03:57:26.165, 0.96, 0.088, 0.332, -0.122, -0.061, 0, 14.771, -70.312, 150.084, -26.160, -12.820, -12.787, 29.63, 0.1377, 0.5787, -0.04575, 0.80246,
 15:46:11.708,e3:ca:2d:fd:e0:8c, 2015-01-01 03:57:26.165, 0.96, 0.087, 0.332, -0.061, -0.122, 0, 14.771, -70.312, 150.084, -26.160, -12.820, -12.787, 29.63, 0.1377, 0.5787, -0.04575, 0.80246,
 15:46:11.710,f6:90:cc:01:6d:25, 2015-01-01 03:57:26.475, 0.914, 0.233, 0.294, 0.061, 0.244, 0, 38.051, -67.566, 150.211, -26.667, -14.827, -7.867, 32.33, 0.02673, 0.57761, 0.12668, 0.80591,
 15:46:11.710,f6:90:cc:01:6d:25, 2015-01-01 03:57:26.475, 0.914, 0.232, 0.295, 0, 0.244, 0, 38.046, -67.56, 150.211, -26.667, -14.827, -7.867, 32.33, 0.02673, 0.57761, 0.12668, 0.80591,
 15:46:11.712,ed:35:33:d3:6c:f8, 2015-01-01 03:57:26.355, 0.385, 0.002, 0.917, 0.183, 0.061, 0, 0.016, -22.654, 156.841, -11.360, -7.547, -34.500, 30.78, -0.19617, -0.19241, 0.03915, -0.96066,
 15:46:11.712,ed:35:33:d3:6c:f8, 2015-01-01 03:57:26.355, 0.384, 0.005, 0.918, 0.244, 0.061, 0.061, 0.022, -22.654, 156.819, -11.360, -7.547, -34.500, 30.78, -0.19617, -0.19241, 0.03915, -0.96066,
 15:46:11.732,f6:90:cc:01:6d:25, 2015-01-01 03:57:26.475, 0.913, 0.23, 0.295, 0.244, 0.183, 0, 38.04, -67.56, 150.216, -26.667, -14.827, -7.867, 32.33, 0.02673, 0.57761, 0.12668, 0.80591,
 15:46:11.732,f6:90:cc:01:6d:25, 2015-01-01 03:57:26.475, 0.911, 0.229, 0.293, 0.61, 0.305, 0, 38.046, -67.555, 150.216, -26.667, -14.827, -7.867, 32.33, 0.02673, 0.57761, 0.12668, 0.80591,
 15:46:11.754,e3:ca:2d:fd:e0:8c, 2015-01-01 03:57:26.165, 0.959, 0.086, 0.332, -0.061, -0.122, 0, 14.771, -70.312, 150.084, -26.160, -12.820, -12.787, 29.63, 0.1377, 0.5787, -0.04575, 0.80246,
 15:46:11.754,e3:ca:2d:fd:e0:8c, 2015-01-01 03:57:26.165, 0.958, 0.086, 0.333, 0, 0, 0, 14.771, -70.312, 150.084, -26.160, -12.820, -12.787, 29.63, 0.1377, 0.5787, -0.04575, 0.80246,
 15:46:11.754,ed:40:fe:65:30:6c, 2015-01-01 03:57:31.220, 0.556, 0.027, 0.836, 0.366, 0.061, -0.122, 1.961, -33.563, -118.867, -18.287, -6.447, -7.473, 28.54, 0.49194, -0.23993, -0.16098, -0.82123,
 15:46:11.754,ed:40:fe:65:30:6c, 2015-01-01 03:57:31.220, 0.555, 0.028, 0.838, 0.427, 0.122, -0.061, 1.967, -33.558, -118.878, -18.287, -6.447, -7.473, 28.54, 0.49194, -0.23993, -0.16098, -0.82123,
 15:46:11.756,ed:35:33:d3:6c:f8, 2015-01-01 03:57:26.355, 0.383, 0.006, 0.918, 0.244, 0.122, 0.183, 0.027, -22.654, 156.808, -11.360, -7.547, -34.500, 30.78, -0.19617, -0.19241, 0.03915, -0.96066,
 15:46:11.756,ed:35:33:d3:6c:f8, 2015-01-01 03:57:26.355, 0.386, 0.004, 0.915, -0.183, 0, 0.244, 0.027, -22.654, 156.813, -11.360, -7.547, -34.500, 30.78, -0.19617, -0.19241, 0.03915, -0.96066,
 15:46:11.776,ed:40:fe:65:30:6c, 2015-01-01 03:57:31.220, 0.552, 0.028, 0.834, 0.488, 0.244, 0.122, 1.978, -33.558, -118.878, -18.287, -6.447, -7.473, 28.54, 0.49097, -0.24014, -0.16095, -0.82175,
 15:46:11.776,ed:40:fe:65:30:6c, 2015-01-01 03:57:31.220, 0.554, 0.028, 0.834, 0.366, 0.244, 0.305, 1.978, -33.552, -118.878, -18.287, -6.447, -7.473, 28.54, 0.49097, -0.24014, -0.16095, -0.82175,
 15:46:11.777,f6:90:cc:01:6d:25, 2015-01-01 03:57:26.475, 0.911, 0.229, 0.294, 0.488, 0.366, 0, 38.046, -67.549, 150.222, -26.667, -14.827, -7.867, 32.33, 0.02673, 0.57761, 0.12668, 0.80591,
 15:46:11.777,f6:90:cc:01:6d:25, 2015-01-01 03:57:26.475, 0.916, 0.231, 0.293, 0.122, 0.183, 0, 38.046, -67.549, 150.227, -26.667, -14.827, -7.867, 32.33, 0.02673, 0.57761, 0.12668, 0.80591,
 15:46:11.798,e3:ca:2d:fd:e0:8c, 2015-01-01 03:57:26.165, 0.958, 0.085, 0.333, 0.122, 0, 0, 14.771, -70.312, 150.084, -26.160, -12.820, -12.787, 29.63, 0.1377, 0.5787, -0.04575, 0.80246,
 15:46:11.798,e3:ca:2d:fd:e0:8c, 2015-01-01 03:57:26.165, 0.96, 0.086, 0.333, 0, 0, 0, 14.771, -70.312, 150.09, -26.160, -12.820, -12.787, 29.63, 0.1377, 0.5787, -0.04575, 0.80246,
 15:46:11.802,ed:35:33:d3:6c:f8, 2015-01-01 03:57:26.355, 0.386, 0, 0.916, -0.122, 0.244, 0.244, 0.027, -22.654, 156.824, -11.360, -7.547, -34.500, 30.78, -0.19617, -0.19241, 0.03915, -0.96066,
 15:46:11.802,ed:35:33:d3:6c:f8, 2015-01-01 03:57:26.355, 0.386, 0, 0.92, -0.122, 0, 0.183, 0.027, -22.654, 156.819, -11.360, -7.547, -34.500, 30.78, -0.19617, -0.19241, 0.03915, -0.96066,
 15:46:11.821,ed:40:fe:65:30:6c, 2015-01-01 03:57:31.220, 0.555, 0.027, 0.836, 0.366, 0.366, 0.244, 1.983, -33.541, -118.878, -18.287, -6.447, -7.473, 28.54, 0.49097, -0.24014, -0.16095, -0.82175,
 15:46:11.821,ed:40:fe:65:30:6c, 2015-01-01 03:57:31.220, 0.555, 0.025, 0.84, 0.366, 0.244, 0.061, 1.989, -33.541, -118.883, -18.287, -6.447, -7.473, 28.54, 0.49097, -0.24014, -0.16095, -0.82175,
 15:46:11.821,e3:ca:2d:fd:e0:8c, 2015-01-01 03:57:26.165, 0.96, 0.087, 0.335, -0.061, -0.183, 0, 14.771, -70.318, 150.084, -26.160, -12.820, -12.787, 29.63, 0.1377, 0.5787, -0.04575, 0.80246,
 15:46:11.822,e3:ca:2d:fd:e0:8c, 2015-01-01 03:57:26.165, 0.958, 0.087, 0.333, -0.061, -0.061, 0, 14.766, -70.318, 150.09, -26.160, -12.820, -12.787, 29.63, 0.1377, 0.5787, -0.04575, 0.80246,
 15:46:11.846,f6:90:cc:01:6d:25, 2015-01-01 03:57:26.475, 0.915, 0.232, 0.298, -0.061, 0.061, 0, 38.04, -67.549, 150.222, -26.667, -14.827, -7.867, 32.33, 0.02673, 0.57761, 0.12668, 0.80591,
 15:46:11.846,f6:90:cc:01:6d:25, 2015-01-01 03:57:26.475, 0.912, 0.232, 0.296, -0.061, 0.183, 0, 38.04, -67.549, 150.222, -26.667, -14.827, -7.867, 32.33, 0.02673, 0.57761, 0.12668, 0.80591,
 15:46:11.846,ed:35:33:d3:6c:f8, 2015-01-01 03:57:26.355, 0.372, -0.001, 0.921, 0.427, -0.061, 0.305, 0.027, -22.654, 156.824, -10.893, -7.867, -34.633, 30.78, -0.19617, -0.19241, 0.03915, -0.96066,
 15:46:11.846,ed:35:33:d3:6c:f8, 2015-01-01 03:57:26.355, 0.385, 0.009, 0.922, -0.671, -0.793, -0.916, 0.027, -22.659, 156.813, -10.893, -7.867, -34.633, 30.78, -0.19617, -0.19241, 0.03915, -0.96066,
 15:46:11.865,ed:40:fe:65:30:6c, 2015-01-01 03:57:31.580, 0.554, 0.024, 0.838, 0.488, 0.305, -0.122, 1.994, -33.53, -118.889, -18.287, -6.447, -7.473, 28.54, 0.49097, -0.24014, -0.16095, -0.82175,
 15:46:11.865,ed:40:fe:65:30:6c, 2015-01-01 03:57:31.580, 0.552, 0.028, 0.837, 0.427, 0.122, -0.122, 2.005, -33.53, -118.9, -18.287, -6.447, -7.473, 28.54, 0.49097, -0.24014, -0.16095, -0.82175,
 15:46:11.869,f6:90:cc:01:6d:25, 2015-01-01 03:57:26.475, 0.912, 0.23, 0.294, -0.061, 0.244, 0, 38.029, -67.544, 150.227, -27.087, -14.440, -8.300, 32.33, 0.02673, 0.57761, 0.12668, 0.80591,
 15:46:11.869,f6:90:cc:01:6d:25, 2015-01-01 03:57:26.475, 0.91, 0.23, 0.296, -0.061, 0.305, 0, 38.024, -67.544, 150.233, -27.087, -14.440, -8.300, 32.33, 0.02673, 0.57761, 0.12668, 0.80591,
 15:46:11.888,ed:40:fe:65:30:6c, 2015-01-01 03:57:31.580, 0.55, 0.032, 0.837, 0.122, 0.061, -0.061, 2.005, -33.53, -118.905, -18.287, -6.447, -7.473, 28.54, 0.49097, -0.24014, -0.16095, -0.82175,
 15:46:11.888,ed:40:fe:65:30:6c, 2015-01-01 03:57:31.580, 0.551, 0.03, 0.837, 0, 0.183, 0, 2.005, -33.525, -118.911, -18.287, -6.447, -7.473, 28.54, 0.49097, -0.24014, -0.16095, -0.82175,
 15:46:11.889,e3:ca:2d:fd:e0:8c, 2015-01-01 03:57:26.165, 0.959, 0.085, 0.333, 0, 0.061, 0, 14.766, -70.318, 150.09, -26.160, -12.820, -12.787, 29.63, 0.1377, 0.5787, -0.04575, 0.80246,
 15:46:11.889,e3:ca:2d:fd:e0:8c, 2015-01-01 03:57:26.165, 0.958, 0.086, 0.332, 0, 0.122, 0, 14.76, -70.312, 150.09, -26.160, -12.820, -12.787, 29.63, 0.1377, 0.5787, -0.04575, 0.80246,
 15:46:11.891,ed:35:33:d3:6c:f8, 2015-01-01 03:57:26.355, 0.383, 0.003, 0.919, -0.244, -0.366, 0, 0.027, -22.676, 156.808, -10.893, -7.867, -34.633, 30.78, -0.19699, -0.19263, 0.03925, -0.96045,
 15:46:11.891,ed:35:33:d3:6c:f8, 2015-01-01 03:57:26.355, 0.383, 0.003, 0.917, -0.366, -0.183, -0.183, 0.022, -22.681, 156.813, -10.893, -7.867, -34.633, 30.78, -0.19699, -0.19263, 0.03925, -0.96045,
 15:46:11.911,e3:ca:2d:fd:e0:8c, 2015-01-01 03:57:26.165, 0.958, 0.086, 0.332, 0, 0, 0, 14.76, -70.312, 150.095, -26.427, -12.660, -12.813, 29.63, 0.1377, 0.5787, -0.04575, 0.80246,
 15:46:11.911,e3:ca:2d:fd:e0:8c, 2015-01-01 03:57:26.165, 0.957, 0.087, 0.333, 0, -0.122, 0, 14.76, -70.312, 150.095, -26.427, -12.660, -12.813, 29.63, 0.1377, 0.5787, -0.04575, 0.80246,
 15:46:11.913,f6:90:cc:01:6d:25, 2015-01-01 03:57:26.475, 0.91, 0.23, 0.295, 0, 0.183, 0, 38.013, -67.544, 150.233, -27.087, -14.440, -8.300, 32.33, 0.02673, 0.57761, 0.12668, 0.80591,
 15:46:11.913,f6:90:cc:01:6d:25, 2015-01-01 03:57:26.475, 0.912, 0.23, 0.296, 0, -0.061, 0, 38.013, -67.544, 150.227, -27.087, -14.440, -8.300, 32.33, 0.02673, 0.57761, 0.12668, 0.80591,
 15:46:11.914,ed:35:33:d3:6c:f8, 2015-01-01 03:57:26.645, 0.382, 0.001, 0.918, -0.427, 0.061, -0.122, 0.016, -22.681, 156.824, -10.893, -7.867, -34.633, 30.78, -0.19699, -0.19263, 0.03925, -0.96045,
 15:46:11.914,ed:35:33:d3:6c:f8, 2015-01-01 03:57:26.645, 0.383, 0.004, 0.919, -0.366, 0.122, -0.061, 0.011, -22.681, 156.841, -10.893, -7.867, -34.633, 30.78, -0.19699, -0.19263, 0.03925, -0.96045,
 15:46:11.933,ed:40:fe:65:30:6c, 2015-01-01 03:57:31.580, 0.551, 0.027, 0.838, -0.061, 0.122, -0.061, 2.005, -33.519, -118.922, -18.287, -6.447, -7.473, 28.54, 0.49097, -0.24014, -0.16095, -0.82175,
 15:46:11.933,ed:40:fe:65:30:6c, 2015-01-01 03:57:31.580, 0.551, 0.028, 0.839, 0.061, 0.061, 0, 2.005, -33.519, -118.927, -18.287, -6.447, -7.473, 28.54, 0.49097, -0.24014, -0.16095, -0.82175,
 15:46:11.935,f6:90:cc:01:6d:25, 2015-01-01 03:57:26.475, 0.912, 0.23, 0.296, 0, -0.122, 0, 38.018, -67.544, 150.222, -27.087, -14.440, -8.300, 32.33, 0.02689, 0.57745, 0.12665, 0.80603,
 15:46:11.935,f6:90:cc:01:6d:25, 2015-01-01 03:57:26.475, 0.913, 0.23, 0.299, 0.061, -0.244, 0, 38.024, -67.549, 150.211, -27.087, -14.440, -8.300, 32.33, 0.02689, 0.57745, 0.12665, 0.80603,
 15:46:11.957,e3:ca:2d:fd:e0:8c, 2015-01-01 03:57:26.165, 0.958, 0.086, 0.334, 0, -0.305, 0, 14.76, -70.318, 150.09, -26.427, -12.660, -12.813, 29.63, 0.1377, 0.5787, -0.04575, 0.80246,
 15:46:11.957,e3:ca:2d:fd:e0:8c, 2015-01-01 03:57:26.165, 0.958, 0.087, 0.336, 0.061, -0.366, 0, 14.766, -70.323, 150.09, -26.427, -12.660, -12.813, 29.63, 0.1377, 0.5787, -0.04575, 0.80246,
 15:46:11.959,ed:35:33:d3:6c:f8, 2015-01-01 03:57:26.645, 0.384, 0.005, 0.919, -0.366, 0, 0, 0.011, -22.676, 156.857, -10.893, -7.867, -34.633, 30.78, -0.19699, -0.19263, 0.03925, -0.96045,
 15:46:11.959,ed:35:33:d3:6c:f8, 2015-01-01 03:57:26.645, 0.385, 0.002, 0.918, -0.305, 0, 0.061, 0.005, -22.676, 156.885, -10.893, -7.867, -34.633, 30.78, -0.19699, -0.19263, 0.03925, -0.96045,
 15:46:11.977,ed:40:fe:65:30:6c, 2015-01-01 03:57:31.580, 0.552, 0.031, 0.839, 0.061, 0, 0.122, 2.005, -33.514, -118.927, -18.287, -6.447, -7.473, 28.54, 0.49097, -0.24014, -0.16095, -0.82175,
 15:46:11.977,ed:40:fe:65:30:6c, 2015-01-01 03:57:31.580, 0.553, 0.03, 0.839, 0.061, 0.061, 0.061, 2.005, -33.514, -118.932, -18.287, -6.447, -7.473, 28.54, 0.49097, -0.24014, -0.16095, -0.82175,
 15:46:11.982,f6:90:cc:01:6d:25, 2015-01-01 03:57:26.475, 0.912, 0.231, 0.298, 0.061, -0.122, 0, 38.029, -67.555, 150.2, -27.087, -14.440, -8.300, 32.33, 0.02689, 0.57745, 0.12665, 0.80603,
 15:46:11.982,f6:90:cc:01:6d:25, 2015-01-01 03:57:26.475, 0.911, 0.232, 0.297, -0.061, -0.183, 0, 38.029, -67.555, 150.189, -27.087, -14.440, -8.300, 32.33, 0.02689, 0.57745, 0.12665, 0.80603,
 15:46:12.005,ed:35:33:d3:6c:f8, 2015-01-01 03:57:26.645, 0.383, 0.002, 0.919, -0.183, -0.061, 0, 0, -22.676, 156.896, -10.893, -7.867, -34.633, 30.78, -0.19699, -0.19263, 0.03925, -0.96045,
 15:46:12.005,ed:35:33:d3:6c:f8, 2015-01-01 03:57:26.645, 0.388, 0.004, 0.918, -0.305, -0.061, -0.061, 0, -22.676, 156.901, -10.893, -7.867, -34.633, 30.78, -0.19699, -0.19263, 0.03925, -0.96045,
 15:46:12.025,e3:ca:2d:fd:e0:8c, 2015-01-01 03:57:26.165, 0.958, 0.087, 0.335, 0.061, -0.244, 0, 14.766, -70.323, 150.084, -26.427, -12.660, -12.813, 29.63, 0.1377, 0.57886, -0.04587, 0.80234,
 15:46:12.025,e3:ca:2d:fd:e0:8c, 2015-01-01 03:57:26.165, 0.958, 0.087, 0.334, 0, -0.244, 0, 14.766, -70.329, 150.084, -26.427, -12.660, -12.813, 29.63, 0.1377, 0.57886, -0.04587, 0.80234,
 15:46:12.025,f6:90:cc:01:6d:25, 2015-01-01 03:57:26.810, 0.91, 0.232, 0.295, 0, -0.122, 0, 38.035, -67.56, 150.183, -27.087, -14.440, -8.300, 32.33, 0.02689, 0.57745, 0.12665, 0.80603,
 15:46:12.025,f6:90:cc:01:6d:25, 2015-01-01 03:57:26.810, 0.912, 0.234, 0.295, 0.061, 0.061, 0, 38.035, -67.56, 150.178, -27.087, -14.440, -8.300, 32.33, 0.02689, 0.57745, 0.12665, 0.80603,
 15:46:12.045,ed:40:fe:65:30:6c, 2015-01-01 03:57:31.580, 0.552, 0.028, 0.838, 0.061, 0.061, 0, 2.005, -33.508, -118.938, -18.287, -6.447, -7.473, 28.54, 0.49097, -0.24014, -0.16095, -0.82175,
 15:46:12.045,ed:40:fe:65:30:6c, 2015-01-01 03:57:31.580, 0.554, 0.029, 0.836, 0.061, 0, 0, 2.005, -33.508, -118.943, -18.287, -6.447, -7.473, 28.54, 0.49097, -0.24014, -0.16095, -0.82175,
 15:46:12.049,ed:35:33:d3:6c:f8, 2015-01-01 03:57:26.645, 0.385, 0.006, 0.916, -0.305, 0, 0, 0, -22.676, 156.918, -10.893, -7.867, -34.633, 30.78, -0.19699, -0.19263, 0.03925, -0.96045,
 15:46:12.049,ed:35:33:d3:6c:f8, 2015-01-01 03:57:26.645, 0.385, 0.004, 0.916, -0.122, 0.183, -0.061, 0, -22.676, 156.907, -10.893, -7.867, -34.633, 30.78, -0.19699, -0.19263, 0.03925, -0.96045,
 15:46:12.068,e3:ca:2d:fd:e0:8c, 2015-01-01 03:57:26.525, 0.96, 0.087, 0.332, 0, -0.244, 0, 14.771, -70.334, 150.079, -26.427, -12.660, -12.813, 29.63, 0.1377, 0.57886, -0.04587, 0.80234,
 15:46:12.068,e3:ca:2d:fd:e0:8c, 2015-01-01 03:57:26.525, 0.96, 0.088, 0.332, 0.061, -0.183, 0, 14.771, -70.334, 150.079, -26.427, -12.660, -12.813, 29.63, 0.1377, 0.57886, -0.04587, 0.80234,
 15:46:12.068,ed:40:fe:65:30:6c, 2015-01-01 03:57:31.580, 0.553, 0.029, 0.836, 0, 0, 0, 2.005, -33.508, -118.949, -18.333, -6.640, -7.133, 28.54, 0.49097, -0.24014, -0.16095, -0.82175,
 15:46:12.068,ed:40:fe:65:30:6c, 2015-01-01 03:57:31.580, 0.554, 0.027, 0.836, 0.122, 0, -0.122, 2.005, -33.508, -118.954, -18.333, -6.640, -7.133, 28.54, 0.49097, -0.24014, -0.16095, -0.82175,
 15:46:12.070,f6:90:cc:01:6d:25, 2015-01-01 03:57:26.810, 0.912, 0.233, 0.294, -0.061, -0.061, 0, 38.035, -67.56, 150.172, -27.087, -14.440, -8.300, 32.33, 0.02689, 0.57745, 0.12665, 0.80603,
 15:46:12.070,f6:90:cc:01:6d:25, 2015-01-01 03:57:26.810, 0.913, 0.232, 0.293, -0.122, -0.305, 0, 38.04, -67.56, 150.161, -27.087, -14.440, -8.300, 32.33, 0.02689, 0.57745, 0.12665, 0.80603,
 15:46:12.092,e3:ca:2d:fd:e0:8c, 2015-01-01 03:57:26.525, 0.959, 0.087, 0.33, 0, -0.244, 0, 14.777, -70.34, 150.079, -26.427, -12.660, -12.813, 29.63, 0.1377, 0.57886, -0.04587, 0.80234,
 15:46:12.092,e3:ca:2d:fd:e0:8c, 2015-01-01 03:57:26.525, 0.959, 0.087, 0.332, -0.122, -0.305, 0, 14.777, -70.34, 150.073, -26.427, -12.660, -12.813, 29.63, 0.1377, 0.57886, -0.04587, 0.80234,
 15:46:12.094,ed:35:33:d3:6c:f8, 2015-01-01 03:57:26.645, 0.384, 0, 0.917, 0.244, 0.244, 0, 0, -22.676, 156.901, -10.893, -7.867, -34.633, 30.78, -0.19699, -0.19263, 0.03925, -0.96045,
 15:46:12.094,ed:35:33:d3:6c:f8, 2015-01-01 03:57:26.645, 0.388, 0.003, 0.919, 0.244, 0.122, 0, 0.005, -22.67, 156.885, -10.893, -7.867, -34.633, 30.78, -0.19699, -0.19263, 0.03925, -0.96045,
 15:46:12.113,ed:40:fe:65:30:6c, 2015-01-01 03:57:31.580, 0.557, 0.028, 0.837, 0.183, 0, -0.061, 2.01, -33.503, -118.96, -18.333, -6.640, -7.133, 28.54, 0.49097, -0.24014, -0.16095, -0.82175,
 15:46:12.113,ed:40:fe:65:30:6c, 2015-01-01 03:57:31.580, 0.558, 0.029, 0.837, 0.183, 0, 0.061, 2.016, -33.503, -118.965, -18.333, -6.640, -7.133, 28.54, 0.49097, -0.24014, -0.16095, -0.82175,
 15:46:12.113,e3:ca:2d:fd:e0:8c, 2015-01-01 03:57:26.525, 0.961, 0.086, 0.332, -0.122, -0.305, 0, 14.777, -70.345, 150.068, -26.427, -12.660, -12.813, 29.63, 0.1377, 0.57886, -0.04587, 0.80234,
 15:46:12.113,e3:ca:2d:fd:e0:8c, 2015-01-01 03:57:26.525, 0.96, 0.085, 0.333, 0, -0.244, 0, 14.777, -70.351, 150.068, -26.427, -12.660, -12.813, 29.63, 0.1377, 0.57886, -0.04587, 0.80234,
 15:46:12.115,f6:90:cc:01:6d:25, 2015-01-01 03:57:26.810, 0.915, 0.23, 0.293, -0.183, -0.427, 0, 38.051, -67.571, 150.145, -27.087, -14.440, -8.300, 32.33, 0.02689, 0.57745, 0.12665, 0.80603,
 15:46:12.115,f6:90:cc:01:6d:25, 2015-01-01 03:57:26.810, 0.916, 0.229, 0.293, -0.183, -0.366, 0, 38.057, -67.577, 150.128, -27.087, -14.440, -8.300, 32.33, 0.02689, 0.57745, 0.12665, 0.80603,
 15:46:12.116,ed:35:33:d3:6c:f8, 2015-01-01 03:57:26.645, 0.389, 0.005, 0.919, 0, 0.122, 0.061, 0.011, -22.67, 156.879, -11.253, -7.573, -35.440, 30.78, -0.19699, -0.19263, 0.03925, -0.96045,
 15:46:12.116,ed:35:33:d3:6c:f8, 2015-01-01 03:57:26.645, 0.389, 0.004, 0.918, -0.061, 0.061, 0.183, 0.011, -22.67, 156.879, -11.253, -7.573, -35.440, 30.78, -0.19699, -0.19263, 0.03925, -0.96045,
 15:46:12.135,ed:40:fe:65:30:6c, 2015-01-01 03:57:31.580, 0.558, 0.03, 0.836, 0.183, 0.061, 0.244, 2.016, -33.503, -118.971, -18.333, -6.640, -7.133, 28.54, 0.49048, -0.23972, -0.16086, -0.82217,
 15:46:12.135,ed:40:fe:65:30:6c, 2015-01-01 03:57:31.580, 0.555, 0.03, 0.835, 0.244, 0, 0.305, 2.016, -33.503, -118.965, -18.333, -6.640, -7.133, 28.54, 0.49048, -0.23972, -0.16086, -0.82217,
 15:46:12.159,e3:ca:2d:fd:e0:8c, 2015-01-01 03:57:26.525, 0.96, 0.084, 0.333, 0, -0.061, 0, 14.777, -70.351, 150.068, -26.427, -12.660, -12.813, 29.63, 0.1377, 0.57886, -0.04587, 0.80234,
 15:46:12.159,e3:ca:2d:fd:e0:8c, 2015-01-01 03:57:26.525, 0.96, 0.085, 0.333, 0, 0, 0, 14.777, -70.351, 150.068, -26.427, -12.660, -12.813, 29.63, 0.1377, 0.57886, -0.04587, 0.80234,
 15:46:12.159,f6:90:cc:01:6d:25, 2015-01-01 03:57:26.810, 0.915, 0.23, 0.293, 0, -0.061, 0, 38.062, -67.577, 150.123, -27.087, -14.440, -8.300, 32.33, 0.02689, 0.57745, 0.12665, 0.80603,
 15:46:12.159,f6:90:cc:01:6d:25, 2015-01-01 03:57:26.810, 0.914, 0.23, 0.292, 0.183, 0.183, 0, 38.062, -67.577, 150.123, -27.087, -14.440, -8.300, 32.33, 0.02689, 0.57745, 0.12665, 0.80603,
 15:46:12.161,ed:35:33:d3:6c:f8, 2015-01-01 03:57:26.645, 0.386, 0.003, 0.917, -0.061, 0.061, 0.183, 0.011, -22.67, 156.868, -11.253, -7.573, -35.440, 30.78, -0.19699, -0.19263, 0.03925, -0.96045,
 15:46:12.161,ed:35:33:d3:6c:f8, 2015-01-01 03:57:26.645, 0.383, 0, 0.918, -0.061, 0, 0.183, 0.011, -22.67, 156.857, -11.253, -7.573, -35.440, 30.78, -0.19699, -0.19263, 0.03925, -0.96045,
 15:46:12.181,ed:40:fe:65:30:6c, 2015-01-01 03:57:31.580, 0.552, 0.028, 0.837, 0.061, 0.061, 0.183, 2.016, -33.503, -118.965, -18.333, -6.640, -7.133, 28.54, 0.49048, -0.23972, -0.16086, -0.82217,
 15:46:12.181,ed:40:fe:65:30:6c, 2015-01-01 03:57:31.580, 0.552, 0.026, 0.838, 0.061, 0, 0, 2.016, -33.503, -118.965, -18.333, -6.640, -7.133, 28.54, 0.49048, -0.23972, -0.16086, -0.82217,
 15:46:12.205,f6:90:cc:01:6d:25, 2015-01-01 03:57:26.810, 0.912, 0.232, 0.294, 0.061, 0.305, 0, 38.051, -67.571, 150.128, -27.087, -14.440, -8.300, 32.33, 0.02689, 0.57745, 0.12665, 0.80603,
 15:46:12.205,f6:90:cc:01:6d:25, 2015-01-01 03:57:26.810, 0.912, 0.231, 0.294, -0.061, 0.305, 0, 38.046, -67.571, 150.134, -27.087, -14.440, -8.300, 32.33, 0.02689, 0.57745, 0.12665, 0.80603,
 15:46:12.205,e3:ca:2d:fd:e0:8c, 2015-01-01 03:57:26.525, 0.959, 0.087, 0.332, 0.061, 0.122, 0, 14.771, -70.345, 150.073, -26.427, -12.660, -12.813, 29.63, 0.1377, 0.57886, -0.04587, 0.80234,
 15:46:12.205,e3:ca:2d:fd:e0:8c, 2015-01-01 03:57:26.525, 0.959, 0.087, 0.331, 0.061, 0.122, 0, 14.771, -70.345, 150.073, -26.427, -12.660, -12.813, 29.63, 0.1377, 0.57886, -0.04587, 0.80234,
 15:46:12.206,ed:35:33:d3:6c:f8, 2015-01-01 03:57:26.645, 0.384, 0, 0.92, -0.366, -0.061, 0.061, 0.005, -22.67, 156.83, -11.253, -7.573, -35.440, 30.78, -0.19653, -0.19257, 0.03928, -0.96054,
 15:46:12.206,ed:35:33:d3:6c:f8, 2015-01-01 03:57:26.645, 0.382, 0.001, 0.918, -0.427, -0.183, 0.061, 0, -22.676, 156.802, -11.253, -7.573, -35.440, 30.78, -0.19653, -0.19257, 0.03928, -0.96054,
 15:46:12.226,ed:40:fe:65:30:6c, 2015-01-01 03:57:31.935, 0.551, 0.027, 0.838, 0, 0, 0.061, 2.016, -33.503, -118.971, -18.333, -6.640, -7.133, 28.54, 0.49048, -0.23972, -0.16086, -0.82217,
 15:46:12.226,ed:40:fe:65:30:6c, 2015-01-01 03:57:31.935, 0.55, 0.029, 0.838, -0.061, 0, 0.122, 2.016, -33.503, -118.976, -18.333, -6.640, -7.133, 28.54, 0.49048, -0.23972, -0.16086, -0.82217,
 15:46:12.228,f6:90:cc:01:6d:25, 2015-01-01 03:57:26.810, 0.912, 0.229, 0.295, 0, 0.122, 0, 38.04, -67.571, 150.134, -26.653, -15.133, -7.560, 32.33, 0.02689, 0.57745, 0.12665, 0.80603,
 15:46:12.228,f6:90:cc:01:6d:25, 2015-01-01 03:57:26.810, 0.911, 0.23, 0.295, 0, 0, 0, 38.046, -67.571, 150.134, -26.653, -15.133, -7.560, 32.33, 0.02689, 0.57745, 0.12665, 0.80603,
 15:46:12.248,ed:40:fe:65:30:6c, 2015-01-01 03:57:31.935, 0.552, 0.028, 0.839, -0.305, 0, 0, 2.01, -33.503, -118.976, -18.333, -6.640, -7.133, 28.54, 0.49048, -0.23972, -0.16086, -0.82217,
 15:46:12.248,ed:40:fe:65:30:6c, 2015-01-01 03:57:31.935, 0.554, 0.025, 0.838, -0.183, -0.061, -0.183, 2.005, -33.503, -118.982, -18.333, -6.640, -7.133, 28.54, 0.49048, -0.23972, -0.16086, -0.82217,
 15:46:12.250,e3:ca:2d:fd:e0:8c, 2015-01-01 03:57:26.525, 0.959, 0.086, 0.331, 0.061, 0, 0, 14.771, -70.345, 150.073, -26.427, -12.660, -12.813, 29.63, 0.1377, 0.57886, -0.04587, 0.80234,
 15:46:12.250,e3:ca:2d:fd:e0:8c, 2015-01-01 03:57:26.525, 0.958, 0.086, 0.332, 0.061, -0.061, 0, 14.771, -70.345, 150.079, -26.427, -12.660, -12.813, 29.63, 0.1377, 0.57886, -0.04587, 0.80234,
 15:46:12.252,ed:35:33:d3:6c:f8, 2015-01-01 03:57:26.960, 0.382, 0.002, 0.918, -0.488, 0.061, 0, -0.005, -22.676, 156.769, -11.253, -7.573, -35.440, 30.78, -0.19653, -0.19257, 0.03928, -0.96054,
 15:46:12.252,ed:35:33:d3:6c:f8, 2015-01-01 03:57:26.960, 0.385, 0, 0.918, -0.305, 0.061, -0.061, -0.011, -22.676, 156.758, -11.253, -7.573, -35.440, 30.78, -0.19653, -0.19257, 0.03928, -0.96054,
 15:46:12.273,e3:ca:2d:fd:e0:8c, 2015-01-01 03:57:26.525, 0.958, 0.088, 0.333, 0, -0.122, 0, 14.771, -70.345, 150.073, -26.047, -12.980, -12.333, 29.63, 0.1377, 0.57886, -0.04587, 0.80234,
 15:46:12.273,e3:ca:2d:fd:e0:8c, 2015-01-01 03:57:26.525, 0.958, 0.087, 0.335, 0, -0.061, 0, 14.771, -70.345, 150.073, -26.047, -12.980, -12.333, 29.63, 0.1377, 0.57886, -0.04587, 0.80234,
 15:46:12.274,ed:35:33:d3:6c:f8, 2015-01-01 03:57:26.960, 0.385, 0, 0.919, -0.488, -0.061, -0.183, -0.016, -22.676, 156.758, -11.253, -7.573, -35.440, 30.78, -0.19653, -0.19257, 0.03928, -0.96054,
 15:46:12.274,ed:35:33:d3:6c:f8, 2015-01-01 03:57:26.960, 0.386, 0.009, 0.917, -0.549, 0.122, -0.183, -0.022, -22.676, 156.775, -11.253, -7.573, -35.440, 30.78, -0.19653, -0.19257, 0.03928, -0.96054,
 15:46:12.294,ed:40:fe:65:30:6c, 2015-01-01 03:57:31.935, 0.554, 0.03, 0.837, 0, -0.061, 0, 2.005, -33.503, -118.993, -18.333, -6.640, -7.133, 28.54, 0.49048, -0.23972, -0.16086, -0.82217,
 15:46:12.294,ed:40:fe:65:30:6c, 2015-01-01 03:57:31.935, 0.552, 0.034, 0.837, 0.122, 0, 0.366, 2, -33.503, -118.993, -18.333, -6.640, -7.133, 28.54, 0.49048, -0.23972, -0.16086, -0.82217,
 15:46:12.296,f6:90:cc:01:6d:25, 2015-01-01 03:57:26.810, 0.912, 0.231, 0.296, 0, -0.061, 0, 38.046, -67.571, 150.128, -26.653, -15.133, -7.560, 32.33, 0.02689, 0.57745, 0.12665, 0.80603,
 15:46:12.296,f6:90:cc:01:6d:25, 2015-01-01 03:57:26.810, 0.913, 0.232, 0.297, -0.061, -0.061, 0, 38.046, -67.577, 150.123, -26.653, -15.133, -7.560, 32.33, 0.02689, 0.57745, 0.12665, 0.80603,
 15:46:12.318,f6:90:cc:01:6d:25, 2015-01-01 03:57:26.810, 0.914, 0.229, 0.298, -0.061, 0, 0, 38.046, -67.577, 150.117, -26.653, -15.133, -7.560, 32.33, 0.02737, 0.57779, 0.12619, 0.80582,
 15:46:12.318,f6:90:cc:01:6d:25, 2015-01-01 03:57:26.810, 0.913, 0.229, 0.297, 0.244, 0.183, 0, 38.04, -67.577, 150.117, -26.653, -15.133, -7.560, 32.33, 0.02737, 0.57779, 0.12619, 0.80582,
 15:46:12.319,ed:35:33:d3:6c:f8, 2015-01-01 03:57:26.960, 0.385, 0.009, 0.916, -0.122, 0.488, -0.183, -0.027, -22.67, 156.797, -11.253, -7.573, -35.440, 30.78, -0.19653, -0.19257, 0.03928, -0.96054,
 15:46:12.319,ed:35:33:d3:6c:f8, 2015-01-01 03:57:26.960, 0.385, 0.001, 0.916, 0.305, 0.244, 0.122, -0.022, -22.665, 156.835, -11.253, -7.573, -35.440, 30.78, -0.19653, -0.19257, 0.03928, -0.96054,
 15:46:12.338,ed:40:fe:65:30:6c, 2015-01-01 03:57:31.935, 0.552, 0.031, 0.837, 0.244, 0.122, 0.427, 2, -33.497, -118.987, -18.333, -6.640, -7.133, 28.54, 0.49048, -0.23972, -0.16086, -0.82217,
 15:46:12.338,ed:40:fe:65:30:6c, 2015-01-01 03:57:31.935, 0.553, 0.02, 0.837, 0.305, 0.122, 0.122, 2, -33.497, -118.987, -18.333, -6.640, -7.133, 28.54, 0.49048, -0.23972, -0.16086, -0.82217,
 15:46:12.339,e3:ca:2d:fd:e0:8c, 2015-01-01 03:57:26.525, 0.959, 0.085, 0.335, 0, 0.061, 0, 14.766, -70.345, 150.079, -26.047, -12.980, -12.333, 29.63, 0.1377, 0.57886, -0.04587, 0.80234,
 15:46:12.339,e3:ca:2d:fd:e0:8c, 2015-01-01 03:57:26.525, 0.959, 0.086, 0.335, 0.122, 0, 0, 14.766, -70.345, 150.079, -26.047, -12.980, -12.333, 29.63, 0.1377, 0.57886, -0.04587, 0.80234,
 15:46:12.362,e3:ca:2d:fd:e0:8c, 2015-01-01 03:57:26.525, 0.958, 0.087, 0.333, 0.183, 0, 0, 14.766, -70.34, 150.079, -26.047, -12.980, -12.333, 29.63, 0.1377, 0.57898, -0.04593, 0.80225,
 15:46:12.362,e3:ca:2d:fd:e0:8c, 2015-01-01 03:57:26.525, 0.959, 0.086, 0.331, 0, -0.061, 0, 14.766, -70.34, 150.079, -26.047, -12.980, -12.333, 29.63, 0.1377, 0.57898, -0.04593, 0.80225,
 15:46:12.362,f6:90:cc:01:6d:25, 2015-01-01 03:57:26.810, 0.912, 0.232, 0.297, 0.244, 0.183, 0, 38.04, -67.571, 150.123, -26.653, -15.133, -7.560, 32.33, 0.02737, 0.57779, 0.12619, 0.80582,
 15:46:12.362,f6:90:cc:01:6d:25, 2015-01-01 03:57:26.810, 0.913, 0.23, 0.295, 0, 0.244, 0, 38.035, -67.571, 150.123, -26.653, -15.133, -7.560, 32.33, 0.02737, 0.57779, 0.12619, 0.80582,
 15:46:12.363,ed:35:33:d3:6c:f8, 2015-01-01 03:57:26.960, 0.382, -0.008, 0.917, 0.61, 0.061, 0.427, -0.011, -22.665, 156.852, -11.253, -7.573, -35.440, 30.78, -0.19653, -0.19257, 0.03928, -0.96054,
 15:46:12.363,ed:35:33:d3:6c:f8, 2015-01-01 03:57:26.960, 0.388, 0, 0.922, 0, 0.244, 0.122, -0.005, -22.665, 156.896, -11.253, -7.573, -35.440, 30.78, -0.19653, -0.19257, 0.03928, -0.96054,
 15:46:12.386,f6:90:cc:01:6d:25, 2015-01-01 03:57:27.190, 0.914, 0.228, 0.293, -0.061, 0.366, 0, 38.018, -67.566, 150.134, -26.653, -15.133, -7.560, 32.33, 0.02737, 0.57779, 0.12619, 0.80582,
 15:46:12.386,f6:90:cc:01:6d:25, 2015-01-01 03:57:27.190, 0.917, 0.229, 0.294, -0.122, 0.366, 0, 38.007, -67.56, 150.145, -26.653, -15.133, -7.560, 32.33, 0.02737, 0.57779, 0.12619, 0.80582,
 15:46:12.407,ed:40:fe:65:30:6c, 2015-01-01 03:57:31.935, 0.556, 0.025, 0.839, 0.244, 0, 0, 2.005, -33.492, -118.987, -18.333, -6.640, -7.133, 28.54, 0.49048, -0.23972, -0.16086, -0.82217,
 15:46:12.407,ed:40:fe:65:30:6c, 2015-01-01 03:57:31.935, 0.559, 0.033, 0.838, 0.061, 0, 0.061, 2.005, -33.492, -118.993, -18.333, -6.640, -7.133, 28.54, 0.49048, -0.23972, -0.16086, -0.82217,
 15:46:12.407,e3:ca:2d:fd:e0:8c, 2015-01-01 03:57:26.525, 0.961, 0.087, 0.329, 0, -0.183, 0, 14.766, -70.345, 150.079, -26.047, -12.980, -12.333, 29.63, 0.1377, 0.57898, -0.04593, 0.80225,
 15:46:12.407,e3:ca:2d:fd:e0:8c, 2015-01-01 03:57:26.525, 0.961, 0.087, 0.33, 0, -0.305, 0, 14.766, -70.351, 150.073, -26.047, -12.980, -12.333, 29.63, 0.1377, 0.57898, -0.04593, 0.80225,
 15:46:12.409,ed:35:33:d3:6c:f8, 2015-01-01 03:57:26.960, 0.389, 0.007, 0.918, -0.305, 0.427, 0.061, -0.011, -22.659, 156.945, -11.253, -7.573, -35.440, 30.78, -0.19653, -0.19257, 0.03928, -0.96054,
 15:46:12.409,ed:35:33:d3:6c:f8, 2015-01-01 03:57:26.960, 0.386, 0.003, 0.917, -0.61, 0.488, 0.061, -0.016, -22.648, 156.984, -11.253, -7.573, -35.440, 30.78, -0.19653, -0.19257, 0.03928, -0.96054,
 15:46:12.428,e3:ca:2d:fd:e0:8c, 2015-01-01 03:57:26.905, 0.96, 0.087, 0.331, 0, -0.366, 0, 14.771, -70.356, 150.068, -26.047, -12.980, -12.333, 29.63, 0.1377, 0.57898, -0.04593, 0.80225,
 15:46:12.428,e3:ca:2d:fd:e0:8c, 2015-01-01 03:57:26.905, 0.959, 0.086, 0.333, -0.183, -0.244, 0, 14.771, -70.362, 150.068, -26.047, -12.980, -12.333, 29.63, 0.1377, 0.57898, -0.04593, 0.80225,
 15:46:12.429,ed:40:fe:65:30:6c, 2015-01-01 03:57:31.935, 0.554, 0.033, 0.837, 0, 0.183, 0.061, 2.005, -33.492, -118.993, -18.653, -6.840, -7.647, 28.54, 0.49048, -0.23972, -0.16086, -0.82217,
 15:46:12.429,ed:40:fe:65:30:6c, 2015-01-01 03:57:31.935, 0.558, 0.028, 0.839, -0.061, 0.244, 0, 2.005, -33.486, -118.998, -18.653, -6.840, -7.647, 28.54, 0.49048, -0.23972, -0.16086, -0.82217,
 15:46:12.431,f6:90:cc:01:6d:25, 2015-01-01 03:57:27.190, 0.915, 0.234, 0.296, -0.183, 0.488, 0, 37.985, -67.555, 150.156, -26.653, -15.133, -7.560, 32.33, 0.02737, 0.57779, 0.12619, 0.80582,
 15:46:12.431,f6:90:cc:01:6d:25, 2015-01-01 03:57:27.190, 0.916, 0.232, 0.295, -0.244, 0.366, 0, 37.969, -67.549, 150.161, -26.653, -15.133, -7.560, 32.33, 0.02737, 0.57779, 0.12619, 0.80582,
 15:46:12.455,ed:35:33:d3:6c:f8, 2015-01-01 03:57:26.960, 0.389, 0, 0.917, -0.061, 0.916, 0.122, -0.022, -22.637, 157.017, -11.167, -7.820, -34.240, 30.78, -0.19653, -0.19257, 0.03928, -0.96054,
 15:46:12.456,ed:35:33:d3:6c:f8, 2015-01-01 03:57:26.960, 0.386, -0.007, 0.915, 0.427, 1.099, 0.366, -0.016, -22.621, 157.044, -11.167, -7.820, -34.240, 30.78, -0.19653, -0.19257, 0.03928, -0.96054,
 15:46:12.474,ed:40:fe:65:30:6c, 2015-01-01 03:57:31.935, 0.556, 0.021, 0.835, 0.122, 0.366, -0.122, 2.005, -33.481, -119.004, -18.653, -6.840, -7.647, 28.54, 0.49048, -0.23972, -0.16086, -0.82217,
 15:46:12.474,ed:40:fe:65:30:6c, 2015-01-01 03:57:31.935, 0.556, 0.028, 0.835, 0.122, 0.488, -0.122, 2.005, -33.475, -119.009, -18.653, -6.840, -7.647, 28.54, 0.49048, -0.23972, -0.16086, -0.82217,
 15:46:12.474,e3:ca:2d:fd:e0:8c, 2015-01-01 03:57:26.905, 0.958, 0.086, 0.334, -0.305, -0.183, 0, 14.766, -70.362, 150.068, -26.047, -12.980, -12.333, 29.63, 0.1377, 0.57898, -0.04593, 0.80225,
 15:46:12.474,e3:ca:2d:fd:e0:8c, 2015-01-01 03:57:26.905, 0.958, 0.084, 0.334, -0.061, -0.244, 0, 14.766, -70.367, 150.062, -26.047, -12.980, -12.333, 29.63, 0.1377, 0.57898, -0.04593, 0.80225,
 15:46:12.476,f6:90:cc:01:6d:25, 2015-01-01 03:57:27.190, 0.915, 0.229, 0.297, -0.488, 0.488, 0, 37.947, -67.544, 150.178, -26.653, -15.133, -7.560, 32.33, 0.02737, 0.57779, 0.12619, 0.80582,
 15:46:12.476,f6:90:cc:01:6d:25, 2015-01-01 03:57:27.190, 0.919, 0.228, 0.298, -0.549, 0.854, 0, 37.908, -67.533, 150.2, -26.653, -15.133, -7.560, 32.33, 0.02737, 0.57779, 0.12619, 0.80582,
 15:46:12.478,ed:35:33:d3:6c:f8, 2015-01-01 03:57:26.960, 0.387, 0.006, 0.917, -0.183, 1.709, 0.244, -0.016, -22.593, 157.072, -11.167, -7.820, -34.240, 30.78, -0.19485, -0.19189, 0.03906, -0.96103,
 15:46:12.478,ed:35:33:d3:6c:f8, 2015-01-01 03:57:26.960, 0.39, 0.011, 0.915, -0.061, 2.014, 0.366, -0.022, -22.56, 157.088, -11.167, -7.820, -34.240, 30.78, -0.19485, -0.19189, 0.03906, -0.96103,
 15:46:12.496,ed:40:fe:65:30:6c, 2015-01-01 03:57:31.935, 0.561, 0.035, 0.836, 0.244, 0.549, 0.244, 2.01, -33.464, -119.015, -18.653, -6.840, -7.647, 28.54, 0.4902, -0.23956, -0.16055, -0.82245,
 15:46:12.496,ed:40:fe:65:30:6c, 2015-01-01 03:57:31.935, 0.557, 0.03, 0.835, 0.427, 1.099, 0.549, 2.01, -33.453, -119.009, -18.653, -6.840, -7.647, 28.54, 0.4902, -0.23956, -0.16055, -0.82245,
 15:46:12.498,f6:90:cc:01:6d:25, 2015-01-01 03:57:27.190, 0.915, 0.229, 0.304, 0.061, 2.075, 0, 37.859, -67.511, 150.287, -26.653, -15.133, -7.560, 32.33, 0.02737, 0.57779, 0.12619, 0.80582,
 15:46:12.498,f6:90:cc:01:6d:25, 2015-01-01 03:57:27.190, 0.901, 0.227, 0.296, -0.366, 3.662, 0, 37.782, -67.473, 150.414, -26.653, -15.133, -7.560, 32.33, 0.02737, 0.57779, 0.12619, 0.80582,
 15:46:12.519,e3:ca:2d:fd:e0:8c, 2015-01-01 03:57:26.905, 0.961, 0.086, 0.335, -0.061, -0.427, 0, 14.766, -70.373, 150.057, -26.047, -12.980, -12.333, 29.63, 0.1377, 0.57898, -0.04593, 0.80225,
 15:46:12.519,e3:ca:2d:fd:e0:8c, 2015-01-01 03:57:26.905, 0.954, 0.086, 0.336, -0.122, -0.854, 0, 14.777, -70.389, 150.046, -26.047, -12.980, -12.333, 29.63, 0.1377, 0.57898, -0.04593, 0.80225,
 15:46:12.521,ed:35:33:d3:6c:f8, 2015-01-01 03:57:26.960, 0.383, 0.004, 0.914, -0.122, 2.686, 0.427, -0.022, -22.516, 157.115, -11.167, -7.820, -34.240, 30.78, -0.19485, -0.19189, 0.03906, -0.96103,
 15:46:12.521,ed:35:33:d3:6c:f8, 2015-01-01 03:57:26.960, 0.374, 0, 0.898, 0.244, 3.906, 0.427, -0.022, -22.456, 157.137, -11.167, -7.820, -34.240, 30.78, -0.19485, -0.19189, 0.03906, -0.96103,
 15:46:12.542,ed:40:fe:65:30:6c, 2015-01-01 03:57:31.935, 0.545, 0.023, 0.818, 0.916, 2.136, 0.793, 2.01, -33.426, -118.998, -18.653, -6.840, -7.647, 28.54, 0.4902, -0.23956, -0.16055, -0.82245,
 15:46:12.542,ed:40:fe:65:30:6c, 2015-01-01 03:57:31.935, 0.546, 0.024, 0.826, 1.099, 2.869, 0.793, 2.016, -33.382, -118.993, -18.653, -6.840, -7.647, 28.54, 0.4902, -0.23956, -0.16055, -0.82245,
 15:46:12.564,e3:ca:2d:fd:e0:8c, 2015-01-01 03:57:26.905, 0.95, 0.085, 0.332, -0.183, -1.282, -0.305, 14.804, -70.411, 150.018, -26.047, -12.980, -12.333, 29.63, 0.1377, 0.57898, -0.04593, 0.80225,
 15:46:12.564,e3:ca:2d:fd:e0:8c, 2015-01-01 03:57:26.905, 0.958, 0.084, 0.324, -0.427, -1.038, -0.183, 14.815, -70.428, 149.996, -26.047, -12.980, -12.333, 29.63, 0.1377, 0.57898, -0.04593, 0.80225,
 15:46:12.566,ed:35:33:d3:6c:f8, 2015-01-01 03:57:27.250, 0.391, -0.002, 0.898, -0.061, 5.798, 0.366, -0.022, -22.368, 157.126, -11.167, -7.820, -34.240, 30.78, -0.19485, -0.19189, 0.03906, -0.96103,
 15:46:12.566,ed:35:33:d3:6c:f8, 2015-01-01 03:57:27.250, 0.377, -0.001, 0.924, 0.305, 8.179, -0.793, -0.016, -22.231, 157.11, -11.167, -7.820, -34.240, 30.78, -0.19485, -0.19189, 0.03906, -0.96103,
 15:46:12.566,f6:90:cc:01:6d:25, 2015-01-01 03:57:27.190, 0.902, 0.224, 0.289, 0.305, 4.639, 0.427, 37.661, -67.418, 150.579, -26.653, -15.133, -7.560, 32.33, 0.02737, 0.57779, 0.12619, 0.80582,
 15:46:12.566,f6:90:cc:01:6d:25, 2015-01-01 03:57:27.190, 0.912, 0.229, 0.29, 1.77, 4.517, 0.549, 37.518, -67.352, 150.776, -26.653, -15.133, -7.560, 32.33, 0.02737, 0.57779, 0.12619, 0.80582,
 15:46:12.586,ed:40:fe:65:30:6c, 2015-01-01 03:57:32.295, 0.551, 0.024, 0.839, 1.038, 2.625, 0.793, 2.027, -33.333, -118.976, -18.653, -6.840, -7.647, 28.54, 0.4902, -0.23956, -0.16055, -0.82245,
 15:46:12.586,ed:40:fe:65:30:6c, 2015-01-01 03:57:32.295, 0.545, 0.022, 0.847, 1.099, 2.014, 0.671, 2.032, -33.289, -118.943, -18.653, -6.840, -7.647, 28.54, 0.4902, -0.23956, -0.16055, -0.82245,
 15:46:12.587,f6:90:cc:01:6d:25, 2015-01-01 03:57:27.190, 0.915, 0.226, 0.302, 0.549, 3.601, 0.549, 37.408, -67.297, 150.936, -26.547, -15.133, -7.767, 32.33, 0.02737, 0.57779, 0.12619, 0.80582,
 15:46:12.587,f6:90:cc:01:6d:25, 2015-01-01 03:57:27.190, 0.91, 0.228, 0.298, 0.61, 3.479, 0.549, 37.299, -67.253, 151.068, -26.547, -15.133, -7.767, 32.33, 0.02737, 0.57779, 0.12619, 0.80582,
 15:46:12.610,e3:ca:2d:fd:e0:8c, 2015-01-01 03:57:26.905, 0.961, 0.084, 0.333, 0, -1.465, 0.244, 14.821, -70.455, 149.991, -26.047, -12.980, -12.333, 29.63, 0.1377, 0.57898, -0.04593, 0.80225,
 15:46:12.610,e3:ca:2d:fd:e0:8c, 2015-01-01 03:57:26.905, 0.961, 0.085, 0.332, 0.366, -2.136, 0.244, 14.837, -70.499, 149.969, -26.047, -12.980, -12.333, 29.63, 0.1377, 0.57898, -0.04593, 0.80225,
 15:46:12.612,ed:35:33:d3:6c:f8, 2015-01-01 03:57:27.250, 0.367, -0.004, 0.934, -0.183, 5.066, 1.526, -0.016, -22.11, 157.104, -11.167, -7.820, -34.240, 30.78, -0.19485, -0.19189, 0.03906, -0.96103,
 15:46:12.612,ed:35:33:d3:6c:f8, 2015-01-01 03:57:27.250, 0.365, 0, 0.938, -0.183, 4.883, 1.526, -0.033, -22.017, 157.126, -11.167, -7.820, -34.240, 30.78, -0.19485, -0.19189, 0.03906, -0.96103,
 15:46:12.631,ed:40:fe:65:30:6c, 2015-01-01 03:57:32.295, 0.544, 0.026, 0.85, 1.404, 1.526, 0.854, 2.043, -33.25, -118.911, -18.653, -6.840, -7.647, 28.54, 0.4902, -0.23956, -0.16055, -0.82245,
 15:46:12.631,ed:40:fe:65:30:6c, 2015-01-01 03:57:32.295, 0.551, 0.038, 0.848, 1.282, 1.221, 0.977, 2.054, -33.223, -118.889, -18.653, -6.840, -7.647, 28.54, 0.4902, -0.23956, -0.16055, -0.82245,
 15:46:12.632,f6:90:cc:01:6d:25, 2015-01-01 03:57:27.190, 0.91, 0.232, 0.296, 0.671, 2.808, 0.305, 37.2, -67.209, 151.188, -26.547, -15.133, -7.767, 32.33, 0.02737, 0.57779, 0.12619, 0.80582,
 15:46:12.632,f6:90:cc:01:6d:25, 2015-01-01 03:57:27.190, 0.909, 0.237, 0.307, 0.549, 2.014, 0.244, 37.134, -67.176, 151.271, -26.547, -15.133, -7.767, 32.33, 0.02737, 0.57779, 0.12619, 0.80582,
 15:46:12.652,ed:40:fe:65:30:6c, 2015-01-01 03:57:32.295, 0.553, 0.047, 0.841, 0.732, 0.916, 1.099, 2.065, -33.201, -118.872, -18.653, -6.840, -7.647, 28.54, 0.4902, -0.23956, -0.16055, -0.82245,
 15:46:12.652,ed:40:fe:65:30:6c, 2015-01-01 03:57:32.295, 0.545, 0.044, 0.842, 0.305, 0.427, 0.854, 2.065, -33.184, -118.872, -18.653, -6.840, -7.647, 28.54, 0.4902, -0.23956, -0.16055, -0.82245,
 15:46:12.654,e3:ca:2d:fd:e0:8c, 2015-01-01 03:57:26.905, 0.966, 0.087, 0.332, 0.427, -0.671, 0, 14.854, -70.505, 149.941, -26.047, -12.980, -12.333, 29.63, 0.1377, 0.57898, -0.04593, 0.80225,
 15:46:12.654,e3:ca:2d:fd:e0:8c, 2015-01-01 03:57:26.905, 0.965, 0.089, 0.33, -0.061, 0.366, -0.061, 14.848, -70.499, 149.958, -26.047, -12.980, -12.333, 29.63, 0.1377, 0.57898, -0.04593, 0.80225,
 15:46:12.657,ed:35:33:d3:6c:f8, 2015-01-01 03:57:27.250, 0.375, 0.011, 0.937, -0.122, 5.554, 0.793, -0.044, -21.918, 157.121, -11.167, -7.820, -34.240, 30.78, -0.19485, -0.19189, 0.03906, -0.96103,
 15:46:12.657,ed:35:33:d3:6c:f8, 2015-01-01 03:57:27.250, 0.375, 0.018, 0.928, 0.427, 7.446, -0.122, -0.044, -21.791, 157.104, -11.167, -7.820, -34.240, 30.78, -0.19485, -0.19189, 0.03906, -0.96103,
 15:46:12.677,e3:ca:2d:fd:e0:8c, 2015-01-01 03:57:26.905, 0.965, 0.09, 0.328, -0.183, 0.427, 0, 14.832, -70.488, 149.991, -26.007, -13.080, -12.153, 29.63, 0.1377, 0.57898, -0.04593, 0.80225,
 15:46:12.677,e3:ca:2d:fd:e0:8c, 2015-01-01 03:57:26.905, 0.965, 0.09, 0.325, 0, 0.671, 0, 14.826, -70.477, 149.996, -26.007, -13.080, -12.153, 29.63, 0.1377, 0.57898, -0.04593, 0.80225,
 15:46:12.679,ed:35:33:d3:6c:f8, 2015-01-01 03:57:27.250, 0.359, 0.007, 0.93, -0.122, 4.15, -0.916, -0.033, -21.682, 157.066, -11.167, -7.820, -34.240, 30.78, -0.19485, -0.19189, 0.03906, -0.96103,
 15:46:12.679,ed:35:33:d3:6c:f8, 2015-01-01 03:57:27.250, 0.365, -0.008, 0.932, 0.244, 0.977, 0.244, -0.022, -21.638, 157.044, -11.167, -7.820, -34.240, 30.78, -0.19485, -0.19189, 0.03906, -0.96103,
 15:46:12.698,ed:40:fe:65:30:6c, 2015-01-01 03:57:32.295, 0.542, 0.027, 0.841, -0.061, -0.183, 0.183, 2.06, -33.184, -118.872, -18.653, -6.840, -7.647, 28.54, 0.4902, -0.23956, -0.16055, -0.82245,
 15:46:12.698,ed:40:fe:65:30:6c, 2015-01-01 03:57:32.295, 0.548, 0.02, 0.832, -0.061, -0.549, -0.427, 2.065, -33.19, -118.867, -18.653, -6.840, -7.647, 28.54, 0.4902, -0.23956, -0.16055, -0.82245,
 15:46:12.700,f6:90:cc:01:6d:25, 2015-01-01 03:57:27.190, 0.906, 0.244, 0.302, -0.122, 1.526, 0.549, 37.079, -67.154, 151.309, -26.547, -15.133, -7.767, 32.33, 0.02521, 0.57388, 0.12686, 0.80859,
 15:46:12.700,f6:90:cc:01:6d:25, 2015-01-01 03:57:27.190, 0.901, 0.244, 0.301, -0.916, 0.671, 0.671, 37.024, -67.143, 151.359, -26.547, -15.133, -7.767, 32.33, 0.02521, 0.57388, 0.12686, 0.80859,
 15:46:12.721,e3:ca:2d:fd:e0:8c, 2015-01-01 03:57:26.905, 0.958, 0.09, 0.325, 0.061, 1.465, -0.061, 14.81, -70.444, 150.007, -26.007, -13.080, -12.153, 29.63, 0.1377, 0.57898, -0.04593, 0.80225,
 15:46:12.721,e3:ca:2d:fd:e0:8c, 2015-01-01 03:57:26.905, 0.966, 0.086, 0.318, -0.244, 1.648, 0.122, 14.777, -70.417, 150.018, -26.007, -13.080, -12.153, 29.63, 0.1377, 0.57898, -0.04593, 0.80225,
 15:46:12.722,f6:90:cc:01:6d:25, 2015-01-01 03:57:27.525, 0.902, 0.236, 0.3, -0.61, 0.305, 0.427, 36.98, -67.143, 151.37, -26.547, -15.133, -7.767, 32.33, 0.02521, 0.57388, 0.12686, 0.80859,
 15:46:12.722,f6:90:cc:01:6d:25, 2015-01-01 03:57:27.525, 0.911, 0.227, 0.294, -0.671, -0.183, 0.183, 36.964, -67.148, 151.375, -26.547, -15.133, -7.767, 32.33, 0.02521, 0.57388, 0.12686, 0.80859,
 15:46:12.724,ed:35:33:d3:6c:f8, 2015-01-01 03:57:27.250, 0.364, -0.011, 0.918, 0.549, 1.038, -0.427, -0.011, -21.621, 157.044, -11.167, -7.820, -34.240, 30.78, -0.19485, -0.19189, 0.03906, -0.96103,
 15:46:12.724,ed:35:33:d3:6c:f8, 2015-01-01 03:57:27.250, 0.374, 0.002, 0.921, 0.366, 1.038, -1.343, 0, -21.605, 157.061, -11.167, -7.820, -34.240, 30.78, -0.19485, -0.19189, 0.03906, -0.96103,
 15:46:12.745,f6:90:cc:01:6d:25, 2015-01-01 03:57:27.525, 0.922, 0.229, 0.307, -0.061, -0.488, 0.122, 36.964, -67.154, 151.386, -26.547, -15.133, -7.767, 32.33, 0.02521, 0.57388, 0.12686, 0.80859,
 15:46:12.745,f6:90:cc:01:6d:25, 2015-01-01 03:57:27.525, 0.921, 0.229, 0.312, 0.549, -0.183, 0, 36.985, -67.165, 151.392, -26.547, -15.133, -7.767, 32.33, 0.02521, 0.57388, 0.12686, 0.80859,
 15:46:12.765,ed:40:fe:65:30:6c, 2015-01-01 03:57:32.295, 0.555, 0.028, 0.833, -0.122, -0.793, -0.854, 2.071, -33.206, -118.878, -18.653, -6.840, -7.647, 28.54, 0.4902, -0.23956, -0.16055, -0.82245,
 15:46:12.765,ed:40:fe:65:30:6c, 2015-01-01 03:57:32.295, 0.557, 0.031, 0.846, 0, -0.854, -0.61, 2.076, -33.217, -118.889, -18.653, -6.840, -7.647, 28.54, 0.4902, -0.23956, -0.16055, -0.82245,
 15:46:12.770,ed:35:33:d3:6c:f8, 2015-01-01 03:57:27.250, 0.372, 0.006, 0.93, 0.732, 0.427, -0.122, 0.016, -21.594, 157.088, -11.047, -7.373, -34.367, 30.78, -0.19485, -0.19189, 0.03906, -0.96103,
 15:46:12.770,ed:35:33:d3:6c:f8, 2015-01-01 03:57:27.250, 0.363, 0.001, 0.937, 0.549, -0.305, 0.122, 0.027, -21.594, 157.115, -11.047, -7.373, -34.367, 30.78, -0.19485, -0.19189, 0.03906, -0.96103,
 15:46:12.788,ed:40:fe:65:30:6c, 2015-01-01 03:57:32.295, 0.55, 0.028, 0.851, 0.183, -0.671, -0.366, 2.087, -33.234, -118.911, -18.633, -6.580, -7.667, 28.54, 0.4902, -0.23956, -0.16055, -0.82245,
 15:46:12.788,ed:40:fe:65:30:6c, 2015-01-01 03:57:32.295, 0.543, 0.029, 0.847, 0.244, -0.488, -0.244, 2.093, -33.245, -118.922, -18.633, -6.580, -7.667, 28.54, 0.4902, -0.23956, -0.16055, -0.82245,
 15:46:12.789,e3:ca:2d:fd:e0:8c, 2015-01-01 03:57:26.905, 0.964, 0.088, 0.331, 0, 0.366, 0.427, 14.744, -70.4, 150.029, -26.007, -13.080, -12.153, 29.63, 0.13788, 0.57953, -0.04633, 0.80179,
 15:46:12.789,e3:ca:2d:fd:e0:8c, 2015-01-01 03:57:26.905, 0.959, 0.086, 0.338, 0.122, 0.183, 0.244, 14.722, -70.4, 150.029, -26.007, -13.080, -12.153, 29.63, 0.13788, 0.57953, -0.04633, 0.80179,
 15:46:12.790,f6:90:cc:01:6d:25, 2015-01-01 03:57:27.525, 0.912, 0.226, 0.312, 1.038, 0.122, -0.061, 37.007, -67.165, 151.425, -26.547, -15.133, -7.767, 32.33, 0.02521, 0.57388, 0.12686, 0.80859,
 15:46:12.790,f6:90:cc:01:6d:25, 2015-01-01 03:57:27.525, 0.904, 0.224, 0.309, 0.61, 0.305, 0, 37.029, -67.165, 151.479, -26.547, -15.133, -7.767, 32.33, 0.02521, 0.57388, 0.12686, 0.80859,
 15:46:12.811,e3:ca:2d:fd:e0:8c, 2015-01-01 03:57:27.285, 0.954, 0.083, 0.341, 0.122, 0.61, 0, 14.716, -70.4, 150.007, -26.007, -13.080, -12.153, 29.63, 0.13788, 0.57953, -0.04633, 0.80179,
 15:46:12.811,e3:ca:2d:fd:e0:8c, 2015-01-01 03:57:27.285, 0.951, 0.083, 0.341, 0.061, 0.977, -0.122, 14.711, -70.384, 149.985, -26.007, -13.080, -12.153, 29.63, 0.13788, 0.57953, -0.04633, 0.80179,
 15:46:12.814,ed:35:33:d3:6c:f8, 2015-01-01 03:57:27.250, 0.358, 0.001, 0.931, 0.183, -0.732, 0, 0.038, -21.61, 157.148, -11.047, -7.373, -34.367, 30.78, -0.19446, -0.18381, 0.03677, -0.96277,
 15:46:12.814,ed:35:33:d3:6c:f8, 2015-01-01 03:57:27.250, 0.356, 0.008, 0.924, 0, -0.366, -0.488, 0.044, -21.621, 157.17, -11.047, -7.373, -34.367, 30.78, -0.19446, -0.18381, 0.03677, -0.96277,
 15:46:12.834,e3:ca:2d:fd:e0:8c, 2015-01-01 03:57:27.285, 0.953, 0.086, 0.339, 0, 0.977, -0.122, 14.7, -70.362, 149.947, -26.007, -13.080, -12.153, 29.63, 0.13788, 0.57953, -0.04633, 0.80179,
 15:46:12.834,e3:ca:2d:fd:e0:8c, 2015-01-01 03:57:27.285, 0.954, 0.085, 0.336, -0.061, 0.549, 0, 14.689, -70.345, 149.892, -26.007, -13.080, -12.153, 29.63, 0.13788, 0.57953, -0.04633, 0.80179,
 15:46:12.836,f6:90:cc:01:6d:25, 2015-01-01 03:57:27.525, 0.9, 0.226, 0.312, 0, 0.183, 0.061, 37.029, -67.159, 151.54, -26.547, -15.133, -7.767, 32.33, 0.02521, 0.57388, 0.12686, 0.80859,
 15:46:12.836,f6:90:cc:01:6d:25, 2015-01-01 03:57:27.525, 0.901, 0.228, 0.313, -0.183, 0.061, 0.122, 37.018, -67.159, 151.589, -26.547, -15.133, -7.767, 32.33, 0.02521, 0.57388, 0.12686, 0.80859,
 15:46:12.856,ed:40:fe:65:30:6c, 2015-01-01 03:57:32.295, 0.539, 0.032, 0.842, 0.061, -0.305, -0.183, 2.098, -33.25, -118.938, -18.633, -6.580, -7.667, 28.54, 0.4902, -0.23956, -0.16055, -0.82245,
 15:46:12.856,ed:40:fe:65:30:6c, 2015-01-01 03:57:32.295, 0.537, 0.036, 0.838, -0.061, -0.061, 0, 2.098, -33.25, -118.938, -18.633, -6.580, -7.667, 28.54, 0.4902, -0.23956, -0.16055, -0.82245,
 15:46:12.859,ed:35:33:d3:6c:f8, 2015-01-01 03:57:27.560, 0.356, 0.01, 0.919, -0.183, -0.061, -0.549, 0.044, -21.627, 157.187, -11.047, -7.373, -34.367, 30.78, -0.19446, -0.18381, 0.03677, -0.96277,
 15:46:12.859,ed:35:33:d3:6c:f8, 2015-01-01 03:57:27.560, 0.354, 0.003, 0.918, -0.305, 0.061, -0.305, 0.049, -21.621, 157.209, -11.047, -7.373, -34.367, 30.78, -0.19446, -0.18381, 0.03677, -0.96277,
 15:46:12.878,ed:40:fe:65:30:6c, 2015-01-01 03:57:32.295, 0.536, 0.032, 0.838, -0.183, 0.122, 0.061, 2.098, -33.25, -118.932, -18.633, -6.580, -7.667, 28.54, 0.49115, -0.23749, -0.16046, -0.82251,
 15:46:12.878,ed:40:fe:65:30:6c, 2015-01-01 03:57:32.295, 0.541, 0.027, 0.842, 0, 0.305, 0.061, 2.093, -33.239, -118.927, -18.633, -6.580, -7.667, 28.54, 0.49115, -0.23749, -0.16046, -0.82251,
 15:46:12.879,e3:ca:2d:fd:e0:8c, 2015-01-01 03:57:27.285, 0.958, 0.083, 0.335, -0.183, 0, 0.061, 14.678, -70.334, 149.859, -26.007, -13.080, -12.153, 29.63, 0.13788, 0.57953, -0.04633, 0.80179,
 15:46:12.879,e3:ca:2d:fd:e0:8c, 2015-01-01 03:57:27.285, 0.959, 0.083, 0.334, 0, -0.305, 0.122, 14.672, -70.334, 149.821, -26.007, -13.080, -12.153, 29.63, 0.13788, 0.57953, -0.04633, 0.80179,
 15:46:12.881,f6:90:cc:01:6d:25, 2015-01-01 03:57:27.525, 0.904, 0.224, 0.313, -0.305, -0.061, 0.183, 37.002, -67.165, 151.628, -26.547, -15.133, -7.767, 32.33, 0.02521, 0.57388, 0.12686, 0.80859,
 15:46:12.882,f6:90:cc:01:6d:25, 2015-01-01 03:57:27.525, 0.908, 0.224, 0.312, -0.244, -0.366, 0.183, 36.985, -67.165, 151.677, -26.547, -15.133, -7.767, 32.33, 0.02521, 0.57388, 0.12686, 0.80859,
 15:46:12.882,ed:35:33:d3:6c:f8, 2015-01-01 03:57:27.560, 0.362, 0, 0.925, 0.122, 0.244, -0.305, 0.049, -21.621, 157.231, -11.047, -7.373, -34.367, 30.78, -0.19446, -0.18381, 0.03677, -0.96277,
 15:46:12.882,ed:35:33:d3:6c:f8, 2015-01-01 03:57:27.560, 0.362, -0.001, 0.927, -0.122, 1.221, -1.038, 0.055, -21.599, 157.253, -11.047, -7.373, -34.367, 30.78, -0.19446, -0.18381, 0.03677, -0.96277,
 15:46:12.922,ed:40:fe:65:30:6c, 2015-01-01 03:57:32.295, 0.545, 0.024, 0.844, 0.183, 0.305, 0.122, 2.093, -33.228, -118.932, -18.633, -6.580, -7.667, 28.54, 0.49115, -0.23749, -0.16046, -0.82251,
 15:46:12.922,ed:40:fe:65:30:6c, 2015-01-01 03:57:32.295, 0.548, 0.027, 0.845, 0.183, 0.183, 0.061, 2.098, -33.223, -118.954, -18.633, -6.580, -7.667, 28.54, 0.49115, -0.23749, -0.16046, -0.82251,
 15:46:12.924,e3:ca:2d:fd:e0:8c, 2015-01-01 03:57:27.285, 0.96, 0.086, 0.334, 0.122, -0.427, 0.061, 14.667, -70.34, 149.81, -26.007, -13.080, -12.153, 29.63, 0.13788, 0.57953, -0.04633, 0.80179,
 15:46:12.924,e3:ca:2d:fd:e0:8c, 2015-01-01 03:57:27.285, 0.961, 0.088, 0.333, 0, -0.366, 0, 14.667, -70.345, 149.799, -26.007, -13.080, -12.153, 29.63, 0.13788, 0.57953, -0.04633, 0.80179,
 15:46:12.926,f6:90:cc:01:6d:25, 2015-01-01 03:57:27.525, 0.91, 0.225, 0.309, -0.244, -0.427, 0.061, 36.98, -67.176, 151.71, -26.547, -15.133, -7.767, 32.33, 0.02521, 0.57388, 0.12686, 0.80859,
 15:46:12.926,f6:90:cc:01:6d:25, 2015-01-01 03:57:27.525, 0.913, 0.229, 0.307, -0.305, -0.427, 0, 36.98, -67.181, 151.727, -26.547, -15.133, -7.767, 32.33, 0.02521, 0.57388, 0.12686, 0.80859,
 15:46:12.926,ed:35:33:d3:6c:f8, 2015-01-01 03:57:27.560, 0.365, -0.005, 0.928, 0.671, 0.671, -0.122, 0.066, -21.583, 157.286, -11.047, -7.373, -34.367, 30.78, -0.19446, -0.18381, 0.03677, -0.96277,
 15:46:12.926,ed:35:33:d3:6c:f8, 2015-01-01 03:57:27.560, 0.368, 0.005, 0.932, 0, 0.061, 0, 0.077, -21.572, 157.33, -11.047, -7.373, -34.367, 30.78, -0.19446, -0.18381, 0.03677, -0.96277,
 15:46:12.945,ed:40:fe:65:30:6c, 2015-01-01 03:57:32.675, 0.551, 0.03, 0.844, 0, 0.122, 0, 2.098, -33.212, -118.971, -18.633, -6.580, -7.667, 28.54, 0.49115, -0.23749, -0.16046, -0.82251,
 15:46:12.945,ed:40:fe:65:30:6c, 2015-01-01 03:57:32.675, 0.553, 0.029, 0.843, -0.122, 0.061, -0.183, 2.093, -33.206, -118.976, -18.633, -6.580, -7.667, 28.54, 0.49115, -0.23749, -0.16046, -0.82251,
 15:46:12.949,f6:90:cc:01:6d:25, 2015-01-01 03:57:27.525, 0.915, 0.23, 0.305, -0.244, -0.427, 0, 36.98, -67.187, 151.732, -26.707, -14.993, -7.747, 32.33, 0.02521, 0.57388, 0.12686, 0.80859,
 15:46:12.949,f6:90:cc:01:6d:25, 2015-01-01 03:57:27.525, 0.914, 0.229, 0.305, -0.488, -0.549, -0.061, 36.98, -67.192, 151.743, -26.707, -14.993, -7.747, 32.33, 0.02521, 0.57388, 0.12686, 0.80859,
 15:46:12.973,ed:35:33:d3:6c:f8, 2015-01-01 03:57:27.560, 0.37, 0, 0.93, -0.183, -0.305, -0.244, 0.071, -21.572, 157.368, -11.047, -7.373, -34.367, 30.78, -0.19446, -0.18381, 0.03677, -0.96277,
 15:46:12.973,ed:35:33:d3:6c:f8, 2015-01-01 03:57:27.560, 0.368, 0.006, 0.93, -0.427, -0.427, -0.305, 0.071, -21.577, 157.396, -11.047, -7.373, -34.367, 30.78, -0.19446, -0.18381, 0.03677, -0.96277,
 15:46:12.992,ed:40:fe:65:30:6c, 2015-01-01 03:57:32.675, 0.552, 0.029, 0.842, -0.244, 0, -0.244, 2.093, -33.201, -119.004, -18.633, -6.580, -7.667, 28.54, 0.49115, -0.23749, -0.16046, -0.82251,
 15:46:12.992,ed:40:fe:65:30:6c, 2015-01-01 03:57:32.675, 0.551, 0.033, 0.84, -0.366, -0.122, 0, 2.087, -33.201, -119.026, -18.633, -6.580, -7.667, 28.54, 0.49115, -0.23749, -0.16046, -0.82251,
 15:46:12.992,e3:ca:2d:fd:e0:8c, 2015-01-01 03:57:27.285, 0.961, 0.087, 0.332, -0.122, -0.366, 0, 14.667, -70.351, 149.793, -26.007, -13.080, -12.153, 29.63, 0.13788, 0.57953, -0.04633, 0.80179,
 15:46:12.992,e3:ca:2d:fd:e0:8c, 2015-01-01 03:57:27.285, 0.962, 0.086, 0.33, 0, -0.427, 0.061, 14.667, -70.356, 149.815, -26.007, -13.080, -12.153, 29.63, 0.13788, 0.57953, -0.04633, 0.80179,
 15:46:12.994,f6:90:cc:01:6d:25, 2015-01-01 03:57:27.525, 0.912, 0.229, 0.302, -0.366, -0.61, -0.061, 36.985, -67.198, 151.754, -26.707, -14.993, -7.747, 32.33, 0.02521, 0.57388, 0.12686, 0.80859,
 15:46:12.994,f6:90:cc:01:6d:25, 2015-01-01 03:57:27.525, 0.91, 0.23, 0.301, -0.061, -0.549, 0, 36.996, -67.209, 151.754, -26.707, -14.993, -7.747, 32.33, 0.02521, 0.57388, 0.12686, 0.80859,
