Time,Device name,Chip Time(),Acceleration X(g),Acceleration Y(g),Acceleration Z(g),Angular velocity X(°/s),Angular velocity Y(°/s),Angular velocity Z(°/s),Angle X(°),Angle Y(°),Angle Z(°),Magnetic field X(ʯt),Magnetic field Y(ʯt),Magnetic field Z(ʯt),Temperature(℃),Quaternions 0(),Quaternions 1(),Quaternions 2(),Quaternions 3()
 11:05:28.651,ed:35:33:d3:6c:f8, 2015-01-01 00:18:27.335, 0.837, -0.036, 0.536, -0.488, 0.061, 1.404, -3.51, -57.667, -165.174, -23.560, -8.407, -12.340, 30.25, -0.09641, 0.48145, 0.03616, 0.87036,
 11:05:28.651,ed:35:33:d3:6c:f8, 2015-01-01 00:18:27.335, 0.839, -0.037, 0.529, 0.061, -0.732, 1.099, -3.543, -57.678, -165.135, -23.560, -8.407, -12.340, 30.25, -0.09641, 0.48145, 0.03616, 0.87036,
 11:05:28.653,ed:40:fe:65:30:6c, 2015-01-01 00:18:24.060, 0.895, 0.042, 0.45, -0.244, -0.488, 1.221, 5.46, -63.353, -116.34, -26.473, -8.007, 5.213, 25.07, 0.46912, -0.42361, -0.31195, -0.70926,
 11:05:28.653,ed:40:fe:65:30:6c, 2015-01-01 00:18:24.060, 0.896, 0.041, 0.446, 0, -0.793, 0.732, 5.433, -63.364, -116.301, -26.473, -8.007, 5.213, 25.07, 0.46912, -0.42361, -0.31195, -0.70926,
 11:05:28.655,e3:ca:2d:fd:e0:8c, 2015-01-01 00:18:24.365, 1.01, -0.12, -0.052, 0, -0.061, -0.244, -112.698, -82.798, -100.602, -25.380, -5.107, -3.473, 23.42, -0.15753, -0.68085, 0.24594, -0.6716,
 11:05:28.655,e3:ca:2d:fd:e0:8c, 2015-01-01 00:18:24.365, 1.014, -0.117, -0.045, 0.183, -0.061, -0.183, -112.709, -82.804, -100.596, -25.380, -5.107, -3.473, 23.42, -0.15753, -0.68085, 0.24594, -0.6716,
 11:05:28.674,f6:90:cc:01:6d:25, 2015-01-01 00:18:26.740, 0.984, -0.053, -0.019, 0.244, -0.793, -0.305, -108.737, -86.715, -47.318, -28.387, -7.120, 4.353, 29.21, 0.16202, -0.7019, -0.12726, -0.68176,
 11:05:28.674,f6:90:cc:01:6d:25, 2015-01-01 00:18:26.740, 0.984, -0.051, -0.022, 0.061, -0.671, -0.244, -109.034, -86.715, -46.989, -28.387, -7.120, 4.353, 29.21, 0.16202, -0.7019, -0.12726, -0.68176,
 11:05:28.696,ed:35:33:d3:6c:f8, 2015-01-01 00:18:27.335, 0.838, -0.036, 0.526, 0.427, -0.916, 0.671, -3.554, -57.695, -165.119, -23.560, -8.407, -12.340, 30.25, -0.09641, 0.48145, 0.03616, 0.87036,
 11:05:28.696,ed:35:33:d3:6c:f8, 2015-01-01 00:18:27.335, 0.84, -0.032, 0.527, 0.488, -0.549, 0.488, -3.565, -57.7, -165.075, -23.560, -8.407, -12.340, 30.25, -0.09641, 0.48145, 0.03616, 0.87036,
 11:05:28.696,f6:90:cc:01:6d:25, 2015-01-01 00:18:26.740, 0.985, -0.054, -0.021, 0.122, -0.732, -0.061, -109.303, -86.715, -46.686, -28.387, -7.120, 4.353, 29.21, 0.16418, -0.70181, -0.12955, -0.68088,
 11:05:28.696,f6:90:cc:01:6d:25, 2015-01-01 00:18:26.740, 0.982, -0.054, -0.02, 0.061, -0.793, 0, -109.578, -86.71, -46.373, -28.387, -7.120, 4.353, 29.21, 0.16418, -0.70181, -0.12955, -0.68088,
 11:05:28.699,ed:40:fe:65:30:6c, 2015-01-01 00:18:24.060, 0.896, 0.043, 0.447, 0.061, -0.854, 0.366, 5.427, -63.38, -116.285, -26.473, -8.007, 5.213, 25.07, 0.46912, -0.42361, -0.31195, -0.70926,
 11:05:28.699,ed:40:fe:65:30:6c, 2015-01-01 00:18:24.060, 0.897, 0.045, 0.449, 0.427, -0.793, 0.244, 5.427, -63.391, -116.279, -26.473, -8.007, 5.213, 25.07, 0.46912, -0.42361, -0.31195, -0.70926,
 11:05:28.701,e3:ca:2d:fd:e0:8c, 2015-01-01 00:18:24.365, 1.014, -0.119, -0.049, 0, -0.366, -0.061, -112.747, -82.798, -100.563, -25.380, -5.107, -3.473, 23.42, -0.15753, -0.68085, 0.24594, -0.6716,
 11:05:28.701,e3:ca:2d:fd:e0:8c, 2015-01-01 00:18:24.365, 1.013, -0.119, -0.047, 0, -0.488, -0.122, -112.813, -82.798, -100.503, -25.380, -5.107, -3.473, 23.42, -0.15753, -0.68085, 0.24594, -0.6716,
 11:05:28.718,ed:35:33:d3:6c:f8, 2015-01-01 00:18:27.335, 0.837, -0.029, 0.532, 0.61, -0.183, 0.488, -3.565, -57.706, -165.009, -23.340, -8.173, -12.133, 30.25, -0.09641, 0.48145, 0.03616, 0.87036,
 11:05:28.718,ed:35:33:d3:6c:f8, 2015-01-01 00:18:27.335, 0.841, -0.03, 0.533, 0.488, 0, 0.488, -3.571, -57.7, -164.965, -23.340, -8.173, -12.133, 30.25, -0.09641, 0.48145, 0.03616, 0.87036,
 11:05:28.723,e3:ca:2d:fd:e0:8c, 2015-01-01 00:18:24.365, 1.009, -0.118, -0.049, 0, -0.671, -0.122, -112.901, -82.798, -100.421, -25.380, -5.107, -3.473, 23.42, -0.15753, -0.68085, 0.24594, -0.6716,
 11:05:28.723,e3:ca:2d:fd:e0:8c, 2015-01-01 00:18:24.365, 1.013, -0.116, -0.048, 0, -0.488, -0.122, -112.978, -82.793, -100.349, -25.380, -5.107, -3.473, 23.42, -0.15753, -0.68085, 0.24594, -0.6716,
 11:05:28.742,f6:90:cc:01:6d:25, 2015-01-01 00:18:26.740, 0.982, -0.054, -0.028, 0, -0.916, 0, -109.874, -86.699, -46.038, -28.387, -7.120, 4.353, 29.21, 0.16418, -0.70181, -0.12955, -0.68088,
 11:05:28.742,f6:90:cc:01:6d:25, 2015-01-01 00:18:26.740, 0.988, -0.051, -0.021, -0.061, -0.732, 0, -110.171, -86.693, -45.72, -28.387, -7.120, 4.353, 29.21, 0.16418, -0.70181, -0.12955, -0.68088,
 11:05:28.764,ed:35:33:d3:6c:f8, 2015-01-01 00:18:27.335, 0.843, -0.028, 0.531, 0.488, -0.305, 0.305, -3.571, -57.706, -164.982, -23.340, -8.173, -12.133, 30.25, -0.09641, 0.48145, 0.03616, 0.87036,
 11:05:28.764,ed:35:33:d3:6c:f8, 2015-01-01 00:18:27.335, 0.844, -0.029, 0.529, 0.61, -0.61, 0.244, -3.565, -57.717, -164.987, -23.340, -8.173, -12.133, 30.25, -0.09641, 0.48145, 0.03616, 0.87036,
 11:05:28.766,e3:ca:2d:fd:e0:8c, 2015-01-01 00:18:24.365, 1.016, -0.117, -0.046, -0.122, -0.549, -0.061, -113.055, -82.793, -100.278, -25.380, -5.107, -3.473, 23.42, -0.15753, -0.68085, 0.24594, -0.6716,
 11:05:28.766,e3:ca:2d:fd:e0:8c, 2015-01-01 00:18:24.365, 1.016, -0.116, -0.047, -0.183, -0.488, 0, -113.115, -82.787, -100.223, -25.380, -5.107, -3.473, 23.42, -0.15753, -0.68085, 0.24594, -0.6716,
 11:05:28.767,ed:40:fe:65:30:6c, 2015-01-01 00:18:24.060, 0.895, 0.046, 0.451, 0.671, -0.793, 0.244, 5.438, -63.408, -116.274, -26.473, -8.007, 5.213, 25.07, 0.46912, -0.42361, -0.31195, -0.70926,
 11:05:28.767,ed:40:fe:65:30:6c, 2015-01-01 00:18:24.060, 0.9, 0.047, 0.45, 0.488, -0.793, 0.305, 5.438, -63.419, -116.268, -26.473, -8.007, 5.213, 25.07, 0.46912, -0.42361, -0.31195, -0.70926,
 11:05:28.787,f6:90:cc:01:6d:25, 2015-01-01 00:18:27.095, 0.988, -0.051, -0.023, -0.183, -0.427, -0.061, -110.391, -86.688, -45.472, -28.387, -7.120, 4.353, 29.21, 0.16418, -0.70181, -0.12955, -0.68088,
 11:05:28.787,f6:90:cc:01:6d:25, 2015-01-01 00:18:27.095, 0.985, -0.051, -0.025, -0.305, -0.244, 0, -110.533, -86.688, -45.308, -28.387, -7.120, 4.353, 29.21, 0.16418, -0.70181, -0.12955, -0.68088,
 11:05:28.790,ed:40:fe:65:30:6c, 2015-01-01 00:18:24.060, 0.9, 0.049, 0.447, 0.244, -0.732, 0.244, 5.444, -63.435, -116.257, -26.527, -7.527, 5.460, 25.07, 0.46912, -0.42361, -0.31195, -0.70926,
 11:05:28.790,ed:40:fe:65:30:6c, 2015-01-01 00:18:24.060, 0.901, 0.046, 0.447, 0.183, -0.549, 0.305, 5.438, -63.441, -116.246, -26.527, -7.527, 5.460, 25.07, 0.46912, -0.42361, -0.31195, -0.70926,
 11:05:28.812,e3:ca:2d:fd:e0:8c, 2015-01-01 00:18:24.365, 1.012, -0.117, -0.051, -0.305, -0.427, 0, -113.176, -82.787, -100.173, -25.120, -5.260, -3.847, 23.42, -0.15753, -0.68085, 0.24594, -0.6716,
 11:05:28.812,e3:ca:2d:fd:e0:8c, 2015-01-01 00:18:24.365, 1.012, -0.118, -0.051, -0.305, -0.244, 0.061, -113.203, -82.782, -100.151, -25.120, -5.260, -3.847, 23.42, -0.15753, -0.68085, 0.24594, -0.6716,
 11:05:28.831,ed:35:33:d3:6c:f8, 2015-01-01 00:18:27.335, 0.845, -0.031, 0.528, 0.305, -0.671, 0.244, -3.565, -57.728, -164.993, -23.340, -8.173, -12.133, 30.25, -0.09943, 0.48178, 0.03595, 0.86984,
 11:05:28.831,ed:35:33:d3:6c:f8, 2015-01-01 00:18:27.335, 0.845, -0.031, 0.525, 0.244, -0.549, 0, -3.554, -57.739, -165.02, -23.340, -8.173, -12.133, 30.25, -0.09943, 0.48178, 0.03595, 0.86984,
 11:05:28.832,f6:90:cc:01:6d:25, 2015-01-01 00:18:27.095, 0.985, -0.054, -0.028, -0.244, -0.305, 0, -110.665, -86.682, -45.17, -28.387, -7.120, 4.353, 29.21, 0.16418, -0.70181, -0.12955, -0.68088,
 11:05:28.832,f6:90:cc:01:6d:25, 2015-01-01 00:18:27.095, 0.987, -0.054, -0.028, -0.305, -0.244, -0.061, -110.803, -86.682, -45.027, -28.387, -7.120, 4.353, 29.21, 0.16418, -0.70181, -0.12955, -0.68088,
 11:05:28.854,ed:35:33:d3:6c:f8, 2015-01-01 00:18:27.715, 0.846, -0.029, 0.523, 0.183, -0.488, 0.061, -3.554, -57.75, -165.031, -23.340, -8.173, -12.133, 30.25, -0.09943, 0.48178, 0.03595, 0.86984,
 11:05:28.854,ed:35:33:d3:6c:f8, 2015-01-01 00:18:27.715, 0.847, -0.027, 0.523, 0, -0.488, 0.122, -3.554, -57.761, -165.042, -23.340, -8.173, -12.133, 30.25, -0.09943, 0.48178, 0.03595, 0.86984,
 11:05:28.854,f6:90:cc:01:6d:25, 2015-01-01 00:18:27.095, 0.988, -0.053, -0.027, -0.366, 0.244, 0, -110.819, -86.682, -45.016, -28.387, -7.120, 4.353, 29.21, 0.16418, -0.70181, -0.12955, -0.68088,
 11:05:28.854,f6:90:cc:01:6d:25, 2015-01-01 00:18:27.095, 0.986, -0.051, -0.029, -0.244, 0.61, 0.244, -110.693, -86.682, -45.154, -28.387, -7.120, 4.353, 29.21, 0.16418, -0.70181, -0.12955, -0.68088,
 11:05:28.856,ed:40:fe:65:30:6c, 2015-01-01 00:18:24.060, 0.901, 0.046, 0.445, 0.122, -0.549, 0.183, 5.444, -63.452, -116.246, -26.527, -7.527, 5.460, 25.07, 0.46912, -0.42361, -0.31195, -0.70926,
 11:05:28.856,ed:40:fe:65:30:6c, 2015-01-01 00:18:24.060, 0.901, 0.045, 0.443, 0.061, -0.427, 0.061, 5.449, -63.457, -116.263, -26.527, -7.527, 5.460, 25.07, 0.46912, -0.42361, -0.31195, -0.70926,
 11:05:28.858,e3:ca:2d:fd:e0:8c, 2015-01-01 00:18:24.365, 1.015, -0.119, -0.049, -0.244, 0, 0.061, -113.198, -82.782, -100.173, -25.120, -5.260, -3.847, 23.42, -0.15842, -0.681, 0.24683, -0.6709,
 11:05:28.858,e3:ca:2d:fd:e0:8c, 2015-01-01 00:18:24.365, 1.016, -0.121, -0.05, -0.244, 0.061, 0.061, -113.187, -82.782, -100.195, -25.120, -5.260, -3.847, 23.42, -0.15842, -0.681, 0.24683, -0.6709,
 11:05:28.879,ed:40:fe:65:30:6c, 2015-01-01 00:18:24.060, 0.903, 0.047, 0.439, 0, -0.427, 0.244, 5.444, -63.468, -116.268, -26.527, -7.527, 5.460, 25.07, 0.4697, -0.4248, -0.31168, -0.70828,
 11:05:28.879,ed:40:fe:65:30:6c, 2015-01-01 00:18:24.060, 0.901, 0.048, 0.44, -0.122, -0.488, 0.244, 5.438, -63.479, -116.268, -26.527, -7.527, 5.460, 25.07, 0.4697, -0.4248, -0.31168, -0.70828,
 11:05:28.898,ed:35:33:d3:6c:f8, 2015-01-01 00:18:27.715, 0.844, -0.029, 0.524, 0, -0.427, 0, -3.554, -57.772, -165.064, -23.340, -8.173, -12.133, 30.25, -0.09943, 0.48178, 0.03595, 0.86984,
 11:05:28.898,ed:35:33:d3:6c:f8, 2015-01-01 00:18:27.715, 0.844, -0.028, 0.524, 0, -0.427, 0.183, -3.554, -57.783, -165.042, -23.340, -8.173, -12.133, 30.25, -0.09943, 0.48178, 0.03595, 0.86984,
 11:05:28.899,f6:90:cc:01:6d:25, 2015-01-01 00:18:27.095, 0.986, -0.055, -0.026, -0.671, 0.671, 0.427, -110.511, -86.677, -45.368, -28.387, -7.120, 4.353, 29.21, 0.16418, -0.70181, -0.12955, -0.68088,
 11:05:28.899,f6:90:cc:01:6d:25, 2015-01-01 00:18:27.095, 0.984, -0.055, -0.026, -0.854, 0.61, 0.488, -110.341, -86.671, -45.577, -28.387, -7.120, 4.353, 29.21, 0.16418, -0.70181, -0.12955, -0.68088,
 11:05:28.901,e3:ca:2d:fd:e0:8c, 2015-01-01 00:18:24.680, 1.017, -0.12, -0.054, -0.427, 0.061, 0.122, -113.17, -82.782, -100.228, -25.120, -5.260, -3.847, 23.42, -0.15842, -0.681, 0.24683, -0.6709,
 11:05:28.901,e3:ca:2d:fd:e0:8c, 2015-01-01 00:18:24.680, 1.015, -0.119, -0.052, -0.732, 0.122, 0.061, -113.165, -82.782, -100.261, -25.120, -5.260, -3.847, 23.42, -0.15842, -0.681, 0.24683, -0.6709,
 11:05:28.921,ed:35:33:d3:6c:f8, 2015-01-01 00:18:27.715, 0.844, -0.032, 0.524, -0.061, -0.305, 0.305, -3.565, -57.788, -165.015, -23.340, -8.173, -12.133, 30.25, -0.09943, 0.48178, 0.03595, 0.86984,
 11:05:28.921,ed:35:33:d3:6c:f8, 2015-01-01 00:18:27.715, 0.844, -0.033, 0.524, -0.244, -0.183, 0.305, -3.576, -57.799, -165.026, -23.340, -8.173, -12.133, 30.25, -0.09943, 0.48178, 0.03595, 0.86984,
 11:05:28.924,ed:40:fe:65:30:6c, 2015-01-01 00:18:24.060, 0.901, 0.047, 0.443, 0, -0.427, 0.122, 5.444, -63.49, -116.279, -26.527, -7.527, 5.460, 25.07, 0.4697, -0.4248, -0.31168, -0.70828,
 11:05:28.924,ed:40:fe:65:30:6c, 2015-01-01 00:18:24.060, 0.9, 0.044, 0.444, 0, -0.305, 0.244, 5.444, -63.495, -116.279, -26.527, -7.527, 5.460, 25.07, 0.4697, -0.4248, -0.31168, -0.70828,
 11:05:28.925,e3:ca:2d:fd:e0:8c, 2015-01-01 00:18:24.680, 1.014, -0.119, -0.056, -0.671, 0, 0, -113.181, -82.776, -100.278, -25.120, -5.260, -3.847, 23.42, -0.15842, -0.681, 0.24683, -0.6709,
 11:05:28.925,e3:ca:2d:fd:e0:8c, 2015-01-01 00:18:24.680, 1.016, -0.118, -0.056, -0.549, 0, -0.122, -113.203, -82.782, -100.283, -25.120, -5.260, -3.847, 23.42, -0.15842, -0.681, 0.24683, -0.6709,
 11:05:28.946,ed:40:fe:65:30:6c, 2015-01-01 00:18:24.440, 0.9, 0.044, 0.444, -0.061, -0.122, 0.305, 5.433, -63.501, -116.274, -26.527, -7.527, 5.460, 25.07, 0.4697, -0.4248, -0.31168, -0.70828,
 11:05:28.946,ed:40:fe:65:30:6c, 2015-01-01 00:18:24.440, 0.901, 0.042, 0.442, -0.122, 0, 0.366, 5.422, -63.501, -116.263, -26.527, -7.527, 5.460, 25.07, 0.4697, -0.4248, -0.31168, -0.70828,
 11:05:28.967,ed:35:33:d3:6c:f8, 2015-01-01 00:18:27.715, 0.844, -0.035, 0.524, -0.183, -0.122, 0.305, -3.587, -57.799, -165.064, -23.340, -8.173, -12.133, 30.25, -0.09943, 0.48178, 0.03595, 0.86984,
 11:05:28.967,ed:35:33:d3:6c:f8, 2015-01-01 00:18:27.715, 0.847, -0.034, 0.526, -0.366, 0.183, 0.366, -3.604, -57.799, -165.097, -23.340, -8.173, -12.133, 30.25, -0.09943, 0.48178, 0.03595, 0.86984,
 11:05:28.969,ed:40:fe:65:30:6c, 2015-01-01 00:18:24.440, 0.902, 0.042, 0.444, -0.061, 0.061, 0.366, 5.411, -63.501, -116.252, -26.527, -7.527, 5.460, 25.07, 0.4697, -0.4248, -0.31168, -0.70828,
 11:05:28.969,ed:40:fe:65:30:6c, 2015-01-01 00:18:24.440, 0.903, 0.043, 0.445, -0.061, 0.244, 0.305, 5.4, -63.501, -116.241, -26.527, -7.527, 5.460, 25.07, 0.4697, -0.4248, -0.31168, -0.70828,
 11:05:28.971,e3:ca:2d:fd:e0:8c, 2015-01-01 00:18:24.680, 1.017, -0.117, -0.053, -0.427, 0, 0, -113.22, -82.782, -100.294, -25.120, -5.260, -3.847, 23.42, -0.15842, -0.681, 0.24683, -0.6709,
 11:05:28.971,e3:ca:2d:fd:e0:8c, 2015-01-01 00:18:24.680, 1.015, -0.117, -0.051, -0.427, 0.061, -0.122, -113.236, -82.782, -100.311, -25.120, -5.260, -3.847, 23.42, -0.15842, -0.681, 0.24683, -0.6709,
 11:05:29.012,ed:35:33:d3:6c:f8, 2015-01-01 00:18:27.715, 0.844, -0.035, 0.525, -0.244, 0.427, 0.366, -3.62, -57.794, -165.108, -23.340, -8.173, -12.133, 30.25, -0.09943, 0.48178, 0.03595, 0.86984,
 11:05:29.012,ed:35:33:d3:6c:f8, 2015-01-01 00:18:27.715, 0.849, -0.037, 0.527, -0.183, 0.671, 0.488, -3.636, -57.783, -165.086, -23.340, -8.173, -12.133, 30.25, -0.09943, 0.48178, 0.03595, 0.86984,
 11:05:29.012,ed:40:fe:65:30:6c, 2015-01-01 00:18:24.440, 0.901, 0.041, 0.445, 0.122, 0.488, 0.305, 5.389, -63.49, -116.235, -26.527, -7.527, 5.460, 25.07, 0.4697, -0.4248, -0.31168, -0.70828,
 11:05:29.012,ed:40:fe:65:30:6c, 2015-01-01 00:18:24.440, 0.906, 0.042, 0.446, 0.305, 0.671, 0.305, 5.383, -63.479, -116.219, -26.527, -7.527, 5.460, 25.07, 0.4697, -0.4248, -0.31168, -0.70828,
 11:05:29.013,f6:90:cc:01:6d:25, 2015-01-01 00:18:27.095, 0.984, -0.055, -0.032, -0.427, 0.427, 0.366, -110.226, -86.666, -45.725, -28.387, -7.120, 4.353, 29.21, 0.16418, -0.70181, -0.12955, -0.68088,
 11:05:29.013,f6:90:cc:01:6d:25, 2015-01-01 00:18:27.095, 0.987, -0.056, -0.026, -0.183, 0.305, 0.122, -110.182, -86.666, -45.807, -28.387, -7.120, 4.353, 29.21, 0.16418, -0.70181, -0.12955, -0.68088,
 11:05:29.014,e3:ca:2d:fd:e0:8c, 2015-01-01 00:18:24.680, 1.012, -0.123, -0.049, -0.183, 0.366, -0.305, -113.214, -82.787, -100.355, -25.120, -5.260, -3.847, 23.42, -0.15842, -0.681, 0.24683, -0.6709,
 11:05:29.014,e3:ca:2d:fd:e0:8c, 2015-01-01 00:18:24.680, 1.018, -0.119, -0.055, 0.122, 0.61, -0.183, -113.137, -82.798, -100.448, -25.120, -5.260, -3.847, 23.42, -0.15842, -0.681, 0.24683, -0.6709,
 11:05:29.034,f6:90:cc:01:6d:25, 2015-01-01 00:18:27.095, 0.988, -0.053, -0.028, -0.122, 0.305, 0, -110.16, -86.66, -45.857, -28.287, -6.667, 4.460, 29.21, 0.16418, -0.70181, -0.12955, -0.68088,
 11:05:29.034,f6:90:cc:01:6d:25, 2015-01-01 00:18:27.095, 0.986, -0.058, -0.025, -0.305, 0.427, 0, -110.116, -86.666, -45.939, -28.287, -6.667, 4.460, 29.21, 0.16418, -0.70181, -0.12955, -0.68088,
 11:05:29.057,ed:35:33:d3:6c:f8, 2015-01-01 00:18:27.715, 0.846, -0.033, 0.526, 0.244, 0.549, 0.488, -3.642, -57.777, -165.075, -23.340, -8.173, -12.133, 30.25, -0.09943, 0.48178, 0.03595, 0.86984,
 11:05:29.057,ed:35:33:d3:6c:f8, 2015-01-01 00:18:27.715, 0.843, -0.038, 0.528, 0.122, 0.61, 0.671, -3.664, -57.766, -165.059, -23.340, -8.173, -12.133, 30.25, -0.09943, 0.48178, 0.03595, 0.86984,
 11:05:29.057,f6:90:cc:01:6d:25, 2015-01-01 00:18:27.095, 0.986, -0.059, -0.032, 0.061, 0.488, 0.061, -110.039, -86.666, -46.049, -28.287, -6.667, 4.460, 29.21, 0.16418, -0.70181, -0.12955, -0.68088,
 11:05:29.057,f6:90:cc:01:6d:25, 2015-01-01 00:18:27.095, 0.993, -0.054, -0.024, 0.549, 0.244, 0, -110.012, -86.66, -46.099, -28.287, -6.667, 4.460, 29.21, 0.16418, -0.70181, -0.12955, -0.68088,
 11:05:29.059,ed:40:fe:65:30:6c, 2015-01-01 00:18:24.440, 0.901, 0.042, 0.444, 0.854, 0.61, 0.366, 5.389, -63.474, -116.208, -26.527, -7.527, 5.460, 25.07, 0.4697, -0.4248, -0.31168, -0.70828,
 11:05:29.059,ed:40:fe:65:30:6c, 2015-01-01 00:18:24.440, 0.899, 0.038, 0.448, 0.61, 0.793, 0.488, 5.378, -63.457, -116.18, -26.527, -7.527, 5.460, 25.07, 0.4697, -0.4248, -0.31168, -0.70828,
 11:05:29.061,e3:ca:2d:fd:e0:8c, 2015-01-01 00:18:24.680, 1.02, -0.117, -0.044, 0.305, 1.038, 0.061, -112.983, -82.804, -100.613, -25.120, -5.260, -3.847, 23.42, -0.15842, -0.681, 0.24683, -0.6709,
 11:05:29.061,e3:ca:2d:fd:e0:8c, 2015-01-01 00:18:24.680, 1.014, -0.124, -0.048, 0, 1.038, 0.122, -112.824, -82.809, -100.789, -25.120, -5.260, -3.847, 23.42, -0.15842, -0.681, 0.24683, -0.6709,
 11:05:29.081,f6:90:cc:01:6d:25, 2015-01-01 00:18:27.095, 0.988, -0.058, -0.022, 0.305, 0.61, -0.122, -109.924, -86.666, -46.208, -28.287, -6.667, 4.460, 29.21, 0.16418, -0.70181, -0.12955, -0.68088,
 11:05:29.081,f6:90:cc:01:6d:25, 2015-01-01 00:18:27.095, 0.985, -0.059, -0.022, 0.305, 0.916, -0.061, -109.715, -86.671, -46.423, -28.287, -6.667, 4.460, 29.21, 0.16418, -0.70181, -0.12955, -0.68088,
 11:05:29.104,e3:ca:2d:fd:e0:8c, 2015-01-01 00:18:24.680, 1.011, -0.119, -0.049, -0.244, 0.427, 0.244, -112.753, -82.804, -100.876, -25.460, -5.513, -4.673, 23.42, -0.15842, -0.681, 0.24683, -0.6709,
 11:05:29.104,e3:ca:2d:fd:e0:8c, 2015-01-01 00:18:24.680, 1.01, -0.116, -0.049, -0.305, -0.061, 0, -112.764, -82.804, -100.882, -25.460, -5.513, -4.673, 23.42, -0.15842, -0.681, 0.24683, -0.6709,
 11:05:29.104,ed:40:fe:65:30:6c, 2015-01-01 00:18:24.440, 0.899, 0.044, 0.444, 0.244, 0.854, 0.244, 5.372, -63.446, -116.169, -26.527, -7.527, 5.460, 25.07, 0.4697, -0.4248, -0.31168, -0.70828,
 11:05:29.104,ed:40:fe:65:30:6c, 2015-01-01 00:18:24.440, 0.892, 0.052, 0.45, 0.549, 0.854, -0.183, 5.389, -63.43, -116.18, -26.527, -7.527, 5.460, 25.07, 0.4697, -0.4248, -0.31168, -0.70828,
 11:05:29.123,ed:35:33:d3:6c:f8, 2015-01-01 00:18:27.715, 0.843, -0.037, 0.527, 0.244, 0.732, 0.61, -3.675, -57.755, -165.031, -22.973, -8.480, -11.793, 30.25, -0.09943, 0.48178, 0.03595, 0.86984,
 11:05:29.123,ed:35:33:d3:6c:f8, 2015-01-01 00:18:27.715, 0.836, -0.029, 0.529, 0.671, 0.671, 0, -3.664, -57.744, -165.037, -22.973, -8.480, -11.793, 30.25, -0.09943, 0.48178, 0.03595, 0.86984,
 11:05:29.125,f6:90:cc:01:6d:25, 2015-01-01 00:18:27.095, 0.984, -0.052, -0.021, 0, 1.038, 0.122, -109.44, -86.671, -46.714, -28.287, -6.667, 4.460, 29.21, 0.16418, -0.70181, -0.12955, -0.68088,
 11:05:29.125,f6:90:cc:01:6d:25, 2015-01-01 00:18:27.095, 0.978, -0.054, -0.028, -0.305, 1.099, 0.244, -109.133, -86.671, -47.043, -28.287, -6.667, 4.460, 29.21, 0.16418, -0.70181, -0.12955, -0.68088,
 11:05:29.128,e3:ca:2d:fd:e0:8c, 2015-01-01 00:18:24.680, 1.01, -0.117, -0.054, -0.061, 0, -0.061, -112.775, -82.804, -100.887, -25.460, -5.513, -4.673, 23.42, -0.16025, -0.67999, 0.24847, -0.67087,
 11:05:29.128,e3:ca:2d:fd:e0:8c, 2015-01-01 00:18:24.680, 1.018, -0.117, -0.047, 0.427, 0.793, 0, -112.654, -82.809, -101.014, -25.460, -5.513, -4.673, 23.42, -0.16025, -0.67999, 0.24847, -0.67087,
 11:05:29.147,f6:90:cc:01:6d:25, 2015-01-01 00:18:27.095, 0.984, -0.059, -0.033, 0, 1.221, 0.061, -108.814, -86.677, -47.384, -28.287, -6.667, 4.460, 29.21, 0.16345, -0.70215, -0.12833, -0.68094,
 11:05:29.148,f6:90:cc:01:6d:25, 2015-01-01 00:18:27.095, 0.988, -0.058, -0.02, 0.366, 1.404, 0, -108.446, -86.682, -47.763, -28.287, -6.667, 4.460, 29.21, 0.16345, -0.70215, -0.12833, -0.68094,
 11:05:29.151,ed:40:fe:65:30:6c, 2015-01-01 00:18:24.440, 0.895, 0.042, 0.452, 0.305, 0.427, 0, 5.394, -63.419, -116.186, -26.527, -7.527, 5.460, 25.07, 0.4697, -0.4248, -0.31168, -0.70828,
 11:05:29.151,ed:40:fe:65:30:6c, 2015-01-01 00:18:24.440, 0.895, 0.042, 0.446, 0, 0, 0.305, 5.383, -63.419, -116.175, -26.527, -7.527, 5.460, 25.07, 0.4697, -0.4248, -0.31168, -0.70828,
 11:05:29.168,ed:35:33:d3:6c:f8, 2015-01-01 00:18:27.715, 0.838, -0.029, 0.536, 0.366, 0.854, -0.183, -3.647, -57.728, -165.081, -22.973, -8.480, -11.793, 30.25, -0.0983, 0.48203, 0.03491, 0.86987,
 11:05:29.168,ed:35:33:d3:6c:f8, 2015-01-01 00:18:27.715, 0.837, -0.035, 0.53, 0, 0, 0.122, -3.647, -57.728, -165.108, -22.973, -8.480, -11.793, 30.25, -0.0983, 0.48203, 0.03491, 0.86987,
 11:05:29.170,ed:40:fe:65:30:6c, 2015-01-01 00:18:24.440, 0.896, 0.04, 0.45, 0.183, -0.061, 0.366, 5.378, -63.424, -116.164, -26.793, -7.487, 5.140, 25.07, 0.4697, -0.4248, -0.31168, -0.70828,
 11:05:29.170,ed:40:fe:65:30:6c, 2015-01-01 00:18:24.440, 0.892, 0.039, 0.452, 0.244, 0.122, 0.366, 5.367, -63.419, -116.142, -26.793, -7.487, 5.140, 25.07, 0.4697, -0.4248, -0.31168, -0.70828,
 11:05:29.172,e3:ca:2d:fd:e0:8c, 2015-01-01 00:18:24.680, 1.014, -0.121, -0.045, 0.671, 0.977, -0.122, -112.505, -82.82, -101.162, -25.460, -5.513, -4.673, 23.42, -0.16025, -0.67999, 0.24847, -0.67087,
 11:05:29.172,e3:ca:2d:fd:e0:8c, 2015-01-01 00:18:24.680, 1.011, -0.119, -0.048, 0.61, 0.793, 0, -112.379, -82.826, -101.294, -25.460, -5.513, -4.673, 23.42, -0.16025, -0.67999, 0.24847, -0.67087,
 11:05:29.192,f6:90:cc:01:6d:25, 2015-01-01 00:18:27.095, 0.982, -0.057, -0.02, 0.549, 1.526, -0.122, -108.029, -86.688, -48.181, -28.287, -6.667, 4.460, 29.21, 0.16345, -0.70215, -0.12833, -0.68094,
 11:05:29.192,f6:90:cc:01:6d:25, 2015-01-01 00:18:27.095, 0.98, -0.056, -0.016, 0.366, 1.343, -0.183, -107.65, -86.699, -48.543, -28.287, -6.667, 4.460, 29.21, 0.16345, -0.70215, -0.12833, -0.68094,
 11:05:29.213,ed:35:33:d3:6c:f8, 2015-01-01 00:18:27.715, 0.839, -0.035, 0.529, 0.122, -0.671, 0, -3.647, -57.744, -165.114, -22.973, -8.480, -11.793, 30.25, -0.0983, 0.48203, 0.03491, 0.86987,
 11:05:29.213,ed:35:33:d3:6c:f8, 2015-01-01 00:18:27.715, 0.835, -0.037, 0.53, 0.122, -0.366, 0.244, -3.653, -57.75, -165.108, -22.973, -8.480, -11.793, 30.25, -0.0983, 0.48203, 0.03491, 0.86987,
 11:05:29.215,f6:90:cc:01:6d:25, 2015-01-01 00:18:27.540, 0.979, -0.055, -0.015, 0.122, 1.16, -0.122, -107.325, -86.704, -48.867, -28.287, -6.667, 4.460, 29.21, 0.16345, -0.70215, -0.12833, -0.68094,
 11:05:29.215,f6:90:cc:01:6d:25, 2015-01-01 00:18:27.540, 0.981, -0.055, -0.014, 0, 1.038, -0.122, -107.034, -86.71, -49.175, -28.287, -6.667, 4.460, 29.21, 0.16345, -0.70215, -0.12833, -0.68094,
 11:05:29.218,e3:ca:2d:fd:e0:8c, 2015-01-01 00:18:24.970, 1.006, -0.119, -0.042, 0, 0.732, 0, -112.269, -82.826, -101.415, -25.460, -5.513, -4.673, 23.42, -0.16025, -0.67999, 0.24847, -0.67087,
 11:05:29.218,e3:ca:2d:fd:e0:8c, 2015-01-01 00:18:24.970, 1.006, -0.118, -0.043, -0.244, 0.61, -0.061, -112.181, -82.831, -101.508, -25.460, -5.513, -4.673, 23.42, -0.16025, -0.67999, 0.24847, -0.67087,
 11:05:29.218,ed:40:fe:65:30:6c, 2015-01-01 00:18:24.440, 0.892, 0.04, 0.452, 0.244, 0.305, 0.244, 5.361, -63.413, -116.142, -26.793, -7.487, 5.140, 25.07, 0.4697, -0.4248, -0.31168, -0.70828,
 11:05:29.218,ed:40:fe:65:30:6c, 2015-01-01 00:18:24.440, 0.891, 0.043, 0.453, 0.061, 0.305, 0, 5.356, -63.408, -116.142, -26.793, -7.487, 5.140, 25.07, 0.4697, -0.4248, -0.31168, -0.70828,
 11:05:29.235,ed:35:33:d3:6c:f8, 2015-01-01 00:18:28.075, 0.835, -0.038, 0.531, 0.122, 0.122, 0.366, -3.664, -57.75, -165.059, -22.973, -8.480, -11.793, 30.25, -0.0983, 0.48203, 0.03491, 0.86987,
 11:05:29.235,ed:35:33:d3:6c:f8, 2015-01-01 00:18:28.075, 0.835, -0.036, 0.531, 0.183, 0.244, 0.366, -3.675, -57.744, -165.009, -22.973, -8.480, -11.793, 30.25, -0.0983, 0.48203, 0.03491, 0.86987,
 11:05:29.258,ed:35:33:d3:6c:f8, 2015-01-01 00:18:28.075, 0.834, -0.034, 0.533, 0.061, 0.183, 0.061, -3.675, -57.739, -164.965, -22.973, -8.480, -11.793, 30.25, -0.0983, 0.48203, 0.03491, 0.86987,
 11:05:29.258,ed:35:33:d3:6c:f8, 2015-01-01 00:18:28.075, 0.835, -0.033, 0.534, 0.061, 0.244, 0, -3.675, -57.728, -164.932, -22.973, -8.480, -11.793, 30.25, -0.0983, 0.48203, 0.03491, 0.86987,
 11:05:29.260,f6:90:cc:01:6d:25, 2015-01-01 00:18:27.540, 0.981, -0.056, -0.012, 0.122, 1.099, -0.183, -106.71, -86.721, -49.532, -28.287, -6.667, 4.460, 29.21, 0.16345, -0.70215, -0.12833, -0.68094,
 11:05:29.260,f6:90:cc:01:6d:25, 2015-01-01 00:18:27.540, 0.984, -0.056, -0.011, 0.366, 0.916, -0.183, -106.43, -86.726, -49.861, -28.287, -6.667, 4.460, 29.21, 0.16345, -0.70215, -0.12833, -0.68094,
 11:05:29.262,e3:ca:2d:fd:e0:8c, 2015-01-01 00:18:24.970, 1.01, -0.117, -0.04, 0, 0.488, -0.061, -112.104, -82.837, -101.591, -25.460, -5.513, -4.673, 23.42, -0.16025, -0.67999, 0.24847, -0.67087,
 11:05:29.262,e3:ca:2d:fd:e0:8c, 2015-01-01 00:18:24.970, 1.012, -0.12, -0.04, 0.244, 0.305, -0.061, -112.039, -82.842, -101.64, -25.460, -5.513, -4.673, 23.42, -0.16025, -0.67999, 0.24847, -0.67087,
 11:05:29.284,ed:40:fe:65:30:6c, 2015-01-01 00:18:24.440, 0.893, 0.042, 0.454, 0, 0.305, 0, 5.356, -63.397, -116.147, -26.793, -7.487, 5.140, 25.07, 0.47028, -0.42447, -0.3114, -0.70822,
 11:05:29.284,ed:40:fe:65:30:6c, 2015-01-01 00:18:24.440, 0.894, 0.045, 0.458, 0, 0.488, 0, 5.356, -63.386, -116.164, -26.793, -7.487, 5.140, 25.07, 0.47028, -0.42447, -0.3114, -0.70822,
 11:05:29.304,ed:35:33:d3:6c:f8, 2015-01-01 00:18:28.075, 0.836, -0.032, 0.536, 0, 0.427, 0, -3.675, -57.717, -164.899, -22.973, -8.480, -11.793, 30.25, -0.0983, 0.48203, 0.03491, 0.86987,
 11:05:29.304,ed:35:33:d3:6c:f8, 2015-01-01 00:18:28.075, 0.837, -0.031, 0.537, 0.122, 0.549, 0, -3.669, -57.706, -164.866, -22.973, -8.480, -11.793, 30.25, -0.0983, 0.48203, 0.03491, 0.86987,
 11:05:29.306,f6:90:cc:01:6d:25, 2015-01-01 00:18:27.540, 0.984, -0.054, -0.014, 0.671, 0.488, -0.183, -106.276, -86.732, -50.015, -28.287, -6.667, 4.460, 29.21, 0.16345, -0.70215, -0.12833, -0.68094,
 11:05:29.306,f6:90:cc:01:6d:25, 2015-01-01 00:18:27.540, 0.983, -0.051, -0.011, 0.244, 0.488, 0, -106.106, -86.732, -50.213, -28.287, -6.667, 4.460, 29.21, 0.16345, -0.70215, -0.12833, -0.68094,
 11:05:29.308,e3:ca:2d:fd:e0:8c, 2015-01-01 00:18:24.970, 1.012, -0.121, -0.042, 0.305, 0.183, -0.061, -111.995, -82.842, -101.678, -25.460, -5.513, -4.673, 23.42, -0.16025, -0.67999, 0.24847, -0.67087,
 11:05:29.308,e3:ca:2d:fd:e0:8c, 2015-01-01 00:18:24.970, 1.011, -0.117, -0.041, 0.061, 0.183, 0.122, -111.934, -82.842, -101.722, -25.460, -5.513, -4.673, 23.42, -0.16025, -0.67999, 0.24847, -0.67087,
 11:05:29.327,ed:35:33:d3:6c:f8, 2015-01-01 00:18:28.075, 0.835, -0.032, 0.538, 0.061, 0.427, -0.122, -3.664, -57.695, -164.85, -22.973, -8.480, -11.793, 30.25, -0.0983, 0.48203, 0.03491, 0.86987,
 11:05:29.327,ed:35:33:d3:6c:f8, 2015-01-01 00:18:28.075, 0.837, -0.03, 0.536, -0.122, 0.366, -0.427, -3.647, -57.684, -164.866, -22.973, -8.480, -11.793, 30.25, -0.0983, 0.48203, 0.03491, 0.86987,
 11:05:29.328,ed:40:fe:65:30:6c, 2015-01-01 00:18:24.795, 0.894, 0.046, 0.456, 0.122, 0.305, 0, 5.356, -63.375, -116.169, -26.793, -7.487, 5.140, 25.07, 0.47028, -0.42447, -0.3114, -0.70822,
 11:05:29.328,ed:40:fe:65:30:6c, 2015-01-01 00:18:24.795, 0.893, 0.048, 0.456, -0.061, 0.366, -0.244, 5.361, -63.364, -116.169, -26.793, -7.487, 5.140, 25.07, 0.47028, -0.42447, -0.3114, -0.70822,
 11:05:29.330,e3:ca:2d:fd:e0:8c, 2015-01-01 00:18:24.970, 1.013, -0.115, -0.043, -0.427, 0, 0.244, -111.912, -82.837, -101.744, -25.460, -5.513, -4.673, 23.42, -0.16025, -0.67999, 0.24847, -0.67087,
 11:05:29.330,e3:ca:2d:fd:e0:8c, 2015-01-01 00:18:24.970, 1.013, -0.117, -0.049, -1.038, -0.488, 0.061, -111.984, -82.837, -101.689, -25.460, -5.513, -4.673, 23.42, -0.16025, -0.67999, 0.24847, -0.67087,
 11:05:29.350,f6:90:cc:01:6d:25, 2015-01-01 00:18:27.540, 0.983, -0.051, -0.019, -0.427, 0.427, 0.244, -105.952, -86.732, -50.405, -28.287, -6.667, 4.460, 29.21, 0.16345, -0.70215, -0.12833, -0.68094,
 11:05:29.350,f6:90:cc:01:6d:25, 2015-01-01 00:18:27.540, 0.983, -0.053, -0.019, -0.793, 0.122, 0.244, -105.919, -86.726, -50.477, -28.287, -6.667, 4.460, 29.21, 0.16345, -0.70215, -0.12833, -0.68094,
 11:05:29.351,ed:40:fe:65:30:6c, 2015-01-01 00:18:24.795, 0.894, 0.047, 0.453, -0.244, 0.244, -0.488, 5.372, -63.353, -116.186, -26.793, -7.487, 5.140, 25.07, 0.47028, -0.42447, -0.3114, -0.70822,
 11:05:29.351,ed:40:fe:65:30:6c, 2015-01-01 00:18:24.795, 0.894, 0.046, 0.453, -0.732, 0.061, -0.549, 5.383, -63.342, -116.213, -26.793, -7.487, 5.140, 25.07, 0.47028, -0.42447, -0.3114, -0.70822,
 11:05:29.372,ed:35:33:d3:6c:f8, 2015-01-01 00:18:28.075, 0.838, -0.031, 0.534, -0.305, 0.183, -0.671, -3.631, -57.678, -164.888, -22.973, -8.480, -11.793, 30.25, -0.0983, 0.48203, 0.03491, 0.86987,
 11:05:29.372,ed:35:33:d3:6c:f8, 2015-01-01 00:18:28.075, 0.84, -0.031, 0.531, -0.488, 0, -0.671, -3.62, -57.678, -164.894, -22.973, -8.480, -11.793, 30.25, -0.0983, 0.48203, 0.03491, 0.86987,
 11:05:29.374,ed:40:fe:65:30:6c, 2015-01-01 00:18:24.795, 0.896, 0.045, 0.449, -0.916, -0.061, -0.427, 5.394, -63.336, -116.241, -26.793, -7.487, 5.140, 25.07, 0.47028, -0.42447, -0.3114, -0.70822,
 11:05:29.374,ed:40:fe:65:30:6c, 2015-01-01 00:18:24.795, 0.9, 0.044, 0.445, -0.854, -0.305, -0.305, 5.394, -63.336, -116.263, -26.793, -7.487, 5.140, 25.07, 0.47028, -0.42447, -0.3114, -0.70822,
 11:05:29.375,e3:ca:2d:fd:e0:8c, 2015-01-01 00:18:24.970, 1.013, -0.117, -0.047, -1.16, -0.427, -0.122, -112.066, -82.837, -101.646, -25.460, -5.513, -4.673, 23.42, -0.16025, -0.67999, 0.24847, -0.67087,
 11:05:29.375,e3:ca:2d:fd:e0:8c, 2015-01-01 00:18:24.970, 1.013, -0.119, -0.044, -1.099, -0.183, -0.244, -112.132, -82.837, -101.607, -25.460, -5.513, -4.673, 23.42, -0.16025, -0.67999, 0.24847, -0.67087,
 11:05:29.417,f6:90:cc:01:6d:25, 2015-01-01 00:18:27.540, 0.983, -0.055, -0.021, -0.854, 0, 0.061, -105.952, -86.726, -50.455, -28.287, -6.667, 4.460, 29.21, 0.16345, -0.70215, -0.12833, -0.68094,
 11:05:29.417,f6:90:cc:01:6d:25, 2015-01-01 00:18:27.540, 0.986, -0.056, -0.022, -0.916, -0.183, 0, -106.062, -86.721, -50.35, -28.287, -6.667, 4.460, 29.21, 0.16345, -0.70215, -0.12833, -0.68094,
 11:05:29.417,ed:35:33:d3:6c:f8, 2015-01-01 00:18:28.075, 0.843, -0.031, 0.527, -0.549, -0.183, -0.488, -3.615, -57.678, -164.883, -22.973, -8.480, -11.793, 30.25, -0.0983, 0.48203, 0.03491, 0.86987,
 11:05:29.417,ed:35:33:d3:6c:f8, 2015-01-01 00:18:28.075, 0.842, -0.032, 0.525, -0.549, -0.061, -0.366, -3.609, -57.678, -164.899, -22.973, -8.480, -11.793, 30.25, -0.0983, 0.48203, 0.03491, 0.86987,
 11:05:29.418,ed:40:fe:65:30:6c, 2015-01-01 00:18:24.795, 0.897, 0.043, 0.445, -0.793, -0.183, -0.122, 5.394, -63.336, -116.279, -26.793, -7.487, 5.140, 25.07, 0.47028, -0.42447, -0.3114, -0.70822,
 11:05:29.418,ed:40:fe:65:30:6c, 2015-01-01 00:18:24.795, 0.896, 0.043, 0.446, -0.854, 0.061, 0, 5.383, -63.336, -116.285, -26.793, -7.487, 5.140, 25.07, 0.47028, -0.42447, -0.3114, -0.70822,
 11:05:29.420,e3:ca:2d:fd:e0:8c, 2015-01-01 00:18:24.970, 1.012, -0.122, -0.041, -0.916, -0.366, -0.183, -112.187, -82.842, -101.552, -25.393, -5.087, -4.480, 23.42, -0.16025, -0.67999, 0.24847, -0.67087,
 11:05:29.420,e3:ca:2d:fd:e0:8c, 2015-01-01 00:18:24.970, 1.007, -0.121, -0.041, -0.488, -0.488, -0.122, -112.258, -82.842, -101.47, -25.393, -5.087, -4.480, 23.42, -0.16025, -0.67999, 0.24847, -0.67087,
 11:05:29.439,f6:90:cc:01:6d:25, 2015-01-01 00:18:27.540, 0.987, -0.058, -0.016, -0.977, 0.122, 0.061, -106.062, -86.721, -50.356, -28.247, -6.933, 4.707, 29.21, 0.16345, -0.70215, -0.12833, -0.68094,
 11:05:29.439,f6:90:cc:01:6d:25, 2015-01-01 00:18:27.540, 0.984, -0.058, -0.014, -0.61, 0.61, 0.122, -105.875, -86.721, -50.532, -28.247, -6.933, 4.707, 29.21, 0.16345, -0.70215, -0.12833, -0.68094,
 11:05:29.465,e3:ca:2d:fd:e0:8c, 2015-01-01 00:18:24.970, 1.006, -0.12, -0.04, -0.061, -0.366, 0, -112.313, -82.842, -101.376, -25.393, -5.087, -4.480, 23.42, -0.16058, -0.6796, 0.24844, -0.6712,
 11:05:29.465,e3:ca:2d:fd:e0:8c, 2015-01-01 00:18:24.970, 1.012, -0.12, -0.044, 0.244, -0.183, -0.061, -112.335, -82.837, -101.316, -25.393, -5.087, -4.480, 23.42, -0.16058, -0.6796, 0.24844, -0.6712,
 11:05:29.484,ed:35:33:d3:6c:f8, 2015-01-01 00:18:28.075, 0.84, -0.032, 0.524, -0.732, 0.366, -0.061, -3.62, -57.673, -164.927, -23.200, -8.567, -12.387, 30.25, -0.0983, 0.48203, 0.03491, 0.86987,
 11:05:29.484,ed:35:33:d3:6c:f8, 2015-01-01 00:18:28.075, 0.842, -0.032, 0.526, -0.61, 0.549, 0, -3.631, -57.662, -164.943, -23.200, -8.567, -12.387, 30.25, -0.0983, 0.48203, 0.03491, 0.86987,
 11:05:29.485,f6:90:cc:01:6d:25, 2015-01-01 00:18:27.540, 0.982, -0.058, -0.022, -0.244, 1.16, 0, -105.518, -86.726, -50.883, -28.247, -6.933, 4.707, 29.21, 0.16345, -0.70215, -0.12833, -0.68094,
 11:05:29.485,f6:90:cc:01:6d:25, 2015-01-01 00:18:27.540, 0.984, -0.059, -0.019, 0.183, 1.648, 0.427, -104.952, -86.726, -51.416, -28.247, -6.933, 4.707, 29.21, 0.16345, -0.70215, -0.12833, -0.68094,
 11:05:29.487,ed:40:fe:65:30:6c, 2015-01-01 00:18:24.795, 0.897, 0.043, 0.445, -0.549, 0.122, 0, 5.372, -63.336, -116.285, -26.793, -7.487, 5.140, 25.07, 0.47028, -0.42447, -0.3114, -0.70822,
 11:05:29.487,ed:40:fe:65:30:6c, 2015-01-01 00:18:24.795, 0.899, 0.044, 0.444, -0.244, 0.244, 0.244, 5.361, -63.331, -116.285, -26.793, -7.487, 5.140, 25.07, 0.47028, -0.42447, -0.3114, -0.70822,
 11:05:29.506,ed:35:33:d3:6c:f8, 2015-01-01 00:18:28.075, 0.843, -0.03, 0.525, -0.244, 0.122, 0.122, -3.636, -57.662, -164.943, -23.200, -8.567, -12.387, 30.25, -0.09955, 0.48145, 0.03555, 0.87003,
 11:05:29.506,ed:35:33:d3:6c:f8, 2015-01-01 00:18:28.075, 0.841, -0.033, 0.527, -0.427, 0.244, 0.671, -3.664, -57.656, -164.894, -23.200, -8.567, -12.387, 30.25, -0.09955, 0.48145, 0.03555, 0.87003,
 11:05:29.508,f6:90:cc:01:6d:25, 2015-01-01 00:18:27.540, 0.99, -0.061, -0.014, 0.549, 1.892, 0.488, -104.293, -86.721, -52.048, -28.247, -6.933, 4.707, 29.21, 0.16293, -0.70074, -0.12668, -0.68283,
 11:05:29.508,f6:90:cc:01:6d:25, 2015-01-01 00:18:27.540, 0.987, -0.059, -0.012, 0.793, 2.441, 0.305, -103.458, -86.726, -52.839, -28.247, -6.933, 4.707, 29.21, 0.16293, -0.70074, -0.12668, -0.68283,
 11:05:29.510,e3:ca:2d:fd:e0:8c, 2015-01-01 00:18:25.285, 1.018, -0.118, -0.039, 0.732, -0.122, -0.061, -112.324, -82.837, -101.294, -25.393, -5.087, -4.480, 23.42, -0.16058, -0.6796, 0.24844, -0.6712,
 11:05:29.510,e3:ca:2d:fd:e0:8c, 2015-01-01 00:18:25.285, 1.016, -0.115, -0.046, 1.16, -0.427, 0, -112.313, -82.837, -101.283, -25.393, -5.087, -4.480, 23.42, -0.16058, -0.6796, 0.24844, -0.6712,
 11:05:29.531,ed:40:fe:65:30:6c, 2015-01-01 00:18:24.795, 0.898, 0.041, 0.449, -0.244, 0.488, 0.671, 5.345, -63.325, -116.274, -26.793, -7.487, 5.140, 25.07, 0.47028, -0.42447, -0.3114, -0.70822,
 11:05:29.531,ed:40:fe:65:30:6c, 2015-01-01 00:18:24.795, 0.895, 0.039, 0.452, 0, 0.854, 0.793, 5.317, -63.314, -116.257, -26.793, -7.487, 5.140, 25.07, 0.47028, -0.42447, -0.3114, -0.70822,
 11:05:29.532,e3:ca:2d:fd:e0:8c, 2015-01-01 00:18:25.285, 1.011, -0.114, -0.049, 1.16, -1.038, 0, -112.346, -82.831, -101.223, -25.393, -5.087, -4.480, 23.42, -0.16058, -0.6796, 0.24844, -0.6712,
 11:05:29.532,e3:ca:2d:fd:e0:8c, 2015-01-01 00:18:25.285, 1.012, -0.113, -0.055, 1.038, -1.038, 0.305, -112.451, -82.826, -101.096, -25.393, -5.087, -4.480, 23.42, -0.16058, -0.6796, 0.24844, -0.6712,
 11:05:29.551,ed:35:33:d3:6c:f8, 2015-01-01 00:18:28.075, 0.838, -0.037, 0.531, -0.366, 0.671, 1.038, -3.702, -57.64, -164.833, -23.200, -8.567, -12.387, 30.25, -0.09955, 0.48145, 0.03555, 0.87003,
 11:05:29.551,ed:35:33:d3:6c:f8, 2015-01-01 00:18:28.075, 0.835, -0.038, 0.533, 0, 1.099, 1.099, -3.73, -57.623, -164.756, -23.200, -8.567, -12.387, 30.25, -0.09955, 0.48145, 0.03555, 0.87003,
 11:05:29.553,f6:90:cc:01:6d:25, 2015-01-01 00:18:27.540, 0.982, -0.055, -0.014, 1.221, 2.441, 0.061, -102.634, -86.732, -53.608, -28.247, -6.933, 4.707, 29.21, 0.16293, -0.70074, -0.12668, -0.68283,
 11:05:29.553,f6:90:cc:01:6d:25, 2015-01-01 00:18:27.540, 0.983, -0.051, -0.021, 1.404, 2.319, 0, -101.865, -86.743, -54.322, -28.247, -6.933, 4.707, 29.21, 0.16293, -0.70074, -0.12668, -0.68283,
 11:05:29.553,ed:40:fe:65:30:6c, 2015-01-01 00:18:24.795, 0.893, 0.041, 0.455, 0.305, 1.221, 0.732, 5.284, -63.298, -116.23, -26.527, -7.880, 5.227, 25.07, 0.47028, -0.42447, -0.3114, -0.70822,
 11:05:29.553,ed:40:fe:65:30:6c, 2015-01-01 00:18:24.795, 0.895, 0.044, 0.455, 0.916, 1.16, 0.366, 5.268, -63.276, -116.202, -26.527, -7.880, 5.227, 25.07, 0.47028, -0.42447, -0.3114, -0.70822,
 11:05:29.573,ed:35:33:d3:6c:f8, 2015-01-01 00:18:28.430, 0.839, -0.034, 0.537, 0.488, 1.221, 0.732, -3.741, -57.596, -164.691, -23.200, -8.567, -12.387, 30.25, -0.09955, 0.48145, 0.03555, 0.87003,
 11:05:29.573,ed:35:33:d3:6c:f8, 2015-01-01 00:18:28.430, 0.837, -0.035, 0.534, 1.16, 0.488, 0.671, -3.735, -57.585, -164.636, -23.200, -8.567, -12.387, 30.25, -0.09955, 0.48145, 0.03555, 0.87003,
 11:05:29.578,e3:ca:2d:fd:e0:8c, 2015-01-01 00:18:25.285, 1.018, -0.116, -0.052, 0.732, -0.793, 0.427, -112.544, -82.815, -101.003, -25.393, -5.087, -4.480, 23.42, -0.16058, -0.6796, 0.24844, -0.6712,
 11:05:29.578,e3:ca:2d:fd:e0:8c, 2015-01-01 00:18:25.285, 1.019, -0.12, -0.048, 0.244, -0.61, 0.549, -112.61, -82.798, -100.959, -25.393, -5.087, -4.480, 23.42, -0.16058, -0.6796, 0.24844, -0.6712,
 11:05:29.599,f6:90:cc:01:6d:25, 2015-01-01 00:18:27.900, 0.988, -0.055, -0.014, 0.977, 1.587, -0.244, -101.272, -86.748, -54.866, -28.247, -6.933, 4.707, 29.21, 0.16293, -0.70074, -0.12668, -0.68283,
 11:05:29.599,f6:90:cc:01:6d:25, 2015-01-01 00:18:27.900, 0.992, -0.052, -0.017, 0.488, 2.014, 0, -100.756, -86.759, -55.344, -28.247, -6.933, 4.707, 29.21, 0.16293, -0.70074, -0.12668, -0.68283,
 11:05:29.620,f6:90:cc:01:6d:25, 2015-01-01 00:18:27.900, 0.99, -0.051, -0.017, -0.061, 2.075, 0.366, -100.118, -86.765, -55.964, -28.247, -6.933, 4.707, 29.21, 0.16293, -0.70074, -0.12668, -0.68283,
 11:05:29.620,f6:90:cc:01:6d:25, 2015-01-01 00:18:27.900, 0.988, -0.055, -0.03, -1.038, 2.258, 0.854, -99.448, -86.759, -56.646, -28.247, -6.933, 4.707, 29.21, 0.16293, -0.70074, -0.12668, -0.68283,
 11:05:29.620,ed:40:fe:65:30:6c, 2015-01-01 00:18:24.795, 0.895, 0.042, 0.451, 1.221, 0.854, 0.305, 5.268, -63.254, -116.18, -26.527, -7.880, 5.227, 25.07, 0.47028, -0.42447, -0.3114, -0.70822,
 11:05:29.620,ed:40:fe:65:30:6c, 2015-01-01 00:18:24.795, 0.901, 0.048, 0.453, 0.977, 0.732, 0, 5.284, -63.237, -116.175, -26.527, -7.880, 5.227, 25.07, 0.47028, -0.42447, -0.3114, -0.70822,
 11:05:29.621,e3:ca:2d:fd:e0:8c, 2015-01-01 00:18:25.285, 1.019, -0.12, -0.049, -0.183, -0.61, 0.549, -112.654, -82.787, -100.926, -25.393, -5.087, -4.480, 23.42, -0.16058, -0.6796, 0.24844, -0.6712,
 11:05:29.621,e3:ca:2d:fd:e0:8c, 2015-01-01 00:18:25.285, 1.015, -0.122, -0.052, -0.732, -0.305, 0.488, -112.698, -82.771, -100.909, -25.393, -5.087, -4.480, 23.42, -0.16058, -0.6796, 0.24844, -0.6712,
 11:05:29.640,ed:35:33:d3:6c:f8, 2015-01-01 00:18:28.430, 0.844, -0.033, 0.534, 1.221, 0.305, 0.305, -3.719, -57.579, -164.608, -23.200, -8.567, -12.387, 30.25, -0.09955, 0.48145, 0.03555, 0.87003,
 11:05:29.640,ed:35:33:d3:6c:f8, 2015-01-01 00:18:28.430, 0.847, -0.024, 0.536, 1.282, 0.305, -0.366, -3.68, -57.574, -164.575, -23.200, -8.567, -12.387, 30.25, -0.09955, 0.48145, 0.03555, 0.87003,
 11:05:29.644,ed:40:fe:65:30:6c, 2015-01-01 00:18:24.795, 0.904, 0.057, 0.453, 0.916, 0.427, -0.366, 5.306, -63.221, -116.18, -26.527, -7.880, 5.227, 25.07, 0.47018, -0.42371, -0.31018, -0.70929,
 11:05:29.644,ed:40:fe:65:30:6c, 2015-01-01 00:18:24.795, 0.899, 0.053, 0.459, 0.549, 0.488, -0.183, 5.339, -63.21, -116.208, -26.527, -7.880, 5.227, 25.07, 0.47018, -0.42371, -0.31018, -0.70929,
 11:05:29.663,ed:35:33:d3:6c:f8, 2015-01-01 00:18:28.430, 0.843, -0.021, 0.537, 0.854, 0.549, -0.366, -3.647, -57.563, -164.57, -23.200, -8.567, -12.387, 30.25, -0.09955, 0.48145, 0.03555, 0.87003,
 11:05:29.663,ed:35:33:d3:6c:f8, 2015-01-01 00:18:28.430, 0.841, -0.024, 0.54, -0.305, 0.916, -0.183, -3.642, -57.546, -164.586, -23.200, -8.567, -12.387, 30.25, -0.09955, 0.48145, 0.03555, 0.87003,
 11:05:29.665,f6:90:cc:01:6d:25, 2015-01-01 00:18:27.900, 0.986, -0.059, -0.011, -1.892, 1.892, 1.404, -98.789, -86.748, -57.349, -28.247, -6.933, 4.707, 29.21, 0.16293, -0.70074, -0.12668, -0.68283,
 11:05:29.665,f6:90:cc:01:6d:25, 2015-01-01 00:18:27.900, 0.979, -0.062, -0.006, -1.465, 1.831, 1.709, -98.212, -86.721, -57.98, -28.247, -6.933, 4.707, 29.21, 0.16293, -0.70074, -0.12668, -0.68283,
 11:05:29.667,e3:ca:2d:fd:e0:8c, 2015-01-01 00:18:25.285, 1.015, -0.121, -0.048, -0.854, 0.549, 0.305, -112.698, -82.766, -100.942, -25.393, -5.087, -4.480, 23.42, -0.16058, -0.6796, 0.24844, -0.6712,
 11:05:29.667,e3:ca:2d:fd:e0:8c, 2015-01-01 00:18:25.285, 1.013, -0.127, -0.047, -0.366, 0.977, 0.244, -112.593, -82.766, -101.08, -25.393, -5.087, -4.480, 23.42, -0.16058, -0.6796, 0.24844, -0.6712,
 11:05:29.691,e3:ca:2d:fd:e0:8c, 2015-01-01 00:18:25.285, 1.012, -0.125, -0.05, -0.366, 0.488, 0.244, -112.456, -82.766, -101.228, -25.260, -5.120, -4.073, 23.42, -0.16058, -0.6796, 0.24844, -0.6712,
 11:05:29.691,e3:ca:2d:fd:e0:8c, 2015-01-01 00:18:25.285, 1.002, -0.117, -0.05, -1.343, -0.244, 0.183, -112.401, -82.76, -101.299, -25.260, -5.120, -4.073, 23.42, -0.16058, -0.6796, 0.24844, -0.6712,
 11:05:29.708,ed:35:33:d3:6c:f8, 2015-01-01 00:18:28.430, 0.833, -0.028, 0.535, -0.732, 0.183, -0.488, -3.631, -57.541, -164.597, -23.200, -8.567, -12.387, 30.25, -0.09955, 0.48145, 0.03555, 0.87003,
 11:05:29.708,ed:35:33:d3:6c:f8, 2015-01-01 00:18:28.430, 0.826, -0.032, 0.532, -1.404, -0.122, -0.305, -3.647, -57.546, -164.614, -23.200, -8.567, -12.387, 30.25, -0.09955, 0.48145, 0.03555, 0.87003,
 11:05:29.709,f6:90:cc:01:6d:25, 2015-01-01 00:18:27.900, 0.974, -0.058, -0.003, -1.16, 1.587, 1.709, -97.646, -86.693, -58.59, -28.247, -6.933, 4.707, 29.21, 0.16293, -0.70074, -0.12668, -0.68283,
 11:05:29.709,f6:90:cc:01:6d:25, 2015-01-01 00:18:27.900, 0.973, -0.054, -0.003, -1.465, 1.16, 1.587, -97.169, -86.66, -59.117, -28.247, -6.933, 4.707, 29.21, 0.16293, -0.70074, -0.12668, -0.68283,
 11:05:29.710,ed:40:fe:65:30:6c, 2015-01-01 00:18:24.795, 0.896, 0.053, 0.456, -0.671, 0.549, 0, 5.356, -63.199, -116.219, -26.527, -7.880, 5.227, 25.07, 0.47018, -0.42371, -0.31018, -0.70929,
 11:05:29.710,ed:40:fe:65:30:6c, 2015-01-01 00:18:24.795, 0.889, 0.047, 0.454, -1.16, 0.366, 0, 5.345, -63.188, -116.23, -26.527, -7.880, 5.227, 25.07, 0.47018, -0.42371, -0.31018, -0.70929,
 11:05:29.731,ed:35:33:d3:6c:f8, 2015-01-01 00:18:28.430, 0.826, -0.034, 0.529, -1.831, 0.061, -0.061, -3.675, -57.541, -164.625, -23.200, -8.567, -12.387, 30.25, -0.09955, 0.48145, 0.03555, 0.87003,
 11:05:29.731,ed:35:33:d3:6c:f8, 2015-01-01 00:18:28.430, 0.834, -0.037, 0.53, -1.953, 0.61, 0, -3.708, -57.53, -164.63, -23.200, -8.567, -12.387, 30.25, -0.09955, 0.48145, 0.03555, 0.87003,
 11:05:29.734,ed:40:fe:65:30:6c, 2015-01-01 00:18:25.200, 0.882, 0.042, 0.452, -1.709, 0.305, 0.061, 5.328, -63.182, -116.23, -26.527, -7.880, 5.227, 25.07, 0.47018, -0.42371, -0.31018, -0.70929,
 11:05:29.734,ed:40:fe:65:30:6c, 2015-01-01 00:18:25.200, 0.883, 0.041, 0.452, -1.831, 0.427, 0.061, 5.295, -63.171, -116.235, -26.527, -7.880, 5.227, 25.07, 0.47018, -0.42371, -0.31018, -0.70929,
 11:05:29.735,e3:ca:2d:fd:e0:8c, 2015-01-01 00:18:25.285, 1.006, -0.114, -0.051, -2.136, -0.61, 0.122, -112.467, -82.755, -101.272, -25.260, -5.120, -4.073, 23.42, -0.16058, -0.6796, 0.24844, -0.6712,
 11:05:29.735,e3:ca:2d:fd:e0:8c, 2015-01-01 00:18:25.285, 1.019, -0.111, -0.05, -1.77, -0.549, 0.244, -112.582, -82.749, -101.217, -25.260, -5.120, -4.073, 23.42, -0.16058, -0.6796, 0.24844, -0.6712,
 11:05:29.757,ed:40:fe:65:30:6c, 2015-01-01 00:18:25.200, 0.893, 0.039, 0.453, -1.648, 0.427, 0, 5.262, -63.16, -116.246, -26.527, -7.880, 5.227, 25.07, 0.47018, -0.42371, -0.31018, -0.70929,
 11:05:29.757,ed:40:fe:65:30:6c, 2015-01-01 00:18:25.200, 0.896, 0.038, 0.454, -1.282, 0.183, 0.061, 5.235, -63.155, -116.263, -26.527, -7.880, 5.227, 25.07, 0.47018, -0.42371, -0.31018, -0.70929,
 11:05:29.778,ed:40:fe:65:30:6c, 2015-01-01 00:18:25.200, 0.9, 0.039, 0.457, -0.977, 0.061, 0.122, 5.213, -63.149, -116.279, -26.527, -7.880, 5.227, 25.07, 0.47018, -0.42371, -0.31018, -0.70929,
 11:05:29.778,ed:40:fe:65:30:6c, 2015-01-01 00:18:25.200, 0.904, 0.038, 0.455, -0.732, 0.122, 0.061, 5.191, -63.144, -116.285, -26.527, -7.880, 5.227, 25.07, 0.47018, -0.42371, -0.31018, -0.70929,
 11:05:29.779,e3:ca:2d:fd:e0:8c, 2015-01-01 00:18:25.285, 1.02, -0.113, -0.048, -1.099, -0.427, 0.427, -112.676, -82.738, -101.184, -25.260, -5.120, -4.073, 23.42, -0.16052, -0.67963, 0.24945, -0.67084,
 11:05:29.779,e3:ca:2d:fd:e0:8c, 2015-01-01 00:18:25.285, 1.02, -0.117, -0.049, -0.549, -0.427, 0.61, -112.731, -82.727, -101.179, -25.260, -5.120, -4.073, 23.42, -0.16052, -0.67963, 0.24945, -0.67084,
 11:05:29.798,ed:35:33:d3:6c:f8, 2015-01-01 00:18:28.430, 0.839, -0.038, 0.533, -1.648, 0.488, 0, -3.735, -57.519, -164.625, -23.200, -8.567, -12.387, 30.25, -0.09955, 0.48145, 0.03555, 0.87003,
 11:05:29.798,ed:35:33:d3:6c:f8, 2015-01-01 00:18:28.430, 0.842, -0.038, 0.536, -1.343, 0.305, 0.061, -3.763, -57.513, -164.619, -23.200, -8.567, -12.387, 30.25, -0.09955, 0.48145, 0.03555, 0.87003,
 11:05:29.800,f6:90:cc:01:6d:25, 2015-01-01 00:18:27.900, 0.982, -0.06, -0.008, -1.77, 0.732, 1.404, -96.839, -86.633, -59.496, -28.247, -6.933, 4.707, 29.21, 0.16293, -0.70074, -0.12668, -0.68283,
 11:05:29.800,f6:90:cc:01:6d:25, 2015-01-01 00:18:27.900, 0.99, -0.059, -0.006, -1.343, 0.061, 0.916, -96.685, -86.611, -59.705, -28.247, -6.933, 4.707, 29.21, 0.16293, -0.70074, -0.12668, -0.68283,
 11:05:29.821,ed:35:33:d3:6c:f8, 2015-01-01 00:18:28.430, 0.849, -0.04, 0.534, -1.099, 0.366, 0.305, -3.796, -57.502, -164.603, -23.480, -8.160, -12.587, 30.25, -0.09955, 0.48145, 0.03555, 0.87003,
 11:05:29.821,ed:35:33:d3:6c:f8, 2015-01-01 00:18:28.430, 0.843, -0.04, 0.536, -0.488, 0.366, 0, -3.801, -57.497, -164.608, -23.480, -8.160, -12.587, 30.25, -0.09955, 0.48145, 0.03555, 0.87003,
 11:05:29.822,f6:90:cc:01:6d:25, 2015-01-01 00:18:27.900, 0.992, -0.055, -0.01, -0.488, -0.183, 0.305, -96.718, -86.594, -59.705, -28.287, -6.900, 3.913, 29.21, 0.16293, -0.70074, -0.12668, -0.68283,
 11:05:29.822,f6:90:cc:01:6d:25, 2015-01-01 00:18:27.900, 0.992, -0.06, -0.007, -0.183, 0.244, 0.122, -96.779, -86.589, -59.65, -28.287, -6.900, 3.913, 29.21, 0.16293, -0.70074, -0.12668, -0.68283,
 11:05:29.824,e3:ca:2d:fd:e0:8c, 2015-01-01 00:18:25.595, 1.016, -0.12, -0.047, 0, -0.549, 0.488, -112.769, -82.716, -101.184, -25.260, -5.120, -4.073, 23.42, -0.16052, -0.67963, 0.24945, -0.67084,
 11:05:29.824,e3:ca:2d:fd:e0:8c, 2015-01-01 00:18:25.595, 1.012, -0.122, -0.048, 0.366, -0.183, 0.61, -112.802, -82.705, -101.201, -25.260, -5.120, -4.073, 23.42, -0.16052, -0.67963, 0.24945, -0.67084,
 11:05:29.844,f6:90:cc:01:6d:25, 2015-01-01 00:18:27.900, 0.99, -0.062, -0.011, 0.427, 0.061, -0.061, -96.746, -86.589, -59.689, -28.287, -6.900, 3.913, 29.21, 0.16293, -0.70074, -0.12668, -0.68283,
 11:05:29.844,f6:90:cc:01:6d:25, 2015-01-01 00:18:27.900, 0.984, -0.062, -0.013, 0.61, 0.244, 0, -96.74, -86.589, -59.705, -28.287, -6.900, 3.913, 29.21, 0.16293, -0.70074, -0.12668, -0.68283,
 11:05:29.846,ed:40:fe:65:30:6c, 2015-01-01 00:18:25.200, 0.9, 0.04, 0.456, -0.061, 0.183, -0.122, 5.18, -63.138, -116.296, -26.527, -7.880, 5.227, 25.07, 0.47018, -0.42371, -0.31018, -0.70929,
 11:05:29.846,ed:40:fe:65:30:6c, 2015-01-01 00:18:25.200, 0.898, 0.042, 0.453, 0.671, 0, -0.061, 5.186, -63.133, -116.312, -26.527, -7.880, 5.227, 25.07, 0.47018, -0.42371, -0.31018, -0.70929,
 11:05:29.869,ed:40:fe:65:30:6c, 2015-01-01 00:18:25.200, 0.893, 0.041, 0.452, 0.854, 0, 0, 5.208, -63.133, -116.323, -26.527, -7.880, 5.227, 25.07, 0.47018, -0.42371, -0.31018, -0.70929,
 11:05:29.869,ed:40:fe:65:30:6c, 2015-01-01 00:18:25.200, 0.892, 0.039, 0.451, 0.977, -0.305, 0.183, 5.219, -63.133, -116.323, -26.527, -7.880, 5.227, 25.07, 0.47018, -0.42371, -0.31018, -0.70929,
 11:05:29.870,e3:ca:2d:fd:e0:8c, 2015-01-01 00:18:25.595, 1.015, -0.128, -0.051, 0.366, -0.061, 0.793, -112.769, -82.694, -101.239, -25.260, -5.120, -4.073, 23.42, -0.16052, -0.67963, 0.24945, -0.67084,
 11:05:29.870,e3:ca:2d:fd:e0:8c, 2015-01-01 00:18:25.595, 1.016, -0.133, -0.055, 0.183, 0, 0.854, -112.72, -82.678, -101.299, -25.260, -5.120, -4.073, 23.42, -0.16052, -0.67963, 0.24945, -0.67084,
 11:05:29.888,ed:35:33:d3:6c:f8, 2015-01-01 00:18:28.430, 0.836, -0.036, 0.533, 0.61, 0, 0.061, -3.796, -57.491, -164.603, -23.480, -8.160, -12.587, 30.25, -0.09955, 0.48145, 0.03555, 0.87003,
 11:05:29.888,ed:35:33:d3:6c:f8, 2015-01-01 00:18:28.430, 0.836, -0.037, 0.532, 0.793, -0.061, 0.244, -3.785, -57.491, -164.603, -23.480, -8.160, -12.587, 30.25, -0.09955, 0.48145, 0.03555, 0.87003,
 11:05:29.891,f6:90:cc:01:6d:25, 2015-01-01 00:18:27.900, 0.982, -0.067, -0.018, 0.488, 0.488, 0.305, -96.663, -86.589, -59.76, -28.287, -6.900, 3.913, 29.21, 0.16293, -0.70074, -0.12668, -0.68283,
 11:05:29.891,f6:90:cc:01:6d:25, 2015-01-01 00:18:27.900, 0.983, -0.069, -0.011, 0.549, 0.427, 0.549, -96.537, -86.583, -59.865, -28.287, -6.900, 3.913, 29.21, 0.16293, -0.70074, -0.12668, -0.68283,
 11:05:29.893,e3:ca:2d:fd:e0:8c, 2015-01-01 00:18:25.595, 1.014, -0.125, -0.057, 0.183, -0.061, 0.671, -112.665, -82.661, -101.343, -25.260, -5.120, -4.073, 23.42, -0.16052, -0.67963, 0.24945, -0.67084,
 11:05:29.893,e3:ca:2d:fd:e0:8c, 2015-01-01 00:18:25.595, 1.011, -0.12, -0.059, 0.061, -0.61, 0.366, -112.654, -82.645, -101.327, -25.260, -5.120, -4.073, 23.42, -0.16052, -0.67963, 0.24945, -0.67084,
 11:05:29.910,ed:35:33:d3:6c:f8, 2015-01-01 00:18:28.430, 0.833, -0.036, 0.53, 0.793, -0.183, 0.305, -3.779, -57.491, -164.603, -23.480, -8.160, -12.587, 30.25, -0.10156, 0.48019, 0.03564, 0.87045,
 11:05:29.910,ed:35:33:d3:6c:f8, 2015-01-01 00:18:28.430, 0.834, -0.038, 0.531, 0.305, 0, 0.427, -3.779, -57.497, -164.575, -23.480, -8.160, -12.587, 30.25, -0.10156, 0.48019, 0.03564, 0.87045,
 11:05:29.912,f6:90:cc:01:6d:25, 2015-01-01 00:18:27.900, 0.979, -0.064, -0.013, 0.671, 0.183, 0.488, -96.443, -86.567, -59.952, -28.287, -6.900, 3.913, 29.21, 0.16443, -0.69846, -0.12448, -0.68521,
 11:05:29.912,f6:90:cc:01:6d:25, 2015-01-01 00:18:27.900, 0.979, -0.059, -0.017, 0.61, 0.061, 0.305, -96.422, -86.556, -59.963, -28.287, -6.900, 3.913, 29.21, 0.16443, -0.69846, -0.12448, -0.68521,
 11:05:29.913,ed:40:fe:65:30:6c, 2015-01-01 00:18:25.200, 0.89, 0.041, 0.451, 0.732, -0.366, 0.244, 5.229, -63.144, -116.323, -26.527, -7.880, 5.227, 25.07, 0.47018, -0.42371, -0.31018, -0.70929,
 11:05:29.913,ed:40:fe:65:30:6c, 2015-01-01 00:18:25.200, 0.892, 0.038, 0.451, 0.366, -0.305, 0.305, 5.229, -63.149, -116.318, -26.527, -7.880, 5.227, 25.07, 0.47018, -0.42371, -0.31018, -0.70929,
 11:05:29.937,e3:ca:2d:fd:e0:8c, 2015-01-01 00:18:25.595, 1.011, -0.116, -0.058, 0.122, -0.671, 0.183, -112.731, -82.634, -101.239, -25.260, -5.120, -4.073, 23.42, -0.16052, -0.67963, 0.24945, -0.67084,
 11:05:29.937,e3:ca:2d:fd:e0:8c, 2015-01-01 00:18:25.595, 1.014, -0.118, -0.046, 0.549, -0.122, 0.183, -112.802, -82.628, -101.173, -25.260, -5.120, -4.073, 23.42, -0.16052, -0.67963, 0.24945, -0.67084,
 11:05:29.957,f6:90:cc:01:6d:25, 2015-01-01 00:18:27.900, 0.985, -0.06, -0.016, 0.305, 0.061, 0, -96.454, -86.55, -59.925, -28.287, -6.900, 3.913, 29.21, 0.16443, -0.69846, -0.12448, -0.68521,
 11:05:29.957,f6:90:cc:01:6d:25, 2015-01-01 00:18:27.900, 0.993, -0.062, -0.007, 0.305, 0.244, -0.122, -96.476, -86.55, -59.886, -28.287, -6.900, 3.913, 29.21, 0.16443, -0.69846, -0.12448, -0.68521,
 11:05:29.958,ed:40:fe:65:30:6c, 2015-01-01 00:18:25.200, 0.896, 0.039, 0.451, 0.122, -0.427, 0.305, 5.224, -63.155, -116.318, -26.793, -7.767, 5.040, 25.07, 0.47018, -0.42371, -0.31018, -0.70929,
 11:05:29.958,ed:40:fe:65:30:6c, 2015-01-01 00:18:25.200, 0.9, 0.039, 0.45, -0.061, -0.671, 0.183, 5.213, -63.166, -116.307, -26.793, -7.767, 5.040, 25.07, 0.47018, -0.42371, -0.31018, -0.70929,
 11:05:29.979,ed:35:33:d3:6c:f8, 2015-01-01 00:18:28.430, 0.84, -0.04, 0.532, 0, -0.122, 0.488, -3.79, -57.497, -164.548, -23.480, -8.160, -12.587, 30.25, -0.10156, 0.48019, 0.03564, 0.87045,
 11:05:29.979,ed:35:33:d3:6c:f8, 2015-01-01 00:18:28.430, 0.843, -0.04, 0.531, -0.061, -0.61, 0.366, -3.807, -57.502, -164.531, -23.480, -8.160, -12.587, 30.25, -0.10156, 0.48019, 0.03564, 0.87045,
 11:05:29.979,f6:90:cc:01:6d:25, 2015-01-01 00:18:28.300, 0.991, -0.064, -0.002, 0.305, 0.793, -0.122, -96.361, -86.55, -59.98, -28.287, -6.900, 3.913, 29.21, 0.16443, -0.69846, -0.12448, -0.68521,
 11:05:29.979,f6:90:cc:01:6d:25, 2015-01-01 00:18:28.300, 0.988, -0.063, -0.003, 0.427, 0.977, -0.244, -96.108, -86.556, -60.227, -28.287, -6.900, 3.913, 29.21, 0.16443, -0.69846, -0.12448, -0.68521,
 11:05:29.982,e3:ca:2d:fd:e0:8c, 2015-01-01 00:18:25.595, 1.014, -0.125, -0.041, 0.549, 0, 0.183, -112.802, -82.623, -101.19, -25.260, -5.120, -4.073, 23.42, -0.16052, -0.67963, 0.24945, -0.67084,
 11:05:29.982,e3:ca:2d:fd:e0:8c, 2015-01-01 00:18:25.595, 1.012, -0.125, -0.04, 0.183, -0.122, 0.061, -112.786, -82.617, -101.212, -25.260, -5.120, -4.073, 23.42, -0.16052, -0.67963, 0.24945, -0.67084,
 11:05:30.002,ed:35:33:d3:6c:f8, 2015-01-01 00:18:28.835, 0.845, -0.039, 0.53, -0.122, -0.61, 0.244, -3.823, -57.513, -164.537, -23.480, -8.160, -12.587, 30.25, -0.10156, 0.48019, 0.03564, 0.87045,
 11:05:30.002,ed:35:33:d3:6c:f8, 2015-01-01 00:18:28.835, 0.843, -0.037, 0.531, -0.122, 0, 0.183, -3.834, -57.519, -164.553, -23.480, -8.160, -12.587, 30.25, -0.10156, 0.48019, 0.03564, 0.87045,
 11:05:30.004,ed:40:fe:65:30:6c, 2015-01-01 00:18:25.200, 0.901, 0.041, 0.451, 0, -0.61, 0, 5.213, -63.177, -116.307, -26.793, -7.767, 5.040, 25.07, 0.47018, -0.42371, -0.31018, -0.70929,
 11:05:30.004,ed:40:fe:65:30:6c, 2015-01-01 00:18:25.200, 0.901, 0.039, 0.453, 0.061, -0.183, 0, 5.213, -63.182, -116.307, -26.793, -7.767, 5.040, 25.07, 0.47018, -0.42371, -0.31018, -0.70929,
 11:05:30.024,ed:35:33:d3:6c:f8, 2015-01-01 00:18:28.835, 0.838, -0.038, 0.534, 0, 0.549, 0.366, -3.845, -57.519, -164.575, -23.480, -8.160, -12.587, 30.25, -0.10156, 0.48019, 0.03564, 0.87045,
 11:05:30.024,ed:35:33:d3:6c:f8, 2015-01-01 00:18:28.835, 0.839, -0.037, 0.538, 0, 0.977, 0.366, -3.862, -57.508, -164.592, -23.480, -8.160, -12.587, 30.25, -0.10156, 0.48019, 0.03564, 0.87045,
 11:05:30.026,f6:90:cc:01:6d:25, 2015-01-01 00:18:28.300, 0.981, -0.062, -0.004, 0.488, 1.221, -0.305, -95.773, -86.561, -60.529, -28.287, -6.900, 3.913, 29.21, 0.16443, -0.69846, -0.12448, -0.68521,
 11:05:30.026,f6:90:cc:01:6d:25, 2015-01-01 00:18:28.300, 0.983, -0.06, -0.009, 0.427, 0.916, -0.488, -95.449, -86.567, -60.815, -28.287, -6.900, 3.913, 29.21, 0.16443, -0.69846, -0.12448, -0.68521,
 11:05:30.026,ed:40:fe:65:30:6c, 2015-01-01 00:18:25.200, 0.896, 0.041, 0.457, 0.244, 0.183, 0.061, 5.213, -63.182, -116.312, -26.793, -7.767, 5.040, 25.07, 0.46915, -0.4241, -0.30902, -0.71024,
 11:05:30.026,ed:40:fe:65:30:6c, 2015-01-01 00:18:25.200, 0.896, 0.042, 0.458, 0.183, 0.427, 0.122, 5.208, -63.177, -116.307, -26.793, -7.767, 5.040, 25.07, 0.46915, -0.4241, -0.30902, -0.71024,
 11:05:30.027,e3:ca:2d:fd:e0:8c, 2015-01-01 00:18:25.595, 1.007, -0.123, -0.039, -0.061, -0.122, 0.061, -112.786, -82.617, -101.223, -25.347, -4.847, -4.120, 23.42, -0.16052, -0.67963, 0.24945, -0.67084,
 11:05:30.027,e3:ca:2d:fd:e0:8c, 2015-01-01 00:18:25.595, 1.008, -0.118, -0.045, -0.183, 0.305, 0.061, -112.753, -82.617, -101.266, -25.347, -4.847, -4.120, 23.42, -0.16052, -0.67963, 0.24945, -0.67084,
 11:05:30.069,ed:35:33:d3:6c:f8, 2015-01-01 00:18:28.835, 0.838, -0.038, 0.533, 0.427, 0.305, 0.183, -3.867, -57.491, -164.625, -23.480, -8.160, -12.587, 30.25, -0.10156, 0.48019, 0.03564, 0.87045,
 11:05:30.069,ed:35:33:d3:6c:f8, 2015-01-01 00:18:28.835, 0.836, -0.032, 0.534, 0.549, 0.427, -0.183, -3.862, -57.486, -164.641, -23.480, -8.160, -12.587, 30.25, -0.10156, 0.48019, 0.03564, 0.87045,
 11:05:30.070,f6:90:cc:01:6d:25, 2015-01-01 00:18:28.300, 0.985, -0.059, -0.001, 0.427, 0.916, -0.427, -95.18, -86.578, -61.035, -28.287, -6.900, 3.913, 29.21, 0.16443, -0.69846, -0.12448, -0.68521,
 11:05:30.070,f6:90:cc:01:6d:25, 2015-01-01 00:18:28.300, 0.981, -0.06, -0.007, 0.549, 0.671, -0.183, -94.933, -86.583, -61.243, -28.287, -6.900, 3.913, 29.21, 0.16443, -0.69846, -0.12448, -0.68521,
 11:05:30.071,ed:40:fe:65:30:6c, 2015-01-01 00:18:25.200, 0.895, 0.042, 0.452, 0.183, 0.305, 0, 5.208, -63.166, -116.301, -26.793, -7.767, 5.040, 25.07, 0.46915, -0.4241, -0.30902, -0.71024,
 11:05:30.071,ed:40:fe:65:30:6c, 2015-01-01 00:18:25.200, 0.893, 0.048, 0.455, 0.305, 0.61, -0.244, 5.219, -63.16, -116.301, -26.793, -7.767, 5.040, 25.07, 0.46915, -0.4241, -0.30902, -0.71024,
 11:05:30.072,e3:ca:2d:fd:e0:8c, 2015-01-01 00:18:25.595, 1.014, -0.121, -0.043, -0.366, 0.671, 0.061, -112.659, -82.617, -101.349, -25.347, -4.847, -4.120, 23.42, -0.1611, -0.67923, 0.25165, -0.67026,
 11:05:30.072,e3:ca:2d:fd:e0:8c, 2015-01-01 00:18:25.595, 1.016, -0.125, -0.05, -0.183, 0.366, 0, -112.571, -82.623, -101.42, -25.347, -4.847, -4.120, 23.42, -0.1611, -0.67923, 0.25165, -0.67026,
 11:05:30.090,ed:35:33:d3:6c:f8, 2015-01-01 00:18:28.835, 0.832, -0.036, 0.53, 0.427, 0.732, 0, -3.845, -57.475, -164.647, -23.480, -8.160, -12.587, 30.25, -0.10156, 0.48019, 0.03564, 0.87045,
 11:05:30.090,ed:35:33:d3:6c:f8, 2015-01-01 00:18:28.835, 0.838, -0.036, 0.533, 0.305, 0.977, -0.061, -3.84, -57.458, -164.669, -23.480, -8.160, -12.587, 30.25, -0.10156, 0.48019, 0.03564, 0.87045,
 11:05:30.095,e3:ca:2d:fd:e0:8c, 2015-01-01 00:18:25.885, 1.011, -0.127, -0.055, 0, -0.061, 0.183, -112.527, -82.623, -101.437, -25.347, -4.847, -4.120, 23.42, -0.1611, -0.67923, 0.25165, -0.67026,
 11:05:30.095,e3:ca:2d:fd:e0:8c, 2015-01-01 00:18:25.885, 1.011, -0.125, -0.055, 0.244, -0.366, 0.244, -112.533, -82.617, -101.409, -25.347, -4.847, -4.120, 23.42, -0.1611, -0.67923, 0.25165, -0.67026,
 11:05:30.116,ed:40:fe:65:30:6c, 2015-01-01 00:18:25.580, 0.889, 0.041, 0.451, 0.366, 0.854, -0.122, 5.229, -63.144, -116.301, -26.793, -7.767, 5.040, 25.07, 0.46915, -0.4241, -0.30902, -0.71024,
 11:05:30.116,ed:40:fe:65:30:6c, 2015-01-01 00:18:25.580, 0.895, 0.043, 0.453, 0.122, 0.977, -0.183, 5.235, -63.122, -116.301, -26.793, -7.767, 5.040, 25.07, 0.46915, -0.4241, -0.30902, -0.71024,
 11:05:30.136,ed:35:33:d3:6c:f8, 2015-01-01 00:18:28.835, 0.843, -0.029, 0.533, 0.732, 0.549, -0.427, -3.823, -57.442, -164.669, -23.480, -8.160, -12.587, 30.25, -0.10156, 0.48019, 0.03564, 0.87045,
 11:05:30.136,ed:35:33:d3:6c:f8, 2015-01-01 00:18:28.835, 0.844, -0.027, 0.531, 0.61, 0.122, -0.244, -3.796, -57.437, -164.68, -23.480, -8.160, -12.587, 30.25, -0.10156, 0.48019, 0.03564, 0.87045,
 11:05:30.137,f6:90:cc:01:6d:25, 2015-01-01 00:18:28.300, 0.979, -0.065, -0.011, 0.549, 0.732, 0, -94.713, -86.583, -61.43, -28.287, -6.900, 3.913, 29.21, 0.16443, -0.69846, -0.12448, -0.68521,
 11:05:30.137,f6:90:cc:01:6d:25, 2015-01-01 00:18:28.300, 0.984, -0.062, -0.015, 0.244, 0.61, 0.061, -94.515, -86.583, -61.622, -28.287, -6.900, 3.913, 29.21, 0.16443, -0.69846, -0.12448, -0.68521,
 11:05:30.139,ed:40:fe:65:30:6c, 2015-01-01 00:18:25.580, 0.9, 0.05, 0.45, 0.244, 0.61, -0.366, 5.251, -63.105, -116.318, -26.793, -7.767, 5.040, 25.07, 0.46915, -0.4241, -0.30902, -0.71024,
 11:05:30.139,ed:40:fe:65:30:6c, 2015-01-01 00:18:25.580, 0.9, 0.048, 0.45, 0.427, 0.244, -0.061, 5.268, -63.094, -116.323, -26.793, -7.767, 5.040, 25.07, 0.46915, -0.4241, -0.30902, -0.71024,
 11:05:30.140,e3:ca:2d:fd:e0:8c, 2015-01-01 00:18:25.885, 1.018, -0.119, -0.052, -0.183, -0.061, 0.061, -112.544, -82.612, -101.404, -25.347, -4.847, -4.120, 23.42, -0.1611, -0.67923, 0.25165, -0.67026,
 11:05:30.140,e3:ca:2d:fd:e0:8c, 2015-01-01 00:18:25.885, 1.021, -0.114, -0.051, -0.732, 0.122, -0.122, -112.549, -82.612, -101.437, -25.347, -4.847, -4.120, 23.42, -0.1611, -0.67923, 0.25165, -0.67026,
 11:05:30.182,ed:40:fe:65:30:6c, 2015-01-01 00:18:25.580, 0.899, 0.043, 0.451, -0.366, 0.366, 0.122, 5.268, -63.089, -116.323, -26.793, -7.767, 5.040, 25.07, 0.46915, -0.4241, -0.30902, -0.71024,
 11:05:30.182,ed:40:fe:65:30:6c, 2015-01-01 00:18:25.580, 0.896, 0.042, 0.45, -0.244, 0.488, 0, 5.262, -63.083, -116.318, -26.793, -7.767, 5.040, 25.07, 0.46915, -0.4241, -0.30902, -0.71024,
 11:05:30.182,f6:90:cc:01:6d:25, 2015-01-01 00:18:28.300, 0.99, -0.054, -0.013, 0, 0.366, 0.122, -94.4, -86.578, -61.743, -28.287, -6.900, 3.913, 29.21, 0.16443, -0.69846, -0.12448, -0.68521,
 11:05:30.182,f6:90:cc:01:6d:25, 2015-01-01 00:18:28.300, 0.992, -0.057, -0.011, -0.366, 0.671, 0.061, -94.29, -86.578, -61.864, -28.287, -6.900, 3.913, 29.21, 0.16443, -0.69846, -0.12448, -0.68521,
 11:05:30.185,e3:ca:2d:fd:e0:8c, 2015-01-01 00:18:25.885, 1.018, -0.121, -0.047, -1.099, 0.305, -0.244, -112.544, -82.617, -101.475, -25.347, -4.847, -4.120, 23.42, -0.1611, -0.67923, 0.25165, -0.67026,
 11:05:30.185,e3:ca:2d:fd:e0:8c, 2015-01-01 00:18:25.885, 1.011, -0.123, -0.045, -1.16, 0.793, -0.183, -112.5, -82.623, -101.569, -25.347, -4.847, -4.120, 23.42, -0.1611, -0.67923, 0.25165, -0.67026,
 11:05:30.203,ed:35:33:d3:6c:f8, 2015-01-01 00:18:28.835, 0.842, -0.035, 0.532, -0.305, 0.366, 0.061, -3.785, -57.431, -164.685, -23.480, -8.160, -12.587, 30.25, -0.10156, 0.48019, 0.03564, 0.87045,
 11:05:30.203,ed:35:33:d3:6c:f8, 2015-01-01 00:18:28.835, 0.84, -0.038, 0.529, -0.183, 0.488, 0, -3.785, -57.426, -164.696, -23.480, -8.160, -12.587, 30.25, -0.10156, 0.48019, 0.03564, 0.87045,
 11:05:30.205,f6:90:cc:01:6d:25, 2015-01-01 00:18:28.300, 0.991, -0.061, -0.009, -0.244, 1.16, -0.183, -94.059, -86.578, -62.095, -28.220, -6.787, 3.933, 29.21, 0.16443, -0.69846, -0.12448, -0.68521,
 11:05:30.205,f6:90:cc:01:6d:25, 2015-01-01 00:18:28.300, 0.986, -0.058, -0.002, 0.061, 1.526, -0.244, -93.686, -86.583, -62.474, -28.220, -6.787, 3.933, 29.21, 0.16443, -0.69846, -0.12448, -0.68521,
 11:05:30.226,ed:35:33:d3:6c:f8, 2015-01-01 00:18:28.835, 0.834, -0.035, 0.531, -0.244, 0.916, 0, -3.79, -57.415, -164.68, -23.347, -7.987, -12.120, 30.25, -0.10156, 0.48019, 0.03564, 0.87045,
 11:05:30.226,ed:35:33:d3:6c:f8, 2015-01-01 00:18:28.835, 0.833, -0.033, 0.535, -0.488, 1.221, -0.061, -3.79, -57.398, -164.669, -23.347, -7.987, -12.120, 30.25, -0.10156, 0.48019, 0.03564, 0.87045,
 11:05:30.228,ed:40:fe:65:30:6c, 2015-01-01 00:18:25.580, 0.89, 0.044, 0.453, -0.305, 0.732, -0.183, 5.262, -63.073, -116.312, -26.793, -7.767, 5.040, 25.07, 0.46915, -0.4241, -0.30902, -0.71024,
 11:05:30.228,ed:40:fe:65:30:6c, 2015-01-01 00:18:25.580, 0.891, 0.046, 0.455, -0.366, 0.854, -0.305, 5.268, -63.056, -116.323, -26.793, -7.767, 5.040, 25.07, 0.46915, -0.4241, -0.30902, -0.71024,
 11:05:30.230,e3:ca:2d:fd:e0:8c, 2015-01-01 00:18:25.885, 1.007, -0.12, -0.045, -1.16, 0.671, 0, -112.418, -82.634, -101.706, -25.347, -4.847, -4.120, 23.42, -0.1611, -0.67923, 0.25165, -0.67026,
 11:05:30.230,e3:ca:2d:fd:e0:8c, 2015-01-01 00:18:25.885, 1.004, -0.119, -0.043, -1.404, 0.183, 0.061, -112.374, -82.634, -101.799, -25.347, -4.847, -4.120, 23.42, -0.1611, -0.67923, 0.25165, -0.67026,
 11:05:30.251,f6:90:cc:01:6d:25, 2015-01-01 00:18:28.300, 0.98, -0.058, -0.002, -0.061, 1.831, -0.244, -93.181, -86.589, -62.946, -28.220, -6.787, 3.933, 29.21, 0.16443, -0.69846, -0.12448, -0.68521,
 11:05:30.251,f6:90:cc:01:6d:25, 2015-01-01 00:18:28.300, 0.98, -0.056, -0.006, -0.305, 2.014, -0.061, -92.593, -86.594, -63.523, -28.220, -6.787, 3.933, 29.21, 0.16443, -0.69846, -0.12448, -0.68521,
 11:05:30.271,ed:35:33:d3:6c:f8, 2015-01-01 00:18:28.835, 0.833, -0.032, 0.536, -0.244, 1.16, -0.244, -3.79, -57.376, -164.658, -23.347, -7.987, -12.120, 30.25, -0.10156, 0.48019, 0.03564, 0.87045,
 11:05:30.271,ed:35:33:d3:6c:f8, 2015-01-01 00:18:28.835, 0.839, -0.031, 0.541, 0, 1.099, -0.61, -3.779, -57.354, -164.652, -23.347, -7.987, -12.120, 30.25, -0.10156, 0.48019, 0.03564, 0.87045,
 11:05:30.272,f6:90:cc:01:6d:25, 2015-01-01 00:18:28.300, 0.981, -0.056, 0, -0.244, 1.892, 0, -92, -86.594, -64.133, -28.220, -6.787, 3.933, 29.21, 0.16647, -0.69659, -0.12576, -0.68637,
 11:05:30.272,f6:90:cc:01:6d:25, 2015-01-01 00:18:28.300, 0.986, -0.063, -0.009, -0.366, 1.648, 0.122, -91.461, -86.594, -64.688, -28.220, -6.787, 3.933, 29.21, 0.16647, -0.69659, -0.12576, -0.68637,
 11:05:30.275,e3:ca:2d:fd:e0:8c, 2015-01-01 00:18:25.885, 1.011, -0.12, -0.042, -1.465, 0.427, 0.183, -112.341, -82.639, -101.893, -25.347, -4.847, -4.120, 23.42, -0.1611, -0.67923, 0.25165, -0.67026,
 11:05:30.275,e3:ca:2d:fd:e0:8c, 2015-01-01 00:18:25.885, 1.012, -0.122, -0.048, -1.282, 0.732, 0.366, -112.258, -82.639, -102.041, -25.347, -4.847, -4.120, 23.42, -0.1611, -0.67923, 0.25165, -0.67026,
 11:05:30.294,ed:35:33:d3:6c:f8, 2015-01-01 00:18:28.835, 0.837, -0.03, 0.543, 0, 0.977, -0.488, -3.757, -57.338, -164.663, -23.347, -7.987, -12.120, 30.25, -0.10135, 0.47916, 0.03534, 0.87109,
 11:05:30.294,ed:35:33:d3:6c:f8, 2015-01-01 00:18:28.835, 0.835, -0.03, 0.541, 0, 0.549, -0.488, -3.741, -57.321, -164.674, -23.347, -7.987, -12.120, 30.25, -0.10135, 0.47916, 0.03534, 0.87109,
 11:05:30.297,e3:ca:2d:fd:e0:8c, 2015-01-01 00:18:25.885, 1.018, -0.122, -0.046, -1.282, 0.977, 0.427, -112.126, -82.639, -102.211, -25.293, -5.233, -4.493, 23.42, -0.1611, -0.67923, 0.25165, -0.67026,
 11:05:30.297,e3:ca:2d:fd:e0:8c, 2015-01-01 00:18:25.885, 1.018, -0.122, -0.05, -1.221, 0.916, 0.427, -111.978, -82.634, -102.387, -25.293, -5.233, -4.493, 23.42, -0.1611, -0.67923, 0.25165, -0.67026,
 11:05:30.317,f6:90:cc:01:6d:25, 2015-01-01 00:18:28.300, 0.99, -0.059, 0.001, -0.244, 1.343, 0.061, -91.022, -86.594, -65.154, -28.220, -6.787, 3.933, 29.21, 0.16647, -0.69659, -0.12576, -0.68637,
 11:05:30.317,f6:90:cc:01:6d:25, 2015-01-01 00:18:28.300, 0.984, -0.058, 0, -0.427, 1.038, 0.183, -90.703, -86.589, -65.506, -28.220, -6.787, 3.933, 29.21, 0.16647, -0.69659, -0.12576, -0.68637,
 11:05:30.318,ed:40:fe:65:30:6c, 2015-01-01 00:18:25.580, 0.89, 0.047, 0.457, -0.061, 0.854, -0.549, 5.279, -63.04, -116.345, -26.793, -7.767, 5.040, 25.07, 0.46915, -0.4241, -0.30902, -0.71024,
 11:05:30.318,ed:40:fe:65:30:6c, 2015-01-01 00:18:25.580, 0.896, 0.048, 0.461, -0.122, 0.977, -0.671, 5.301, -63.018, -116.367, -26.793, -7.767, 5.040, 25.07, 0.46915, -0.4241, -0.30902, -0.71024,
 11:05:30.338,ed:35:33:d3:6c:f8, 2015-01-01 00:18:28.835, 0.832, -0.034, 0.542, -0.549, 0.793, -0.488, -3.724, -57.31, -164.691, -23.347, -7.987, -12.120, 30.25, -0.10135, 0.47916, 0.03534, 0.87109,
 11:05:30.338,ed:35:33:d3:6c:f8, 2015-01-01 00:18:28.835, 0.834, -0.03, 0.538, -0.183, 0.366, -0.549, -3.713, -57.294, -164.718, -23.347, -7.987, -12.120, 30.25, -0.10135, 0.47916, 0.03534, 0.87109,
 11:05:30.340,ed:40:fe:65:30:6c, 2015-01-01 00:18:25.580, 0.896, 0.048, 0.461, -0.305, 0.854, -0.427, 5.323, -62.996, -116.378, -26.420, -7.300, 5.407, 25.07, 0.46915, -0.4241, -0.30902, -0.71024,
 11:05:30.340,ed:40:fe:65:30:6c, 2015-01-01 00:18:25.580, 0.892, 0.049, 0.46, -0.305, 0.854, -0.305, 5.334, -62.979, -116.384, -26.420, -7.300, 5.407, 25.07, 0.46915, -0.4241, -0.30902, -0.71024,
 11:05:30.342,e3:ca:2d:fd:e0:8c, 2015-01-01 00:18:25.885, 1.015, -0.123, -0.058, -0.916, 0.366, 0.244, -111.885, -82.634, -102.513, -25.293, -5.233, -4.493, 23.42, -0.1611, -0.67923, 0.25165, -0.67026,
 11:05:30.342,e3:ca:2d:fd:e0:8c, 2015-01-01 00:18:25.885, 1.01, -0.122, -0.06, -0.305, -0.061, 0.305, -111.863, -82.628, -102.579, -25.293, -5.233, -4.493, 23.42, -0.1611, -0.67923, 0.25165, -0.67026,
 11:05:30.362,f6:90:cc:01:6d:25, 2015-01-01 00:18:28.660, 0.981, -0.061, -0.007, -0.122, 0.793, 0.305, -90.467, -86.583, -65.803, -28.220, -6.787, 3.933, 29.21, 0.16647, -0.69659, -0.12576, -0.68637,
 11:05:30.362,f6:90:cc:01:6d:25, 2015-01-01 00:18:28.660, 0.98, -0.063, -0.017, -0.244, 0.366, 0.305, -90.374, -86.578, -65.951, -28.220, -6.787, 3.933, 29.21, 0.16647, -0.69659, -0.12576, -0.68637,
 11:05:30.363,ed:40:fe:65:30:6c, 2015-01-01 00:18:25.580, 0.889, 0.046, 0.46, -0.61, 0.854, -0.427, 5.339, -62.957, -116.389, -26.420, -7.300, 5.407, 25.07, 0.46915, -0.4241, -0.30902, -0.71024,
 11:05:30.363,ed:40:fe:65:30:6c, 2015-01-01 00:18:25.580, 0.89, 0.047, 0.457, -0.244, 0.488, -0.366, 5.35, -62.941, -116.389, -26.420, -7.300, 5.407, 25.07, 0.46915, -0.4241, -0.30902, -0.71024,
 11:05:30.384,f6:90:cc:01:6d:25, 2015-01-01 00:18:28.660, 0.993, -0.064, -0.006, 0, 0.244, 0.427, -90.363, -86.567, -66.011, -28.220, -6.787, 3.933, 29.21, 0.16647, -0.69659, -0.12576, -0.68637,
 11:05:30.384,f6:90:cc:01:6d:25, 2015-01-01 00:18:28.660, 1.003, -0.059, 0.005, 0, 0.61, 0.427, -90.258, -86.556, -66.121, -28.220, -6.787, 3.933, 29.21, 0.16647, -0.69659, -0.12576, -0.68637,
 11:05:30.384,ed:35:33:d3:6c:f8, 2015-01-01 00:18:29.215, 0.842, -0.033, 0.536, -0.305, 0, -0.122, -3.697, -57.288, -164.784, -23.347, -7.987, -12.120, 30.25, -0.10135, 0.47916, 0.03534, 0.87109,
 11:05:30.384,ed:35:33:d3:6c:f8, 2015-01-01 00:18:29.215, 0.846, -0.037, 0.531, -0.183, -0.488, 0, -3.697, -57.288, -164.844, -23.347, -7.987, -12.120, 30.25, -0.10135, 0.47916, 0.03534, 0.87109,
 11:05:30.387,e3:ca:2d:fd:e0:8c, 2015-01-01 00:18:25.885, 1.024, -0.126, -0.051, 0, 0.305, 0.305, -111.841, -82.623, -102.662, -25.293, -5.233, -4.493, 23.42, -0.16351, -0.6777, 0.25403, -0.67032,
 11:05:30.387,e3:ca:2d:fd:e0:8c, 2015-01-01 00:18:25.885, 1.05, -0.123, -0.039, -0.244, 0.61, 0.305, -111.769, -82.623, -102.788, -25.293, -5.233, -4.493, 23.42, -0.16351, -0.6777, 0.25403, -0.67032,
 11:05:30.429,ed:35:33:d3:6c:f8, 2015-01-01 00:18:29.215, 0.826, -0.036, 0.538, -0.488, 0.977, 0, -3.702, -57.294, -164.866, -23.347, -7.987, -12.120, 30.25, -0.10135, 0.47916, 0.03534, 0.87109,
 11:05:30.429,ed:35:33:d3:6c:f8, 2015-01-01 00:18:29.215, 0.827, -0.032, 0.53, -0.244, 1.038, -0.366, -3.702, -57.272, -164.888, -23.347, -7.987, -12.120, 30.25, -0.10135, 0.47916, 0.03534, 0.87109,
 11:05:30.431,f6:90:cc:01:6d:25, 2015-01-01 00:18:28.660, 0.962, -0.053, -0.009, 0.244, 1.16, 0, -89.973, -86.556, -66.396, -28.220, -6.787, 3.933, 29.21, 0.16647, -0.69659, -0.12576, -0.68637,
 11:05:30.431,f6:90:cc:01:6d:25, 2015-01-01 00:18:28.660, 0.976, -0.08, 0.013, 1.343, 1.099, 0.244, -89.632, -86.55, -66.714, -28.220, -6.787, 3.933, 29.21, 0.16647, -0.69659, -0.12576, -0.68637,
 11:05:30.431,ed:40:fe:65:30:6c, 2015-01-01 00:18:25.580, 0.897, 0.042, 0.453, -0.244, 0, 0, 5.356, -62.935, -116.389, -26.420, -7.300, 5.407, 25.07, 0.46915, -0.4241, -0.30902, -0.71024,
 11:05:30.431,ed:40:fe:65:30:6c, 2015-01-01 00:18:25.580, 0.908, 0.042, 0.452, -0.244, -0.305, 0.061, 5.356, -62.935, -116.378, -26.420, -7.300, 5.407, 25.07, 0.46915, -0.4241, -0.30902, -0.71024,
 11:05:30.432,e3:ca:2d:fd:e0:8c, 2015-01-01 00:18:26.200, 0.965, -0.123, -0.047, -0.488, 0, -1.526, -111.769, -82.634, -102.843, -25.293, -5.233, -4.493, 23.42, -0.16351, -0.6777, 0.25403, -0.67032,
 11:05:30.432,e3:ca:2d:fd:e0:8c, 2015-01-01 00:18:26.200, 1.022, -0.128, -0.034, 1.16, 0.977, 0.061, -111.731, -82.65, -102.914, -25.293, -5.233, -4.493, 23.42, -0.16351, -0.6777, 0.25403, -0.67032,
 11:05:30.450,ed:35:33:d3:6c:f8, 2015-01-01 00:18:29.215, 0.823, -0.035, 0.54, -0.183, 1.16, 0.61, -3.702, -57.255, -164.872, -23.347, -7.987, -12.120, 30.25, -0.10135, 0.47916, 0.03534, 0.87109,
 11:05:30.450,ed:35:33:d3:6c:f8, 2015-01-01 00:18:29.215, 0.832, -0.03, 0.54, 0.977, 0.183, 0.549, -3.713, -57.233, -164.833, -23.347, -7.987, -12.120, 30.25, -0.10135, 0.47916, 0.03534, 0.87109,
 11:05:30.454,e3:ca:2d:fd:e0:8c, 2015-01-01 00:18:26.200, 1.001, -0.146, -0.053, 3.54, -0.183, 1.343, -111.572, -82.639, -103.068, -25.293, -5.233, -4.493, 23.42, -0.16351, -0.6777, 0.25403, -0.67032,
 11:05:30.454,e3:ca:2d:fd:e0:8c, 2015-01-01 00:18:26.200, 1.022, -0.105, -0.049, 2.014, -0.61, 1.282, -111.489, -82.612, -103.134, -25.293, -5.233, -4.493, 23.42, -0.16351, -0.6777, 0.25403, -0.67032,
 11:05:30.454,ed:40:fe:65:30:6c, 2015-01-01 00:18:25.580, 0.88, 0.046, 0.459, -0.244, 0.366, -0.183, 5.356, -62.935, -116.378, -26.420, -7.300, 5.407, 25.07, 0.46976, -0.42212, -0.30872, -0.71115,
 11:05:30.454,ed:40:fe:65:30:6c, 2015-01-01 00:18:25.580, 0.884, 0.042, 0.454, -0.183, 0.671, -0.488, 5.367, -62.924, -116.395, -26.420, -7.300, 5.407, 25.07, 0.46976, -0.42212, -0.30872, -0.71115,
 11:05:30.474,f6:90:cc:01:6d:25, 2015-01-01 00:18:28.660, 0.971, -0.08, -0.008, 2.869, 0.854, 0.305, -89.313, -86.539, -66.989, -28.220, -6.787, 3.933, 29.21, 0.16647, -0.69659, -0.12576, -0.68637,
 11:05:30.474,f6:90:cc:01:6d:25, 2015-01-01 00:18:28.660, 0.988, -0.05, 0.002, 1.709, 0.549, 1.221, -89.116, -86.517, -67.176, -28.220, -6.787, 3.933, 29.21, 0.16647, -0.69659, -0.12576, -0.68637,
 11:05:30.496,ed:35:33:d3:6c:f8, 2015-01-01 00:18:29.215, 0.842, -0.03, 0.545, 1.038, 0.305, 0.854, -3.713, -57.228, -164.8, -23.347, -7.987, -12.120, 30.25, -0.10135, 0.47916, 0.03534, 0.87109,
 11:05:30.496,ed:35:33:d3:6c:f8, 2015-01-01 00:18:29.215, 0.836, -0.038, 0.544, 1.404, 0.305, 1.16, -3.713, -57.217, -164.751, -23.347, -7.987, -12.120, 30.25, -0.10135, 0.47916, 0.03534, 0.87109,
 11:05:30.500,e3:ca:2d:fd:e0:8c, 2015-01-01 00:18:26.200, 1.008, -0.104, -0.043, 1.404, -0.061, 0.549, -111.445, -82.59, -103.162, -25.293, -5.233, -4.493, 23.42, -0.16351, -0.6777, 0.25403, -0.67032,
 11:05:30.500,e3:ca:2d:fd:e0:8c, 2015-01-01 00:18:26.200, 1.02, -0.12, -0.052, 1.16, -0.977, 0.183, -111.473, -82.579, -103.134, -25.293, -5.233, -4.493, 23.42, -0.16351, -0.6777, 0.25403, -0.67032,
 11:05:30.500,ed:40:fe:65:30:6c, 2015-01-01 00:18:25.580, 0.879, 0.041, 0.458, -0.061, 0.61, 0.61, 5.361, -62.908, -116.4, -26.420, -7.300, 5.407, 25.07, 0.46976, -0.42212, -0.30872, -0.71115,
 11:05:30.500,ed:40:fe:65:30:6c, 2015-01-01 00:18:25.580, 0.89, 0.047, 0.46, 0.732, 0.427, 0.671, 5.345, -62.897, -116.373, -26.420, -7.300, 5.407, 25.07, 0.46976, -0.42212, -0.30872, -0.71115,
 11:05:30.521,ed:40:fe:65:30:6c, 2015-01-01 00:18:26.005, 0.901, 0.049, 0.464, 1.038, 0.244, 0.793, 5.334, -62.891, -116.345, -26.420, -7.300, 5.407, 25.07, 0.46976, -0.42212, -0.30872, -0.71115,
 11:05:30.521,ed:40:fe:65:30:6c, 2015-01-01 00:18:26.005, 0.895, 0.038, 0.463, 1.465, 0.183, 1.038, 5.328, -62.886, -116.312, -26.420, -7.300, 5.407, 25.07, 0.46976, -0.42212, -0.30872, -0.71115,
 11:05:30.543,ed:40:fe:65:30:6c, 2015-01-01 00:18:26.005, 0.891, 0.033, 0.462, 0.916, 0.305, 1.709, 5.29, -62.88, -116.257, -26.420, -7.300, 5.407, 25.07, 0.46976, -0.42212, -0.30872, -0.71115,
 11:05:30.543,ed:40:fe:65:30:6c, 2015-01-01 00:18:26.005, 0.889, 0.04, 0.462, 0.244, 0.122, 1.709, 5.229, -62.88, -116.191, -26.420, -7.300, 5.407, 25.07, 0.46976, -0.42212, -0.30872, -0.71115,
 11:05:30.543,f6:90:cc:01:6d:25, 2015-01-01 00:18:28.660, 0.992, -0.05, 0.002, 0, 0.732, 1.099, -88.923, -86.495, -67.346, -28.220, -6.787, 3.933, 29.21, 0.16647, -0.69659, -0.12576, -0.68637,
 11:05:30.543,f6:90:cc:01:6d:25, 2015-01-01 00:18:28.660, 0.987, -0.071, -0.006, 0.305, 0.366, 0.183, -88.802, -86.484, -67.44, -28.220, -6.787, 3.933, 29.21, 0.16647, -0.69659, -0.12576, -0.68637,
 11:05:30.543,ed:35:33:d3:6c:f8, 2015-01-01 00:18:29.215, 0.833, -0.043, 0.542, 0.732, 0.244, 1.709, -3.724, -57.211, -164.713, -23.347, -7.987, -12.120, 30.25, -0.10135, 0.47916, 0.03534, 0.87109,
 11:05:30.544,ed:35:33:d3:6c:f8, 2015-01-01 00:18:29.215, 0.832, -0.042, 0.542, 0.305, 0.244, 1.709, -3.768, -57.2, -164.663, -23.347, -7.987, -12.120, 30.25, -0.10135, 0.47916, 0.03534, 0.87109,
 11:05:30.544,e3:ca:2d:fd:e0:8c, 2015-01-01 00:18:26.200, 1.006, -0.141, -0.042, 1.343, 0.061, 0.244, -111.5, -82.573, -103.085, -25.293, -5.233, -4.493, 23.42, -0.16351, -0.6777, 0.25403, -0.67032,
 11:05:30.544,e3:ca:2d:fd:e0:8c, 2015-01-01 00:18:26.200, 1.018, -0.133, -0.045, 0.549, -0.183, 0.183, -111.473, -82.573, -103.101, -25.293, -5.233, -4.493, 23.42, -0.16351, -0.6777, 0.25403, -0.67032,
 11:05:30.565,f6:90:cc:01:6d:25, 2015-01-01 00:18:28.660, 0.982, -0.077, 0.002, 2.075, -0.305, -0.671, -88.852, -86.49, -67.363, -28.447, -6.720, 3.487, 29.21, 0.16647, -0.69659, -0.12576, -0.68637,
 11:05:30.565,f6:90:cc:01:6d:25, 2015-01-01 00:18:28.660, 0.987, -0.06, -0.003, 1.587, -0.549, -0.427, -89.006, -86.495, -67.187, -28.447, -6.720, 3.487, 29.21, 0.16647, -0.69659, -0.12576, -0.68637,
 11:05:30.588,ed:40:fe:65:30:6c, 2015-01-01 00:18:26.005, 0.896, 0.049, 0.46, 0.305, -0.244, 0.732, 5.197, -62.88, -116.164, -26.420, -7.300, 5.407, 25.07, 0.46976, -0.42212, -0.30872, -0.71115,
 11:05:30.588,ed:40:fe:65:30:6c, 2015-01-01 00:18:26.005, 0.895, 0.052, 0.463, 0.122, -0.183, 0.244, 5.191, -62.88, -116.158, -26.420, -7.300, 5.407, 25.07, 0.46976, -0.42212, -0.30872, -0.71115,
 11:05:30.590,e3:ca:2d:fd:e0:8c, 2015-01-01 00:18:26.200, 1.017, -0.117, -0.046, 0.061, -0.061, 0, -111.467, -82.568, -103.107, -25.293, -5.233, -4.493, 23.42, -0.16351, -0.6777, 0.25403, -0.67032,
 11:05:30.590,e3:ca:2d:fd:e0:8c, 2015-01-01 00:18:26.200, 1.011, -0.107, -0.043, 0.488, -0.427, 0, -111.484, -82.568, -103.107, -25.293, -5.233, -4.493, 23.42, -0.16351, -0.6777, 0.25403, -0.67032,
 11:05:30.611,f6:90:cc:01:6d:25, 2015-01-01 00:18:28.660, 0.99, -0.057, 0.001, 0.061, -0.305, 0.427, -89.149, -86.49, -67.033, -28.447, -6.720, 3.487, 29.21, 0.16647, -0.69659, -0.12576, -0.68637,
 11:05:30.611,f6:90:cc:01:6d:25, 2015-01-01 00:18:28.660, 0.984, -0.052, 0.003, -0.488, -0.183, 0.305, -89.242, -86.484, -66.951, -28.447, -6.720, 3.487, 29.21, 0.16647, -0.69659, -0.12576, -0.68637,
 11:05:30.631,ed:35:33:d3:6c:f8, 2015-01-01 00:18:29.215, 0.839, -0.034, 0.543, 0.488, -0.366, 0.854, -3.807, -57.195, -164.608, -23.427, -8.020, -13.013, 30.25, -0.10135, 0.47916, 0.03534, 0.87109,
 11:05:30.631,ed:35:33:d3:6c:f8, 2015-01-01 00:18:29.215, 0.837, -0.028, 0.543, 0.244, -0.183, 0.244, -3.818, -57.195, -164.603, -23.427, -8.020, -13.013, 30.25, -0.10135, 0.47916, 0.03534, 0.87109,
 11:05:30.633,ed:40:fe:65:30:6c, 2015-01-01 00:18:26.005, 0.89, 0.042, 0.456, 0, -0.122, 0.366, 5.186, -62.88, -116.147, -26.420, -7.300, 5.407, 25.07, 0.46976, -0.42212, -0.30872, -0.71115,
 11:05:30.633,ed:40:fe:65:30:6c, 2015-01-01 00:18:26.005, 0.896, 0.042, 0.454, -0.488, -0.244, 0.488, 5.164, -62.88, -116.12, -26.420, -7.300, 5.407, 25.07, 0.46976, -0.42212, -0.30872, -0.71115,
 11:05:30.633,f6:90:cc:01:6d:25, 2015-01-01 00:18:28.660, 0.981, -0.061, -0.004, -0.427, -0.244, 0, -89.346, -86.484, -66.841, -28.447, -6.720, 3.487, 29.21, 0.16699, -0.69577, -0.12445, -0.68735,
 11:05:30.633,f6:90:cc:01:6d:25, 2015-01-01 00:18:28.660, 0.986, -0.068, -0.009, -0.488, -0.244, 0, -89.462, -86.479, -66.731, -28.447, -6.720, 3.487, 29.21, 0.16699, -0.69577, -0.12445, -0.68735,
 11:05:30.635,e3:ca:2d:fd:e0:8c, 2015-01-01 00:18:26.200, 1.007, -0.124, -0.046, 0.183, 0, 0.183, -111.495, -82.562, -103.107, -25.253, -5.180, -4.627, 23.42, -0.16351, -0.6777, 0.25403, -0.67032,
 11:05:30.635,e3:ca:2d:fd:e0:8c, 2015-01-01 00:18:26.200, 1.014, -0.136, -0.048, -0.61, 0.366, 0.061, -111.456, -82.562, -103.145, -25.253, -5.180, -4.627, 23.42, -0.16351, -0.6777, 0.25403, -0.67032,
 11:05:30.653,ed:35:33:d3:6c:f8, 2015-01-01 00:18:29.215, 0.833, -0.035, 0.536, 0, -0.183, 0.366, -3.823, -57.2, -164.625, -23.427, -8.020, -13.013, 30.25, -0.1015, 0.47803, 0.03491, 0.8717,
 11:05:30.653,ed:35:33:d3:6c:f8, 2015-01-01 00:18:29.215, 0.84, -0.038, 0.536, -0.305, 0, 0.427, -3.834, -57.2, -164.641, -23.427, -8.020, -13.013, 30.25, -0.1015, 0.47803, 0.03491, 0.8717,
 11:05:30.657,e3:ca:2d:fd:e0:8c, 2015-01-01 00:18:26.200, 1.02, -0.134, -0.049, -0.549, 0.488, -0.244, -111.401, -82.568, -103.217, -25.253, -5.180, -4.627, 23.42, -0.16431, -0.67688, 0.25568, -0.67035,
 11:05:30.657,e3:ca:2d:fd:e0:8c, 2015-01-01 00:18:26.200, 1.021, -0.119, -0.05, -0.244, 0.305, -0.183, -111.363, -82.573, -103.271, -25.253, -5.180, -4.627, 23.42, -0.16431, -0.67688, 0.25568, -0.67035,
 11:05:30.676,f6:90:cc:01:6d:25, 2015-01-01 00:18:28.660, 0.99, -0.068, -0.005, -0.977, 0, 0.61, -89.539, -86.468, -66.687, -28.447, -6.720, 3.487, 29.21, 0.16699, -0.69577, -0.12445, -0.68735,
 11:05:30.676,f6:90:cc:01:6d:25, 2015-01-01 00:18:28.660, 0.99, -0.063, -0.005, -0.671, 0.122, 0.671, -89.572, -86.457, -66.654, -28.447, -6.720, 3.487, 29.21, 0.16699, -0.69577, -0.12445, -0.68735,
 11:05:30.676,ed:35:33:d3:6c:f8, 2015-01-01 00:18:29.215, 0.843, -0.029, 0.533, -0.122, -0.671, -0.061, -3.851, -57.2, -164.685, -23.427, -8.020, -13.013, 30.25, -0.1015, 0.47803, 0.03491, 0.8717,
 11:05:30.676,ed:35:33:d3:6c:f8, 2015-01-01 00:18:29.215, 0.84, -0.03, 0.535, -0.61, -0.488, 0.488, -3.856, -57.211, -164.724, -23.427, -8.020, -13.013, 30.25, -0.1015, 0.47803, 0.03491, 0.8717,
 11:05:30.700,ed:40:fe:65:30:6c, 2015-01-01 00:18:26.005, 0.9, 0.049, 0.452, -0.488, -0.671, 0.305, 5.147, -62.891, -116.098, -26.420, -7.300, 5.407, 25.07, 0.46976, -0.42212, -0.30872, -0.71115,
 11:05:30.700,ed:40:fe:65:30:6c, 2015-01-01 00:18:26.005, 0.898, 0.044, 0.455, -0.488, -0.671, 0.793, 5.12, -62.908, -116.065, -26.420, -7.300, 5.407, 25.07, 0.46976, -0.42212, -0.30872, -0.71115,
 11:05:30.702,e3:ca:2d:fd:e0:8c, 2015-01-01 00:18:26.200, 1.018, -0.114, -0.052, -0.183, 0.061, 0.061, -111.346, -82.573, -103.288, -25.253, -5.180, -4.627, 23.42, -0.16431, -0.67688, 0.25568, -0.67035,
 11:05:30.702,e3:ca:2d:fd:e0:8c, 2015-01-01 00:18:26.200, 1.01, -0.125, -0.049, -0.183, 0.305, -0.061, -111.324, -82.579, -103.299, -25.253, -5.180, -4.627, 23.42, -0.16431, -0.67688, 0.25568, -0.67035,
 11:05:30.722,f6:90:cc:01:6d:25, 2015-01-01 00:18:29.015, 0.987, -0.061, -0.006, -0.61, 0.183, 0.305, -89.577, -86.446, -66.638, -28.447, -6.720, 3.487, 29.21, 0.16699, -0.69577, -0.12445, -0.68735,
 11:05:30.722,f6:90:cc:01:6d:25, 2015-01-01 00:18:29.015, 0.981, -0.063, -0.005, -0.244, 0.122, 0, -89.594, -86.446, -66.61, -28.447, -6.720, 3.487, 29.21, 0.16699, -0.69577, -0.12445, -0.68735,
 11:05:30.722,ed:35:33:d3:6c:f8, 2015-01-01 00:18:29.215, 0.837, -0.038, 0.535, -1.404, -0.061, 1.099, -3.889, -57.217, -164.724, -23.427, -8.020, -13.013, 30.25, -0.1015, 0.47803, 0.03491, 0.8717,
 11:05:30.722,ed:35:33:d3:6c:f8, 2015-01-01 00:18:29.215, 0.834, -0.044, 0.533, -1.038, -0.183, 1.16, -3.944, -57.217, -164.685, -23.427, -8.020, -13.013, 30.25, -0.1015, 0.47803, 0.03491, 0.8717,
 11:05:30.743,ed:35:33:d3:6c:f8, 2015-01-01 00:18:29.570, 0.836, -0.045, 0.533, -0.488, -0.366, 1.099, -3.999, -57.222, -164.652, -23.427, -8.020, -13.013, 30.25, -0.1015, 0.47803, 0.03491, 0.8717,
 11:05:30.743,ed:35:33:d3:6c:f8, 2015-01-01 00:18:29.570, 0.833, -0.044, 0.53, 0.061, -0.61, 0.732, -4.037, -57.233, -164.592, -23.427, -8.020, -13.013, 30.25, -0.1015, 0.47803, 0.03491, 0.8717,
 11:05:30.744,f6:90:cc:01:6d:25, 2015-01-01 00:18:29.015, 0.982, -0.068, -0.007, 0.122, 0.061, -0.122, -89.632, -86.446, -66.55, -28.447, -6.720, 3.487, 29.21, 0.16699, -0.69577, -0.12445, -0.68735,
 11:05:30.744,f6:90:cc:01:6d:25, 2015-01-01 00:18:29.015, 0.982, -0.066, 0, 0.244, 0.061, -0.061, -89.659, -86.446, -66.5, -28.447, -6.720, 3.487, 29.21, 0.16699, -0.69577, -0.12445, -0.68735,
 11:05:30.746,ed:40:fe:65:30:6c, 2015-01-01 00:18:26.005, 0.895, 0.04, 0.456, -0.977, -0.488, 1.343, 5.065, -62.919, -115.999, -26.420, -7.300, 5.407, 25.07, 0.46976, -0.42212, -0.30872, -0.71115,
 11:05:30.746,ed:40:fe:65:30:6c, 2015-01-01 00:18:26.005, 0.892, 0.035, 0.453, -0.488, -0.488, 1.282, 5.004, -62.93, -115.928, -26.420, -7.300, 5.407, 25.07, 0.46976, -0.42212, -0.30872, -0.71115,
 11:05:30.748,e3:ca:2d:fd:e0:8c, 2015-01-01 00:18:26.490, 1.009, -0.129, -0.049, 0, 0.61, -0.122, -111.253, -82.584, -103.365, -25.253, -5.180, -4.627, 23.42, -0.16431, -0.67688, 0.25568, -0.67035,
 11:05:30.748,e3:ca:2d:fd:e0:8c, 2015-01-01 00:18:26.490, 1.011, -0.125, -0.043, 0.183, 0.366, -0.061, -111.198, -82.59, -103.414, -25.253, -5.180, -4.627, 23.42, -0.16431, -0.67688, 0.25568, -0.67035,
 11:05:30.770,ed:40:fe:65:30:6c, 2015-01-01 00:18:26.005, 0.894, 0.033, 0.453, -0.122, -0.549, 1.099, 4.96, -62.941, -115.878, -26.447, -7.233, 5.453, 25.07, 0.46976, -0.42212, -0.30872, -0.71115,
 11:05:30.770,ed:40:fe:65:30:6c, 2015-01-01 00:18:26.005, 0.892, 0.036, 0.452, 0.183, -0.671, 0.793, 4.933, -62.957, -115.84, -26.447, -7.233, 5.453, 25.07, 0.46976, -0.42212, -0.30872, -0.71115,
 11:05:30.788,ed:35:33:d3:6c:f8, 2015-01-01 00:18:29.570, 0.835, -0.043, 0.533, 0.427, -0.244, 0.305, -4.054, -57.244, -164.531, -23.427, -8.020, -13.013, 30.25, -0.1015, 0.47803, 0.03491, 0.8717,
 11:05:30.788,ed:35:33:d3:6c:f8, 2015-01-01 00:18:29.570, 0.835, -0.041, 0.535, 0.793, 0.061, 0.061, -4.054, -57.244, -164.482, -23.427, -8.020, -13.013, 30.25, -0.1015, 0.47803, 0.03491, 0.8717,
 11:05:30.789,f6:90:cc:01:6d:25, 2015-01-01 00:18:29.015, 0.983, -0.062, 0, 0.183, 0.366, 0.061, -89.583, -86.446, -66.572, -28.447, -6.720, 3.487, 29.21, 0.16699, -0.69577, -0.12445, -0.68735,
 11:05:30.789,f6:90:cc:01:6d:25, 2015-01-01 00:18:29.015, 0.98, -0.061, 0.001, 0.244, 0.366, -0.061, -89.495, -86.446, -66.671, -28.447, -6.720, 3.487, 29.21, 0.16699, -0.69577, -0.12445, -0.68735,
 11:05:30.791,e3:ca:2d:fd:e0:8c, 2015-01-01 00:18:26.490, 1.014, -0.123, -0.043, 0.244, 0, 0.061, -111.176, -82.584, -103.431, -25.253, -5.180, -4.627, 23.42, -0.16431, -0.67688, 0.25568, -0.67035,
 11:05:30.791,e3:ca:2d:fd:e0:8c, 2015-01-01 00:18:26.490, 1.011, -0.118, -0.042, 0.366, 0.183, -0.488, -111.16, -82.595, -103.442, -25.253, -5.180, -4.627, 23.42, -0.16431, -0.67688, 0.25568, -0.67035,
 11:05:30.834,f6:90:cc:01:6d:25, 2015-01-01 00:18:29.015, 0.987, -0.062, -0.001, 0.793, 0.183, -0.366, -89.451, -86.451, -66.709, -28.447, -6.720, 3.487, 29.21, 0.16699, -0.69577, -0.12445, -0.68735,
 11:05:30.834,f6:90:cc:01:6d:25, 2015-01-01 00:18:29.015, 0.985, -0.059, 0.004, 0.305, 0.305, -0.61, -89.368, -86.462, -66.808, -28.447, -6.720, 3.487, 29.21, 0.16699, -0.69577, -0.12445, -0.68735,
 11:05:30.834,ed:35:33:d3:6c:f8, 2015-01-01 00:18:29.570, 0.836, -0.04, 0.539, 1.038, 0.183, 0.061, -4.043, -57.244, -164.465, -23.427, -8.020, -13.013, 30.25, -0.1015, 0.47803, 0.03491, 0.8717,
 11:05:30.834,ed:35:33:d3:6c:f8, 2015-01-01 00:18:29.570, 0.837, -0.038, 0.534, 1.282, -0.122, 0.061, -4.026, -57.244, -164.416, -23.427, -8.020, -13.013, 30.25, -0.1015, 0.47803, 0.03491, 0.8717,
 11:05:30.836,ed:40:fe:65:30:6c, 2015-01-01 00:18:26.005, 0.893, 0.037, 0.454, 0.366, -0.488, 0.305, 4.927, -62.968, -115.818, -26.447, -7.233, 5.453, 25.07, 0.46976, -0.42212, -0.30872, -0.71115,
 11:05:30.836,ed:40:fe:65:30:6c, 2015-01-01 00:18:26.005, 0.893, 0.038, 0.455, 0.732, -0.183, 0, 4.938, -62.968, -115.807, -26.447, -7.233, 5.453, 25.07, 0.46976, -0.42212, -0.30872, -0.71115,
 11:05:30.838,e3:ca:2d:fd:e0:8c, 2015-01-01 00:18:26.490, 1.016, -0.121, -0.044, 1.038, 0.244, 0.305, -111.099, -82.595, -103.491, -25.253, -5.180, -4.627, 23.42, -0.16431, -0.67688, 0.25568, -0.67035,
 11:05:30.838,e3:ca:2d:fd:e0:8c, 2015-01-01 00:18:26.490, 1.005, -0.119, -0.037, 0.854, 0.122, 0.732, -111.017, -82.584, -103.563, -25.253, -5.180, -4.627, 23.42, -0.16431, -0.67688, 0.25568, -0.67035,
 11:05:30.856,ed:35:33:d3:6c:f8, 2015-01-01 00:18:29.570, 0.838, -0.034, 0.537, 0.977, 0.122, -0.061, -4.005, -57.244, -164.372, -23.427, -8.020, -13.013, 30.25, -0.1015, 0.47803, 0.03491, 0.8717,
 11:05:30.856,ed:35:33:d3:6c:f8, 2015-01-01 00:18:29.570, 0.838, -0.028, 0.537, 1.282, 0.122, 0, -3.983, -57.244, -164.355, -23.427, -8.020, -13.013, 30.25, -0.1015, 0.47803, 0.03491, 0.8717,
 11:05:30.858,ed:40:fe:65:30:6c, 2015-01-01 00:18:26.005, 0.894, 0.038, 0.458, 0.854, 0, 0, 4.955, -62.974, -115.796, -26.447, -7.233, 5.453, 25.07, 0.4718, -0.42245, -0.30847, -0.70972,
 11:05:30.858,ed:40:fe:65:30:6c, 2015-01-01 00:18:26.005, 0.895, 0.041, 0.456, 0.977, 0, 0, 4.971, -62.968, -115.785, -26.447, -7.233, 5.453, 25.07, 0.4718, -0.42245, -0.30847, -0.70972,
 11:05:30.861,e3:ca:2d:fd:e0:8c, 2015-01-01 00:18:26.490, 1.013, -0.136, -0.042, -0.305, 0.122, 0.305, -110.956, -82.579, -103.64, -25.253, -5.180, -4.627, 23.42, -0.16431, -0.67688, 0.25568, -0.67035,
 11:05:30.861,e3:ca:2d:fd:e0:8c, 2015-01-01 00:18:26.490, 1.012, -0.125, -0.042, -0.366, 0.122, -0.183, -110.934, -82.579, -103.705, -25.253, -5.180, -4.627, 23.42, -0.16431, -0.67688, 0.25568, -0.67035,
 11:05:30.880,f6:90:cc:01:6d:25, 2015-01-01 00:18:29.015, 0.986, -0.064, 0, -0.122, 0.549, -0.183, -89.209, -86.462, -66.978, -28.447, -6.720, 3.487, 29.21, 0.16699, -0.69577, -0.12445, -0.68735,
 11:05:30.880,f6:90:cc:01:6d:25, 2015-01-01 00:18:29.015, 0.986, -0.065, 0, -0.366, 0.61, 0.122, -89.039, -86.457, -67.148, -28.447, -6.720, 3.487, 29.21, 0.16699, -0.69577, -0.12445, -0.68735,
 11:05:30.902,ed:35:33:d3:6c:f8, 2015-01-01 00:18:29.570, 0.836, -0.034, 0.537, 0.549, 0.488, 0.366, -3.966, -57.239, -164.344, -23.427, -8.020, -13.013, 30.25, -0.1015, 0.47803, 0.03491, 0.8717,
 11:05:30.902,ed:35:33:d3:6c:f8, 2015-01-01 00:18:29.570, 0.834, -0.041, 0.537, 0.305, 0.549, 0.61, -3.966, -57.228, -164.323, -23.427, -8.020, -13.013, 30.25, -0.1015, 0.47803, 0.03491, 0.8717,
 11:05:30.903,ed:40:fe:65:30:6c, 2015-01-01 00:18:26.005, 0.894, 0.045, 0.457, 0.793, 0.366, -0.183, 4.993, -62.963, -115.785, -26.447, -7.233, 5.453, 25.07, 0.4718, -0.42245, -0.30847, -0.70972,
 11:05:30.903,ed:40:fe:65:30:6c, 2015-01-01 00:18:26.005, 0.895, 0.048, 0.457, 1.099, 0.427, 0, 5.015, -62.952, -115.779, -26.447, -7.233, 5.453, 25.07, 0.4718, -0.42245, -0.30847, -0.70972,
 11:05:30.904,e3:ca:2d:fd:e0:8c, 2015-01-01 00:18:26.490, 1.015, -0.118, -0.043, 0.183, 0, -0.183, -110.918, -82.584, -103.744, -25.253, -5.180, -4.627, 23.42, -0.16431, -0.67688, 0.25568, -0.67035,
 11:05:30.904,e3:ca:2d:fd:e0:8c, 2015-01-01 00:18:26.490, 1.012, -0.124, -0.043, -0.183, 0, 0, -110.901, -82.584, -103.777, -25.253, -5.180, -4.627, 23.42, -0.16431, -0.67688, 0.25568, -0.67035,
 11:05:30.926,ed:40:fe:65:30:6c, 2015-01-01 00:18:26.405, 0.894, 0.043, 0.458, 0.732, 0.61, 0.488, 5.021, -62.941, -115.763, -26.447, -7.233, 5.453, 25.07, 0.4718, -0.42245, -0.30847, -0.70972,
 11:05:30.926,ed:40:fe:65:30:6c, 2015-01-01 00:18:26.405, 0.893, 0.038, 0.457, 0.366, 0.732, 0.671, 5.004, -62.93, -115.735, -26.447, -7.233, 5.453, 25.07, 0.4718, -0.42245, -0.30847, -0.70972,
 11:05:30.946,ed:35:33:d3:6c:f8, 2015-01-01 00:18:29.570, 0.833, -0.039, 0.539, 0.427, 0.61, 0.305, -3.972, -57.217, -164.323, -23.427, -8.020, -13.013, 30.25, -0.1015, 0.47803, 0.03491, 0.8717,
 11:05:30.946,ed:35:33:d3:6c:f8, 2015-01-01 00:18:29.570, 0.834, -0.037, 0.537, 0.61, 0.305, 0, -3.972, -57.206, -164.328, -23.427, -8.020, -13.013, 30.25, -0.1015, 0.47803, 0.03491, 0.8717,
 11:05:30.947,f6:90:cc:01:6d:25, 2015-01-01 00:18:29.015, 0.986, -0.064, -0.001, -0.305, 0.671, 0.122, -88.852, -86.451, -67.319, -28.707, -6.573, 3.920, 29.21, 0.16699, -0.69577, -0.12445, -0.68735,
 11:05:30.947,f6:90:cc:01:6d:25, 2015-01-01 00:18:29.015, 0.983, -0.061, -0.001, -0.122, 0.732, -0.122, -88.643, -86.457, -67.489, -28.707, -6.573, 3.920, 29.21, 0.16699, -0.69577, -0.12445, -0.68735,
 11:05:30.948,ed:40:fe:65:30:6c, 2015-01-01 00:18:26.405, 0.891, 0.042, 0.457, 0.427, 0.671, 0.305, 4.999, -62.913, -115.719, -26.447, -7.233, 5.453, 25.07, 0.4718, -0.42245, -0.30847, -0.70972,
 11:05:30.948,ed:40:fe:65:30:6c, 2015-01-01 00:18:26.405, 0.892, 0.042, 0.457, 0.427, 0.549, 0, 5.004, -62.902, -115.724, -26.447, -7.233, 5.453, 25.07, 0.4718, -0.42245, -0.30847, -0.70972,
 11:05:30.950,e3:ca:2d:fd:e0:8c, 2015-01-01 00:18:26.490, 1.012, -0.13, -0.046, -0.671, 0.183, -0.061, -110.88, -82.584, -103.832, -25.053, -5.027, -4.720, 23.42, -0.16431, -0.67688, 0.25568, -0.67035,
 11:05:30.950,e3:ca:2d:fd:e0:8c, 2015-01-01 00:18:26.490, 1.011, -0.125, -0.049, -0.244, 0.305, -0.244, -110.841, -82.59, -103.898, -25.053, -5.027, -4.720, 23.42, -0.16431, -0.67688, 0.25568, -0.67035,
 11:05:30.969,f6:90:cc:01:6d:25, 2015-01-01 00:18:29.015, 0.982, -0.062, -0.005, -0.305, 0.732, 0, -88.445, -86.451, -67.676, -28.707, -6.573, 3.920, 29.21, 0.16772, -0.69537, -0.12466, -0.6875,
 11:05:30.969,f6:90:cc:01:6d:25, 2015-01-01 00:18:29.015, 0.982, -0.065, -0.003, -0.488, 0.61, 0.305, -88.297, -86.446, -67.819, -28.707, -6.573, 3.920, 29.21, 0.16772, -0.69537, -0.12466, -0.6875,
 11:05:30.995,e3:ca:2d:fd:e0:8c, 2015-01-01 00:18:26.490, 1.014, -0.119, -0.045, 0, 0.305, -0.061, -110.792, -82.595, -103.942, -25.053, -5.027, -4.720, 23.42, -0.16507, -0.67615, 0.2562, -0.67068,
 11:05:30.995,e3:ca:2d:fd:e0:8c, 2015-01-01 00:18:26.490, 1.016, -0.121, -0.045, -0.427, 0.244, -0.061, -110.753, -82.601, -103.98, -25.053, -5.027, -4.720, 23.42, -0.16507, -0.67615, 0.2562, -0.67068,
 11:05:30.995,ed:40:fe:65:30:6c, 2015-01-01 00:18:26.405, 0.892, 0.042, 0.456, 0.305, 0.488, -0.061, 5.01, -62.891, -115.741, -26.447, -7.233, 5.453, 25.07, 0.4718, -0.42245, -0.30847, -0.70972,
 11:05:30.995,ed:40:fe:65:30:6c, 2015-01-01 00:18:26.405, 0.893, 0.042, 0.458, 0.244, 0.366, -0.183, 5.026, -62.88, -115.768, -26.447, -7.233, 5.453, 25.07, 0.4718, -0.42245, -0.30847, -0.70972,
 11:05:31.015,ed:35:33:d3:6c:f8, 2015-01-01 00:18:29.570, 0.834, -0.037, 0.537, 0.61, 0.183, 0, -3.961, -57.206, -164.328, -23.407, -8.227, -12.753, 30.25, -0.1015, 0.47803, 0.03491, 0.8717,
 11:05:31.015,ed:35:33:d3:6c:f8, 2015-01-01 00:18:29.570, 0.835, -0.037, 0.538, 0.549, 0.244, -0.183, -3.944, -57.2, -164.317, -23.407, -8.227, -12.753, 30.25, -0.1015, 0.47803, 0.03491, 0.8717,
 11:05:31.016,f6:90:cc:01:6d:25, 2015-01-01 00:18:29.015, 0.984, -0.061, -0.001, -0.488, 0.549, 0.183, -88.176, -86.44, -67.956, -28.707, -6.573, 3.920, 29.21, 0.16772, -0.69537, -0.12466, -0.6875,
 11:05:31.016,f6:90:cc:01:6d:25, 2015-01-01 00:18:29.015, 0.985, -0.06, 0, -0.61, 0.488, 0, -88.077, -86.44, -68.082, -28.707, -6.573, 3.920, 29.21, 0.16772, -0.69537, -0.12466, -0.6875,
 11:05:31.036,ed:35:33:d3:6c:f8, 2015-01-01 00:18:29.570, 0.835, -0.039, 0.538, 0.244, 0.488, -0.244, -3.928, -57.195, -164.333, -23.407, -8.227, -12.753, 30.25, -0.10324, 0.47797, 0.03531, 0.87152,
 11:05:31.036,ed:35:33:d3:6c:f8, 2015-01-01 00:18:29.570, 0.836, -0.037, 0.539, 0.122, 0.427, -0.244, -3.917, -57.184, -164.372, -23.407, -8.227, -12.753, 30.25, -0.10324, 0.47797, 0.03531, 0.87152,
 11:05:31.039,ed:40:fe:65:30:6c, 2015-01-01 00:18:26.405, 0.894, 0.04, 0.458, 0.122, 0.427, -0.305, 5.037, -62.875, -115.796, -26.447, -7.233, 5.453, 25.07, 0.4718, -0.42245, -0.30847, -0.70972,
 11:05:31.039,ed:40:fe:65:30:6c, 2015-01-01 00:18:26.405, 0.894, 0.04, 0.457, 0, 0.366, -0.305, 5.054, -62.864, -115.818, -26.447, -7.233, 5.453, 25.07, 0.4718, -0.42245, -0.30847, -0.70972,
 11:05:31.039,e3:ca:2d:fd:e0:8c, 2015-01-01 00:18:26.800, 1.014, -0.123, -0.046, -0.732, 0, -0.122, -110.759, -82.601, -104.002, -25.053, -5.027, -4.720, 23.42, -0.16507, -0.67615, 0.2562, -0.67068,
 11:05:31.039,e3:ca:2d:fd:e0:8c, 2015-01-01 00:18:26.800, 1.011, -0.122, -0.045, -0.488, -0.061, -0.061, -110.77, -82.601, -104.035, -25.053, -5.027, -4.720, 23.42, -0.16507, -0.67615, 0.2562, -0.67068,
 11:05:31.060,f6:90:cc:01:6d:25, 2015-01-01 00:18:29.350, 0.986, -0.063, 0, -0.549, 0.427, 0, -87.99, -86.435, -68.159, -28.707, -6.573, 3.920, 29.21, 0.16772, -0.69537, -0.12466, -0.6875,
 11:05:31.060,f6:90:cc:01:6d:25, 2015-01-01 00:18:29.350, 0.984, -0.064, -0.003, -0.488, 0.305, -0.183, -87.935, -86.44, -68.203, -28.707, -6.573, 3.920, 29.21, 0.16772, -0.69537, -0.12466, -0.6875,
 11:05:31.061,e3:ca:2d:fd:e0:8c, 2015-01-01 00:18:26.800, 1.012, -0.124, -0.043, -0.427, 0.183, 0, -110.759, -82.601, -104.112, -25.053, -5.027, -4.720, 23.42, -0.16507, -0.67615, 0.2562, -0.67068,
 11:05:31.061,e3:ca:2d:fd:e0:8c, 2015-01-01 00:18:26.800, 1.014, -0.126, -0.043, -0.61, 0.305, -0.061, -110.72, -82.606, -104.194, -25.053, -5.027, -4.720, 23.42, -0.16507, -0.67615, 0.2562, -0.67068,
 11:05:31.084,f6:90:cc:01:6d:25, 2015-01-01 00:18:29.350, 0.983, -0.064, 0, -0.488, 0.305, -0.305, -87.885, -86.446, -68.247, -28.707, -6.573, 3.920, 29.21, 0.16772, -0.69537, -0.12466, -0.6875,
 11:05:31.084,f6:90:cc:01:6d:25, 2015-01-01 00:18:29.350, 0.983, -0.066, 0, -0.488, 0.366, -0.183, -87.83, -86.451, -68.302, -28.707, -6.573, 3.920, 29.21, 0.16772, -0.69537, -0.12466, -0.6875,
 11:05:31.103,ed:35:33:d3:6c:f8, 2015-01-01 00:18:29.570, 0.835, -0.035, 0.536, 0, 0.244, -0.183, -3.906, -57.178, -164.421, -23.407, -8.227, -12.753, 30.25, -0.10324, 0.47797, 0.03531, 0.87152,
 11:05:31.103,ed:35:33:d3:6c:f8, 2015-01-01 00:18:29.570, 0.833, -0.037, 0.54, -0.244, 0.427, -0.366, -3.9, -57.173, -164.432, -23.407, -8.227, -12.753, 30.25, -0.10324, 0.47797, 0.03531, 0.87152,
 11:05:31.106,ed:40:fe:65:30:6c, 2015-01-01 00:18:26.405, 0.893, 0.042, 0.456, -0.061, 0.244, -0.244, 5.059, -62.858, -115.829, -26.447, -7.233, 5.453, 25.07, 0.4718, -0.42245, -0.30847, -0.70972,
 11:05:31.106,ed:40:fe:65:30:6c, 2015-01-01 00:18:26.405, 0.89, 0.043, 0.459, -0.305, 0.366, -0.305, 5.07, -62.847, -115.834, -26.447, -7.233, 5.453, 25.07, 0.4718, -0.42245, -0.30847, -0.70972,
 11:05:31.107,e3:ca:2d:fd:e0:8c, 2015-01-01 00:18:26.800, 1.011, -0.125, -0.044, -0.549, 0.122, 0, -110.698, -82.606, -104.266, -25.053, -5.027, -4.720, 23.42, -0.16507, -0.67615, 0.2562, -0.67068,
 11:05:31.107,e3:ca:2d:fd:e0:8c, 2015-01-01 00:18:26.800, 1.01, -0.123, -0.044, -0.427, 0, -0.122, -110.693, -82.612, -104.299, -25.053, -5.027, -4.720, 23.42, -0.16507, -0.67615, 0.2562, -0.67068,
 11:05:31.127,ed:35:33:d3:6c:f8, 2015-01-01 00:18:29.950, 0.833, -0.04, 0.537, -0.488, 0.366, -0.244, -3.9, -57.167, -164.427, -23.407, -8.227, -12.753, 30.25, -0.10324, 0.47797, 0.03531, 0.87152,
 11:05:31.127,ed:35:33:d3:6c:f8, 2015-01-01 00:18:29.950, 0.833, -0.036, 0.542, -0.488, 0.732, -0.305, -3.9, -57.156, -164.432, -23.407, -8.227, -12.753, 30.25, -0.10324, 0.47797, 0.03531, 0.87152,
 11:05:31.127,f6:90:cc:01:6d:25, 2015-01-01 00:18:29.350, 0.982, -0.062, 0, -0.549, 0.305, -0.244, -87.764, -86.451, -68.362, -28.707, -6.573, 3.920, 29.21, 0.16772, -0.69537, -0.12466, -0.6875,
 11:05:31.127,f6:90:cc:01:6d:25, 2015-01-01 00:18:29.350, 0.981, -0.063, 0.001, -0.61, 0.183, -0.305, -87.72, -86.457, -68.373, -28.707, -6.573, 3.920, 29.21, 0.16772, -0.69537, -0.12466, -0.6875,
 11:05:31.128,ed:40:fe:65:30:6c, 2015-01-01 00:18:26.405, 0.891, 0.037, 0.458, -0.549, 0.244, -0.244, 5.07, -62.842, -115.845, -26.413, -7.540, 5.927, 25.07, 0.4718, -0.42245, -0.30847, -0.70972,
 11:05:31.128,ed:40:fe:65:30:6c, 2015-01-01 00:18:26.405, 0.89, 0.043, 0.462, -0.549, 0.366, -0.305, 5.07, -62.836, -115.856, -26.413, -7.540, 5.927, 25.07, 0.4718, -0.42245, -0.30847, -0.70972,
 11:05:31.147,ed:35:33:d3:6c:f8, 2015-01-01 00:18:29.950, 0.83, -0.039, 0.539, -0.305, 0.366, -0.305, -3.9, -57.145, -164.427, -23.407, -8.227, -12.753, 30.25, -0.10324, 0.47797, 0.03531, 0.87152,
 11:05:31.147,ed:35:33:d3:6c:f8, 2015-01-01 00:18:29.950, 0.835, -0.043, 0.539, -0.244, 0.244, -0.305, -3.895, -57.134, -164.421, -23.407, -8.227, -12.753, 30.25, -0.10324, 0.47797, 0.03531, 0.87152,
 11:05:31.149,f6:90:cc:01:6d:25, 2015-01-01 00:18:29.350, 0.983, -0.068, 0, -0.793, 0.366, -0.366, -87.687, -86.457, -68.362, -28.707, -6.573, 3.920, 29.21, 0.16772, -0.69537, -0.12466, -0.6875,
 11:05:31.149,f6:90:cc:01:6d:25, 2015-01-01 00:18:29.350, 0.989, -0.063, 0.003, -0.732, 0.427, -0.366, -87.61, -86.462, -68.395, -28.707, -6.573, 3.920, 29.21, 0.16772, -0.69537, -0.12466, -0.6875,
 11:05:31.153,e3:ca:2d:fd:e0:8c, 2015-01-01 00:18:26.800, 1.01, -0.124, -0.042, -0.61, 0, -0.244, -110.704, -82.612, -104.337, -25.053, -5.027, -4.720, 23.42, -0.16507, -0.67615, 0.2562, -0.67068,
 11:05:31.153,e3:ca:2d:fd:e0:8c, 2015-01-01 00:18:26.800, 1.011, -0.126, -0.043, -0.61, 0.122, -0.244, -110.704, -82.617, -104.376, -25.053, -5.027, -4.720, 23.42, -0.16507, -0.67615, 0.2562, -0.67068,
 11:05:31.173,ed:40:fe:65:30:6c, 2015-01-01 00:18:26.405, 0.888, 0.039, 0.459, -0.427, 0.366, -0.305, 5.07, -62.825, -115.878, -26.413, -7.540, 5.927, 25.07, 0.4718, -0.42245, -0.30847, -0.70972,
 11:05:31.173,ed:40:fe:65:30:6c, 2015-01-01 00:18:26.405, 0.892, 0.036, 0.461, -0.488, 0.366, -0.305, 5.07, -62.814, -115.9, -26.413, -7.540, 5.927, 25.07, 0.4718, -0.42245, -0.30847, -0.70972,
 11:05:31.193,ed:35:33:d3:6c:f8, 2015-01-01 00:18:29.950, 0.838, -0.035, 0.543, 0.122, 0.183, -0.793, -3.889, -57.134, -164.416, -23.407, -8.227, -12.753, 30.25, -0.10324, 0.47797, 0.03531, 0.87152,
 11:05:31.193,ed:35:33:d3:6c:f8, 2015-01-01 00:18:29.950, 0.838, -0.03, 0.544, 0.305, 0.244, -0.549, -3.862, -57.129, -164.438, -23.407, -8.227, -12.753, 30.25, -0.10324, 0.47797, 0.03531, 0.87152,
 11:05:31.194,f6:90:cc:01:6d:25, 2015-01-01 00:18:29.350, 0.989, -0.061, 0, -0.488, 0.427, -0.305, -87.512, -86.468, -68.489, -28.707, -6.573, 3.920, 29.21, 0.16772, -0.69537, -0.12466, -0.6875,
 11:05:31.194,f6:90:cc:01:6d:25, 2015-01-01 00:18:29.350, 0.985, -0.064, -0.002, -0.488, 0.366, -0.366, -87.413, -86.473, -68.582, -28.707, -6.573, 3.920, 29.21, 0.16772, -0.69537, -0.12466, -0.6875,
 11:05:31.195,ed:40:fe:65:30:6c, 2015-01-01 00:18:26.405, 0.896, 0.043, 0.461, -0.366, 0.366, -0.61, 5.087, -62.803, -115.922, -26.413, -7.540, 5.927, 25.07, 0.47192, -0.42117, -0.30826, -0.71048,
 11:05:31.195,ed:40:fe:65:30:6c, 2015-01-01 00:18:26.405, 0.896, 0.047, 0.462, 0.122, 0.122, -0.427, 5.109, -62.798, -115.933, -26.413, -7.540, 5.927, 25.07, 0.47192, -0.42117, -0.30826, -0.71048,
 11:05:31.198,e3:ca:2d:fd:e0:8c, 2015-01-01 00:18:26.800, 1.016, -0.125, -0.042, -0.549, -0.061, -0.427, -110.72, -82.623, -104.403, -25.053, -5.027, -4.720, 23.42, -0.16507, -0.67615, 0.2562, -0.67068,
 11:05:31.198,e3:ca:2d:fd:e0:8c, 2015-01-01 00:18:26.800, 1.018, -0.124, -0.044, -0.488, -0.305, -0.427, -110.775, -82.628, -104.387, -25.053, -5.027, -4.720, 23.42, -0.16507, -0.67615, 0.2562, -0.67068,
 11:05:31.216,ed:35:33:d3:6c:f8, 2015-01-01 00:18:29.950, 0.834, -0.036, 0.542, -0.061, 0.244, -0.061, -3.845, -57.123, -164.443, -23.407, -8.227, -12.753, 30.25, -0.10324, 0.47797, 0.03531, 0.87152,
 11:05:31.216,ed:35:33:d3:6c:f8, 2015-01-01 00:18:29.950, 0.831, -0.037, 0.539, 0.061, -0.061, 0, -3.845, -57.118, -164.438, -23.407, -8.227, -12.753, 30.25, -0.10324, 0.47797, 0.03531, 0.87152,
 11:05:31.221,e3:ca:2d:fd:e0:8c, 2015-01-01 00:18:26.800, 1.016, -0.123, -0.047, -0.366, -0.183, -0.305, -110.814, -82.634, -104.376, -25.240, -4.827, -5.067, 23.42, -0.16507, -0.67615, 0.2562, -0.67068,
 11:05:31.221,e3:ca:2d:fd:e0:8c, 2015-01-01 00:18:26.800, 1.011, -0.125, -0.047, -0.427, 0, -0.244, -110.83, -82.639, -104.381, -25.240, -4.827, -5.067, 23.42, -0.16507, -0.67615, 0.2562, -0.67068,
 11:05:31.240,f6:90:cc:01:6d:25, 2015-01-01 00:18:29.350, 0.982, -0.066, -0.004, -0.305, 0.183, -0.366, -87.347, -86.479, -68.626, -28.707, -6.573, 3.920, 29.21, 0.16772, -0.69537, -0.12466, -0.6875,
 11:05:31.240,f6:90:cc:01:6d:25, 2015-01-01 00:18:29.350, 0.98, -0.066, 0, 0, 0.122, -0.488, -87.33, -86.484, -68.615, -28.707, -6.573, 3.920, 29.21, 0.16772, -0.69537, -0.12466, -0.6875,
 11:05:31.260,ed:35:33:d3:6c:f8, 2015-01-01 00:18:29.950, 0.832, -0.038, 0.538, 0.244, -0.427, 0.305, -3.845, -57.123, -164.416, -23.407, -8.227, -12.753, 30.25, -0.10324, 0.47797, 0.03531, 0.87152,
 11:05:31.260,ed:35:33:d3:6c:f8, 2015-01-01 00:18:29.950, 0.833, -0.038, 0.537, 0.244, -0.427, 0.488, -3.856, -57.129, -164.372, -23.407, -8.227, -12.753, 30.25, -0.10324, 0.47797, 0.03531, 0.87152,
 11:05:31.264,ed:40:fe:65:30:6c, 2015-01-01 00:18:26.405, 0.891, 0.042, 0.462, 0, 0.122, 0, 5.109, -62.798, -115.928, -26.413, -7.540, 5.927, 25.07, 0.47192, -0.42117, -0.30826, -0.71048,
 11:05:31.264,ed:40:fe:65:30:6c, 2015-01-01 00:18:26.405, 0.889, 0.04, 0.459, 0, 0, 0.183, 5.103, -62.792, -115.911, -26.413, -7.540, 5.927, 25.07, 0.47192, -0.42117, -0.30826, -0.71048,
 11:05:31.265,e3:ca:2d:fd:e0:8c, 2015-01-01 00:18:26.800, 1.011, -0.123, -0.045, -0.305, 0, -0.305, -110.841, -82.645, -104.37, -25.240, -4.827, -5.067, 23.42, -0.16507, -0.67615, 0.2562, -0.67068,
 11:05:31.265,e3:ca:2d:fd:e0:8c, 2015-01-01 00:18:26.800, 1.011, -0.123, -0.045, -0.305, 0, -0.305, -110.852, -82.65, -104.354, -25.240, -4.827, -5.067, 23.42, -0.16507, -0.67615, 0.2562, -0.67068,
 11:05:31.287,ed:40:fe:65:30:6c, 2015-01-01 00:18:26.740, 0.888, 0.039, 0.458, 0.305, -0.183, 0.366, 5.092, -62.798, -115.895, -26.413, -7.540, 5.927, 25.07, 0.47192, -0.42117, -0.30826, -0.71048,
 11:05:31.287,ed:40:fe:65:30:6c, 2015-01-01 00:18:26.740, 0.89, 0.04, 0.458, 0.366, -0.244, 0.549, 5.081, -62.798, -115.873, -26.413, -7.540, 5.927, 25.07, 0.47192, -0.42117, -0.30826, -0.71048,
 11:05:31.307,f6:90:cc:01:6d:25, 2015-01-01 00:18:29.350, 0.982, -0.063, -0.001, 0.122, 0.061, -0.732, -87.336, -86.49, -68.571, -28.773, -6.460, 4.187, 29.21, 0.16772, -0.69537, -0.12466, -0.6875,
 11:05:31.307,f6:90:cc:01:6d:25, 2015-01-01 00:18:29.350, 0.984, -0.062, 0.002, 0.366, 0.061, -0.732, -87.347, -86.501, -68.522, -28.773, -6.460, 4.187, 29.21, 0.16772, -0.69537, -0.12466, -0.6875,
 11:05:31.308,ed:40:fe:65:30:6c, 2015-01-01 00:18:26.740, 0.892, 0.041, 0.456, 0.61, -0.305, 0.366, 5.081, -62.803, -115.856, -26.413, -7.540, 5.927, 25.07, 0.47192, -0.42117, -0.30826, -0.71048,
 11:05:31.308,ed:40:fe:65:30:6c, 2015-01-01 00:18:26.740, 0.893, 0.042, 0.457, 0.549, -0.183, 0.244, 5.081, -62.809, -115.845, -26.413, -7.540, 5.927, 25.07, 0.47192, -0.42117, -0.30826, -0.71048,
 11:05:31.309,e3:ca:2d:fd:e0:8c, 2015-01-01 00:18:26.800, 1.012, -0.123, -0.043, -0.244, 0, -0.305, -110.863, -82.65, -104.348, -25.240, -4.827, -5.067, 23.42, -0.16818, -0.67511, 0.2587, -0.66998,
 11:05:31.309,e3:ca:2d:fd:e0:8c, 2015-01-01 00:18:26.800, 1.012, -0.124, -0.044, 0, -0.122, -0.305, -110.885, -82.656, -104.326, -25.240, -4.827, -5.067, 23.42, -0.16818, -0.67511, 0.2587, -0.66998,
 11:05:31.328,ed:35:33:d3:6c:f8, 2015-01-01 00:18:29.950, 0.835, -0.038, 0.535, 0.427, -0.366, 0.366, -3.867, -57.134, -164.366, -23.407, -8.227, -12.753, 30.25, -0.10324, 0.47797, 0.03531, 0.87152,
 11:05:31.328,ed:35:33:d3:6c:f8, 2015-01-01 00:18:29.950, 0.836, -0.035, 0.536, 0.244, 0, 0.366, -3.873, -57.14, -164.355, -23.407, -8.227, -12.753, 30.25, -0.10324, 0.47797, 0.03531, 0.87152,
 11:05:31.330,f6:90:cc:01:6d:25, 2015-01-01 00:18:29.350, 0.985, -0.062, 0.001, 0.366, 0.122, -0.732, -87.341, -86.512, -68.478, -28.773, -6.460, 4.187, 29.21, 0.16922, -0.69458, -0.12686, -0.68753,
 11:05:31.330,f6:90:cc:01:6d:25, 2015-01-01 00:18:29.350, 0.987, -0.06, -0.001, 0.549, 0.183, -0.732, -87.314, -86.528, -68.456, -28.773, -6.460, 4.187, 29.21, 0.16922, -0.69458, -0.12686, -0.68753,
 11:05:31.353,ed:40:fe:65:30:6c, 2015-01-01 00:18:26.740, 0.894, 0.045, 0.459, 0.366, -0.061, 0.183, 5.087, -62.809, -115.834, -26.413, -7.540, 5.927, 25.07, 0.47192, -0.42117, -0.30826, -0.71048,
 11:05:31.353,ed:40:fe:65:30:6c, 2015-01-01 00:18:26.740, 0.892, 0.046, 0.459, 0.427, -0.122, 0.122, 5.092, -62.809, -115.829, -26.413, -7.540, 5.927, 25.07, 0.47192, -0.42117, -0.30826, -0.71048,
 11:05:31.354,e3:ca:2d:fd:e0:8c, 2015-01-01 00:18:27.115, 1.015, -0.122, -0.044, 0.122, -0.122, -0.244, -110.907, -82.661, -104.299, -25.240, -4.827, -5.067, 23.42, -0.16818, -0.67511, 0.2587, -0.66998,
 11:05:31.354,e3:ca:2d:fd:e0:8c, 2015-01-01 00:18:27.115, 1.013, -0.119, -0.044, 0.061, -0.061, -0.244, -110.912, -82.661, -104.293, -25.240, -4.827, -5.067, 23.42, -0.16818, -0.67511, 0.2587, -0.66998,
 11:05:31.375,ed:35:33:d3:6c:f8, 2015-01-01 00:18:29.950, 0.836, -0.033, 0.539, 0.183, 0.244, 0.244, -3.878, -57.134, -164.35, -23.300, -8.007, -12.767, 30.25, -0.10324, 0.47797, 0.03531, 0.87152,
 11:05:31.375,ed:35:33:d3:6c:f8, 2015-01-01 00:18:29.950, 0.836, -0.032, 0.539, 0.183, 0.183, 0.305, -3.878, -57.129, -164.361, -23.300, -8.007, -12.767, 30.25, -0.10324, 0.47797, 0.03531, 0.87152,
 11:05:31.375,f6:90:cc:01:6d:25, 2015-01-01 00:18:29.350, 0.985, -0.057, -0.001, 0.183, 0.183, -0.671, -87.275, -86.539, -68.467, -28.773, -6.460, 4.187, 29.21, 0.16922, -0.69458, -0.12686, -0.68753,
 11:05:31.375,f6:90:cc:01:6d:25, 2015-01-01 00:18:29.350, 0.987, -0.059, 0.001, 0, 0.183, -0.549, -87.237, -86.55, -68.472, -28.773, -6.460, 4.187, 29.21, 0.16922, -0.69458, -0.12686, -0.68753,
 11:05:31.397,f6:90:cc:01:6d:25, 2015-01-01 00:18:29.710, 0.988, -0.058, 0.001, 0, 0.183, -0.366, -87.204, -86.556, -68.494, -28.773, -6.460, 4.187, 29.21, 0.16922, -0.69458, -0.12686, -0.68753,
 11:05:31.397,f6:90:cc:01:6d:25, 2015-01-01 00:18:29.710, 0.986, -0.06, -0.003, 0.061, 0.183, -0.488, -87.171, -86.561, -68.516, -28.773, -6.460, 4.187, 29.21, 0.16922, -0.69458, -0.12686, -0.68753,
 11:05:31.398,ed:40:fe:65:30:6c, 2015-01-01 00:18:26.740, 0.895, 0.046, 0.458, 0.183, -0.061, 0, 5.098, -62.809, -115.845, -26.413, -7.540, 5.927, 25.07, 0.47192, -0.42117, -0.30826, -0.71048,
 11:05:31.398,ed:40:fe:65:30:6c, 2015-01-01 00:18:26.740, 0.896, 0.048, 0.457, 0.427, -0.061, -0.244, 5.12, -62.809, -115.873, -26.413, -7.540, 5.927, 25.07, 0.47192, -0.42117, -0.30826, -0.71048,
 11:05:31.400,e3:ca:2d:fd:e0:8c, 2015-01-01 00:18:27.115, 1.015, -0.121, -0.042, -0.061, 0.061, -0.244, -110.907, -82.667, -104.299, -25.240, -4.827, -5.067, 23.42, -0.16818, -0.67511, 0.2587, -0.66998,
 11:05:31.400,e3:ca:2d:fd:e0:8c, 2015-01-01 00:18:27.115, 1.015, -0.121, -0.044, 0, 0, -0.183, -110.907, -82.672, -104.277, -25.240, -4.827, -5.067, 23.42, -0.16818, -0.67511, 0.2587, -0.66998,
 11:05:31.418,ed:35:33:d3:6c:f8, 2015-01-01 00:18:29.950, 0.839, -0.033, 0.54, 0.244, -0.122, 0.061, -3.878, -57.129, -164.355, -23.300, -8.007, -12.767, 30.25, -0.10324, 0.47797, 0.03531, 0.87152,
 11:05:31.418,ed:35:33:d3:6c:f8, 2015-01-01 00:18:29.950, 0.838, -0.03, 0.537, 0.732, -0.366, -0.244, -3.867, -57.134, -164.361, -23.300, -8.007, -12.767, 30.25, -0.10324, 0.47797, 0.03531, 0.87152,
 11:05:31.421,e3:ca:2d:fd:e0:8c, 2015-01-01 00:18:27.115, 1.015, -0.12, -0.045, 0, 0, -0.122, -110.901, -82.672, -104.249, -25.240, -4.827, -5.067, 23.42, -0.16818, -0.67511, 0.2587, -0.66998,
 11:05:31.421,e3:ca:2d:fd:e0:8c, 2015-01-01 00:18:27.115, 1.014, -0.12, -0.046, -0.061, 0.183, 0, -110.869, -82.678, -104.26, -25.240, -4.827, -5.067, 23.42, -0.16818, -0.67511, 0.2587, -0.66998,
 11:05:31.441,ed:35:33:d3:6c:f8, 2015-01-01 00:18:29.950, 0.836, -0.033, 0.538, 0.366, 0, 0, -3.851, -57.14, -164.361, -23.300, -8.007, -12.767, 30.25, -0.10352, 0.47751, 0.0358, 0.8717,
 11:05:31.441,ed:35:33:d3:6c:f8, 2015-01-01 00:18:29.950, 0.838, -0.035, 0.539, 0.305, 0.122, 0.122, -3.84, -57.14, -164.339, -23.300, -8.007, -12.767, 30.25, -0.10352, 0.47751, 0.0358, 0.8717,
 11:05:31.443,f6:90:cc:01:6d:25, 2015-01-01 00:18:29.710, 0.986, -0.058, -0.005, 0.244, 0.183, -0.549, -87.138, -86.572, -68.566, -28.773, -6.460, 4.187, 29.21, 0.16922, -0.69458, -0.12686, -0.68753,
 11:05:31.443,f6:90:cc:01:6d:25, 2015-01-01 00:18:29.710, 0.984, -0.058, -0.004, 0.061, 0.122, -0.427, -87.122, -86.583, -68.654, -28.773, -6.460, 4.187, 29.21, 0.16922, -0.69458, -0.12686, -0.68753,
 11:05:31.466,ed:40:fe:65:30:6c, 2015-01-01 00:18:26.740, 0.895, 0.045, 0.458, 0.366, 0.061, 0, 5.131, -62.809, -115.878, -26.413, -7.540, 5.927, 25.07, 0.47192, -0.42117, -0.30826, -0.71048,
 11:05:31.466,ed:40:fe:65:30:6c, 2015-01-01 00:18:26.740, 0.895, 0.044, 0.458, 0.244, 0.061, 0.122, 5.136, -62.803, -115.878, -26.413, -7.540, 5.927, 25.07, 0.47192, -0.42117, -0.30826, -0.71048,
 11:05:31.466,e3:ca:2d:fd:e0:8c, 2015-01-01 00:18:27.115, 1.012, -0.122, -0.046, 0, 0.488, 0.061, -110.786, -82.678, -104.315, -25.240, -4.827, -5.067, 23.42, -0.16818, -0.67511, 0.2587, -0.66998,
 11:05:31.467,e3:ca:2d:fd:e0:8c, 2015-01-01 00:18:27.115, 1.013, -0.124, -0.046, 0, 0.549, 0.061, -110.698, -82.683, -104.392, -25.240, -4.827, -5.067, 23.42, -0.16818, -0.67511, 0.2587, -0.66998,
 11:05:31.486,ed:35:33:d3:6c:f8, 2015-01-01 00:18:29.950, 0.835, -0.034, 0.535, 0.488, 0, -0.061, -3.834, -57.134, -164.317, -23.300, -8.007, -12.767, 30.25, -0.10352, 0.47751, 0.0358, 0.8717,
 11:05:31.486,ed:35:33:d3:6c:f8, 2015-01-01 00:18:29.950, 0.834, -0.031, 0.536, 0.488, 0, -0.122, -3.818, -57.14, -164.301, -23.300, -8.007, -12.767, 30.25, -0.10352, 0.47751, 0.0358, 0.8717,
 11:05:31.487,f6:90:cc:01:6d:25, 2015-01-01 00:18:29.710, 0.983, -0.06, -0.001, -0.061, 0.244, -0.305, -87.111, -86.589, -68.758, -28.773, -6.460, 4.187, 29.21, 0.16922, -0.69458, -0.12686, -0.68753,
 11:05:31.487,f6:90:cc:01:6d:25, 2015-01-01 00:18:29.710, 0.984, -0.06, 0, -0.122, 0.305, -0.244, -87.067, -86.594, -68.868, -28.773, -6.460, 4.187, 29.21, 0.16922, -0.69458, -0.12686, -0.68753,
 11:05:31.488,ed:40:fe:65:30:6c, 2015-01-01 00:18:26.740, 0.892, 0.045, 0.456, 0.427, 0, -0.122, 5.158, -62.803, -115.878, -26.213, -7.367, 5.447, 25.07, 0.47192, -0.42117, -0.30826, -0.71048,
 11:05:31.488,ed:40:fe:65:30:6c, 2015-01-01 00:18:26.740, 0.891, 0.046, 0.456, 0.366, 0, -0.183, 5.175, -62.803, -115.895, -26.213, -7.367, 5.447, 25.07, 0.47192, -0.42117, -0.30826, -0.71048,
 11:05:31.509,f6:90:cc:01:6d:25, 2015-01-01 00:18:29.710, 0.983, -0.059, 0, -0.305, 0.305, -0.122, -87.012, -86.594, -68.95, -28.773, -6.460, 4.187, 29.21, 0.16922, -0.69458, -0.12686, -0.68753,
 11:05:31.509,f6:90:cc:01:6d:25, 2015-01-01 00:18:29.710, 0.984, -0.061, 0, -0.366, 0.305, 0, -86.968, -86.594, -69.044, -28.773, -6.460, 4.187, 29.21, 0.16922, -0.69458, -0.12686, -0.68753,
 11:05:31.509,ed:35:33:d3:6c:f8, 2015-01-01 00:18:30.350, 0.834, -0.031, 0.537, 0.366, 0, 0, -3.801, -57.14, -164.301, -23.300, -8.007, -12.767, 30.25, -0.10352, 0.47751, 0.0358, 0.8717,
 11:05:31.509,ed:35:33:d3:6c:f8, 2015-01-01 00:18:30.350, 0.835, -0.03, 0.537, 0.244, 0.061, 0.122, -3.796, -57.14, -164.295, -23.300, -8.007, -12.767, 30.25, -0.10352, 0.47751, 0.0358, 0.8717,
 11:05:31.512,e3:ca:2d:fd:e0:8c, 2015-01-01 00:18:27.115, 1.013, -0.123, -0.045, -0.122, 0.244, 0, -110.66, -82.683, -104.425, -25.240, -4.827, -5.067, 23.42, -0.16818, -0.67511, 0.2587, -0.66998,
 11:05:31.512,e3:ca:2d:fd:e0:8c, 2015-01-01 00:18:27.115, 1.012, -0.123, -0.045, -0.122, 0.061, 0, -110.649, -82.683, -104.431, -25.240, -4.827, -5.067, 23.42, -0.16818, -0.67511, 0.2587, -0.66998,
 11:05:31.534,ed:40:fe:65:30:6c, 2015-01-01 00:18:26.740, 0.892, 0.046, 0.457, 0.305, 0, 0, 5.186, -62.803, -115.911, -26.213, -7.367, 5.447, 25.07, 0.47192, -0.42117, -0.30826, -0.71048,
 11:05:31.534,ed:40:fe:65:30:6c, 2015-01-01 00:18:26.740, 0.891, 0.047, 0.458, 0.122, 0.061, 0.061, 5.191, -62.803, -115.917, -26.213, -7.367, 5.447, 25.07, 0.47192, -0.42117, -0.30826, -0.71048,
 11:05:31.553,ed:35:33:d3:6c:f8, 2015-01-01 00:18:30.350, 0.836, -0.033, 0.537, 0, 0.183, 0.244, -3.796, -57.14, -164.273, -23.300, -8.007, -12.767, 30.25, -0.10352, 0.47751, 0.0358, 0.8717,
 11:05:31.553,ed:35:33:d3:6c:f8, 2015-01-01 00:18:30.350, 0.836, -0.036, 0.537, 0.061, 0.122, 0.305, -3.801, -57.134, -164.257, -23.300, -8.007, -12.767, 30.25, -0.10352, 0.47751, 0.0358, 0.8717,
 11:05:31.554,f6:90:cc:01:6d:25, 2015-01-01 00:18:29.710, 0.985, -0.061, 0, -0.244, 0.305, 0, -86.918, -86.594, -69.104, -28.773, -6.460, 4.187, 29.21, 0.16922, -0.69458, -0.12686, -0.68753,
 11:05:31.554,f6:90:cc:01:6d:25, 2015-01-01 00:18:29.710, 0.986, -0.059, 0, -0.061, 0.366, 0, -86.852, -86.594, -69.148, -28.773, -6.460, 4.187, 29.21, 0.16922, -0.69458, -0.12686, -0.68753,
 11:05:31.555,ed:40:fe:65:30:6c, 2015-01-01 00:18:26.740, 0.893, 0.045, 0.458, 0, 0.061, 0.183, 5.191, -62.798, -115.911, -26.213, -7.367, 5.447, 25.07, 0.47235, -0.42065, -0.3089, -0.71021,
 11:05:31.555,ed:40:fe:65:30:6c, 2015-01-01 00:18:26.740, 0.893, 0.042, 0.457, -0.061, 0.183, 0.305, 5.186, -62.798, -115.9, -26.213, -7.367, 5.447, 25.07, 0.47235, -0.42065, -0.3089, -0.71021,
 11:05:31.557,e3:ca:2d:fd:e0:8c, 2015-01-01 00:18:27.115, 1.012, -0.123, -0.045, -0.122, 0, 0.061, -110.649, -82.683, -104.436, -25.147, -5.393, -4.840, 23.42, -0.16818, -0.67511, 0.2587, -0.66998,
 11:05:31.557,e3:ca:2d:fd:e0:8c, 2015-01-01 00:18:27.115, 1.013, -0.123, -0.042, -0.061, 0, 0.061, -110.638, -82.683, -104.442, -25.147, -5.393, -4.840, 23.42, -0.16818, -0.67511, 0.2587, -0.66998,
 11:05:31.599,ed:35:33:d3:6c:f8, 2015-01-01 00:18:30.350, 0.835, -0.035, 0.538, 0.366, 0.061, 0.244, -3.801, -57.134, -164.257, -23.300, -8.007, -12.767, 30.25, -0.10352, 0.47751, 0.0358, 0.8717,
 11:05:31.599,ed:35:33:d3:6c:f8, 2015-01-01 00:18:30.350, 0.835, -0.034, 0.538, 0.549, 0.183, 0.244, -3.796, -57.134, -164.229, -23.300, -8.007, -12.767, 30.25, -0.10352, 0.47751, 0.0358, 0.8717,
 11:05:31.600,f6:90:cc:01:6d:25, 2015-01-01 00:18:29.710, 0.985, -0.061, 0.001, 0, 0.366, 0, -86.776, -86.589, -69.197, -28.773, -6.460, 4.187, 29.21, 0.16922, -0.69458, -0.12686, -0.68753,
 11:05:31.600,f6:90:cc:01:6d:25, 2015-01-01 00:18:29.710, 0.984, -0.062, 0, -0.183, 0.427, 0, -86.682, -86.589, -69.252, -28.773, -6.460, 4.187, 29.21, 0.16922, -0.69458, -0.12686, -0.68753,
 11:05:31.602,e3:ca:2d:fd:e0:8c, 2015-01-01 00:18:27.115, 1.014, -0.122, -0.042, -0.061, 0, 0, -110.632, -82.683, -104.442, -25.147, -5.393, -4.840, 23.42, -0.16757, -0.67526, 0.25769, -0.67038,
 11:05:31.602,e3:ca:2d:fd:e0:8c, 2015-01-01 00:18:27.115, 1.012, -0.123, -0.042, -0.061, 0, 0, -110.621, -82.683, -104.442, -25.147, -5.393, -4.840, 23.42, -0.16757, -0.67526, 0.25769, -0.67038,
 11:05:31.621,ed:35:33:d3:6c:f8, 2015-01-01 00:18:30.350, 0.836, -0.035, 0.54, 0.488, 0.427, 0.366, -3.79, -57.129, -164.218, -23.300, -8.007, -12.767, 30.25, -0.10352, 0.47751, 0.0358, 0.8717,
 11:05:31.621,ed:35:33:d3:6c:f8, 2015-01-01 00:18:30.350, 0.832, -0.037, 0.538, 0.427, 0.671, 0.427, -3.79, -57.118, -164.202, -23.300, -8.007, -12.767, 30.25, -0.10352, 0.47751, 0.0358, 0.8717,
 11:05:31.623,ed:40:fe:65:30:6c, 2015-01-01 00:18:26.740, 0.893, 0.043, 0.458, 0.183, 0.122, 0.183, 5.186, -62.792, -115.9, -26.213, -7.367, 5.447, 25.07, 0.47235, -0.42065, -0.3089, -0.71021,
 11:05:31.623,ed:40:fe:65:30:6c, 2015-01-01 00:18:26.740, 0.892, 0.044, 0.458, 0.427, 0.183, 0.122, 5.191, -62.787, -115.906, -26.213, -7.367, 5.447, 25.07, 0.47235, -0.42065, -0.3089, -0.71021,
 11:05:31.625,e3:ca:2d:fd:e0:8c, 2015-01-01 00:18:27.405, 1.011, -0.123, -0.042, -0.183, 0.061, 0.061, -110.599, -82.678, -104.453, -25.147, -5.393, -4.840, 23.42, -0.16757, -0.67526, 0.25769, -0.67038,
 11:05:31.625,e3:ca:2d:fd:e0:8c, 2015-01-01 00:18:27.405, 1.012, -0.122, -0.044, -0.427, 0.061, 0, -110.588, -82.683, -104.464, -25.147, -5.393, -4.840, 23.42, -0.16757, -0.67526, 0.25769, -0.67038,
 11:05:31.646,ed:40:fe:65:30:6c, 2015-01-01 00:18:27.100, 0.892, 0.043, 0.46, 0.366, 0.305, 0.183, 5.197, -62.781, -115.911, -26.213, -7.367, 5.447, 25.07, 0.47235, -0.42065, -0.3089, -0.71021,
 11:05:31.646,ed:40:fe:65:30:6c, 2015-01-01 00:18:27.100, 0.891, 0.042, 0.458, 0.366, 0.305, 0.305, 5.197, -62.776, -115.911, -26.213, -7.367, 5.447, 25.07, 0.47235, -0.42065, -0.3089, -0.71021,
 11:05:31.667,f6:90:cc:01:6d:25, 2015-01-01 00:18:29.710, 0.982, -0.061, 0, -0.427, 0.549, 0, -86.572, -86.589, -69.34, -28.600, -6.380, 4.267, 29.21, 0.16922, -0.69458, -0.12686, -0.68753,
 11:05:31.667,f6:90:cc:01:6d:25, 2015-01-01 00:18:29.710, 0.984, -0.058, 0.001, -0.305, 0.488, 0, -86.446, -86.589, -69.439, -28.600, -6.380, 4.267, 29.21, 0.16922, -0.69458, -0.12686, -0.68753,
 11:05:31.668,ed:40:fe:65:30:6c, 2015-01-01 00:18:27.100, 0.89, 0.044, 0.46, 0.427, 0.366, 0.183, 5.197, -62.77, -115.911, -26.213, -7.367, 5.447, 25.07, 0.47235, -0.42065, -0.3089, -0.71021,
 11:05:31.668,ed:40:fe:65:30:6c, 2015-01-01 00:18:27.100, 0.889, 0.045, 0.461, 0.854, 0.305, 0.244, 5.208, -62.759, -115.911, -26.213, -7.367, 5.447, 25.07, 0.47235, -0.42065, -0.3089, -0.71021,
 11:05:31.670,e3:ca:2d:fd:e0:8c, 2015-01-01 00:18:27.405, 1.014, -0.121, -0.044, -0.305, 0.061, -0.122, -110.583, -82.683, -104.464, -25.147, -5.393, -4.840, 23.42, -0.16757, -0.67526, 0.25769, -0.67038,
 11:05:31.670,e3:ca:2d:fd:e0:8c, 2015-01-01 00:18:27.405, 1.012, -0.123, -0.043, -0.061, 0, -0.122, -110.577, -82.683, -104.458, -25.147, -5.393, -4.840, 23.42, -0.16757, -0.67526, 0.25769, -0.67038,
 11:05:31.689,ed:35:33:d3:6c:f8, 2015-01-01 00:18:30.350, 0.834, -0.033, 0.542, 0.916, 0, 0.244, -3.785, -57.107, -164.207, -23.300, -8.007, -12.767, 30.25, -0.10352, 0.47751, 0.0358, 0.8717,
 11:05:31.689,ed:35:33:d3:6c:f8, 2015-01-01 00:18:30.350, 0.83, -0.032, 0.538, 0.793, 0.244, 0.549, -3.779, -57.107, -164.213, -23.300, -8.007, -12.767, 30.25, -0.10352, 0.47751, 0.0358, 0.8717,
 11:05:31.689,f6:90:cc:01:6d:25, 2015-01-01 00:18:29.710, 0.983, -0.06, 0, -0.122, 0.244, 0, -86.369, -86.583, -69.489, -28.600, -6.380, 4.267, 29.21, 0.16855, -0.69424, -0.12689, -0.68805,
 11:05:31.689,f6:90:cc:01:6d:25, 2015-01-01 00:18:29.710, 0.982, -0.065, 0.001, 0, 0.183, -0.122, -86.342, -86.583, -69.494, -28.600, -6.380, 4.267, 29.21, 0.16855, -0.69424, -0.12689, -0.68805,
 11:05:31.711,ed:35:33:d3:6c:f8, 2015-01-01 00:18:30.350, 0.834, -0.04, 0.54, 0.366, 0.183, 0.793, -3.785, -57.101, -164.185, -23.360, -8.293, -12.400, 30.25, -0.10352, 0.47751, 0.0358, 0.8717,
 11:05:31.711,ed:35:33:d3:6c:f8, 2015-01-01 00:18:30.350, 0.838, -0.035, 0.537, 0.366, 0.183, 0.244, -3.796, -57.096, -164.163, -23.360, -8.293, -12.400, 30.25, -0.10352, 0.47751, 0.0358, 0.8717,
 11:05:31.713,ed:40:fe:65:30:6c, 2015-01-01 00:18:27.100, 0.89, 0.039, 0.459, 0.488, 0.366, 0.671, 5.191, -62.754, -115.895, -26.213, -7.367, 5.447, 25.07, 0.47235, -0.42065, -0.3089, -0.71021,
 11:05:31.713,ed:40:fe:65:30:6c, 2015-01-01 00:18:27.100, 0.895, 0.045, 0.457, 0, 0.427, 0.305, 5.186, -62.743, -115.895, -26.213, -7.367, 5.447, 25.07, 0.47235, -0.42065, -0.3089, -0.71021,
 11:05:31.715,e3:ca:2d:fd:e0:8c, 2015-01-01 00:18:27.405, 1.009, -0.125, -0.042, 0.061, 0, 0, -110.566, -82.683, -104.458, -25.147, -5.393, -4.840, 23.42, -0.16757, -0.67526, 0.25769, -0.67038,
 11:05:31.715,e3:ca:2d:fd:e0:8c, 2015-01-01 00:18:27.405, 1.014, -0.124, -0.042, -0.061, 0, -0.061, -110.555, -82.689, -104.453, -25.147, -5.393, -4.840, 23.42, -0.16757, -0.67526, 0.25769, -0.67038,
 11:05:31.734,f6:90:cc:01:6d:25, 2015-01-01 00:18:29.710, 0.986, -0.059, 0, -0.061, 0.122, -0.183, -86.331, -86.589, -69.472, -28.600, -6.380, 4.267, 29.21, 0.16855, -0.69424, -0.12689, -0.68805,
 11:05:31.734,f6:90:cc:01:6d:25, 2015-01-01 00:18:29.710, 0.99, -0.055, 0.002, -0.366, 0.244, 0.061, -86.309, -86.589, -69.467, -28.600, -6.380, 4.267, 29.21, 0.16855, -0.69424, -0.12689, -0.68805,
 11:05:31.759,ed:40:fe:65:30:6c, 2015-01-01 00:18:27.100, 0.892, 0.042, 0.462, 0.183, 0.305, 0.183, 5.191, -62.737, -115.911, -26.213, -7.367, 5.447, 25.07, 0.47235, -0.42065, -0.3089, -0.71021,
 11:05:31.759,ed:40:fe:65:30:6c, 2015-01-01 00:18:27.100, 0.89, 0.041, 0.459, 0.061, 0.183, 0.183, 5.191, -62.732, -115.922, -26.213, -7.367, 5.447, 25.07, 0.47235, -0.42065, -0.3089, -0.71021,
 11:05:31.759,ed:35:33:d3:6c:f8, 2015-01-01 00:18:30.350, 0.837, -0.028, 0.542, 0.549, 0.305, -0.122, -3.785, -57.09, -164.169, -23.360, -8.293, -12.400, 30.25, -0.10352, 0.47751, 0.0358, 0.8717,
 11:05:31.759,ed:35:33:d3:6c:f8, 2015-01-01 00:18:30.350, 0.834, -0.037, 0.542, 0, 0.488, 0.366, -3.779, -57.085, -164.185, -23.360, -8.293, -12.400, 30.25, -0.10352, 0.47751, 0.0358, 0.8717,
 11:05:31.759,f6:90:cc:01:6d:25, 2015-01-01 00:18:30.065, 0.985, -0.06, -0.003, -0.549, 0.183, 0.061, -86.287, -86.583, -69.467, -28.600, -6.380, 4.267, 29.21, 0.16855, -0.69424, -0.12689, -0.68805,
 11:05:31.760,f6:90:cc:01:6d:25, 2015-01-01 00:18:30.065, 0.985, -0.06, -0.001, -0.244, 0.244, 0, -86.265, -86.583, -69.467, -28.600, -6.380, 4.267, 29.21, 0.16855, -0.69424, -0.12689, -0.68805,
 11:05:31.760,e3:ca:2d:fd:e0:8c, 2015-01-01 00:18:27.405, 1.017, -0.121, -0.043, -0.305, -0.183, -0.122, -110.583, -82.689, -104.42, -25.147, -5.393, -4.840, 23.42, -0.16757, -0.67526, 0.25769, -0.67038,
 11:05:31.760,e3:ca:2d:fd:e0:8c, 2015-01-01 00:18:27.405, 1.015, -0.121, -0.045, -0.366, 0, -0.122, -110.583, -82.689, -104.414, -25.147, -5.393, -4.840, 23.42, -0.16757, -0.67526, 0.25769, -0.67038,
 11:05:31.803,f6:90:cc:01:6d:25, 2015-01-01 00:18:30.065, 0.98, -0.059, 0.002, 0, 0.183, -0.061, -86.243, -86.583, -69.472, -28.600, -6.380, 4.267, 29.21, 0.16855, -0.69424, -0.12689, -0.68805,
 11:05:31.803,f6:90:cc:01:6d:25, 2015-01-01 00:18:30.065, 0.981, -0.062, -0.001, 0.061, 0.061, -0.244, -86.248, -86.589, -69.439, -28.600, -6.380, 4.267, 29.21, 0.16855, -0.69424, -0.12689, -0.68805,
 11:05:31.804,e3:ca:2d:fd:e0:8c, 2015-01-01 00:18:27.405, 1.014, -0.122, -0.044, -0.244, 0.061, -0.061, -110.572, -82.689, -104.42, -25.147, -5.393, -4.840, 23.42, -0.16757, -0.67526, 0.25769, -0.67038,
 11:05:31.804,e3:ca:2d:fd:e0:8c, 2015-01-01 00:18:27.405, 1.01, -0.121, -0.043, 0, 0, 0, -110.566, -82.689, -104.42, -25.147, -5.393, -4.840, 23.42, -0.16757, -0.67526, 0.25769, -0.67038,
 11:05:31.826,ed:40:fe:65:30:6c, 2015-01-01 00:18:27.100, 0.887, 0.042, 0.46, 0.488, 0, 0, 5.191, -62.726, -115.928, -26.213, -7.367, 5.447, 25.07, 0.47235, -0.42065, -0.3089, -0.71021,
 11:05:31.826,ed:40:fe:65:30:6c, 2015-01-01 00:18:27.100, 0.888, 0.042, 0.458, 0.305, 0, 0, 5.202, -62.726, -115.944, -26.213, -7.367, 5.447, 25.07, 0.47235, -0.42065, -0.3089, -0.71021,
 11:05:31.829,e3:ca:2d:fd:e0:8c, 2015-01-01 00:18:27.405, 1.011, -0.123, -0.044, -0.061, 0, 0, -110.555, -82.689, -104.42, -25.220, -4.707, -5.107, 23.42, -0.16757, -0.67526, 0.25769, -0.67038,
 11:05:31.829,e3:ca:2d:fd:e0:8c, 2015-01-01 00:18:27.405, 1.012, -0.123, -0.042, -0.183, -0.122, 0, -110.566, -82.689, -104.403, -25.220, -4.707, -5.107, 23.42, -0.16757, -0.67526, 0.25769, -0.67038,
 11:05:31.846,ed:35:33:d3:6c:f8, 2015-01-01 00:18:30.350, 0.831, -0.04, 0.539, 0.366, 0.122, 0.122, -3.785, -57.079, -164.224, -23.360, -8.293, -12.400, 30.25, -0.1051, 0.47699, 0.03693, 0.87177,
 11:05:31.846,ed:35:33:d3:6c:f8, 2015-01-01 00:18:30.350, 0.831, -0.037, 0.54, 0.549, 0, 0, -3.774, -57.079, -164.279, -23.360, -8.293, -12.400, 30.25, -0.1051, 0.47699, 0.03693, 0.87177,
 11:05:31.848,f6:90:cc:01:6d:25, 2015-01-01 00:18:30.065, 0.983, -0.061, 0.003, 0.061, 0.061, -0.122, -86.265, -86.589, -69.401, -28.600, -6.380, 4.267, 29.21, 0.16855, -0.69424, -0.12689, -0.68805,
 11:05:31.848,f6:90:cc:01:6d:25, 2015-01-01 00:18:30.065, 0.983, -0.062, 0.001, 0, 0.122, -0.122, -86.265, -86.589, -69.368, -28.600, -6.380, 4.267, 29.21, 0.16855, -0.69424, -0.12689, -0.68805,
 11:05:31.848,ed:40:fe:65:30:6c, 2015-01-01 00:18:27.100, 0.89, 0.043, 0.459, 0.183, 0, 0, 5.208, -62.726, -115.961, -26.273, -7.493, 5.273, 25.07, 0.47235, -0.42065, -0.3089, -0.71021,
 11:05:31.848,ed:40:fe:65:30:6c, 2015-01-01 00:18:27.100, 0.89, 0.042, 0.46, 0.122, 0, 0, 5.213, -62.726, -115.977, -26.273, -7.493, 5.273, 25.07, 0.47235, -0.42065, -0.3089, -0.71021,
 11:05:31.868,ed:35:33:d3:6c:f8, 2015-01-01 00:18:30.685, 0.832, -0.037, 0.538, 0.244, -0.061, 0.122, -3.768, -57.079, -164.312, -23.360, -8.293, -12.400, 30.25, -0.1051, 0.47699, 0.03693, 0.87177,
 11:05:31.868,ed:35:33:d3:6c:f8, 2015-01-01 00:18:30.685, 0.833, -0.036, 0.538, 0.183, -0.061, 0, -3.768, -57.079, -164.372, -23.360, -8.293, -12.400, 30.25, -0.1051, 0.47699, 0.03693, 0.87177,
 11:05:31.874,e3:ca:2d:fd:e0:8c, 2015-01-01 00:18:27.405, 1.012, -0.125, -0.043, -0.061, -0.427, 0, -110.621, -82.689, -104.337, -25.220, -4.707, -5.107, 23.42, -0.16757, -0.67526, 0.25769, -0.67038,
 11:05:31.874,e3:ca:2d:fd:e0:8c, 2015-01-01 00:18:27.405, 1.013, -0.124, -0.043, 0, -0.366, 0, -110.66, -82.683, -104.288, -25.220, -4.707, -5.107, 23.42, -0.16757, -0.67526, 0.25769, -0.67038,
 11:05:31.891,ed:35:33:d3:6c:f8, 2015-01-01 00:18:30.685, 0.833, -0.036, 0.54, 0, 0.122, 0, -3.768, -57.079, -164.399, -23.360, -8.293, -12.400, 30.25, -0.1051, 0.47699, 0.03693, 0.87177,
 11:05:31.891,ed:35:33:d3:6c:f8, 2015-01-01 00:18:30.685, 0.836, -0.036, 0.54, 0.122, 0, 0.061, -3.768, -57.074, -164.416, -23.360, -8.293, -12.400, 30.25, -0.1051, 0.47699, 0.03693, 0.87177,
 11:05:31.891,f6:90:cc:01:6d:25, 2015-01-01 00:18:30.065, 0.985, -0.064, -0.001, 0.061, 0, -0.122, -86.287, -86.589, -69.318, -28.600, -6.380, 4.267, 29.21, 0.16855, -0.69424, -0.12689, -0.68805,
 11:05:31.891,f6:90:cc:01:6d:25, 2015-01-01 00:18:30.065, 0.987, -0.061, 0, 0.244, 0.061, -0.305, -86.303, -86.594, -69.274, -28.600, -6.380, 4.267, 29.21, 0.16855, -0.69424, -0.12689, -0.68805,
 11:05:31.894,ed:40:fe:65:30:6c, 2015-01-01 00:18:27.100, 0.893, 0.042, 0.46, 0.122, 0.061, 0.061, 5.219, -62.721, -115.988, -26.273, -7.493, 5.273, 25.07, 0.47235, -0.42065, -0.3089, -0.71021,
 11:05:31.894,ed:40:fe:65:30:6c, 2015-01-01 00:18:27.100, 0.893, 0.042, 0.461, 0.305, 0, 0.244, 5.219, -62.721, -115.999, -26.273, -7.493, 5.273, 25.07, 0.47235, -0.42065, -0.3089, -0.71021,
 11:05:31.913,ed:35:33:d3:6c:f8, 2015-01-01 00:18:30.685, 0.834, -0.035, 0.541, 0.244, -0.183, 0.244, -3.768, -57.074, -164.416, -23.360, -8.293, -12.400, 30.25, -0.1051, 0.47699, 0.03693, 0.87177,
 11:05:31.913,ed:35:33:d3:6c:f8, 2015-01-01 00:18:30.685, 0.836, -0.036, 0.537, 0.122, -0.244, 0.305, -3.774, -57.079, -164.416, -23.360, -8.293, -12.400, 30.25, -0.1051, 0.47699, 0.03693, 0.87177,
 11:05:31.915,ed:40:fe:65:30:6c, 2015-01-01 00:18:27.100, 0.892, 0.043, 0.459, 0.244, -0.061, 0.305, 5.213, -62.721, -116.005, -26.273, -7.493, 5.273, 25.07, 0.47208, -0.42029, -0.30841, -0.71082,
 11:05:31.915,ed:40:fe:65:30:6c, 2015-01-01 00:18:27.100, 0.893, 0.044, 0.46, 0.305, 0.061, 0.061, 5.213, -62.721, -116.01, -26.273, -7.493, 5.273, 25.07, 0.47208, -0.42029, -0.30841, -0.71082,
 11:05:31.916,e3:ca:2d:fd:e0:8c, 2015-01-01 00:18:27.405, 1.012, -0.122, -0.041, 0.122, -0.122, 0, -110.676, -82.683, -104.255, -25.220, -4.707, -5.107, 23.42, -0.1669, -0.67554, 0.25696, -0.67056,
 11:05:31.916,e3:ca:2d:fd:e0:8c, 2015-01-01 00:18:27.405, 1.014, -0.124, -0.043, 0.122, -0.305, 0, -110.682, -82.683, -104.233, -25.220, -4.707, -5.107, 23.42, -0.1669, -0.67554, 0.25696, -0.67056,
 11:05:31.958,ed:35:33:d3:6c:f8, 2015-01-01 00:18:30.685, 0.834, -0.035, 0.539, 0.305, -0.061, 0.061, -3.774, -57.079, -164.416, -23.360, -8.293, -12.400, 30.25, -0.1051, 0.47699, 0.03693, 0.87177,
 11:05:31.958,ed:35:33:d3:6c:f8, 2015-01-01 00:18:30.685, 0.835, -0.031, 0.539, 0.549, 0.061, 0.122, -3.768, -57.079, -164.421, -23.360, -8.293, -12.400, 30.25, -0.1051, 0.47699, 0.03693, 0.87177,
 11:05:31.959,f6:90:cc:01:6d:25, 2015-01-01 00:18:30.065, 0.985, -0.058, 0.002, 0.366, 0.183, -0.366, -86.276, -86.6, -69.269, -28.600, -6.380, 4.267, 29.21, 0.16855, -0.69424, -0.12689, -0.68805,
 11:05:31.959,f6:90:cc:01:6d:25, 2015-01-01 00:18:30.065, 0.986, -0.061, 0.002, 0.244, 0.366, -0.183, -86.193, -86.6, -69.318, -28.600, -6.380, 4.267, 29.21, 0.16855, -0.69424, -0.12689, -0.68805,
 11:05:31.961,ed:40:fe:65:30:6c, 2015-01-01 00:18:27.100, 0.893, 0.046, 0.46, 0.671, 0.061, 0.061, 5.219, -62.715, -116.021, -26.273, -7.493, 5.273, 25.07, 0.47208, -0.42029, -0.30841, -0.71082,
 11:05:31.961,ed:40:fe:65:30:6c, 2015-01-01 00:18:27.100, 0.892, 0.045, 0.459, 0.488, 0.122, 0.122, 5.229, -62.715, -116.032, -26.273, -7.493, 5.273, 25.07, 0.47208, -0.42029, -0.30841, -0.71082,
 11:05:31.962,e3:ca:2d:fd:e0:8c, 2015-01-01 00:18:27.720, 1.013, -0.122, -0.044, 0.122, -0.427, 0, -110.709, -82.678, -104.183, -25.220, -4.707, -5.107, 23.42, -0.1669, -0.67554, 0.25696, -0.67056,
 11:05:31.962,e3:ca:2d:fd:e0:8c, 2015-01-01 00:18:27.720, 1.012, -0.122, -0.043, 0, -0.244, 0, -110.748, -82.678, -104.123, -25.220, -4.707, -5.107, 23.42, -0.1669, -0.67554, 0.25696, -0.67056,
 11:05:31.981,ed:35:33:d3:6c:f8, 2015-01-01 00:18:30.685, 0.835, -0.036, 0.539, 0.244, 0.244, 0.122, -3.763, -57.079, -164.427, -23.360, -8.293, -12.400, 30.25, -0.1051, 0.47699, 0.03693, 0.87177,
 11:05:31.981,ed:35:33:d3:6c:f8, 2015-01-01 00:18:30.685, 0.833, -0.038, 0.541, 0.305, 0.061, -0.122, -3.757, -57.074, -164.432, -23.360, -8.293, -12.400, 30.25, -0.1051, 0.47699, 0.03693, 0.87177,
 11:05:31.984,e3:ca:2d:fd:e0:8c, 2015-01-01 00:18:27.720, 1.014, -0.123, -0.045, -0.122, -0.183, 0, -110.77, -82.672, -104.09, -25.220, -4.707, -5.107, 23.42, -0.1669, -0.67554, 0.25696, -0.67056,
 11:05:31.984,e3:ca:2d:fd:e0:8c, 2015-01-01 00:18:27.720, 1.015, -0.121, -0.046, -0.061, -0.122, 0, -110.781, -82.672, -104.068, -25.220, -4.707, -5.107, 23.42, -0.1669, -0.67554, 0.25696, -0.67056,
 11:05:32.004,f6:90:cc:01:6d:25, 2015-01-01 00:18:30.065, 0.985, -0.06, 0.002, 0.427, 0.244, -0.244, -86.127, -86.605, -69.351, -28.420, -6.640, 4.387, 29.21, 0.16855, -0.69424, -0.12689, -0.68805,
 11:05:32.004,f6:90:cc:01:6d:25, 2015-01-01 00:18:30.065, 0.984, -0.059, 0, 0.061, 0.183, -0.183, -86.083, -86.605, -69.362, -28.420, -6.640, 4.387, 29.21, 0.16855, -0.69424, -0.12689, -0.68805,
 11:05:32.008,ed:40:fe:65:30:6c, 2015-01-01 00:18:27.455, 0.891, 0.042, 0.46, 0.244, 0.122, 0, 5.24, -62.71, -116.038, -26.273, -7.493, 5.273, 25.07, 0.47208, -0.42029, -0.30841, -0.71082,
 11:05:32.008,ed:40:fe:65:30:6c, 2015-01-01 00:18:27.455, 0.893, 0.043, 0.461, 0.061, 0, -0.244, 5.246, -62.704, -116.054, -26.273, -7.493, 5.273, 25.07, 0.47208, -0.42029, -0.30841, -0.71082,
 11:05:32.027,ed:35:33:d3:6c:f8, 2015-01-01 00:18:30.685, 0.836, -0.034, 0.54, 0.122, -0.122, -0.305, -3.746, -57.074, -164.449, -23.360, -8.293, -12.400, 30.25, -0.1051, 0.47699, 0.03693, 0.87177,
 11:05:32.027,ed:35:33:d3:6c:f8, 2015-01-01 00:18:30.685, 0.835, -0.034, 0.538, 0.061, -0.122, -0.244, -3.735, -57.079, -164.465, -23.360, -8.293, -12.400, 30.25, -0.1051, 0.47699, 0.03693, 0.87177,
 11:05:32.028,f6:90:cc:01:6d:25, 2015-01-01 00:18:30.065, 0.984, -0.059, -0.001, 0, 0.244, -0.183, -86.045, -86.611, -69.379, -28.420, -6.640, 4.387, 29.21, 0.16855, -0.69424, -0.12689, -0.68805,
 11:05:32.028,f6:90:cc:01:6d:25, 2015-01-01 00:18:30.065, 0.985, -0.058, -0.001, 0, 0.183, -0.183, -86.017, -86.611, -69.39, -28.420, -6.640, 4.387, 29.21, 0.16855, -0.69424, -0.12689, -0.68805,
 11:05:32.028,ed:40:fe:65:30:6c, 2015-01-01 00:18:27.455, 0.892, 0.046, 0.458, -0.061, -0.061, -0.244, 5.257, -62.704, -116.082, -26.273, -7.493, 5.273, 25.07, 0.47208, -0.42029, -0.30841, -0.71082,
 11:05:32.028,ed:40:fe:65:30:6c, 2015-01-01 00:18:27.455, 0.892, 0.044, 0.458, 0.061, 0, -0.183, 5.268, -62.704, -116.104, -26.273, -7.493, 5.273, 25.07, 0.47208, -0.42029, -0.30841, -0.71082,
 11:05:32.029,e3:ca:2d:fd:e0:8c, 2015-01-01 00:18:27.720, 1.013, -0.121, -0.044, -0.122, -0.061, 0, -110.786, -82.672, -104.052, -25.220, -4.707, -5.107, 23.42, -0.1669, -0.67554, 0.25696, -0.67056,
 11:05:32.029,e3:ca:2d:fd:e0:8c, 2015-01-01 00:18:27.720, 1.013, -0.122, -0.044, -0.305, -0.183, 0, -110.797, -82.672, -104.041, -25.220, -4.707, -5.107, 23.42, -0.1669, -0.67554, 0.25696, -0.67056,
 11:05:32.050,f6:90:cc:01:6d:25, 2015-01-01 00:18:30.065, 0.986, -0.057, 0, 0, 0.122, -0.305, -86.012, -86.616, -69.384, -28.420, -6.640, 4.387, 29.21, 0.16855, -0.69424, -0.12689, -0.68805,
 11:05:32.050,f6:90:cc:01:6d:25, 2015-01-01 00:18:30.065, 0.985, -0.059, 0.001, -0.183, 0.183, -0.244, -86.001, -86.622, -69.39, -28.420, -6.640, 4.387, 29.21, 0.16855, -0.69424, -0.12689, -0.68805,
 11:05:32.070,ed:35:33:d3:6c:f8, 2015-01-01 00:18:30.685, 0.834, -0.032, 0.537, 0, 0.122, -0.061, -3.73, -57.079, -164.482, -23.360, -8.293, -12.400, 30.25, -0.1051, 0.47699, 0.03693, 0.87177,
 11:05:32.070,ed:35:33:d3:6c:f8, 2015-01-01 00:18:30.685, 0.835, -0.031, 0.538, -0.122, 0.305, -0.061, -3.73, -57.074, -164.493, -23.360, -8.293, -12.400, 30.25, -0.1051, 0.47699, 0.03693, 0.87177,
 11:05:32.074,ed:40:fe:65:30:6c, 2015-01-01 00:18:27.455, 0.891, 0.046, 0.458, 0, 0, -0.061, 5.279, -62.704, -116.125, -26.273, -7.493, 5.273, 25.07, 0.47208, -0.42029, -0.30841, -0.71082,
 11:05:32.074,ed:40:fe:65:30:6c, 2015-01-01 00:18:27.455, 0.891, 0.048, 0.46, -0.061, 0, -0.061, 5.284, -62.699, -116.142, -26.273, -7.493, 5.273, 25.07, 0.47208, -0.42029, -0.30841, -0.71082,
 11:05:32.075,e3:ca:2d:fd:e0:8c, 2015-01-01 00:18:27.720, 1.013, -0.123, -0.044, -0.183, -0.305, 0, -110.819, -82.672, -104.008, -25.220, -4.707, -5.107, 23.42, -0.1669, -0.67554, 0.25696, -0.67056,
 11:05:32.075,e3:ca:2d:fd:e0:8c, 2015-01-01 00:18:27.720, 1.013, -0.122, -0.045, 0, -0.183, 0, -110.852, -82.667, -103.969, -25.220, -4.707, -5.107, 23.42, -0.1669, -0.67554, 0.25696, -0.67056,
 11:05:32.095,f6:90:cc:01:6d:25, 2015-01-01 00:18:30.065, 0.984, -0.06, 0, -0.061, 0.122, -0.305, -85.99, -86.627, -69.384, -28.420, -6.640, 4.387, 29.21, 0.16855, -0.69424, -0.12689, -0.68805,
 11:05:32.095,f6:90:cc:01:6d:25, 2015-01-01 00:18:30.065, 0.984, -0.058, -0.001, 0, 0.122, -0.244, -85.99, -86.627, -69.373, -28.420, -6.640, 4.387, 29.21, 0.16855, -0.69424, -0.12689, -0.68805,
 11:05:32.118,ed:40:fe:65:30:6c, 2015-01-01 00:18:27.455, 0.894, 0.047, 0.46, -0.122, 0, 0, 5.29, -62.699, -116.153, -26.273, -7.493, 5.273, 25.07, 0.47208, -0.42029, -0.30841, -0.71082,
 11:05:32.118,ed:40:fe:65:30:6c, 2015-01-01 00:18:27.455, 0.894, 0.042, 0.459, 0, 0, 0.366, 5.284, -62.699, -116.164, -26.273, -7.493, 5.273, 25.07, 0.47208, -0.42029, -0.30841, -0.71082,
 11:05:32.120,e3:ca:2d:fd:e0:8c, 2015-01-01 00:18:27.720, 1.014, -0.123, -0.044, 0.061, 0, 0, -110.863, -82.667, -103.947, -25.220, -4.707, -5.107, 23.42, -0.1669, -0.67554, 0.25696, -0.67056,
 11:05:32.120,e3:ca:2d:fd:e0:8c, 2015-01-01 00:18:27.720, 1.015, -0.123, -0.043, 0.061, 0, 0, -110.852, -82.667, -103.947, -25.220, -4.707, -5.107, 23.42, -0.1669, -0.67554, 0.25696, -0.67056,
 11:05:32.139,ed:35:33:d3:6c:f8, 2015-01-01 00:18:30.685, 0.835, -0.03, 0.541, -0.244, 0.305, -0.122, -3.73, -57.068, -164.504, -23.207, -7.907, -12.467, 30.25, -0.1051, 0.47699, 0.03693, 0.87177,
 11:05:32.139,ed:35:33:d3:6c:f8, 2015-01-01 00:18:30.685, 0.837, -0.031, 0.54, 0, -0.244, 0, -3.724, -57.068, -164.515, -23.207, -7.907, -12.467, 30.25, -0.1051, 0.47699, 0.03693, 0.87177,
 11:05:32.139,f6:90:cc:01:6d:25, 2015-01-01 00:18:30.065, 0.986, -0.059, -0.001, 0.061, 0.183, -0.122, -85.974, -86.633, -69.379, -28.420, -6.640, 4.387, 29.21, 0.17133, -0.69348, -0.13022, -0.6875,
 11:05:32.139,f6:90:cc:01:6d:25, 2015-01-01 00:18:30.065, 0.986, -0.062, 0.001, 0.183, 0.122, -0.061, -85.974, -86.633, -69.368, -28.420, -6.640, 4.387, 29.21, 0.17133, -0.69348, -0.13022, -0.6875,
 11:05:32.161,ed:35:33:d3:6c:f8, 2015-01-01 00:18:30.685, 0.838, -0.037, 0.538, -0.061, 0, 0.305, -3.73, -57.074, -164.515, -23.207, -7.907, -12.467, 30.25, -0.10284, 0.47696, 0.03595, 0.8721,
 11:05:32.161,ed:35:33:d3:6c:f8, 2015-01-01 00:18:30.685, 0.835, -0.039, 0.535, 0.183, 0.122, 0.488, -3.741, -57.068, -164.509, -23.207, -7.907, -12.467, 30.25, -0.10284, 0.47696, 0.03595, 0.8721,
 11:05:32.163,ed:40:fe:65:30:6c, 2015-01-01 00:18:27.455, 0.894, 0.04, 0.458, 0.244, 0, 0.427, 5.279, -62.699, -116.158, -26.273, -7.493, 5.273, 25.07, 0.47208, -0.42029, -0.30841, -0.71082,
 11:05:32.163,ed:40:fe:65:30:6c, 2015-01-01 00:18:27.455, 0.892, 0.042, 0.457, 0.61, 0.183, 0.305, 5.273, -62.699, -116.153, -26.273, -7.493, 5.273, 25.07, 0.47208, -0.42029, -0.30841, -0.71082,
 11:05:32.165,e3:ca:2d:fd:e0:8c, 2015-01-01 00:18:27.720, 1.015, -0.122, -0.045, 0.061, 0, 0, -110.841, -82.667, -103.947, -25.220, -5.033, -4.867, 23.42, -0.1669, -0.67554, 0.25696, -0.67056,
 11:05:32.165,e3:ca:2d:fd:e0:8c, 2015-01-01 00:18:27.720, 1.013, -0.122, -0.044, 0.183, -0.122, 0, -110.836, -82.667, -103.942, -25.220, -5.033, -4.867, 23.42, -0.1669, -0.67554, 0.25696, -0.67056,
 11:05:32.185,f6:90:cc:01:6d:25, 2015-01-01 00:18:30.065, 0.987, -0.062, 0.001, 0.427, 0.305, -0.183, -85.919, -86.633, -69.406, -28.420, -6.640, 4.387, 29.21, 0.17133, -0.69348, -0.13022, -0.6875,
 11:05:32.185,f6:90:cc:01:6d:25, 2015-01-01 00:18:30.065, 0.985, -0.059, 0.002, 0.549, 0.305, -0.244, -85.842, -86.633, -69.456, -28.420, -6.640, 4.387, 29.21, 0.17133, -0.69348, -0.13022, -0.6875,
 11:05:32.189,e3:ca:2d:fd:e0:8c, 2015-01-01 00:18:27.720, 1.011, -0.121, -0.044, 0.244, -0.122, 0, -110.836, -82.667, -103.925, -25.220, -5.033, -4.867, 23.42, -0.16568, -0.67612, 0.25592, -0.67068,
 11:05:32.189,e3:ca:2d:fd:e0:8c, 2015-01-01 00:18:27.720, 1.012, -0.121, -0.044, 0.061, 0, 0, -110.836, -82.667, -103.909, -25.220, -5.033, -4.867, 23.42, -0.16568, -0.67612, 0.25592, -0.67068,
 11:05:32.206,ed:35:33:d3:6c:f8, 2015-01-01 00:18:30.685, 0.834, -0.036, 0.536, 0.427, 0.61, 0.427, -3.746, -57.063, -164.498, -23.207, -7.907, -12.467, 30.25, -0.10284, 0.47696, 0.03595, 0.8721,
 11:05:32.206,ed:35:33:d3:6c:f8, 2015-01-01 00:18:30.685, 0.833, -0.035, 0.539, 0.427, 0.854, 0.305, -3.746, -57.052, -164.493, -23.207, -7.907, -12.467, 30.25, -0.10284, 0.47696, 0.03595, 0.8721,
 11:05:32.208,f6:90:cc:01:6d:25, 2015-01-01 00:18:30.490, 0.983, -0.057, 0, 0.488, 0.305, -0.305, -85.765, -86.638, -69.516, -28.420, -6.640, 4.387, 29.21, 0.17133, -0.69348, -0.13022, -0.6875,
 11:05:32.208,f6:90:cc:01:6d:25, 2015-01-01 00:18:30.490, 0.983, -0.057, -0.002, 0.488, 0.244, -0.305, -85.715, -86.644, -69.549, -28.420, -6.640, 4.387, 29.21, 0.17133, -0.69348, -0.13022, -0.6875,
 11:05:32.229,ed:35:33:d3:6c:f8, 2015-01-01 00:18:31.065, 0.834, -0.032, 0.54, 0.488, 0.671, 0.122, -3.741, -57.036, -164.493, -23.207, -7.907, -12.467, 30.25, -0.10284, 0.47696, 0.03595, 0.8721,
 11:05:32.229,ed:35:33:d3:6c:f8, 2015-01-01 00:18:31.065, 0.835, -0.03, 0.54, 0.61, 0.427, 0, -3.73, -57.025, -164.504, -23.207, -7.907, -12.467, 30.25, -0.10284, 0.47696, 0.03595, 0.8721,
 11:05:32.230,ed:40:fe:65:30:6c, 2015-01-01 00:18:27.455, 0.891, 0.044, 0.458, 0.732, 0.244, 0.061, 5.279, -62.693, -116.158, -26.840, -7.453, 5.440, 25.07, 0.47208, -0.42029, -0.30841, -0.71082,
 11:05:32.230,ed:40:fe:65:30:6c, 2015-01-01 00:18:27.455, 0.891, 0.046, 0.46, 0.61, 0.366, -0.061, 5.29, -62.688, -116.164, -26.840, -7.453, 5.440, 25.07, 0.47208, -0.42029, -0.30841, -0.71082,
 11:05:32.231,e3:ca:2d:fd:e0:8c, 2015-01-01 00:18:27.720, 1.014, -0.122, -0.043, -0.061, 0.122, 0, -110.825, -82.667, -103.914, -25.220, -5.033, -4.867, 23.42, -0.16568, -0.67612, 0.25592, -0.67068,
 11:05:32.231,e3:ca:2d:fd:e0:8c, 2015-01-01 00:18:27.720, 1.014, -0.123, -0.043, -0.122, 0, 0, -110.803, -82.667, -103.931, -25.220, -5.033, -4.867, 23.42, -0.16568, -0.67612, 0.25592, -0.67068,
 11:05:32.252,f6:90:cc:01:6d:25, 2015-01-01 00:18:30.490, 0.986, -0.057, 0.001, 0.122, 0.183, -0.244, -85.693, -86.649, -69.565, -28.420, -6.640, 4.387, 29.21, 0.17133, -0.69348, -0.13022, -0.6875,
 11:05:32.252,f6:90:cc:01:6d:25, 2015-01-01 00:18:30.490, 0.987, -0.058, 0.003, 0, 0.305, -0.122, -85.633, -86.649, -69.62, -28.420, -6.640, 4.387, 29.21, 0.17133, -0.69348, -0.13022, -0.6875,
 11:05:32.254,ed:40:fe:65:30:6c, 2015-01-01 00:18:27.455, 0.893, 0.047, 0.458, 0.427, 0.366, -0.061, 5.306, -62.682, -116.18, -26.840, -7.453, 5.440, 25.07, 0.47137, -0.42014, -0.3082, -0.71149,
 11:05:32.254,ed:40:fe:65:30:6c, 2015-01-01 00:18:27.455, 0.891, 0.049, 0.461, 0.488, 0.427, -0.122, 5.317, -62.672, -116.191, -26.840, -7.453, 5.440, 25.07, 0.47137, -0.42014, -0.3082, -0.71149,
 11:05:32.273,ed:35:33:d3:6c:f8, 2015-01-01 00:18:31.065, 0.833, -0.031, 0.539, 0.366, 0.793, 0, -3.719, -57.014, -164.509, -23.207, -7.907, -12.467, 30.25, -0.10284, 0.47696, 0.03595, 0.8721,
 11:05:32.273,ed:35:33:d3:6c:f8, 2015-01-01 00:18:31.065, 0.836, -0.039, 0.539, -0.061, 0.916, 0.549, -3.719, -56.997, -164.509, -23.207, -7.907, -12.467, 30.25, -0.10284, 0.47696, 0.03595, 0.8721,
 11:05:32.275,f6:90:cc:01:6d:25, 2015-01-01 00:18:30.490, 0.983, -0.06, 0.002, 0, 0.488, 0, -85.507, -86.649, -69.736, -28.420, -6.640, 4.387, 29.21, 0.17133, -0.69348, -0.13022, -0.6875,
 11:05:32.275,f6:90:cc:01:6d:25, 2015-01-01 00:18:30.490, 0.986, -0.062, 0, 0.061, 0.61, -0.183, -85.336, -86.649, -69.895, -28.420, -6.640, 4.387, 29.21, 0.17133, -0.69348, -0.13022, -0.6875,
 11:05:32.277,e3:ca:2d:fd:e0:8c, 2015-01-01 00:18:28.010, 1.011, -0.122, -0.045, -0.061, -0.122, 0, -110.797, -82.667, -103.925, -25.220, -5.033, -4.867, 23.42, -0.16568, -0.67612, 0.25592, -0.67068,
 11:05:32.277,e3:ca:2d:fd:e0:8c, 2015-01-01 00:18:28.010, 1.013, -0.122, -0.043, 0, 0, 0, -110.803, -82.667, -103.909, -25.220, -5.033, -4.867, 23.42, -0.16568, -0.67612, 0.25592, -0.67068,
 11:05:32.299,ed:40:fe:65:30:6c, 2015-01-01 00:18:27.455, 0.891, 0.041, 0.458, 0.244, 0.671, 0.183, 5.334, -62.661, -116.202, -26.840, -7.453, 5.440, 25.07, 0.47137, -0.42014, -0.3082, -0.71149,
 11:05:32.299,ed:40:fe:65:30:6c, 2015-01-01 00:18:27.455, 0.895, 0.043, 0.46, 0.061, 0.732, 0.244, 5.328, -62.65, -116.202, -26.840, -7.453, 5.440, 25.07, 0.47137, -0.42014, -0.3082, -0.71149,
 11:05:32.318,ed:35:33:d3:6c:f8, 2015-01-01 00:18:31.065, 0.838, -0.037, 0.541, 0.122, 0.916, 0.244, -3.73, -56.981, -164.504, -23.207, -7.907, -12.467, 30.25, -0.10284, 0.47696, 0.03595, 0.8721,
 11:05:32.318,ed:35:33:d3:6c:f8, 2015-01-01 00:18:31.065, 0.838, -0.026, 0.544, 0.671, 0.793, -0.244, -3.719, -56.964, -164.509, -23.207, -7.907, -12.467, 30.25, -0.10284, 0.47696, 0.03595, 0.8721,
 11:05:32.320,f6:90:cc:01:6d:25, 2015-01-01 00:18:30.490, 0.988, -0.055, 0.001, 0, 0.488, -0.122, -85.215, -86.649, -70.016, -28.420, -6.640, 4.387, 29.21, 0.17133, -0.69348, -0.13022, -0.6875,
 11:05:32.320,f6:90:cc:01:6d:25, 2015-01-01 00:18:30.490, 0.989, -0.058, -0.002, -0.305, 0.427, 0, -85.122, -86.649, -70.109, -28.420, -6.640, 4.387, 29.21, 0.17133, -0.69348, -0.13022, -0.6875,
 11:05:32.321,ed:40:fe:65:30:6c, 2015-01-01 00:18:27.790, 0.895, 0.051, 0.462, 0.122, 0.732, -0.244, 5.323, -62.633, -116.208, -26.840, -7.453, 5.440, 25.07, 0.47137, -0.42014, -0.3082, -0.71149,
 11:05:32.321,ed:40:fe:65:30:6c, 2015-01-01 00:18:27.790, 0.894, 0.049, 0.462, 0.488, 0.549, 0, 5.339, -62.622, -116.224, -26.840, -7.453, 5.440, 25.07, 0.47137, -0.42014, -0.3082, -0.71149,
 11:05:32.321,e3:ca:2d:fd:e0:8c, 2015-01-01 00:18:28.010, 1.017, -0.123, -0.044, -0.122, 0, 0, -110.792, -82.667, -103.909, -25.220, -5.033, -4.867, 23.42, -0.16568, -0.67612, 0.25592, -0.67068,
 11:05:32.321,e3:ca:2d:fd:e0:8c, 2015-01-01 00:18:28.010, 1.016, -0.122, -0.044, -0.305, 0.183, 0, -110.775, -82.667, -103.92, -25.220, -5.033, -4.867, 23.42, -0.16568, -0.67612, 0.25592, -0.67068,
 11:05:32.364,ed:35:33:d3:6c:f8, 2015-01-01 00:18:31.065, 0.833, -0.03, 0.543, 0.305, 0.916, 0.122, -3.702, -56.953, -164.52, -23.207, -7.907, -12.467, 30.25, -0.10284, 0.47696, 0.03595, 0.8721,
 11:05:32.364,ed:35:33:d3:6c:f8, 2015-01-01 00:18:31.065, 0.831, -0.035, 0.542, 0.244, 0.671, 0.305, -3.697, -56.937, -164.52, -23.207, -7.907, -12.467, 30.25, -0.10284, 0.47696, 0.03595, 0.8721,
 11:05:32.364,f6:90:cc:01:6d:25, 2015-01-01 00:18:30.490, 0.985, -0.061, 0, -0.061, 0.549, 0.061, -84.996, -86.649, -70.247, -28.420, -6.640, 4.387, 29.21, 0.17133, -0.69348, -0.13022, -0.6875,
 11:05:32.364,f6:90:cc:01:6d:25, 2015-01-01 00:18:30.490, 0.982, -0.059, 0.001, 0.122, 0.549, 0.061, -84.858, -86.644, -70.384, -28.420, -6.640, 4.387, 29.21, 0.17133, -0.69348, -0.13022, -0.6875,
 11:05:32.366,ed:40:fe:65:30:6c, 2015-01-01 00:18:27.790, 0.889, 0.045, 0.462, 0.061, 0.671, 0.366, 5.345, -62.611, -116.23, -26.840, -7.453, 5.440, 25.07, 0.47137, -0.42014, -0.3082, -0.71149,
 11:05:32.366,ed:40:fe:65:30:6c, 2015-01-01 00:18:27.790, 0.888, 0.043, 0.461, 0.366, 0.61, 0.305, 5.339, -62.595, -116.224, -26.840, -7.453, 5.440, 25.07, 0.47137, -0.42014, -0.3082, -0.71149,
 11:05:32.367,e3:ca:2d:fd:e0:8c, 2015-01-01 00:18:28.010, 1.015, -0.122, -0.045, -0.183, 0.244, 0, -110.742, -82.672, -103.947, -25.220, -5.033, -4.867, 23.42, -0.16568, -0.67612, 0.25592, -0.67068,
 11:05:32.367,e3:ca:2d:fd:e0:8c, 2015-01-01 00:18:28.010, 1.01, -0.122, -0.045, 0, 0.183, 0, -110.704, -82.672, -103.98, -25.220, -5.033, -4.867, 23.42, -0.16568, -0.67612, 0.25592, -0.67068,
 11:05:32.386,ed:35:33:d3:6c:f8, 2015-01-01 00:18:31.065, 0.83, -0.036, 0.541, 0.549, 0.427, 0.183, -3.697, -56.926, -164.52, -23.207, -7.907, -12.467, 30.25, -0.10284, 0.47696, 0.03595, 0.8721,
 11:05:32.386,ed:35:33:d3:6c:f8, 2015-01-01 00:18:31.065, 0.829, -0.036, 0.541, 0.305, 0.427, 0.366, -3.691, -56.92, -164.52, -23.207, -7.907, -12.467, 30.25, -0.10284, 0.47696, 0.03595, 0.8721,
 11:05:32.390,e3:ca:2d:fd:e0:8c, 2015-01-01 00:18:28.010, 1.011, -0.121, -0.045, 0.061, 0.122, 0, -110.671, -82.672, -104.008, -25.220, -5.033, -4.867, 23.42, -0.16568, -0.67612, 0.25592, -0.67068,
 11:05:32.390,e3:ca:2d:fd:e0:8c, 2015-01-01 00:18:28.010, 1.012, -0.122, -0.044, 0, 0.122, 0, -110.643, -82.672, -104.024, -25.220, -5.033, -4.867, 23.42, -0.16568, -0.67612, 0.25592, -0.67068,
 11:05:32.410,f6:90:cc:01:6d:25, 2015-01-01 00:18:30.490, 0.981, -0.059, 0.001, 0.244, 0.366, 0, -84.781, -86.644, -70.455, -28.420, -6.640, 4.387, 29.21, 0.17133, -0.69348, -0.13022, -0.6875,
 11:05:32.410,f6:90:cc:01:6d:25, 2015-01-01 00:18:30.490, 0.981, -0.059, 0, 0.183, 0.427, -0.122, -84.688, -86.644, -70.56, -28.420, -6.640, 4.387, 29.21, 0.17133, -0.69348, -0.13022, -0.6875,
 11:05:32.411,ed:40:fe:65:30:6c, 2015-01-01 00:18:27.790, 0.887, 0.042, 0.461, 0.366, 0.61, 0.366, 5.334, -62.584, -116.219, -26.840, -7.453, 5.440, 25.07, 0.47137, -0.42014, -0.3082, -0.71149,
 11:05:32.411,ed:40:fe:65:30:6c, 2015-01-01 00:18:27.790, 0.887, 0.043, 0.461, 0.366, 0.488, 0.366, 5.328, -62.573, -116.208, -26.840, -7.453, 5.440, 25.07, 0.47137, -0.42014, -0.3082, -0.71149,
 11:05:32.431,ed:35:33:d3:6c:f8, 2015-01-01 00:18:31.065, 0.829, -0.036, 0.542, 0.366, 0.427, 0.488, -3.697, -56.909, -164.509, -23.207, -7.907, -12.467, 30.25, -0.10284, 0.47696, 0.03595, 0.8721,
 11:05:32.431,ed:35:33:d3:6c:f8, 2015-01-01 00:18:31.065, 0.829, -0.037, 0.544, 0.61, 0.488, 0.427, -3.702, -56.898, -164.498, -23.207, -7.907, -12.467, 30.25, -0.10284, 0.47696, 0.03595, 0.8721,
 11:05:32.434,ed:40:fe:65:30:6c, 2015-01-01 00:18:27.790, 0.886, 0.043, 0.463, 0.61, 0.427, 0.244, 5.328, -62.567, -116.208, -26.840, -7.453, 5.440, 25.07, 0.47137, -0.42014, -0.3082, -0.71149,
 11:05:32.434,ed:40:fe:65:30:6c, 2015-01-01 00:18:27.790, 0.887, 0.043, 0.468, 0.793, 0.488, 0.244, 5.334, -62.556, -116.202, -26.840, -7.453, 5.440, 25.07, 0.47137, -0.42014, -0.3082, -0.71149,
 11:05:32.436,e3:ca:2d:fd:e0:8c, 2015-01-01 00:18:28.010, 1.012, -0.122, -0.044, -0.122, 0, 0, -110.627, -82.678, -104.035, -25.220, -5.033, -4.867, 23.42, -0.16568, -0.67612, 0.25592, -0.67068,
 11:05:32.436,e3:ca:2d:fd:e0:8c, 2015-01-01 00:18:28.010, 1.013, -0.123, -0.044, 0, -0.122, 0, -110.627, -82.678, -104.035, -25.220, -5.033, -4.867, 23.42, -0.16568, -0.67612, 0.25592, -0.67068,
 11:05:32.477,f6:90:cc:01:6d:25, 2015-01-01 00:18:30.490, 0.983, -0.058, 0.002, 0.122, 0.488, -0.122, -84.567, -86.644, -70.681, -28.460, -6.920, 3.580, 29.21, 0.17133, -0.69348, -0.13022, -0.6875,
 11:05:32.477,f6:90:cc:01:6d:25, 2015-01-01 00:18:30.490, 0.983, -0.061, 0.005, 0.244, 0.427, -0.183, -84.457, -86.644, -70.785, -28.460, -6.920, 3.580, 29.21, 0.17133, -0.69348, -0.13022, -0.6875,
 11:05:32.480,e3:ca:2d:fd:e0:8c, 2015-01-01 00:18:28.010, 1.014, -0.123, -0.043, 0.183, -0.183, 0, -110.638, -82.672, -104.013, -25.293, -5.540, -4.453, 23.42, -0.16568, -0.67612, 0.25592, -0.67068,
 11:05:32.480,e3:ca:2d:fd:e0:8c, 2015-01-01 00:18:28.010, 1.012, -0.123, -0.042, 0.305, -0.244, 0, -110.654, -82.672, -103.986, -25.293, -5.540, -4.453, 23.42, -0.16568, -0.67612, 0.25592, -0.67068,
 11:05:32.498,ed:35:33:d3:6c:f8, 2015-01-01 00:18:31.065, 0.83, -0.035, 0.548, 0.916, 0.549, 0.366, -3.697, -56.887, -164.493, -23.013, -8.187, -12.760, 30.25, -0.10284, 0.47696, 0.03595, 0.8721,
 11:05:32.498,ed:35:33:d3:6c:f8, 2015-01-01 00:18:31.065, 0.831, -0.034, 0.551, 1.343, 0.183, 0.183, -3.68, -56.882, -164.509, -23.013, -8.187, -12.760, 30.25, -0.10284, 0.47696, 0.03595, 0.8721,
 11:05:32.500,f6:90:cc:01:6d:25, 2015-01-01 00:18:30.490, 0.984, -0.059, 0.004, 0.366, 0.244, -0.183, -84.402, -86.649, -70.829, -28.460, -6.920, 3.580, 29.21, 0.17209, -0.69278, -0.13104, -0.68787,
 11:05:32.500,f6:90:cc:01:6d:25, 2015-01-01 00:18:30.490, 0.986, -0.059, 0.004, 0.366, -0.061, -0.122, -84.452, -86.649, -70.763, -28.460, -6.920, 3.580, 29.21, 0.17209, -0.69278, -0.13104, -0.68787,
 11:05:32.523,ed:40:fe:65:30:6c, 2015-01-01 00:18:27.790, 0.888, 0.046, 0.47, 1.038, 0.366, 0.061, 5.345, -62.545, -116.208, -26.840, -7.453, 5.440, 25.07, 0.47137, -0.42014, -0.3082, -0.71149,
 11:05:32.523,ed:40:fe:65:30:6c, 2015-01-01 00:18:27.790, 0.886, 0.047, 0.469, 1.038, 0.122, 0, 5.367, -62.54, -116.213, -26.840, -7.453, 5.440, 25.07, 0.47137, -0.42014, -0.3082, -0.71149,
 11:05:32.525,e3:ca:2d:fd:e0:8c, 2015-01-01 00:18:28.010, 1.011, -0.122, -0.041, 0.183, -0.122, 0, -110.671, -82.672, -103.953, -25.293, -5.540, -4.453, 23.42, -0.16492, -0.6763, 0.2551, -0.67099,
 11:05:32.525,e3:ca:2d:fd:e0:8c, 2015-01-01 00:18:28.010, 1.011, -0.121, -0.04, 0.122, -0.244, 0, -110.676, -82.672, -103.931, -25.293, -5.540, -4.453, 23.42, -0.16492, -0.6763, 0.2551, -0.67099,
 11:05:32.544,f6:90:cc:01:6d:25, 2015-01-01 00:18:30.490, 0.983, -0.058, 0.004, 0.183, -0.244, -0.061, -84.562, -86.649, -70.637, -28.460, -6.920, 3.580, 29.21, 0.17209, -0.69278, -0.13104, -0.68787,
 11:05:32.544,f6:90:cc:01:6d:25, 2015-01-01 00:18:30.490, 0.984, -0.058, 0.005, 0.122, -0.122, 0, -84.628, -86.649, -70.549, -28.460, -6.920, 3.580, 29.21, 0.17209, -0.69278, -0.13104, -0.68787,
 11:05:32.544,ed:35:33:d3:6c:f8, 2015-01-01 00:18:31.065, 0.828, -0.032, 0.547, 1.404, -0.183, 0.061, -3.658, -56.876, -164.553, -23.013, -8.187, -12.760, 30.25, -0.10303, 0.47543, 0.03613, 0.87289,
 11:05:32.544,ed:35:33:d3:6c:f8, 2015-01-01 00:18:31.065, 0.832, -0.034, 0.543, 0.732, -0.183, 0, -3.636, -56.882, -164.559, -23.013, -8.187, -12.760, 30.25, -0.10303, 0.47543, 0.03613, 0.87289,
 11:05:32.545,ed:40:fe:65:30:6c, 2015-01-01 00:18:27.790, 0.887, 0.046, 0.465, 0.793, 0, 0, 5.383, -62.534, -116.224, -26.380, -7.693, 5.087, 25.07, 0.47137, -0.42014, -0.3082, -0.71149,
 11:05:32.545,ed:40:fe:65:30:6c, 2015-01-01 00:18:27.790, 0.888, 0.048, 0.463, 0.305, -0.061, -0.122, 5.4, -62.529, -116.235, -26.380, -7.693, 5.087, 25.07, 0.47137, -0.42014, -0.3082, -0.71149,
 11:05:32.568,f6:90:cc:01:6d:25, 2015-01-01 00:18:30.870, 0.984, -0.058, 0.004, 0.061, -0.061, 0, -84.65, -86.649, -70.499, -28.460, -6.920, 3.580, 29.21, 0.17209, -0.69278, -0.13104, -0.68787,
 11:05:32.568,f6:90:cc:01:6d:25, 2015-01-01 00:18:30.870, 0.985, -0.058, 0, -0.061, -0.122, 0, -84.694, -86.649, -70.428, -28.460, -6.920, 3.580, 29.21, 0.17209, -0.69278, -0.13104, -0.68787,
 11:05:32.569,e3:ca:2d:fd:e0:8c, 2015-01-01 00:18:28.320, 1.012, -0.12, -0.042, 0.183, -0.244, 0, -110.693, -82.672, -103.892, -25.293, -5.540, -4.453, 23.42, -0.16492, -0.6763, 0.2551, -0.67099,
 11:05:32.569,e3:ca:2d:fd:e0:8c, 2015-01-01 00:18:28.320, 1.014, -0.121, -0.043, 0, -0.366, 0, -110.715, -82.667, -103.848, -25.293, -5.540, -4.453, 23.42, -0.16492, -0.6763, 0.2551, -0.67099,
 11:05:32.588,ed:35:33:d3:6c:f8, 2015-01-01 00:18:31.065, 0.83, -0.029, 0.542, 0.488, -0.183, -0.183, -3.62, -56.882, -164.581, -23.013, -8.187, -12.760, 30.25, -0.10303, 0.47543, 0.03613, 0.87289,
 11:05:32.588,ed:35:33:d3:6c:f8, 2015-01-01 00:18:31.065, 0.831, -0.028, 0.542, 0, 0.122, 0, -3.615, -56.882, -164.592, -23.013, -8.187, -12.760, 30.25, -0.10303, 0.47543, 0.03613, 0.87289,
 11:05:32.592,e3:ca:2d:fd:e0:8c, 2015-01-01 00:18:28.320, 1.014, -0.123, -0.047, -0.183, -0.366, 0, -110.759, -82.667, -103.793, -25.293, -5.540, -4.453, 23.42, -0.16492, -0.6763, 0.2551, -0.67099,
 11:05:32.592,e3:ca:2d:fd:e0:8c, 2015-01-01 00:18:28.320, 1.013, -0.123, -0.046, -0.122, -0.305, 0, -110.797, -82.667, -103.749, -25.293, -5.540, -4.453, 23.42, -0.16492, -0.6763, 0.2551, -0.67099,
 11:05:32.612,f6:90:cc:01:6d:25, 2015-01-01 00:18:30.870, 0.984, -0.058, 0, 0, -0.244, 0, -84.771, -86.649, -70.334, -28.460, -6.920, 3.580, 29.21, 0.17209, -0.69278, -0.13104, -0.68787,
 11:05:32.612,f6:90:cc:01:6d:25, 2015-01-01 00:18:30.870, 0.983, -0.058, 0, -0.183, -0.244, 0.061, -84.886, -86.649, -70.208, -28.460, -6.920, 3.580, 29.21, 0.17209, -0.69278, -0.13104, -0.68787,
 11:05:32.612,ed:35:33:d3:6c:f8, 2015-01-01 00:18:31.425, 0.832, -0.032, 0.544, -0.854, 0.427, 0.305, -3.62, -56.871, -164.614, -23.013, -8.187, -12.760, 30.25, -0.10303, 0.47543, 0.03613, 0.87289,
 11:05:32.612,ed:35:33:d3:6c:f8, 2015-01-01 00:18:31.425, 0.831, -0.036, 0.544, -0.793, 0.183, 0.244, -3.642, -56.865, -164.652, -23.013, -8.187, -12.760, 30.25, -0.10303, 0.47543, 0.03613, 0.87289,
 11:05:32.614,ed:40:fe:65:30:6c, 2015-01-01 00:18:27.790, 0.889, 0.05, 0.462, 0.183, -0.122, -0.183, 5.416, -62.529, -116.252, -26.380, -7.693, 5.087, 25.07, 0.47137, -0.42014, -0.3082, -0.71149,
 11:05:32.614,ed:40:fe:65:30:6c, 2015-01-01 00:18:27.790, 0.889, 0.047, 0.464, -0.366, -0.061, 0.244, 5.416, -62.529, -116.263, -26.380, -7.693, 5.087, 25.07, 0.47137, -0.42014, -0.3082, -0.71149,
 11:05:32.633,ed:35:33:d3:6c:f8, 2015-01-01 00:18:31.425, 0.831, -0.034, 0.544, -0.61, -0.122, 0, -3.658, -56.865, -164.68, -23.013, -8.187, -12.760, 30.25, -0.10303, 0.47543, 0.03613, 0.87289,
 11:05:32.633,ed:35:33:d3:6c:f8, 2015-01-01 00:18:31.425, 0.833, -0.036, 0.542, -0.366, -0.488, -0.061, -3.664, -56.871, -164.702, -23.013, -8.187, -12.760, 30.25, -0.10303, 0.47543, 0.03613, 0.87289,
 11:05:32.636,ed:40:fe:65:30:6c, 2015-01-01 00:18:27.790, 0.89, 0.044, 0.464, -0.61, -0.183, 0.305, 5.4, -62.529, -116.263, -26.380, -7.693, 5.087, 25.07, 0.47153, -0.41898, -0.30789, -0.71216,
 11:05:32.636,ed:40:fe:65:30:6c, 2015-01-01 00:18:27.790, 0.888, 0.046, 0.464, -0.549, -0.427, 0.122, 5.389, -62.529, -116.263, -26.380, -7.693, 5.087, 25.07, 0.47153, -0.41898, -0.30789, -0.71216,
 11:05:32.637,e3:ca:2d:fd:e0:8c, 2015-01-01 00:18:28.320, 1.013, -0.122, -0.046, 0, -0.244, 0, -110.825, -82.661, -103.705, -25.293, -5.540, -4.453, 23.42, -0.16492, -0.6763, 0.2551, -0.67099,
 11:05:32.637,e3:ca:2d:fd:e0:8c, 2015-01-01 00:18:28.320, 1.014, -0.122, -0.045, 0, -0.305, 0, -110.858, -82.661, -103.667, -25.293, -5.540, -4.453, 23.42, -0.16492, -0.6763, 0.2551, -0.67099,
 11:05:32.657,f6:90:cc:01:6d:25, 2015-01-01 00:18:30.870, 0.986, -0.058, 0.001, -0.061, -0.183, 0, -85.001, -86.644, -70.087, -28.460, -6.920, 3.580, 29.21, 0.17209, -0.69278, -0.13104, -0.68787,
 11:05:32.657,f6:90:cc:01:6d:25, 2015-01-01 00:18:30.870, 0.985, -0.06, 0.001, -0.061, -0.122, 0, -85.095, -86.644, -69.988, -28.460, -6.920, 3.580, 29.21, 0.17209, -0.69278, -0.13104, -0.68787,
 11:05:32.658,ed:40:fe:65:30:6c, 2015-01-01 00:18:27.790, 0.891, 0.044, 0.463, -0.427, -0.488, -0.061, 5.383, -62.54, -116.274, -26.380, -7.693, 5.087, 25.07, 0.47153, -0.41898, -0.30789, -0.71216,
 11:05:32.658,ed:40:fe:65:30:6c, 2015-01-01 00:18:27.790, 0.891, 0.044, 0.461, -0.244, -0.671, -0.122, 5.383, -62.545, -116.29, -26.380, -7.693, 5.087, 25.07, 0.47153, -0.41898, -0.30789, -0.71216,
 11:05:32.678,ed:35:33:d3:6c:f8, 2015-01-01 00:18:31.425, 0.833, -0.035, 0.542, -0.122, -0.549, -0.183, -3.664, -56.882, -164.713, -23.013, -8.187, -12.760, 30.25, -0.10303, 0.47543, 0.03613, 0.87289,
 11:05:32.678,ed:35:33:d3:6c:f8, 2015-01-01 00:18:31.425, 0.834, -0.035, 0.541, 0, -0.366, -0.183, -3.658, -56.887, -164.734, -23.013, -8.187, -12.760, 30.25, -0.10303, 0.47543, 0.03613, 0.87289,
 11:05:32.680,f6:90:cc:01:6d:25, 2015-01-01 00:18:30.870, 0.985, -0.06, 0, 0, -0.244, 0, -85.182, -86.644, -69.895, -28.460, -6.920, 3.580, 29.21, 0.17209, -0.69278, -0.13104, -0.68787,
 11:05:32.680,f6:90:cc:01:6d:25, 2015-01-01 00:18:30.870, 0.985, -0.061, 0, -0.061, -0.244, -0.061, -85.303, -86.644, -69.774, -28.460, -6.920, 3.580, 29.21, 0.17209, -0.69278, -0.13104, -0.68787,
 11:05:32.682,e3:ca:2d:fd:e0:8c, 2015-01-01 00:18:28.320, 1.014, -0.123, -0.046, 0, -0.427, 0, -110.901, -82.661, -103.612, -25.293, -5.540, -4.453, 23.42, -0.16492, -0.6763, 0.2551, -0.67099,
 11:05:32.682,e3:ca:2d:fd:e0:8c, 2015-01-01 00:18:28.320, 1.013, -0.123, -0.044, 0, -0.427, 0, -110.956, -82.656, -103.552, -25.293, -5.540, -4.453, 23.42, -0.16492, -0.6763, 0.2551, -0.67099,
 11:05:32.724,ed:35:33:d3:6c:f8, 2015-01-01 00:18:31.425, 0.834, -0.035, 0.541, 0, -0.244, -0.061, -3.653, -56.893, -164.767, -23.013, -8.187, -12.760, 30.25, -0.10303, 0.47543, 0.03613, 0.87289,
 11:05:32.724,ed:35:33:d3:6c:f8, 2015-01-01 00:18:31.425, 0.835, -0.036, 0.54, 0, -0.305, 0.061, -3.653, -56.898, -164.8, -23.013, -8.187, -12.760, 30.25, -0.10303, 0.47543, 0.03613, 0.87289,
 11:05:32.725,ed:40:fe:65:30:6c, 2015-01-01 00:18:27.790, 0.892, 0.044, 0.462, 0, -0.671, -0.122, 5.389, -62.556, -116.307, -26.380, -7.693, 5.087, 25.07, 0.47153, -0.41898, -0.30789, -0.71216,
 11:05:32.725,ed:40:fe:65:30:6c, 2015-01-01 00:18:27.790, 0.891, 0.044, 0.461, 0.061, -0.671, -0.122, 5.4, -62.567, -116.323, -26.380, -7.693, 5.087, 25.07, 0.47153, -0.41898, -0.30789, -0.71216,
 11:05:32.727,e3:ca:2d:fd:e0:8c, 2015-01-01 00:18:28.320, 1.013, -0.123, -0.045, 0, -0.366, 0, -111, -82.656, -103.491, -25.293, -5.540, -4.453, 23.42, -0.16492, -0.6763, 0.2551, -0.67099,
 11:05:32.727,e3:ca:2d:fd:e0:8c, 2015-01-01 00:18:28.320, 1.014, -0.122, -0.045, 0, -0.183, 0, -111.033, -82.65, -103.453, -25.293, -5.540, -4.453, 23.42, -0.16492, -0.6763, 0.2551, -0.67099,
 11:05:32.746,ed:35:33:d3:6c:f8, 2015-01-01 00:18:31.425, 0.835, -0.034, 0.54, 0, -0.366, 0.122, -3.658, -56.904, -164.833, -23.013, -8.187, -12.760, 30.25, -0.10303, 0.47543, 0.03613, 0.87289,
 11:05:32.746,ed:35:33:d3:6c:f8, 2015-01-01 00:18:31.425, 0.835, -0.033, 0.54, -0.122, -0.366, 0.183, -3.664, -56.909, -164.844, -23.013, -8.187, -12.760, 30.25, -0.10303, 0.47543, 0.03613, 0.87289,
 11:05:32.748,f6:90:cc:01:6d:25, 2015-01-01 00:18:30.870, 0.986, -0.06, -0.001, 0.061, -0.244, 0, -85.424, -86.644, -69.648, -28.460, -6.920, 3.580, 29.21, 0.17209, -0.69278, -0.13104, -0.68787,
 11:05:32.748,f6:90:cc:01:6d:25, 2015-01-01 00:18:30.870, 0.985, -0.059, 0, 0.122, -0.183, 0, -85.545, -86.644, -69.532, -28.460, -6.920, 3.580, 29.21, 0.17209, -0.69278, -0.13104, -0.68787,
 11:05:32.748,ed:40:fe:65:30:6c, 2015-01-01 00:18:28.170, 0.893, 0.043, 0.461, 0.122, -0.61, 0, 5.411, -62.578, -116.34, -26.380, -7.693, 5.087, 25.07, 0.47153, -0.41898, -0.30789, -0.71216,
 11:05:32.748,ed:40:fe:65:30:6c, 2015-01-01 00:18:28.170, 0.893, 0.044, 0.459, 0.122, -0.61, 0, 5.416, -62.589, -116.351, -26.380, -7.693, 5.087, 25.07, 0.47153, -0.41898, -0.30789, -0.71216,
 11:05:32.750,e3:ca:2d:fd:e0:8c, 2015-01-01 00:18:28.320, 1.014, -0.123, -0.045, 0.061, 0, 0, -111.033, -82.65, -103.436, -25.140, -5.353, -4.380, 23.42, -0.16492, -0.6763, 0.2551, -0.67099,
 11:05:32.750,e3:ca:2d:fd:e0:8c, 2015-01-01 00:18:28.320, 1.013, -0.122, -0.045, 0.061, -0.061, 0, -111.028, -82.65, -103.436, -25.140, -5.353, -4.380, 23.42, -0.16492, -0.6763, 0.2551, -0.67099,
 11:05:32.770,f6:90:cc:01:6d:25, 2015-01-01 00:18:30.870, 0.986, -0.06, 0, 0.122, -0.061, -0.305, -85.633, -86.649, -69.439, -28.633, -6.487, 3.920, 29.21, 0.17209, -0.69278, -0.13104, -0.68787,
 11:05:32.770,f6:90:cc:01:6d:25, 2015-01-01 00:18:30.870, 0.985, -0.058, 0.001, 0.122, 0.061, -0.244, -85.677, -86.649, -69.401, -28.633, -6.487, 3.920, 29.21, 0.17209, -0.69278, -0.13104, -0.68787,
 11:05:32.793,ed:35:33:d3:6c:f8, 2015-01-01 00:18:31.425, 0.834, -0.033, 0.54, 0, -0.244, 0.183, -3.675, -56.915, -164.844, -23.013, -8.187, -12.760, 30.25, -0.10303, 0.47543, 0.03613, 0.87289,
 11:05:32.793,ed:35:33:d3:6c:f8, 2015-01-01 00:18:31.425, 0.834, -0.032, 0.541, 0.061, 0, 0.183, -3.675, -56.92, -164.828, -23.013, -8.187, -12.760, 30.25, -0.10303, 0.47543, 0.03613, 0.87289,
 11:05:32.795,e3:ca:2d:fd:e0:8c, 2015-01-01 00:18:28.320, 1.012, -0.123, -0.046, 0.061, -0.122, 0, -111.033, -82.65, -103.42, -25.140, -5.353, -4.380, 23.42, -0.16492, -0.6763, 0.2551, -0.67099,
 11:05:32.795,e3:ca:2d:fd:e0:8c, 2015-01-01 00:18:28.320, 1.012, -0.124, -0.045, 0.122, -0.244, 0, -111.044, -82.65, -103.392, -25.140, -5.353, -4.380, 23.42, -0.16492, -0.6763, 0.2551, -0.67099,
 11:05:32.814,f6:90:cc:01:6d:25, 2015-01-01 00:18:30.870, 0.984, -0.06, 0.001, 0.061, 0.122, -0.122, -85.688, -86.655, -69.39, -28.633, -6.487, 3.920, 29.21, 0.17209, -0.69278, -0.13104, -0.68787,
 11:05:32.814,f6:90:cc:01:6d:25, 2015-01-01 00:18:30.870, 0.984, -0.06, 0.001, 0.183, 0, -0.061, -85.693, -86.655, -69.384, -28.633, -6.487, 3.920, 29.21, 0.17209, -0.69278, -0.13104, -0.68787,
 11:05:32.816,ed:40:fe:65:30:6c, 2015-01-01 00:18:28.170, 0.892, 0.045, 0.46, 0.061, -0.671, 0.122, 5.416, -62.6, -116.356, -26.380, -7.693, 5.087, 25.07, 0.47153, -0.41898, -0.30789, -0.71216,
 11:05:32.816,ed:40:fe:65:30:6c, 2015-01-01 00:18:28.170, 0.892, 0.046, 0.459, 0.061, -0.549, 0.122, 5.422, -62.611, -116.367, -26.380, -7.693, 5.087, 25.07, 0.47153, -0.41898, -0.30789, -0.71216,
 11:05:32.840,e3:ca:2d:fd:e0:8c, 2015-01-01 00:18:28.320, 1.013, -0.122, -0.045, 0.122, -0.305, 0, -111.077, -82.645, -103.354, -25.140, -5.353, -4.380, 23.42, -0.16376, -0.67697, 0.25415, -0.67096,
 11:05:32.840,e3:ca:2d:fd:e0:8c, 2015-01-01 00:18:28.320, 1.013, -0.121, -0.045, 0, -0.183, 0, -111.099, -82.645, -103.321, -25.140, -5.353, -4.380, 23.42, -0.16376, -0.67697, 0.25415, -0.67096,
 11:05:32.859,ed:35:33:d3:6c:f8, 2015-01-01 00:18:31.425, 0.833, -0.034, 0.54, 0.061, 0, 0.183, -3.68, -56.92, -164.806, -22.900, -7.707, -12.520, 30.25, -0.10303, 0.47543, 0.03613, 0.87289,
 11:05:32.859,ed:35:33:d3:6c:f8, 2015-01-01 00:18:31.425, 0.834, -0.034, 0.54, 0, -0.061, 0.122, -3.68, -56.92, -164.806, -22.900, -7.707, -12.520, 30.25, -0.10303, 0.47543, 0.03613, 0.87289,
 11:05:32.861,ed:40:fe:65:30:6c, 2015-01-01 00:18:28.170, 0.893, 0.047, 0.46, 0.122, -0.427, 0.061, 5.422, -62.622, -116.373, -26.380, -7.693, 5.087, 25.07, 0.47153, -0.41898, -0.30789, -0.71216,
 11:05:32.861,ed:40:fe:65:30:6c, 2015-01-01 00:18:28.170, 0.892, 0.046, 0.46, 0.183, -0.305, 0.122, 5.427, -62.628, -116.378, -26.380, -7.693, 5.087, 25.07, 0.47153, -0.41898, -0.30789, -0.71216,
 11:05:32.882,f6:90:cc:01:6d:25, 2015-01-01 00:18:30.870, 0.984, -0.058, -0.001, 0.122, -0.122, -0.122, -85.737, -86.655, -69.34, -28.633, -6.487, 3.920, 29.21, 0.17285, -0.69305, -0.13205, -0.68719,
 11:05:32.882,f6:90:cc:01:6d:25, 2015-01-01 00:18:30.870, 0.987, -0.057, 0, 0, 0.061, -0.183, -85.803, -86.655, -69.28, -28.633, -6.487, 3.920, 29.21, 0.17285, -0.69305, -0.13205, -0.68719,
 11:05:32.882,ed:35:33:d3:6c:f8, 2015-01-01 00:18:31.425, 0.836, -0.033, 0.539, 0, -0.183, 0.183, -3.686, -56.926, -164.817, -22.900, -7.707, -12.520, 30.25, -0.10083, 0.47586, 0.03485, 0.87296,
 11:05:32.882,ed:35:33:d3:6c:f8, 2015-01-01 00:18:31.425, 0.834, -0.03, 0.541, 0, 0, 0.061, -3.691, -56.926, -164.844, -22.900, -7.707, -12.520, 30.25, -0.10083, 0.47586, 0.03485, 0.87296,
 11:05:32.883,ed:40:fe:65:30:6c, 2015-01-01 00:18:28.170, 0.891, 0.046, 0.46, 0.061, -0.122, 0.061, 5.427, -62.628, -116.384, -26.380, -7.693, 5.087, 25.07, 0.47153, -0.41898, -0.30789, -0.71216,
 11:05:32.883,ed:40:fe:65:30:6c, 2015-01-01 00:18:28.170, 0.893, 0.045, 0.457, 0, 0, 0.122, 5.427, -62.628, -116.389, -26.380, -7.693, 5.087, 25.07, 0.47153, -0.41898, -0.30789, -0.71216,
 11:05:32.885,e3:ca:2d:fd:e0:8c, 2015-01-01 00:18:28.635, 1.015, -0.121, -0.044, -0.061, 0.061, 0, -111.099, -82.645, -103.31, -25.140, -5.353, -4.380, 23.42, -0.16376, -0.67697, 0.25415, -0.67096,
 11:05:32.885,e3:ca:2d:fd:e0:8c, 2015-01-01 00:18:28.635, 1.013, -0.123, -0.044, -0.122, 0, 0, -111.088, -82.645, -103.315, -25.140, -5.353, -4.380, 23.42, -0.16376, -0.67697, 0.25415, -0.67096,
 11:05:32.906,f6:90:cc:01:6d:25, 2015-01-01 00:18:31.205, 0.986, -0.057, 0.002, -0.122, 0.122, 0, -85.82, -86.66, -69.274, -28.633, -6.487, 3.920, 29.21, 0.17285, -0.69305, -0.13205, -0.68719,
 11:05:32.906,f6:90:cc:01:6d:25, 2015-01-01 00:18:31.205, 0.984, -0.062, 0.001, 0, 0.244, -0.061, -85.809, -86.66, -69.291, -28.633, -6.487, 3.920, 29.21, 0.17285, -0.69305, -0.13205, -0.68719,
 11:05:32.906,ed:40:fe:65:30:6c, 2015-01-01 00:18:28.170, 0.893, 0.048, 0.461, 0, 0, 0.122, 5.427, -62.628, -116.389, -26.380, -7.693, 5.087, 25.07, 0.47153, -0.41898, -0.30789, -0.71216,
 11:05:32.906,ed:40:fe:65:30:6c, 2015-01-01 00:18:28.170, 0.89, 0.046, 0.458, 0, 0.183, 0.122, 5.427, -62.628, -116.395, -26.380, -7.693, 5.087, 25.07, 0.47153, -0.41898, -0.30789, -0.71216,
 11:05:32.926,f6:90:cc:01:6d:25, 2015-01-01 00:18:31.205, 0.986, -0.058, 0, 0.122, 0.244, -0.244, -85.759, -86.66, -69.34, -28.633, -6.487, 3.920, 29.21, 0.17285, -0.69305, -0.13205, -0.68719,
 11:05:32.926,f6:90:cc:01:6d:25, 2015-01-01 00:18:31.205, 0.988, -0.053, 0, 0, 0.183, -0.061, -85.726, -86.66, -69.384, -28.633, -6.487, 3.920, 29.21, 0.17285, -0.69305, -0.13205, -0.68719,
 11:05:32.926,ed:35:33:d3:6c:f8, 2015-01-01 00:18:31.425, 0.832, -0.036, 0.537, -0.122, 0.244, 0.366, -3.697, -56.926, -164.872, -22.900, -7.707, -12.520, 30.25, -0.10083, 0.47586, 0.03485, 0.87296,
 11:05:32.926,ed:35:33:d3:6c:f8, 2015-01-01 00:18:31.425, 0.837, -0.037, 0.542, -0.244, 0.488, 0.366, -3.713, -56.915, -164.894, -22.900, -7.707, -12.520, 30.25, -0.10083, 0.47586, 0.03485, 0.87296,
 11:05:32.930,e3:ca:2d:fd:e0:8c, 2015-01-01 00:18:28.635, 1.011, -0.122, -0.045, 0, -0.061, 0, -111.083, -82.645, -103.31, -25.140, -5.353, -4.380, 23.42, -0.16376, -0.67697, 0.25415, -0.67096,
 11:05:32.930,e3:ca:2d:fd:e0:8c, 2015-01-01 00:18:28.635, 1.016, -0.12, -0.046, 0, -0.122, 0, -111.088, -82.645, -103.293, -25.140, -5.353, -4.380, 23.42, -0.16376, -0.67697, 0.25415, -0.67096,
 11:05:32.948,ed:35:33:d3:6c:f8, 2015-01-01 00:18:31.780, 0.836, -0.029, 0.543, 0.366, 0.366, -0.305, -3.702, -56.909, -164.91, -22.900, -7.707, -12.520, 30.25, -0.10083, 0.47586, 0.03485, 0.87296,
 11:05:32.948,ed:35:33:d3:6c:f8, 2015-01-01 00:18:31.780, 0.835, -0.029, 0.542, 0.305, 0.183, -0.061, -3.686, -56.904, -164.905, -22.900, -7.707, -12.520, 30.25, -0.10083, 0.47586, 0.03485, 0.87296,
 11:05:32.950,ed:40:fe:65:30:6c, 2015-01-01 00:18:28.170, 0.893, 0.042, 0.459, -0.061, 0.305, 0.427, 5.416, -62.622, -116.389, -26.380, -7.693, 5.087, 25.07, 0.47153, -0.41898, -0.30789, -0.71216,
 11:05:32.950,ed:40:fe:65:30:6c, 2015-01-01 00:18:28.170, 0.895, 0.049, 0.462, -0.183, 0.427, 0, 5.405, -62.617, -116.384, -26.380, -7.693, 5.087, 25.07, 0.47153, -0.41898, -0.30789, -0.71216,
 11:05:32.951,e3:ca:2d:fd:e0:8c, 2015-01-01 00:18:28.635, 1.016, -0.121, -0.046, -0.061, -0.122, 0, -111.099, -82.645, -103.277, -25.140, -5.353, -4.380, 23.42, -0.16376, -0.67697, 0.25415, -0.67096,
 11:05:32.952,e3:ca:2d:fd:e0:8c, 2015-01-01 00:18:28.635, 1.016, -0.12, -0.047, 0, 0.183, 0, -111.088, -82.645, -103.282, -25.140, -5.353, -4.380, 23.42, -0.16376, -0.67697, 0.25415, -0.67096,
 11:05:32.974,f6:90:cc:01:6d:25, 2015-01-01 00:18:31.205, 0.987, -0.056, -0.005, -0.061, 0.183, 0, -85.704, -86.66, -69.412, -28.633, -6.487, 3.920, 29.21, 0.17285, -0.69305, -0.13205, -0.68719,
 11:05:32.974,f6:90:cc:01:6d:25, 2015-01-01 00:18:31.205, 0.986, -0.061, -0.001, 0.061, 0.244, 0, -85.688, -86.66, -69.45, -28.633, -6.487, 3.920, 29.21, 0.17285, -0.69305, -0.13205, -0.68719,
 11:05:32.974,ed:40:fe:65:30:6c, 2015-01-01 00:18:28.170, 0.895, 0.053, 0.46, 0.244, 0.305, -0.183, 5.416, -62.606, -116.395, -26.593, -7.660, 5.753, 25.07, 0.47153, -0.41898, -0.30789, -0.71216,
 11:05:32.974,ed:40:fe:65:30:6c, 2015-01-01 00:18:28.170, 0.891, 0.046, 0.461, 0.061, 0.366, 0.183, 5.422, -62.6, -116.4, -26.593, -7.660, 5.753, 25.07, 0.47153, -0.41898, -0.30789, -0.71216,
 11:05:32.997,e3:ca:2d:fd:e0:8c, 2015-01-01 00:18:28.635, 1.013, -0.122, -0.046, 0.061, 0.244, 0, -111.05, -82.65, -103.315, -25.140, -5.353, -4.380, 23.42, -0.16376, -0.67697, 0.25415, -0.67096,
 11:05:32.997,e3:ca:2d:fd:e0:8c, 2015-01-01 00:18:28.635, 1.01, -0.121, -0.046, 0.122, 0.122, 0, -111.017, -82.65, -103.343, -25.140, -5.353, -4.380, 23.42, -0.16376, -0.67697, 0.25415, -0.67096,
 11:05:33.016,f6:90:cc:01:6d:25, 2015-01-01 00:18:31.205, 0.984, -0.058, 0, 0.427, 0.244, -0.122, -85.655, -86.66, -69.5, -28.633, -6.487, 3.920, 29.21, 0.17285, -0.69305, -0.13205, -0.68719,
 11:05:33.016,f6:90:cc:01:6d:25, 2015-01-01 00:18:31.205, 0.981, -0.057, 0.001, 0.427, 0.366, -0.183, -85.589, -86.666, -69.576, -28.633, -6.487, 3.920, 29.21, 0.17285, -0.69305, -0.13205, -0.68719,
 11:05:33.016,ed:35:33:d3:6c:f8, 2015-01-01 00:18:31.780, 0.833, -0.035, 0.542, 0, 0.183, 0.122, -3.686, -56.904, -164.905, -22.900, -7.707, -12.520, 30.25, -0.10083, 0.47586, 0.03485, 0.87296,
 11:05:33.016,ed:35:33:d3:6c:f8, 2015-01-01 00:18:31.780, 0.831, -0.034, 0.541, 0.244, 0.061, 0.183, -3.686, -56.904, -164.905, -22.900, -7.707, -12.520, 30.25, -0.10083, 0.47586, 0.03485, 0.87296,
 11:05:33.018,ed:40:fe:65:30:6c, 2015-01-01 00:18:28.170, 0.889, 0.044, 0.46, 0.122, 0.305, 0.305, 5.416, -62.595, -116.4, -26.593, -7.660, 5.753, 25.07, 0.47153, -0.41898, -0.30789, -0.71216,
 11:05:33.018,ed:40:fe:65:30:6c, 2015-01-01 00:18:28.170, 0.887, 0.046, 0.461, 0.183, 0.244, 0.244, 5.416, -62.589, -116.395, -26.593, -7.660, 5.753, 25.07, 0.47153, -0.41898, -0.30789, -0.71216,
 11:05:33.038,ed:35:33:d3:6c:f8, 2015-01-01 00:18:31.780, 0.83, -0.033, 0.541, 0.122, 0.061, 0.244, -3.686, -56.904, -164.866, -22.900, -7.707, -12.520, 30.25, -0.10083, 0.47586, 0.03485, 0.87296,
 11:05:33.038,ed:35:33:d3:6c:f8, 2015-01-01 00:18:31.780, 0.83, -0.035, 0.542, 0.122, 0.122, 0.305, -3.691, -56.898, -164.828, -22.900, -7.707, -12.520, 30.25, -0.10083, 0.47586, 0.03485, 0.87296,
 11:05:33.039,f6:90:cc:01:6d:25, 2015-01-01 00:18:31.205, 0.981, -0.058, 0.001, 0.061, 0.427, -0.122, -85.496, -86.666, -69.681, -28.633, -6.487, 3.920, 29.21, 0.17285, -0.69305, -0.13205, -0.68719,
 11:05:33.039,f6:90:cc:01:6d:25, 2015-01-01 00:18:31.205, 0.983, -0.061, 0, 0, 0.244, -0.061, -85.43, -86.666, -69.769, -28.633, -6.487, 3.920, 29.21, 0.17285, -0.69305, -0.13205, -0.68719,
 11:05:33.041,ed:40:fe:65:30:6c, 2015-01-01 00:18:28.170, 0.886, 0.046, 0.461, 0.122, 0.183, 0.244, 5.411, -62.584, -116.389, -26.593, -7.660, 5.753, 25.07, 0.47064, -0.41968, -0.30774, -0.71243,
 11:05:33.041,ed:40:fe:65:30:6c, 2015-01-01 00:18:28.170, 0.887, 0.045, 0.463, 0.061, 0.183, 0.244, 5.405, -62.584, -116.384, -26.593, -7.660, 5.753, 25.07, 0.47064, -0.41968, -0.30774, -0.71243,
 11:05:33.045,e3:ca:2d:fd:e0:8c, 2015-01-01 00:18:28.635, 1.01, -0.121, -0.046, 0, 0, 0, -111.006, -82.65, -103.348, -25.140, -5.353, -4.380, 23.42, -0.16376, -0.67697, 0.25415, -0.67096,
 11:05:33.045,e3:ca:2d:fd:e0:8c, 2015-01-01 00:18:28.635, 1.011, -0.124, -0.046, 0, -0.183, 0, -111.017, -82.65, -103.337, -25.140, -5.353, -4.380, 23.42, -0.16376, -0.67697, 0.25415, -0.67096,
 11:05:33.085,ed:35:33:d3:6c:f8, 2015-01-01 00:18:31.780, 0.832, -0.037, 0.542, 0.122, 0.061, 0.244, -3.697, -56.898, -164.789, -22.900, -7.707, -12.520, 30.25, -0.10083, 0.47586, 0.03485, 0.87296,
 11:05:33.085,ed:35:33:d3:6c:f8, 2015-01-01 00:18:31.780, 0.833, -0.035, 0.542, 0.244, 0, 0.061, -3.691, -56.898, -164.767, -22.900, -7.707, -12.520, 30.25, -0.10083, 0.47586, 0.03485, 0.87296,
 11:05:33.087,ed:40:fe:65:30:6c, 2015-01-01 00:18:28.170, 0.89, 0.045, 0.461, 0, 0.061, 0.122, 5.405, -62.578, -116.384, -26.593, -7.660, 5.753, 25.07, 0.47064, -0.41968, -0.30774, -0.71243,
 11:05:33.087,ed:40:fe:65:30:6c, 2015-01-01 00:18:28.170, 0.89, 0.046, 0.463, 0.061, 0.061, 0, 5.411, -62.578, -116.389, -26.593, -7.660, 5.753, 25.07, 0.47064, -0.41968, -0.30774, -0.71243,
 11:05:33.087,f6:90:cc:01:6d:25, 2015-01-01 00:18:31.205, 0.985, -0.059, 0.003, 0.061, 0.122, 0, -85.413, -86.666, -69.796, -28.633, -6.487, 3.920, 29.21, 0.17285, -0.69305, -0.13205, -0.68719,
 11:05:33.087,f6:90:cc:01:6d:25, 2015-01-01 00:18:31.205, 0.986, -0.057, 0.004, -0.061, 0.061, 0, -85.424, -86.666, -69.796, -28.633, -6.487, 3.920, 29.21, 0.17285, -0.69305, -0.13205, -0.68719,
 11:05:33.088,e3:ca:2d:fd:e0:8c, 2015-01-01 00:18:28.635, 1.012, -0.125, -0.043, 0, -0.061, 0, -111.028, -82.65, -103.315, -25.513, -4.840, -5.033, 23.42, -0.16376, -0.67697, 0.25415, -0.67096,
 11:05:33.088,e3:ca:2d:fd:e0:8c, 2015-01-01 00:18:28.635, 1.014, -0.123, -0.043, 0, 0, 0, -111.028, -82.65, -103.315, -25.513, -4.840, -5.033, 23.42, -0.16376, -0.67697, 0.25415, -0.67096,
 11:05:33.132,e3:ca:2d:fd:e0:8c, 2015-01-01 00:18:28.635, 1.013, -0.123, -0.042, 0, -0.122, 0, -111.028, -82.65, -103.304, -25.513, -4.840, -5.033, 23.42, -0.16306, -0.67722, 0.25348, -0.67111,
 11:05:33.132,e3:ca:2d:fd:e0:8c, 2015-01-01 00:18:28.635, 1.012, -0.123, -0.044, -0.061, -0.244, 0, -111.044, -82.65, -103.277, -25.513, -4.840, -5.033, 23.42, -0.16306, -0.67722, 0.25348, -0.67111,
 11:05:33.150,ed:35:33:d3:6c:f8, 2015-01-01 00:18:31.780, 0.833, -0.032, 0.543, 0.122, 0.183, 0.061, -3.691, -56.893, -164.74, -22.900, -7.707, -12.520, 30.25, -0.10083, 0.47586, 0.03485, 0.87296,
 11:05:33.150,ed:35:33:d3:6c:f8, 2015-01-01 00:18:31.780, 0.832, -0.033, 0.546, 0, 0.244, 0.122, -3.691, -56.893, -164.707, -22.900, -7.707, -12.520, 30.25, -0.10083, 0.47586, 0.03485, 0.87296,
 11:05:33.153,f6:90:cc:01:6d:25, 2015-01-01 00:18:31.205, 0.986, -0.059, 0.002, -0.244, 0.061, 0.122, -85.446, -86.666, -69.785, -28.980, -6.920, 3.640, 29.21, 0.17285, -0.69305, -0.13205, -0.68719,
 11:05:33.153,f6:90:cc:01:6d:25, 2015-01-01 00:18:31.205, 0.984, -0.061, 0.001, -0.305, 0.061, 0, -85.463, -86.66, -69.769, -28.980, -6.920, 3.640, 29.21, 0.17285, -0.69305, -0.13205, -0.68719,
 11:05:33.154,ed:40:fe:65:30:6c, 2015-01-01 00:18:28.575, 0.891, 0.047, 0.465, 0, 0.122, 0, 5.411, -62.573, -116.4, -26.593, -7.660, 5.753, 25.07, 0.47064, -0.41968, -0.30774, -0.71243,
 11:05:33.154,ed:40:fe:65:30:6c, 2015-01-01 00:18:28.575, 0.889, 0.045, 0.464, -0.061, 0, 0.061, 5.411, -62.573, -116.4, -26.593, -7.660, 5.753, 25.07, 0.47064, -0.41968, -0.30774, -0.71243,
 11:05:33.155,e3:ca:2d:fd:e0:8c, 2015-01-01 00:18:28.925, 1.012, -0.121, -0.042, -0.061, 0, 0, -111.05, -82.645, -103.26, -25.513, -4.840, -5.033, 23.42, -0.16306, -0.67722, 0.25348, -0.67111,
 11:05:33.155,e3:ca:2d:fd:e0:8c, 2015-01-01 00:18:28.925, 1.013, -0.122, -0.043, -0.122, 0.061, 0, -111.033, -82.645, -103.266, -25.513, -4.840, -5.033, 23.42, -0.16306, -0.67722, 0.25348, -0.67111,
 11:05:33.174,ed:35:33:d3:6c:f8, 2015-01-01 00:18:31.780, 0.832, -0.034, 0.542, -0.061, 0, 0.183, -3.697, -56.887, -164.702, -23.293, -7.807, -13.260, 30.25, -0.10083, 0.47586, 0.03485, 0.87296,
 11:05:33.174,ed:35:33:d3:6c:f8, 2015-01-01 00:18:31.780, 0.833, -0.037, 0.542, -0.061, -0.061, 0.244, -3.702, -56.887, -164.724, -23.293, -7.807, -13.260, 30.25, -0.10083, 0.47586, 0.03485, 0.87296,
 11:05:33.174,f6:90:cc:01:6d:25, 2015-01-01 00:18:31.205, 0.984, -0.059, 0.001, -0.183, 0.244, 0, -85.452, -86.66, -69.791, -28.980, -6.920, 3.640, 29.21, 0.17184, -0.69315, -0.13107, -0.68753,
 11:05:33.174,f6:90:cc:01:6d:25, 2015-01-01 00:18:31.205, 0.985, -0.057, 0.001, 0, 0.244, -0.122, -85.408, -86.66, -69.846, -28.980, -6.920, 3.640, 29.21, 0.17184, -0.69315, -0.13107, -0.68753,
 11:05:33.176,ed:40:fe:65:30:6c, 2015-01-01 00:18:28.575, 0.89, 0.043, 0.462, -0.183, 0, 0.244, 5.405, -62.567, -116.4, -26.593, -7.660, 5.753, 25.07, 0.47064, -0.41968, -0.30774, -0.71243,
 11:05:33.176,ed:40:fe:65:30:6c, 2015-01-01 00:18:28.575, 0.891, 0.044, 0.462, 0, 0, 0.183, 5.4, -62.567, -116.4, -26.593, -7.660, 5.753, 25.07, 0.47064, -0.41968, -0.30774, -0.71243,
 11:05:33.199,ed:40:fe:65:30:6c, 2015-01-01 00:18:28.575, 0.892, 0.045, 0.461, 0.244, -0.061, 0.183, 5.4, -62.567, -116.4, -26.593, -7.660, 5.753, 25.07, 0.47064, -0.41968, -0.30774, -0.71243,
 11:05:33.199,ed:40:fe:65:30:6c, 2015-01-01 00:18:28.575, 0.891, 0.044, 0.46, 0.061, 0, 0.244, 5.394, -62.567, -116.395, -26.593, -7.660, 5.753, 25.07, 0.47064, -0.41968, -0.30774, -0.71243,
 11:05:33.201,e3:ca:2d:fd:e0:8c, 2015-01-01 00:18:28.925, 1.014, -0.122, -0.045, -0.061, -0.061, 0, -111.022, -82.65, -103.26, -25.513, -4.840, -5.033, 23.42, -0.16306, -0.67722, 0.25348, -0.67111,
 11:05:33.201,e3:ca:2d:fd:e0:8c, 2015-01-01 00:18:28.925, 1.015, -0.123, -0.047, 0, -0.183, 0, -111.033, -82.645, -103.239, -25.513, -4.840, -5.033, 23.42, -0.16306, -0.67722, 0.25348, -0.67111,
 11:05:33.219,ed:35:33:d3:6c:f8, 2015-01-01 00:18:31.780, 0.834, -0.034, 0.542, 0.244, -0.183, 0.183, -3.702, -56.893, -164.751, -23.293, -7.807, -13.260, 30.25, -0.10083, 0.47586, 0.03485, 0.87296,
 11:05:33.219,ed:35:33:d3:6c:f8, 2015-01-01 00:18:31.780, 0.833, -0.035, 0.542, 0.061, 0, 0.244, -3.708, -56.893, -164.745, -23.293, -7.807, -13.260, 30.25, -0.10083, 0.47586, 0.03485, 0.87296,
 11:05:33.220,f6:90:cc:01:6d:25, 2015-01-01 00:18:31.205, 0.984, -0.059, 0, 0.061, 0.305, -0.122, -85.347, -86.66, -69.911, -28.980, -6.920, 3.640, 29.21, 0.17184, -0.69315, -0.13107, -0.68753,
 11:05:33.220,f6:90:cc:01:6d:25, 2015-01-01 00:18:31.205, 0.985, -0.059, 0, 0.122, 0.122, -0.122, -85.309, -86.666, -69.961, -28.980, -6.920, 3.640, 29.21, 0.17184, -0.69315, -0.13107, -0.68753,
 11:05:33.241,ed:35:33:d3:6c:f8, 2015-01-01 00:18:31.780, 0.832, -0.036, 0.541, 0, 0.122, 0.305, -3.719, -56.887, -164.707, -23.293, -7.807, -13.260, 30.25, -0.10147, 0.47562, 0.035, 0.87302,
 11:05:33.241,ed:35:33:d3:6c:f8, 2015-01-01 00:18:31.780, 0.833, -0.034, 0.542, 0, 0.061, 0.244, -3.724, -56.887, -164.669, -23.293, -7.807, -13.260, 30.25, -0.10147, 0.47562, 0.035, 0.87302,
 11:05:33.242,f6:90:cc:01:6d:25, 2015-01-01 00:18:31.540, 0.984, -0.057, -0.001, 0, 0.061, -0.122, -85.314, -86.666, -69.966, -28.980, -6.920, 3.640, 29.21, 0.17184, -0.69315, -0.13107, -0.68753,
 11:05:33.242,f6:90:cc:01:6d:25, 2015-01-01 00:18:31.540, 0.984, -0.058, 0, 0, 0.061, -0.061, -85.342, -86.666, -69.955, -28.980, -6.920, 3.640, 29.21, 0.17184, -0.69315, -0.13107, -0.68753,
 11:05:33.243,ed:40:fe:65:30:6c, 2015-01-01 00:18:28.575, 0.89, 0.045, 0.461, 0.061, 0, 0.244, 5.389, -62.567, -116.389, -26.593, -7.660, 5.753, 25.07, 0.47064, -0.41968, -0.30774, -0.71243,
 11:05:33.243,ed:40:fe:65:30:6c, 2015-01-01 00:18:28.575, 0.891, 0.047, 0.461, 0.122, -0.061, 0.244, 5.383, -62.567, -116.389, -26.593, -7.660, 5.753, 25.07, 0.47064, -0.41968, -0.30774, -0.71243,
 11:05:33.245,e3:ca:2d:fd:e0:8c, 2015-01-01 00:18:28.925, 1.013, -0.123, -0.048, 0, -0.122, 0, -111.044, -82.645, -103.222, -25.513, -4.840, -5.033, 23.42, -0.16306, -0.67722, 0.25348, -0.67111,
 11:05:33.245,e3:ca:2d:fd:e0:8c, 2015-01-01 00:18:28.925, 1.013, -0.122, -0.048, 0, 0, 0, -111.044, -82.645, -103.217, -25.513, -4.840, -5.033, 23.42, -0.16306, -0.67722, 0.25348, -0.67111,
 11:05:33.287,ed:35:33:d3:6c:f8, 2015-01-01 00:18:31.780, 0.833, -0.034, 0.54, 0.061, -0.122, 0.244, -3.73, -56.887, -164.608, -23.293, -7.807, -13.260, 30.25, -0.10147, 0.47562, 0.035, 0.87302,
 11:05:33.287,ed:35:33:d3:6c:f8, 2015-01-01 00:18:31.780, 0.835, -0.035, 0.54, 0.061, -0.061, 0.427, -3.741, -56.887, -164.531, -23.293, -7.807, -13.260, 30.25, -0.10147, 0.47562, 0.035, 0.87302,
 11:05:33.287,f6:90:cc:01:6d:25, 2015-01-01 00:18:31.540, 0.986, -0.06, 0, 0, 0.183, 0, -85.347, -86.666, -69.972, -28.980, -6.920, 3.640, 29.21, 0.17184, -0.69315, -0.13107, -0.68753,
 11:05:33.287,f6:90:cc:01:6d:25, 2015-01-01 00:18:31.540, 0.987, -0.059, 0, 0.244, 0.244, 0, -85.32, -86.666, -70.021, -28.980, -6.920, 3.640, 29.21, 0.17184, -0.69315, -0.13107, -0.68753,
 11:05:33.291,e3:ca:2d:fd:e0:8c, 2015-01-01 00:18:28.925, 1.014, -0.122, -0.047, -0.061, -0.061, 0, -111.044, -82.645, -103.211, -25.513, -4.840, -5.033, 23.42, -0.16306, -0.67722, 0.25348, -0.67111,
 11:05:33.291,e3:ca:2d:fd:e0:8c, 2015-01-01 00:18:28.925, 1.014, -0.123, -0.045, 0, -0.061, 0, -111.05, -82.645, -103.2, -25.513, -4.840, -5.033, 23.42, -0.16306, -0.67722, 0.25348, -0.67111,
 11:05:33.311,ed:40:fe:65:30:6c, 2015-01-01 00:18:28.575, 0.892, 0.045, 0.46, 0.122, -0.183, 0.305, 5.383, -62.567, -116.384, -26.593, -7.660, 5.753, 25.07, 0.47064, -0.41968, -0.30774, -0.71243,
 11:05:33.311,ed:40:fe:65:30:6c, 2015-01-01 00:18:28.575, 0.893, 0.043, 0.46, 0.244, -0.122, 0.427, 5.372, -62.573, -116.373, -26.593, -7.660, 5.753, 25.07, 0.47064, -0.41968, -0.30774, -0.71243,
 11:05:33.332,f6:90:cc:01:6d:25, 2015-01-01 00:18:31.540, 0.986, -0.057, 0.001, 0.244, 0.244, 0, -85.281, -86.66, -70.076, -28.980, -6.920, 3.640, 29.21, 0.17184, -0.69315, -0.13107, -0.68753,
 11:05:33.332,f6:90:cc:01:6d:25, 2015-01-01 00:18:31.540, 0.985, -0.057, 0, 0.244, 0.183, 0, -85.259, -86.66, -70.115, -28.980, -6.920, 3.640, 29.21, 0.17184, -0.69315, -0.13107, -0.68753,
 11:05:33.332,ed:35:33:d3:6c:f8, 2015-01-01 00:18:32.140, 0.834, -0.037, 0.541, 0, 0.061, 0.427, -3.752, -56.887, -164.482, -23.293, -7.807, -13.260, 30.25, -0.10147, 0.47562, 0.035, 0.87302,
 11:05:33.332,ed:35:33:d3:6c:f8, 2015-01-01 00:18:32.140, 0.834, -0.037, 0.541, 0.061, 0.244, 0.183, -3.757, -56.887, -164.454, -23.293, -7.807, -13.260, 30.25, -0.10147, 0.47562, 0.035, 0.87302,
 11:05:33.333,ed:40:fe:65:30:6c, 2015-01-01 00:18:28.575, 0.892, 0.044, 0.462, 0.183, 0, 0.305, 5.367, -62.573, -116.362, -26.547, -7.620, 5.007, 25.07, 0.47064, -0.41968, -0.30774, -0.71243,
 11:05:33.333,ed:40:fe:65:30:6c, 2015-01-01 00:18:28.575, 0.892, 0.043, 0.461, 0.183, 0.061, 0, 5.372, -62.573, -116.367, -26.547, -7.620, 5.007, 25.07, 0.47064, -0.41968, -0.30774, -0.71243,
 11:05:33.334,e3:ca:2d:fd:e0:8c, 2015-01-01 00:18:28.925, 1.014, -0.123, -0.046, 0.183, 0, 0, -111.044, -82.645, -103.2, -25.513, -4.840, -5.033, 23.42, -0.16306, -0.67722, 0.25348, -0.67111,
 11:05:33.334,e3:ca:2d:fd:e0:8c, 2015-01-01 00:18:28.925, 1.013, -0.122, -0.045, 0.183, 0, 0, -111.039, -82.645, -103.2, -25.513, -4.840, -5.033, 23.42, -0.16306, -0.67722, 0.25348, -0.67111,
 11:05:33.354,ed:35:33:d3:6c:f8, 2015-01-01 00:18:32.140, 0.833, -0.038, 0.541, 0.183, 0.183, 0, -3.752, -56.882, -164.399, -23.293, -7.807, -13.260, 30.25, -0.10147, 0.47562, 0.035, 0.87302,
 11:05:33.354,ed:35:33:d3:6c:f8, 2015-01-01 00:18:32.140, 0.834, -0.033, 0.542, 0.427, 0, 0, -3.746, -56.882, -164.366, -23.293, -7.807, -13.260, 30.25, -0.10147, 0.47562, 0.035, 0.87302,
 11:05:33.358,e3:ca:2d:fd:e0:8c, 2015-01-01 00:18:28.925, 1.013, -0.122, -0.044, 0.061, 0, 0, -111.028, -82.645, -103.2, -25.487, -5.020, -6.167, 23.42, -0.16306, -0.67722, 0.25348, -0.67111,
 11:05:33.358,e3:ca:2d:fd:e0:8c, 2015-01-01 00:18:28.925, 1.013, -0.122, -0.044, 0.061, 0, 0, -111.022, -82.645, -103.2, -25.487, -5.020, -6.167, 23.42, -0.16306, -0.67722, 0.25348, -0.67111,
 11:05:33.378,f6:90:cc:01:6d:25, 2015-01-01 00:18:31.540, 0.985, -0.057, 0.001, 0.061, 0.244, 0, -85.226, -86.66, -70.164, -28.980, -6.920, 3.640, 29.21, 0.17184, -0.69315, -0.13107, -0.68753,
 11:05:33.378,f6:90:cc:01:6d:25, 2015-01-01 00:18:31.540, 0.986, -0.059, 0.001, -0.061, 0.305, 0, -85.177, -86.66, -70.236, -28.980, -6.920, 3.640, 29.21, 0.17184, -0.69315, -0.13107, -0.68753,
 11:05:33.379,ed:40:fe:65:30:6c, 2015-01-01 00:18:28.575, 0.891, 0.044, 0.461, 0.244, 0, -0.061, 5.378, -62.567, -116.373, -26.547, -7.620, 5.007, 25.07, 0.47064, -0.41968, -0.30774, -0.71243,
 11:05:33.379,ed:40:fe:65:30:6c, 2015-01-01 00:18:28.575, 0.892, 0.047, 0.461, 0.305, 0, -0.122, 5.389, -62.567, -116.384, -26.547, -7.620, 5.007, 25.07, 0.47064, -0.41968, -0.30774, -0.71243,
 11:05:33.398,ed:35:33:d3:6c:f8, 2015-01-01 00:18:32.140, 0.833, -0.032, 0.54, 0.305, 0, 0, -3.741, -56.882, -164.35, -23.293, -7.807, -13.260, 30.25, -0.10147, 0.47562, 0.035, 0.87302,
 11:05:33.398,ed:35:33:d3:6c:f8, 2015-01-01 00:18:32.140, 0.833, -0.031, 0.541, 0, 0.244, 0.122, -3.741, -56.882, -164.323, -23.293, -7.807, -13.260, 30.25, -0.10147, 0.47562, 0.035, 0.87302,
 11:05:33.401,ed:40:fe:65:30:6c, 2015-01-01 00:18:28.575, 0.891, 0.047, 0.46, 0.061, 0.061, 0, 5.4, -62.567, -116.395, -26.547, -7.620, 5.007, 25.07, 0.47064, -0.41962, -0.30756, -0.71255,
 11:05:33.401,ed:40:fe:65:30:6c, 2015-01-01 00:18:28.575, 0.891, 0.047, 0.462, 0, 0.244, 0.122, 5.394, -62.562, -116.395, -26.547, -7.620, 5.007, 25.07, 0.47064, -0.41962, -0.30756, -0.71255,
 11:05:33.402,e3:ca:2d:fd:e0:8c, 2015-01-01 00:18:28.925, 1.013, -0.123, -0.043, 0.061, 0.061, 0, -111.006, -82.645, -103.206, -25.487, -5.020, -6.167, 23.42, -0.16306, -0.67722, 0.25348, -0.67111,
 11:05:33.402,e3:ca:2d:fd:e0:8c, 2015-01-01 00:18:28.925, 1.013, -0.122, -0.045, 0, 0.122, 0, -110.978, -82.645, -103.222, -25.487, -5.020, -6.167, 23.42, -0.16306, -0.67722, 0.25348, -0.67111,
 11:05:33.443,ed:35:33:d3:6c:f8, 2015-01-01 00:18:32.140, 0.833, -0.034, 0.542, -0.183, 0.488, 0.244, -3.746, -56.871, -164.273, -23.293, -7.807, -13.260, 30.25, -0.10147, 0.47562, 0.035, 0.87302,
 11:05:33.443,ed:35:33:d3:6c:f8, 2015-01-01 00:18:32.140, 0.833, -0.035, 0.542, -0.244, 0.549, 0.183, -3.752, -56.86, -164.24, -23.293, -7.807, -13.260, 30.25, -0.10147, 0.47562, 0.035, 0.87302,
 11:05:33.444,f6:90:cc:01:6d:25, 2015-01-01 00:18:31.540, 0.985, -0.058, 0.001, -0.061, 0.366, 0, -85.106, -86.66, -70.329, -28.980, -6.920, 3.640, 29.21, 0.17184, -0.69315, -0.13107, -0.68753,
 11:05:33.444,f6:90:cc:01:6d:25, 2015-01-01 00:18:31.540, 0.984, -0.058, 0.001, -0.122, 0.427, 0, -85.018, -86.66, -70.444, -28.980, -6.920, 3.640, 29.21, 0.17184, -0.69315, -0.13107, -0.68753,
 11:05:33.446,ed:40:fe:65:30:6c, 2015-01-01 00:18:28.575, 0.889, 0.046, 0.462, -0.122, 0.366, 0.244, 5.389, -62.556, -116.389, -26.547, -7.620, 5.007, 25.07, 0.47064, -0.41962, -0.30756, -0.71255,
 11:05:33.446,ed:40:fe:65:30:6c, 2015-01-01 00:18:28.575, 0.891, 0.045, 0.461, -0.061, 0.305, 0.183, 5.383, -62.551, -116.384, -26.547, -7.620, 5.007, 25.07, 0.47064, -0.41962, -0.30756, -0.71255,
 11:05:33.448,e3:ca:2d:fd:e0:8c, 2015-01-01 00:18:28.925, 1.013, -0.122, -0.045, 0, 0.061, 0, -110.962, -82.645, -103.233, -25.487, -5.020, -6.167, 23.42, -0.16229, -0.67749, 0.25275, -0.67133,
 11:05:33.448,e3:ca:2d:fd:e0:8c, 2015-01-01 00:18:28.925, 1.013, -0.122, -0.046, 0, 0.061, 0, -110.945, -82.65, -103.239, -25.487, -5.020, -6.167, 23.42, -0.16229, -0.67749, 0.25275, -0.67133,
 11:05:33.467,f6:90:cc:01:6d:25, 2015-01-01 00:18:31.540, 0.984, -0.057, 0.001, 0, 0.427, 0, -84.919, -86.655, -70.565, -28.940, -7.067, 4.180, 29.21, 0.17184, -0.69315, -0.13107, -0.68753,
 11:05:33.467,f6:90:cc:01:6d:25, 2015-01-01 00:18:31.540, 0.984, -0.059, -0.001, -0.061, 0.427, 0, -84.825, -86.655, -70.686, -28.940, -7.067, 4.180, 29.21, 0.17184, -0.69315, -0.13107, -0.68753,
 11:05:33.491,ed:40:fe:65:30:6c, 2015-01-01 00:18:28.930, 0.89, 0.044, 0.462, -0.061, 0.183, 0.061, 5.378, -62.545, -116.384, -26.547, -7.620, 5.007, 25.07, 0.47064, -0.41962, -0.30756, -0.71255,
 11:05:33.491,ed:40:fe:65:30:6c, 2015-01-01 00:18:28.930, 0.892, 0.045, 0.461, 0.061, 0.122, 0, 5.383, -62.54, -116.389, -26.547, -7.620, 5.007, 25.07, 0.47064, -0.41962, -0.30756, -0.71255,
 11:05:33.492,e3:ca:2d:fd:e0:8c, 2015-01-01 00:18:29.240, 1.013, -0.123, -0.045, 0, 0.183, 0, -110.912, -82.65, -103.26, -25.487, -5.020, -6.167, 23.42, -0.16229, -0.67749, 0.25275, -0.67133,
 11:05:33.492,e3:ca:2d:fd:e0:8c, 2015-01-01 00:18:29.240, 1.013, -0.124, -0.046, 0.061, 0.183, 0, -110.88, -82.65, -103.288, -25.487, -5.020, -6.167, 23.42, -0.16229, -0.67749, 0.25275, -0.67133,
 11:05:33.512,ed:35:33:d3:6c:f8, 2015-01-01 00:18:32.140, 0.833, -0.036, 0.542, -0.061, 0.305, 0.061, -3.757, -56.854, -164.191, -23.293, -7.807, -13.260, 30.25, -0.10147, 0.47562, 0.035, 0.87302,
 11:05:33.512,ed:35:33:d3:6c:f8, 2015-01-01 00:18:32.140, 0.834, -0.036, 0.542, 0.183, 0.061, 0, -3.752, -56.854, -164.169, -23.293, -7.807, -13.260, 30.25, -0.10147, 0.47562, 0.035, 0.87302,
 11:05:33.512,f6:90:cc:01:6d:25, 2015-01-01 00:18:31.540, 0.985, -0.059, 0.001, -0.061, 0.427, 0, -84.738, -86.655, -70.807, -28.940, -7.067, 4.180, 29.21, 0.17184, -0.69315, -0.13107, -0.68753,
 11:05:33.512,f6:90:cc:01:6d:25, 2015-01-01 00:18:31.540, 0.986, -0.059, 0, 0, 0.305, 0, -84.677, -86.655, -70.895, -28.940, -7.067, 4.180, 29.21, 0.17184, -0.69315, -0.13107, -0.68753,
 11:05:33.535,ed:35:33:d3:6c:f8, 2015-01-01 00:18:32.140, 0.834, -0.034, 0.541, 0.183, 0.122, 0, -3.746, -56.854, -164.169, -23.240, -8.087, -12.580, 30.25, -0.10147, 0.47562, 0.035, 0.87302,
 11:05:33.535,ed:35:33:d3:6c:f8, 2015-01-01 00:18:32.140, 0.834, -0.034, 0.54, 0, 0.244, 0.122, -3.746, -56.849, -164.158, -23.240, -8.087, -12.580, 30.25, -0.10147, 0.47562, 0.035, 0.87302,
 11:05:33.535,f6:90:cc:01:6d:25, 2015-01-01 00:18:31.540, 0.988, -0.059, 0, 0.061, 0.183, 0, -84.661, -86.655, -70.939, -28.940, -7.067, 4.180, 29.21, 0.16983, -0.69327, -0.12888, -0.68832,
 11:05:33.535,f6:90:cc:01:6d:25, 2015-01-01 00:18:31.540, 0.986, -0.058, 0.002, 0.061, 0.305, 0, -84.622, -86.649, -71.01, -28.940, -7.067, 4.180, 29.21, 0.16983, -0.69327, -0.12888, -0.68832,
 11:05:33.536,ed:40:fe:65:30:6c, 2015-01-01 00:18:28.930, 0.892, 0.045, 0.461, 0.061, 0.122, 0.061, 5.383, -62.54, -116.395, -26.547, -7.620, 5.007, 25.07, 0.47064, -0.41962, -0.30756, -0.71255,
 11:05:33.536,ed:40:fe:65:30:6c, 2015-01-01 00:18:28.930, 0.892, 0.045, 0.459, 0, 0.122, 0.122, 5.383, -62.534, -116.395, -26.547, -7.620, 5.007, 25.07, 0.47064, -0.41962, -0.30756, -0.71255,
 11:05:33.537,e3:ca:2d:fd:e0:8c, 2015-01-01 00:18:29.240, 1.015, -0.124, -0.047, 0.061, 0.183, 0, -110.847, -82.65, -103.315, -25.487, -5.020, -6.167, 23.42, -0.16229, -0.67749, 0.25275, -0.67133,
 11:05:33.537,e3:ca:2d:fd:e0:8c, 2015-01-01 00:18:29.240, 1.015, -0.122, -0.043, 0.061, 0.305, 0, -110.803, -82.656, -103.354, -25.487, -5.020, -6.167, 23.42, -0.16229, -0.67749, 0.25275, -0.67133,
 11:05:33.560,e3:ca:2d:fd:e0:8c, 2015-01-01 00:18:29.240, 1.012, -0.122, -0.043, 0.061, 0.305, 0, -110.748, -82.656, -103.403, -25.487, -5.020, -6.167, 23.42, -0.16229, -0.67749, 0.25275, -0.67133,
 11:05:33.560,e3:ca:2d:fd:e0:8c, 2015-01-01 00:18:29.240, 1.011, -0.122, -0.043, 0.061, 0.183, 0, -110.709, -82.656, -103.431, -25.487, -5.020, -6.167, 23.42, -0.16229, -0.67749, 0.25275, -0.67133,
 11:05:33.579,ed:35:33:d3:6c:f8, 2015-01-01 00:18:32.140, 0.833, -0.035, 0.537, -0.183, 0.305, 0.305, -3.757, -56.843, -164.147, -23.240, -8.087, -12.580, 30.25, -0.10147, 0.47562, 0.035, 0.87302,
 11:05:33.579,ed:35:33:d3:6c:f8, 2015-01-01 00:18:32.140, 0.831, -0.033, 0.543, -0.427, 0.916, 0.244, -3.768, -56.832, -164.13, -23.240, -8.087, -12.580, 30.25, -0.10147, 0.47562, 0.035, 0.87302,
 11:05:33.580,ed:40:fe:65:30:6c, 2015-01-01 00:18:28.930, 0.89, 0.046, 0.46, -0.061, 0.183, 0.061, 5.383, -62.534, -116.395, -26.547, -7.620, 5.007, 25.07, 0.47064, -0.41962, -0.30756, -0.71255,
 11:05:33.580,ed:40:fe:65:30:6c, 2015-01-01 00:18:28.930, 0.888, 0.046, 0.465, 0, 0.366, 0, 5.383, -62.529, -116.4, -26.547, -7.620, 5.007, 25.07, 0.47064, -0.41962, -0.30756, -0.71255,
 11:05:33.580,f6:90:cc:01:6d:25, 2015-01-01 00:18:31.540, 0.985, -0.057, 0.002, 0, 0.427, 0, -84.54, -86.649, -71.12, -28.940, -7.067, 4.180, 29.21, 0.16983, -0.69327, -0.12888, -0.68832,
 11:05:33.580,f6:90:cc:01:6d:25, 2015-01-01 00:18:31.540, 0.981, -0.058, 0.002, 0.061, 0.488, 0, -84.43, -86.649, -71.257, -28.940, -7.067, 4.180, 29.21, 0.16983, -0.69327, -0.12888, -0.68832,
 11:05:33.601,ed:35:33:d3:6c:f8, 2015-01-01 00:18:32.140, 0.83, -0.037, 0.541, -0.183, 0.793, 0.305, -3.779, -56.816, -164.119, -23.240, -8.087, -12.580, 30.25, -0.1058, 0.47498, 0.03693, 0.87277,
 11:05:33.601,ed:35:33:d3:6c:f8, 2015-01-01 00:18:32.140, 0.831, -0.039, 0.542, 0, 0.732, 0.427, -3.79, -56.799, -164.097, -23.240, -8.087, -12.580, 30.25, -0.1058, 0.47498, 0.03693, 0.87277,
 11:05:33.603,ed:40:fe:65:30:6c, 2015-01-01 00:18:28.930, 0.887, 0.041, 0.46, 0, 0.427, 0.061, 5.383, -62.518, -116.4, -26.547, -7.620, 5.007, 25.07, 0.47064, -0.41962, -0.30756, -0.71255,
 11:05:33.603,ed:40:fe:65:30:6c, 2015-01-01 00:18:28.930, 0.892, 0.044, 0.464, 0.061, 0.427, 0, 5.383, -62.507, -116.406, -26.547, -7.620, 5.007, 25.07, 0.47064, -0.41962, -0.30756, -0.71255,
 11:05:33.604,e3:ca:2d:fd:e0:8c, 2015-01-01 00:18:29.240, 1.01, -0.122, -0.043, 0, 0.183, 0, -110.676, -82.656, -103.458, -25.487, -5.020, -6.167, 23.42, -0.16229, -0.67749, 0.25275, -0.67133,
 11:05:33.604,e3:ca:2d:fd:e0:8c, 2015-01-01 00:18:29.240, 1.012, -0.122, -0.042, 0, 0.122, 0, -110.649, -82.661, -103.48, -25.487, -5.020, -6.167, 23.42, -0.16229, -0.67749, 0.25275, -0.67133,
 11:05:33.624,f6:90:cc:01:6d:25, 2015-01-01 00:18:31.900, 0.982, -0.061, 0.001, 0.122, 0.671, 0, -84.265, -86.649, -71.444, -28.940, -7.067, 4.180, 29.21, 0.16983, -0.69327, -0.12888, -0.68832,
 11:05:33.624,f6:90:cc:01:6d:25, 2015-01-01 00:18:31.900, 0.987, -0.056, 0.004, 0, 0.61, 0, -84.1, -86.644, -71.636, -28.940, -7.067, 4.180, 29.21, 0.16983, -0.69327, -0.12888, -0.68832,
 11:05:33.645,ed:35:33:d3:6c:f8, 2015-01-01 00:18:32.140, 0.834, -0.034, 0.547, 0.488, 0.732, -0.061, -3.785, -56.788, -164.092, -23.240, -8.087, -12.580, 30.25, -0.1058, 0.47498, 0.03693, 0.87277,
 11:05:33.645,ed:35:33:d3:6c:f8, 2015-01-01 00:18:32.140, 0.833, -0.026, 0.546, 0.854, 0.488, -0.183, -3.763, -56.777, -164.097, -23.240, -8.087, -12.580, 30.25, -0.1058, 0.47498, 0.03693, 0.87277,
 11:05:33.648,f6:90:cc:01:6d:25, 2015-01-01 00:18:31.900, 0.988, -0.056, 0.004, -0.305, 0.488, 0, -83.974, -86.644, -71.785, -28.940, -7.067, 4.180, 29.21, 0.16983, -0.69327, -0.12888, -0.68832,
 11:05:33.648,f6:90:cc:01:6d:25, 2015-01-01 00:18:31.900, 0.985, -0.06, 0.003, -0.061, 0.488, 0, -83.853, -86.644, -71.927, -28.940, -7.067, 4.180, 29.21, 0.16983, -0.69327, -0.12888, -0.68832,
 11:05:33.650,e3:ca:2d:fd:e0:8c, 2015-01-01 00:18:29.240, 1.016, -0.122, -0.042, -0.183, 0.061, 0, -110.627, -82.661, -103.491, -25.487, -5.020, -6.167, 23.42, -0.16229, -0.67749, 0.25275, -0.67133,
 11:05:33.650,e3:ca:2d:fd:e0:8c, 2015-01-01 00:18:29.240, 1.015, -0.123, -0.044, -0.183, 0, 0, -110.621, -82.661, -103.491, -25.487, -5.020, -6.167, 23.42, -0.16229, -0.67749, 0.25275, -0.67133,
 11:05:33.671,ed:40:fe:65:30:6c, 2015-01-01 00:18:28.930, 0.893, 0.051, 0.465, 0.305, 0.488, -0.366, 5.405, -62.496, -116.422, -26.547, -7.620, 5.007, 25.07, 0.47064, -0.41962, -0.30756, -0.71255,
 11:05:33.671,ed:40:fe:65:30:6c, 2015-01-01 00:18:28.930, 0.89, 0.049, 0.467, 0.488, 0.732, 0, 5.416, -62.485, -116.422, -26.547, -7.620, 5.007, 25.07, 0.47064, -0.41962, -0.30756, -0.71255,
 11:05:33.691,ed:35:33:d3:6c:f8, 2015-01-01 00:18:32.495, 0.831, -0.033, 0.548, 0.122, 0.854, 0.244, -3.757, -56.761, -164.086, -23.240, -8.087, -12.580, 30.25, -0.1058, 0.47498, 0.03693, 0.87277,
 11:05:33.691,ed:35:33:d3:6c:f8, 2015-01-01 00:18:32.495, 0.829, -0.037, 0.546, 0.305, 0.488, 0.244, -3.757, -56.75, -164.075, -23.240, -8.087, -12.580, 30.25, -0.1058, 0.47498, 0.03693, 0.87277,
 11:05:33.693,ed:40:fe:65:30:6c, 2015-01-01 00:18:28.930, 0.889, 0.045, 0.467, 0.061, 0.854, 0.366, 5.405, -62.463, -116.411, -26.513, -7.440, 5.100, 25.07, 0.47064, -0.41962, -0.30756, -0.71255,
 11:05:33.693,ed:40:fe:65:30:6c, 2015-01-01 00:18:28.930, 0.886, 0.043, 0.464, 0.122, 0.671, 0.427, 5.389, -62.452, -116.395, -26.513, -7.440, 5.100, 25.07, 0.47064, -0.41962, -0.30756, -0.71255,
 11:05:33.693,f6:90:cc:01:6d:25, 2015-01-01 00:18:31.900, 0.984, -0.062, 0.002, 0, 0.305, 0, -83.793, -86.644, -72.01, -28.940, -7.067, 4.180, 29.21, 0.16983, -0.69327, -0.12888, -0.68832,
 11:05:33.693,f6:90:cc:01:6d:25, 2015-01-01 00:18:31.900, 0.983, -0.059, 0.003, 0.122, 0.366, 0, -83.71, -86.638, -72.114, -28.940, -7.067, 4.180, 29.21, 0.16983, -0.69327, -0.12888, -0.68832,
 11:05:33.694,e3:ca:2d:fd:e0:8c, 2015-01-01 00:18:29.240, 1.014, -0.125, -0.044, -0.122, 0, 0, -110.61, -82.661, -103.491, -24.907, -5.100, -4.047, 23.42, -0.16229, -0.67749, 0.25275, -0.67133,
 11:05:33.694,e3:ca:2d:fd:e0:8c, 2015-01-01 00:18:29.240, 1.012, -0.124, -0.043, 0, 0.061, 0, -110.594, -82.661, -103.497, -24.907, -5.100, -4.047, 23.42, -0.16229, -0.67749, 0.25275, -0.67133,
 11:05:33.713,ed:35:33:d3:6c:f8, 2015-01-01 00:18:32.495, 0.827, -0.036, 0.544, 0.183, 0.244, 0.305, -3.757, -56.744, -164.059, -23.240, -8.087, -12.580, 30.25, -0.1058, 0.47498, 0.03693, 0.87277,
 11:05:33.713,ed:35:33:d3:6c:f8, 2015-01-01 00:18:32.495, 0.828, -0.038, 0.542, 0.061, 0.183, 0.366, -3.763, -56.739, -164.042, -23.240, -8.087, -12.580, 30.25, -0.1058, 0.47498, 0.03693, 0.87277,
 11:05:33.718,e3:ca:2d:fd:e0:8c, 2015-01-01 00:18:29.240, 1.012, -0.122, -0.042, -0.061, 0.244, 0, -110.555, -82.661, -103.53, -24.907, -5.100, -4.047, 23.42, -0.16168, -0.6774, 0.25195, -0.67188,
 11:05:33.718,e3:ca:2d:fd:e0:8c, 2015-01-01 00:18:29.240, 1.012, -0.122, -0.043, -0.183, 0.305, 0, -110.506, -82.667, -103.574, -24.907, -5.100, -4.047, 23.42, -0.16168, -0.6774, 0.25195, -0.67188,
 11:05:33.737,f6:90:cc:01:6d:25, 2015-01-01 00:18:31.900, 0.982, -0.058, 0.001, 0, 0.488, 0, -83.589, -86.638, -72.257, -28.940, -7.067, 4.180, 29.21, 0.16983, -0.69327, -0.12888, -0.68832,
 11:05:33.737,f6:90:cc:01:6d:25, 2015-01-01 00:18:31.900, 0.983, -0.059, 0.004, 0.061, 0.61, 0, -83.43, -86.638, -72.438, -28.940, -7.067, 4.180, 29.21, 0.16983, -0.69327, -0.12888, -0.68832,
 11:05:33.738,ed:40:fe:65:30:6c, 2015-01-01 00:18:28.930, 0.886, 0.043, 0.464, 0, 0.61, 0.427, 5.378, -62.441, -116.378, -26.513, -7.440, 5.100, 25.07, 0.47064, -0.41962, -0.30756, -0.71255,
 11:05:33.738,ed:40:fe:65:30:6c, 2015-01-01 00:18:28.930, 0.887, 0.042, 0.463, 0, 0.427, 0.305, 5.367, -62.43, -116.367, -26.513, -7.440, 5.100, 25.07, 0.47064, -0.41962, -0.30756, -0.71255,
 11:05:33.758,ed:35:33:d3:6c:f8, 2015-01-01 00:18:32.495, 0.829, -0.039, 0.543, 0.122, 0.305, 0.305, -3.774, -56.733, -164.026, -23.240, -8.087, -12.580, 30.25, -0.1058, 0.47498, 0.03693, 0.87277,
 11:05:33.759,ed:35:33:d3:6c:f8, 2015-01-01 00:18:32.495, 0.83, -0.036, 0.544, 0.122, 0.549, 0.061, -3.774, -56.722, -164.02, -23.240, -8.087, -12.580, 30.25, -0.1058, 0.47498, 0.03693, 0.87277,
 11:05:33.761,ed:40:fe:65:30:6c, 2015-01-01 00:18:28.930, 0.888, 0.043, 0.464, 0, 0.366, 0.122, 5.361, -62.419, -116.367, -26.513, -7.440, 5.100, 25.07, 0.47095, -0.41879, -0.30692, -0.7131,
 11:05:33.761,ed:40:fe:65:30:6c, 2015-01-01 00:18:28.930, 0.887, 0.046, 0.465, 0, 0.244, 0, 5.361, -62.413, -116.373, -26.513, -7.440, 5.100, 25.07, 0.47095, -0.41879, -0.30692, -0.7131,
 11:05:33.761,e3:ca:2d:fd:e0:8c, 2015-01-01 00:18:29.240, 1.012, -0.124, -0.045, -0.061, 0.183, 0, -110.468, -82.667, -103.601, -24.907, -5.100, -4.047, 23.42, -0.16168, -0.6774, 0.25195, -0.67188,
 11:05:33.761,e3:ca:2d:fd:e0:8c, 2015-01-01 00:18:29.240, 1.013, -0.124, -0.044, 0, 0.122, 0, -110.435, -82.667, -103.623, -24.907, -5.100, -4.047, 23.42, -0.16168, -0.6774, 0.25195, -0.67188,
 11:05:33.803,ed:35:33:d3:6c:f8, 2015-01-01 00:18:32.495, 0.83, -0.032, 0.548, 0.244, 0.427, 0, -3.768, -56.717, -164.015, -23.240, -8.087, -12.580, 30.25, -0.1058, 0.47498, 0.03693, 0.87277,
 11:05:33.803,ed:35:33:d3:6c:f8, 2015-01-01 00:18:32.495, 0.831, -0.032, 0.551, 0.061, 0.244, 0.061, -3.763, -56.706, -164.009, -23.240, -8.087, -12.580, 30.25, -0.1058, 0.47498, 0.03693, 0.87277,
 11:05:33.805,ed:40:fe:65:30:6c, 2015-01-01 00:18:28.930, 0.888, 0.048, 0.469, 0, 0.183, 0, 5.361, -62.408, -116.373, -26.513, -7.440, 5.100, 25.07, 0.47095, -0.41879, -0.30692, -0.7131,
 11:05:33.805,ed:40:fe:65:30:6c, 2015-01-01 00:18:28.930, 0.889, 0.046, 0.468, -0.183, -0.061, 0.244, 5.356, -62.408, -116.367, -26.513, -7.440, 5.100, 25.07, 0.47095, -0.41879, -0.30692, -0.7131,
 11:05:33.806,e3:ca:2d:fd:e0:8c, 2015-01-01 00:18:29.530, 1.015, -0.122, -0.045, -0.122, 0, 0, -110.424, -82.667, -103.629, -24.907, -5.100, -4.047, 23.42, -0.16168, -0.6774, 0.25195, -0.67188,
 11:05:33.806,e3:ca:2d:fd:e0:8c, 2015-01-01 00:18:29.530, 1.015, -0.122, -0.043, -0.366, 0, 0, -110.424, -82.667, -103.629, -24.907, -5.100, -4.047, 23.42, -0.16168, -0.6774, 0.25195, -0.67188,
 11:05:33.827,f6:90:cc:01:6d:25, 2015-01-01 00:18:31.900, 0.984, -0.06, 0.002, 0, 0.61, 0, -83.271, -86.633, -72.625, -28.940, -7.067, 4.180, 29.21, 0.16983, -0.69327, -0.12888, -0.68832,
 11:05:33.827,f6:90:cc:01:6d:25, 2015-01-01 00:18:31.900, 0.984, -0.059, 0.005, -0.061, 0.488, 0, -83.15, -86.633, -72.768, -28.940, -7.067, 4.180, 29.21, 0.16983, -0.69327, -0.12888, -0.68832,
 11:05:33.849,ed:35:33:d3:6c:f8, 2015-01-01 00:18:32.495, 0.831, -0.035, 0.546, 0, -0.305, 0.183, -3.768, -56.711, -163.998, -23.240, -8.087, -12.580, 30.25, -0.1058, 0.47498, 0.03693, 0.87277,
 11:05:33.849,ed:35:33:d3:6c:f8, 2015-01-01 00:18:32.495, 0.831, -0.038, 0.544, -0.244, -0.183, 0.183, -3.779, -56.711, -163.987, -23.240, -8.087, -12.580, 30.25, -0.1058, 0.47498, 0.03693, 0.87277,
 11:05:33.850,f6:90:cc:01:6d:25, 2015-01-01 00:18:31.900, 0.985, -0.058, 0.002, -0.488, 0.427, 0, -83.062, -86.627, -72.889, -28.893, -7.120, 3.567, 29.21, 0.16983, -0.69327, -0.12888, -0.68832,
 11:05:33.850,f6:90:cc:01:6d:25, 2015-01-01 00:18:31.900, 0.987, -0.059, 0.003, -0.366, 0.366, 0, -82.996, -86.627, -72.988, -28.893, -7.120, 3.567, 29.21, 0.16983, -0.69327, -0.12888, -0.68832,
 11:05:33.850,ed:40:fe:65:30:6c, 2015-01-01 00:18:29.290, 0.89, 0.044, 0.465, -0.183, -0.244, 0.305, 5.345, -62.413, -116.362, -26.513, -7.440, 5.100, 25.07, 0.47095, -0.41879, -0.30692, -0.7131,
 11:05:33.850,ed:40:fe:65:30:6c, 2015-01-01 00:18:29.290, 0.889, 0.043, 0.465, -0.305, -0.244, 0.244, 5.328, -62.413, -116.356, -26.513, -7.440, 5.100, 25.07, 0.47095, -0.41879, -0.30692, -0.7131,
 11:05:33.851,e3:ca:2d:fd:e0:8c, 2015-01-01 00:18:29.530, 1.013, -0.122, -0.042, -0.366, 0, 0, -110.424, -82.667, -103.629, -24.907, -5.100, -4.047, 23.42, -0.16168, -0.6774, 0.25195, -0.67188,
 11:05:33.851,e3:ca:2d:fd:e0:8c, 2015-01-01 00:18:29.530, 1.013, -0.123, -0.042, -0.244, 0, 0, -110.418, -82.667, -103.629, -24.907, -5.100, -4.047, 23.42, -0.16168, -0.6774, 0.25195, -0.67188,
 11:05:33.873,f6:90:cc:01:6d:25, 2015-01-01 00:18:31.900, 0.985, -0.059, 0.005, -0.366, 0.427, 0, -82.903, -86.627, -73.114, -28.893, -7.120, 3.567, 29.21, 0.16983, -0.69327, -0.12888, -0.68832,
 11:05:33.873,f6:90:cc:01:6d:25, 2015-01-01 00:18:31.900, 0.985, -0.06, 0.003, -0.305, 0.488, 0, -82.787, -86.622, -73.257, -28.893, -7.120, 3.567, 29.21, 0.16983, -0.69327, -0.12888, -0.68832,
 11:05:33.895,ed:40:fe:65:30:6c, 2015-01-01 00:18:29.290, 0.888, 0.045, 0.464, -0.061, -0.305, 0.366, 5.317, -62.419, -116.345, -26.513, -7.440, 5.100, 25.07, 0.47095, -0.41879, -0.30692, -0.7131,
 11:05:33.895,ed:40:fe:65:30:6c, 2015-01-01 00:18:29.290, 0.889, 0.044, 0.465, -0.244, -0.366, 0.427, 5.301, -62.424, -116.334, -26.513, -7.440, 5.100, 25.07, 0.47095, -0.41879, -0.30692, -0.7131,
 11:05:33.897,e3:ca:2d:fd:e0:8c, 2015-01-01 00:18:29.530, 1.012, -0.123, -0.04, -0.183, 0.122, 0, -110.391, -82.667, -103.645, -24.907, -5.100, -4.047, 23.42, -0.16168, -0.6774, 0.25195, -0.67188,
 11:05:33.897,e3:ca:2d:fd:e0:8c, 2015-01-01 00:18:29.530, 1.013, -0.123, -0.043, -0.305, 0.122, 0, -110.363, -82.667, -103.661, -24.907, -5.100, -4.047, 23.42, -0.16168, -0.6774, 0.25195, -0.67188,
 11:05:33.916,ed:35:33:d3:6c:f8, 2015-01-01 00:18:32.495, 0.83, -0.035, 0.544, -0.244, -0.061, 0.244, -3.79, -56.711, -163.976, -23.320, -7.920, -12.547, 30.25, -0.1058, 0.47498, 0.03693, 0.87277,
 11:05:33.916,ed:35:33:d3:6c:f8, 2015-01-01 00:18:32.495, 0.831, -0.036, 0.545, -0.427, 0, 0.366, -3.807, -56.711, -163.96, -23.320, -7.920, -12.547, 30.25, -0.1058, 0.47498, 0.03693, 0.87277,
 11:05:33.918,f6:90:cc:01:6d:25, 2015-01-01 00:18:31.900, 0.983, -0.059, 0.005, -0.061, 0.549, 0, -82.645, -86.622, -73.422, -28.893, -7.120, 3.567, 29.21, 0.16983, -0.69327, -0.12888, -0.68832,
 11:05:33.918,f6:90:cc:01:6d:25, 2015-01-01 00:18:31.900, 0.984, -0.059, 0.003, -0.061, 0.488, 0, -82.529, -86.622, -73.564, -28.893, -7.120, 3.567, 29.21, 0.16983, -0.69327, -0.12888, -0.68832,
 11:05:33.920,e3:ca:2d:fd:e0:8c, 2015-01-01 00:18:29.530, 1.015, -0.123, -0.044, -0.366, 0.183, 0, -110.336, -82.672, -103.689, -24.907, -5.100, -4.047, 23.42, -0.16168, -0.6774, 0.25195, -0.67188,
 11:05:33.920,e3:ca:2d:fd:e0:8c, 2015-01-01 00:18:29.530, 1.014, -0.123, -0.043, -0.427, 0.183, 0, -110.303, -82.672, -103.716, -24.907, -5.100, -4.047, 23.42, -0.16168, -0.6774, 0.25195, -0.67188,
 11:05:33.938,ed:35:33:d3:6c:f8, 2015-01-01 00:18:32.495, 0.831, -0.039, 0.545, -0.305, -0.061, 0.183, -3.818, -56.711, -163.943, -23.320, -7.920, -12.547, 30.25, -0.10712, 0.47412, 0.0372, 0.87308,
 11:05:33.938,ed:35:33:d3:6c:f8, 2015-01-01 00:18:32.495, 0.83, -0.04, 0.544, 0.061, -0.244, 0, -3.823, -56.717, -163.938, -23.320, -7.920, -12.547, 30.25, -0.10712, 0.47412, 0.0372, 0.87308,
 11:05:33.939,f6:90:cc:01:6d:25, 2015-01-01 00:18:31.900, 0.985, -0.058, 0.003, -0.244, 0.427, 0, -82.436, -86.616, -73.691, -28.893, -7.120, 3.567, 29.21, 0.16718, -0.69308, -0.12564, -0.68979,
 11:05:33.939,f6:90:cc:01:6d:25, 2015-01-01 00:18:31.900, 0.983, -0.059, 0.005, -0.366, 0.427, 0, -82.343, -86.616, -73.812, -28.893, -7.120, 3.567, 29.21, 0.16718, -0.69308, -0.12564, -0.68979,
 11:05:33.940,ed:40:fe:65:30:6c, 2015-01-01 00:18:29.290, 0.89, 0.042, 0.464, -0.061, -0.488, 0.244, 5.295, -62.435, -116.329, -26.513, -7.440, 5.100, 25.07, 0.47095, -0.41879, -0.30692, -0.7131,
 11:05:33.940,ed:40:fe:65:30:6c, 2015-01-01 00:18:29.290, 0.887, 0.042, 0.465, 0.183, -0.488, 0.061, 5.301, -62.441, -116.334, -26.513, -7.440, 5.100, 25.07, 0.47095, -0.41879, -0.30692, -0.7131,
 11:05:33.963,ed:40:fe:65:30:6c, 2015-01-01 00:18:29.290, 0.888, 0.043, 0.463, 0.305, -0.488, 0, 5.312, -62.452, -116.34, -26.513, -7.440, 5.100, 25.07, 0.47095, -0.41879, -0.30692, -0.7131,
 11:05:33.963,ed:40:fe:65:30:6c, 2015-01-01 00:18:29.290, 0.889, 0.045, 0.463, 0.366, -0.427, 0.061, 5.317, -62.457, -116.345, -26.513, -7.440, 5.100, 25.07, 0.47095, -0.41879, -0.30692, -0.7131,
 11:05:33.966,e3:ca:2d:fd:e0:8c, 2015-01-01 00:18:29.530, 1.011, -0.123, -0.044, -0.366, 0.061, 0, -110.292, -82.672, -103.727, -24.907, -5.100, -4.047, 23.42, -0.16168, -0.6774, 0.25195, -0.67188,
 11:05:33.966,e3:ca:2d:fd:e0:8c, 2015-01-01 00:18:29.530, 1.012, -0.124, -0.044, -0.305, 0, 0, -110.292, -82.672, -103.727, -24.907, -5.100, -4.047, 23.42, -0.16168, -0.6774, 0.25195, -0.67188,
 11:05:33.985,f6:90:cc:01:6d:25, 2015-01-01 00:18:31.900, 0.982, -0.059, 0.005, -0.488, 0.427, 0, -82.255, -86.616, -73.932, -28.893, -7.120, 3.567, 29.21, 0.16718, -0.69308, -0.12564, -0.68979,
 11:05:33.985,f6:90:cc:01:6d:25, 2015-01-01 00:18:31.900, 0.983, -0.059, 0.004, -0.427, 0.366, 0, -82.183, -86.611, -74.037, -28.893, -7.120, 3.567, 29.21, 0.16718, -0.69308, -0.12564, -0.68979,
 11:05:34.007,f6:90:cc:01:6d:25, 2015-01-01 00:18:31.900, 0.986, -0.06, 0.003, -0.244, 0.244, 0, -82.15, -86.611, -74.103, -28.893, -7.120, 3.567, 29.21, 0.16718, -0.69308, -0.12564, -0.68979,
 11:05:34.007,f6:90:cc:01:6d:25, 2015-01-01 00:18:31.900, 0.986, -0.058, 0.005, -0.244, 0.183, 0, -82.139, -86.611, -74.141, -28.893, -7.120, 3.567, 29.21, 0.16718, -0.69308, -0.12564, -0.68979,
 11:05:34.007,ed:35:33:d3:6c:f8, 2015-01-01 00:18:32.495, 0.83, -0.037, 0.544, 0.305, -0.061, 0, -3.818, -56.717, -163.932, -23.320, -7.920, -12.547, 30.25, -0.10712, 0.47412, 0.0372, 0.87308,
 11:05:34.007,ed:35:33:d3:6c:f8, 2015-01-01 00:18:32.495, 0.83, -0.035, 0.544, 0.427, -0.183, 0, -3.812, -56.717, -163.932, -23.320, -7.920, -12.547, 30.25, -0.10712, 0.47412, 0.0372, 0.87308,
 11:05:34.008,ed:40:fe:65:30:6c, 2015-01-01 00:18:29.290, 0.891, 0.045, 0.464, 0.183, -0.366, 0.183, 5.317, -62.463, -116.34, -26.513, -7.440, 5.100, 25.07, 0.47095, -0.41879, -0.30692, -0.7131,
 11:05:34.008,ed:40:fe:65:30:6c, 2015-01-01 00:18:29.290, 0.892, 0.046, 0.463, 0.061, -0.244, 0.183, 5.312, -62.463, -116.34, -26.513, -7.440, 5.100, 25.07, 0.47095, -0.41879, -0.30692, -0.7131,
 11:05:34.011,e3:ca:2d:fd:e0:8c, 2015-01-01 00:18:29.530, 1.014, -0.124, -0.043, -0.305, -0.061, 0, -110.297, -82.672, -103.716, -25.540, -5.027, -4.800, 23.42, -0.16168, -0.6774, 0.25195, -0.67188,
 11:05:34.011,e3:ca:2d:fd:e0:8c, 2015-01-01 00:18:29.530, 1.015, -0.122, -0.042, -0.244, 0, 0, -110.292, -82.672, -103.716, -25.540, -5.027, -4.800, 23.42, -0.16168, -0.6774, 0.25195, -0.67188,
 11:05:34.028,ed:35:33:d3:6c:f8, 2015-01-01 00:18:32.830, 0.833, -0.035, 0.545, 0.305, -0.061, 0.122, -3.807, -56.722, -163.922, -23.320, -7.920, -12.547, 30.25, -0.10712, 0.47412, 0.0372, 0.87308,
 11:05:34.028,ed:35:33:d3:6c:f8, 2015-01-01 00:18:32.830, 0.833, -0.034, 0.543, 0.183, -0.122, 0.183, -3.807, -56.722, -163.911, -23.320, -7.920, -12.547, 30.25, -0.10712, 0.47412, 0.0372, 0.87308,
 11:05:34.051,ed:35:33:d3:6c:f8, 2015-01-01 00:18:32.830, 0.833, -0.035, 0.543, 0.122, 0, 0.122, -3.807, -56.722, -163.905, -23.320, -7.920, -12.547, 30.25, -0.10712, 0.47412, 0.0372, 0.87308,
 11:05:34.051,ed:35:33:d3:6c:f8, 2015-01-01 00:18:32.830, 0.832, -0.035, 0.543, 0, 0.061, 0.244, -3.818, -56.722, -163.889, -23.320, -7.920, -12.547, 30.25, -0.10712, 0.47412, 0.0372, 0.87308,
 11:05:34.053,f6:90:cc:01:6d:25, 2015-01-01 00:18:31.900, 0.986, -0.06, 0.004, -0.549, 0.427, 0, -82.062, -86.611, -74.251, -28.893, -7.120, 3.567, 29.21, 0.16718, -0.69308, -0.12564, -0.68979,
 11:05:34.053,f6:90:cc:01:6d:25, 2015-01-01 00:18:31.900, 0.985, -0.06, 0.003, -0.732, 0.488, 0, -81.974, -86.605, -74.383, -28.893, -7.120, 3.567, 29.21, 0.16718, -0.69308, -0.12564, -0.68979,
 11:05:34.053,ed:40:fe:65:30:6c, 2015-01-01 00:18:29.290, 0.89, 0.045, 0.463, 0.061, -0.122, 0.244, 5.312, -62.468, -116.334, -26.513, -7.440, 5.100, 25.07, 0.47095, -0.41879, -0.30692, -0.7131,
 11:05:34.053,ed:40:fe:65:30:6c, 2015-01-01 00:18:29.290, 0.89, 0.045, 0.463, 0, -0.061, 0.244, 5.301, -62.468, -116.323, -26.513, -7.440, 5.100, 25.07, 0.47095, -0.41879, -0.30692, -0.7131,
 11:05:34.055,e3:ca:2d:fd:e0:8c, 2015-01-01 00:18:29.530, 1.014, -0.123, -0.042, -0.183, 0.061, 0, -110.275, -82.672, -103.727, -25.540, -5.027, -4.800, 23.42, -0.16168, -0.6774, 0.25195, -0.67188,
 11:05:34.055,e3:ca:2d:fd:e0:8c, 2015-01-01 00:18:29.530, 1.012, -0.123, -0.042, -0.366, 0.183, 0, -110.242, -82.672, -103.755, -25.540, -5.027, -4.800, 23.42, -0.16168, -0.6774, 0.25195, -0.67188,
 11:05:34.096,ed:35:33:d3:6c:f8, 2015-01-01 00:18:32.830, 0.833, -0.037, 0.542, 0.122, 0, 0.183, -3.818, -56.722, -163.878, -23.320, -7.920, -12.547, 30.25, -0.10712, 0.47412, 0.0372, 0.87308,
 11:05:34.096,ed:35:33:d3:6c:f8, 2015-01-01 00:18:32.830, 0.833, -0.036, 0.543, 0.183, 0, 0.305, -3.823, -56.722, -163.867, -23.320, -7.920, -12.547, 30.25, -0.10712, 0.47412, 0.0372, 0.87308,
 11:05:34.099,e3:ca:2d:fd:e0:8c, 2015-01-01 00:18:29.530, 1.013, -0.123, -0.043, -0.61, 0.183, 0, -110.22, -82.672, -103.782, -25.540, -5.027, -4.800, 23.42, -0.16122, -0.67734, 0.2514, -0.67224,
 11:05:34.099,e3:ca:2d:fd:e0:8c, 2015-01-01 00:18:29.530, 1.014, -0.122, -0.042, -0.671, 0.244, 0, -110.187, -82.678, -103.815, -25.540, -5.027, -4.800, 23.42, -0.16122, -0.67734, 0.2514, -0.67224,
 11:05:34.119,ed:35:33:d3:6c:f8, 2015-01-01 00:18:32.830, 0.829, -0.035, 0.542, 0.366, 0, 0.305, -3.823, -56.722, -163.85, -23.320, -7.920, -12.547, 30.25, -0.10712, 0.47412, 0.0372, 0.87308,
 11:05:34.119,ed:35:33:d3:6c:f8, 2015-01-01 00:18:32.830, 0.829, -0.037, 0.543, 0.549, 0, 0.061, -3.812, -56.722, -163.845, -23.320, -7.920, -12.547, 30.25, -0.10712, 0.47412, 0.0372, 0.87308,
 11:05:34.119,f6:90:cc:01:6d:25, 2015-01-01 00:18:31.900, 0.985, -0.059, 0.004, -0.732, 0.549, 0, -81.87, -86.605, -74.531, -28.893, -7.120, 3.567, 29.27, 0.16718, -0.69308, -0.12564, -0.68979,
 11:05:34.119,f6:90:cc:01:6d:25, 2015-01-01 00:18:31.900, 0.983, -0.057, 0.005, -0.854, 0.488, 0, -81.755, -86.6, -74.691, -28.893, -7.120, 3.567, 29.27, 0.16718, -0.69308, -0.12564, -0.68979,
 11:05:34.121,ed:40:fe:65:30:6c, 2015-01-01 00:18:29.290, 0.891, 0.043, 0.462, 0, 0, 0.244, 5.295, -62.463, -116.318, -26.540, -7.620, 5.473, 25.07, 0.47095, -0.41879, -0.30692, -0.7131,
 11:05:34.121,ed:40:fe:65:30:6c, 2015-01-01 00:18:29.290, 0.89, 0.044, 0.462, 0.122, -0.061, 0.305, 5.29, -62.468, -116.312, -26.540, -7.620, 5.473, 25.07, 0.47095, -0.41879, -0.30692, -0.7131,
 11:05:34.123,e3:ca:2d:fd:e0:8c, 2015-01-01 00:18:29.885, 1.013, -0.123, -0.043, -0.671, 0.366, 0, -110.132, -82.678, -103.87, -25.540, -5.027, -4.800, 23.42, -0.16122, -0.67734, 0.2514, -0.67224,
 11:05:34.123,e3:ca:2d:fd:e0:8c, 2015-01-01 00:18:29.885, 1.011, -0.121, -0.042, -0.793, 0.305, 0, -110.094, -82.678, -103.914, -25.540, -5.027, -4.800, 23.42, -0.16122, -0.67734, 0.2514, -0.67224,
 11:05:34.142,f6:90:cc:01:6d:25, 2015-01-01 00:18:32.435, 0.984, -0.053, 0.007, -1.099, 0.427, 0, -81.661, -86.6, -74.828, -28.893, -7.120, 3.567, 29.27, 0.16718, -0.69308, -0.12564, -0.68979,
 11:05:34.142,f6:90:cc:01:6d:25, 2015-01-01 00:18:32.435, 0.987, -0.057, 0.005, -1.465, 0.61, 0, -81.568, -86.6, -74.96, -28.893, -7.120, 3.567, 29.27, 0.16718, -0.69308, -0.12564, -0.68979,
 11:05:34.144,ed:40:fe:65:30:6c, 2015-01-01 00:18:29.290, 0.886, 0.046, 0.461, 0.244, 0, 0.305, 5.284, -62.468, -116.301, -26.540, -7.620, 5.473, 25.07, 0.47101, -0.41916, -0.30679, -0.71289,
 11:05:34.144,ed:40:fe:65:30:6c, 2015-01-01 00:18:29.290, 0.889, 0.044, 0.461, 0.244, -0.061, -0.061, 5.295, -62.468, -116.307, -26.540, -7.620, 5.473, 25.07, 0.47101, -0.41916, -0.30679, -0.71289,
 11:05:34.163,ed:35:33:d3:6c:f8, 2015-01-01 00:18:32.830, 0.833, -0.038, 0.543, 0.244, 0.061, -0.244, -3.801, -56.722, -163.85, -23.320, -7.920, -12.547, 30.25, -0.10712, 0.47412, 0.0372, 0.87308,
 11:05:34.163,ed:35:33:d3:6c:f8, 2015-01-01 00:18:32.830, 0.832, -0.036, 0.545, -0.305, 0.183, -0.305, -3.801, -56.717, -163.856, -23.320, -7.920, -12.547, 30.25, -0.10712, 0.47412, 0.0372, 0.87308,
 11:05:34.168,e3:ca:2d:fd:e0:8c, 2015-01-01 00:18:29.885, 1.012, -0.119, -0.042, -1.038, 0.244, 0, -110.072, -82.683, -103.953, -25.540, -5.027, -4.800, 23.42, -0.16122, -0.67734, 0.2514, -0.67224,
 11:05:34.168,e3:ca:2d:fd:e0:8c, 2015-01-01 00:18:29.885, 1.015, -0.122, -0.041, -1.282, 0.244, 0, -110.05, -82.683, -103.98, -25.540, -5.027, -4.800, 23.42, -0.16122, -0.67734, 0.2514, -0.67224,
 11:05:34.187,f6:90:cc:01:6d:25, 2015-01-01 00:18:32.435, 0.986, -0.063, 0.006, -1.648, 0.732, 0, -81.425, -86.6, -75.081, -28.893, -7.120, 3.567, 29.27, 0.16718, -0.69308, -0.12564, -0.68979,
 11:05:34.187,f6:90:cc:01:6d:25, 2015-01-01 00:18:32.435, 0.985, -0.061, 0.006, -1.587, 0.61, 0, -81.266, -86.594, -75.201, -28.893, -7.120, 3.567, 29.27, 0.16718, -0.69308, -0.12564, -0.68979,
 11:05:34.188,ed:40:fe:65:30:6c, 2015-01-01 00:18:29.290, 0.892, 0.043, 0.462, -0.244, -0.305, -0.427, 5.312, -62.468, -116.329, -26.540, -7.620, 5.473, 25.07, 0.47101, -0.41916, -0.30679, -0.71289,
 11:05:34.188,ed:40:fe:65:30:6c, 2015-01-01 00:18:29.290, 0.89, 0.043, 0.465, -0.549, -0.122, -0.366, 5.317, -62.474, -116.351, -26.540, -7.620, 5.473, 25.07, 0.47101, -0.41916, -0.30679, -0.71289,
 11:05:34.210,f6:90:cc:01:6d:25, 2015-01-01 00:18:32.435, 0.982, -0.057, 0.007, -1.465, 0.488, 0, -81.145, -86.594, -75.262, -28.893, -7.120, 3.567, 29.27, 0.16718, -0.69308, -0.12564, -0.68979,
 11:05:34.210,f6:90:cc:01:6d:25, 2015-01-01 00:18:32.435, 0.981, -0.058, 0.003, -1.648, 0.305, 0, -81.068, -86.594, -75.3, -28.893, -7.120, 3.567, 29.27, 0.16718, -0.69308, -0.12564, -0.68979,
 11:05:34.211,ed:40:fe:65:30:6c, 2015-01-01 00:18:29.670, 0.891, 0.045, 0.465, -0.916, -0.061, -0.183, 5.306, -62.474, -116.362, -26.540, -7.620, 5.473, 25.07, 0.47101, -0.41916, -0.30679, -0.71289,
 11:05:34.211,ed:40:fe:65:30:6c, 2015-01-01 00:18:29.670, 0.888, 0.045, 0.464, -1.282, 0, -0.061, 5.284, -62.468, -116.356, -26.540, -7.620, 5.473, 25.07, 0.47101, -0.41916, -0.30679, -0.71289,
 11:05:34.212,e3:ca:2d:fd:e0:8c, 2015-01-01 00:18:29.885, 1.015, -0.125, -0.042, -1.404, 0.244, -0.427, -110.056, -82.694, -103.991, -25.540, -5.027, -4.800, 23.42, -0.16122, -0.67734, 0.2514, -0.67224,
 11:05:34.212,e3:ca:2d:fd:e0:8c, 2015-01-01 00:18:29.885, 1.012, -0.124, -0.042, -1.282, 0.183, -0.427, -110.061, -82.705, -104.002, -25.540, -5.027, -4.800, 23.42, -0.16122, -0.67734, 0.2514, -0.67224,
 11:05:34.231,ed:35:33:d3:6c:f8, 2015-01-01 00:18:32.830, 0.833, -0.035, 0.545, -0.61, 0.366, -0.305, -3.801, -56.711, -163.867, -23.320, -7.920, -12.547, 30.25, -0.10712, 0.47412, 0.0372, 0.87308,
 11:05:34.231,ed:35:33:d3:6c:f8, 2015-01-01 00:18:32.830, 0.83, -0.035, 0.546, -1.038, 0.305, -0.122, -3.818, -56.706, -163.867, -23.320, -7.920, -12.547, 30.25, -0.10712, 0.47412, 0.0372, 0.87308,
 11:05:34.255,ed:35:33:d3:6c:f8, 2015-01-01 00:18:32.830, 0.829, -0.037, 0.545, -1.099, 0.305, -0.305, -3.829, -56.7, -163.878, -23.300, -7.600, -12.907, 30.25, -0.10712, 0.47412, 0.0372, 0.87308,
 11:05:34.255,ed:35:33:d3:6c:f8, 2015-01-01 00:18:32.830, 0.829, -0.039, 0.543, -0.732, 0.122, -0.366, -3.834, -56.7, -163.883, -23.300, -7.600, -12.907, 30.25, -0.10712, 0.47412, 0.0372, 0.87308,
 11:05:34.255,f6:90:cc:01:6d:25, 2015-01-01 00:18:32.435, 0.983, -0.061, 0.005, -1.587, 0.244, 0, -81.046, -86.589, -75.289, -28.893, -7.120, 3.567, 29.27, 0.16718, -0.69308, -0.12564, -0.68979,
 11:05:34.255,f6:90:cc:01:6d:25, 2015-01-01 00:18:32.435, 0.983, -0.062, 0.008, -1.465, 0.183, 0, -81.046, -86.589, -75.284, -28.893, -7.120, 3.567, 29.27, 0.16718, -0.69308, -0.12564, -0.68979,
 11:05:34.256,ed:40:fe:65:30:6c, 2015-01-01 00:18:29.670, 0.888, 0.042, 0.464, -1.16, 0, -0.244, 5.273, -62.468, -116.356, -26.540, -7.620, 5.473, 25.07, 0.47101, -0.41916, -0.30679, -0.71289,
 11:05:34.256,ed:40:fe:65:30:6c, 2015-01-01 00:18:29.670, 0.888, 0.042, 0.465, -0.61, 0.122, -0.488, 5.273, -62.468, -116.362, -26.540, -7.620, 5.473, 25.07, 0.47101, -0.41916, -0.30679, -0.71289,
 11:05:34.258,e3:ca:2d:fd:e0:8c, 2015-01-01 00:18:29.885, 1.01, -0.122, -0.043, -1.16, 0.061, -0.427, -110.089, -82.711, -104.002, -25.540, -5.027, -4.800, 23.42, -0.16122, -0.67734, 0.2514, -0.67224,
 11:05:34.258,e3:ca:2d:fd:e0:8c, 2015-01-01 00:18:29.885, 1.011, -0.123, -0.042, -1.16, 0.244, -0.427, -110.083, -82.722, -104.057, -25.540, -5.027, -4.800, 23.42, -0.16122, -0.67734, 0.2514, -0.67224,
 11:05:34.298,ed:35:33:d3:6c:f8, 2015-01-01 00:18:32.830, 0.829, -0.038, 0.544, -0.427, 0.244, -0.549, -3.823, -56.695, -163.9, -23.300, -7.600, -12.907, 30.25, -0.10712, 0.47412, 0.0372, 0.87308,
 11:05:34.298,ed:35:33:d3:6c:f8, 2015-01-01 00:18:32.830, 0.828, -0.04, 0.541, -0.366, 0.549, -0.488, -3.818, -56.684, -163.916, -23.300, -7.600, -12.907, 30.25, -0.10712, 0.47412, 0.0372, 0.87308,
 11:05:34.303,ed:40:fe:65:30:6c, 2015-01-01 00:18:29.670, 0.888, 0.038, 0.46, -0.671, 0.305, -0.366, 5.279, -62.463, -116.378, -26.540, -7.620, 5.473, 25.07, 0.47101, -0.41916, -0.30679, -0.71289,
 11:05:34.303,ed:40:fe:65:30:6c, 2015-01-01 00:18:29.670, 0.895, 0.04, 0.468, -0.793, 0.305, -0.61, 5.279, -62.452, -116.384, -26.540, -7.620, 5.473, 25.07, 0.47101, -0.41916, -0.30679, -0.71289,
 11:05:34.303,e3:ca:2d:fd:e0:8c, 2015-01-01 00:18:29.885, 1.013, -0.123, -0.041, -0.977, 0.183, -0.549, -110.094, -82.733, -104.095, -25.540, -5.027, -4.800, 23.42, -0.16122, -0.67734, 0.2514, -0.67224,
 11:05:34.303,e3:ca:2d:fd:e0:8c, 2015-01-01 00:18:29.885, 1.012, -0.123, -0.041, -0.793, 0, -0.549, -110.127, -82.744, -104.101, -25.540, -5.027, -4.800, 23.42, -0.16122, -0.67734, 0.2514, -0.67224,
 11:05:34.321,ed:35:33:d3:6c:f8, 2015-01-01 00:18:32.830, 0.835, -0.043, 0.548, -0.366, 0.793, -0.671, -3.807, -56.667, -163.938, -23.300, -7.600, -12.907, 30.25, -0.1073, 0.47388, 0.03729, 0.87317,
 11:05:34.321,ed:35:33:d3:6c:f8, 2015-01-01 00:18:32.830, 0.837, -0.036, 0.549, 0.305, 0.366, -1.404, -3.757, -56.662, -164.015, -23.300, -7.600, -12.907, 30.25, -0.1073, 0.47388, 0.03729, 0.87317,
 11:05:34.325,e3:ca:2d:fd:e0:8c, 2015-01-01 00:18:29.885, 1.013, -0.121, -0.043, -0.549, -0.122, -0.488, -110.165, -82.749, -104.101, -25.193, -5.060, -5.107, 23.42, -0.16122, -0.67734, 0.2514, -0.67224,
 11:05:34.325,e3:ca:2d:fd:e0:8c, 2015-01-01 00:18:29.885, 1.019, -0.12, -0.042, -0.549, -0.061, -0.488, -110.198, -82.76, -104.095, -25.193, -5.060, -5.107, 23.42, -0.16122, -0.67734, 0.2514, -0.67224,
 11:05:34.345,f6:90:cc:01:6d:25, 2015-01-01 00:18:32.435, 0.983, -0.063, 0.007, -1.282, 0.305, -0.305, -81.035, -86.589, -75.295, -28.893, -7.120, 3.567, 29.27, 0.16718, -0.69308, -0.12564, -0.68979,
 11:05:34.345,f6:90:cc:01:6d:25, 2015-01-01 00:18:32.435, 0.987, -0.058, 0.004, -0.977, 0.305, -0.427, -80.98, -86.594, -75.366, -28.893, -7.120, 3.567, 29.27, 0.16718, -0.69308, -0.12564, -0.68979,
 11:05:34.346,ed:40:fe:65:30:6c, 2015-01-01 00:18:29.670, 0.896, 0.048, 0.466, -0.488, 0.244, -1.221, 5.29, -62.446, -116.411, -26.540, -7.620, 5.473, 25.07, 0.47101, -0.41916, -0.30679, -0.71289,
 11:05:34.346,ed:40:fe:65:30:6c, 2015-01-01 00:18:29.670, 0.894, 0.048, 0.466, 0.122, 0.061, -0.916, 5.328, -62.435, -116.45, -26.540, -7.620, 5.473, 25.07, 0.47101, -0.41916, -0.30679, -0.71289,
 11:05:34.367,f6:90:cc:01:6d:25, 2015-01-01 00:18:32.435, 0.992, -0.054, 0.005, -0.977, 0.183, -0.305, -80.931, -86.6, -75.416, -28.400, -6.760, 3.867, 29.27, 0.16718, -0.69308, -0.12564, -0.68979,
 11:05:34.367,f6:90:cc:01:6d:25, 2015-01-01 00:18:32.435, 0.989, -0.058, 0.003, -0.793, 0.122, -0.366, -80.914, -86.605, -75.416, -28.400, -6.760, 3.867, 29.27, 0.16718, -0.69308, -0.12564, -0.68979,
 11:05:34.370,e3:ca:2d:fd:e0:8c, 2015-01-01 00:18:29.885, 1.02, -0.12, -0.042, -0.427, 0.122, -0.488, -110.204, -82.766, -104.123, -25.193, -5.060, -5.107, 23.42, -0.16122, -0.67734, 0.2514, -0.67224,
 11:05:34.370,e3:ca:2d:fd:e0:8c, 2015-01-01 00:18:29.885, 1.016, -0.12, -0.044, -0.244, 0.427, -0.305, -110.149, -82.776, -104.2, -25.193, -5.060, -5.107, 23.42, -0.16122, -0.67734, 0.2514, -0.67224,
 11:05:34.389,ed:35:33:d3:6c:f8, 2015-01-01 00:18:32.830, 0.836, -0.028, 0.549, 0.854, 0, -1.404, -3.702, -56.667, -164.081, -23.300, -7.600, -12.907, 30.25, -0.1073, 0.47388, 0.03729, 0.87317,
 11:05:34.389,ed:35:33:d3:6c:f8, 2015-01-01 00:18:32.830, 0.831, -0.035, 0.548, 0, 0.061, -0.671, -3.68, -56.667, -164.158, -23.300, -7.600, -12.907, 30.25, -0.1073, 0.47388, 0.03729, 0.87317,
 11:05:34.391,ed:40:fe:65:30:6c, 2015-01-01 00:18:29.670, 0.889, 0.042, 0.465, -0.305, 0.122, -0.305, 5.356, -62.43, -116.472, -26.540, -7.620, 5.473, 25.07, 0.47101, -0.41916, -0.30679, -0.71289,
 11:05:34.391,ed:40:fe:65:30:6c, 2015-01-01 00:18:29.670, 0.886, 0.044, 0.461, 0, 0, -0.427, 5.367, -62.43, -116.466, -26.540, -7.620, 5.473, 25.07, 0.47101, -0.41916, -0.30679, -0.71289,
 11:05:34.412,ed:35:33:d3:6c:f8, 2015-01-01 00:18:33.210, 0.828, -0.036, 0.542, 0.183, -0.183, -0.61, -3.664, -56.667, -164.279, -23.300, -7.600, -12.907, 30.25, -0.1073, 0.47388, 0.03729, 0.87317,
 11:05:34.412,ed:35:33:d3:6c:f8, 2015-01-01 00:18:33.210, 0.827, -0.032, 0.54, 0.244, -0.061, -0.61, -3.642, -56.673, -164.41, -23.300, -7.600, -12.907, 30.25, -0.1073, 0.47388, 0.03729, 0.87317,
 11:05:34.414,e3:ca:2d:fd:e0:8c, 2015-01-01 00:18:29.885, 1.011, -0.12, -0.044, -0.183, 0.366, -0.244, -110.105, -82.782, -104.299, -25.193, -5.060, -5.107, 23.42, -0.16385, -0.67654, 0.25284, -0.67188,
 11:05:34.414,e3:ca:2d:fd:e0:8c, 2015-01-01 00:18:29.885, 1.013, -0.12, -0.043, -0.061, 0.488, -0.244, -110.045, -82.793, -104.387, -25.193, -5.060, -5.107, 23.42, -0.16385, -0.67654, 0.25284, -0.67188,
 11:05:34.435,f6:90:cc:01:6d:25, 2015-01-01 00:18:32.435, 0.985, -0.059, 0.003, -0.549, 0.122, -0.427, -80.914, -86.611, -75.405, -28.400, -6.760, 3.867, 29.27, 0.16718, -0.69308, -0.12564, -0.68979,
 11:05:34.435,f6:90:cc:01:6d:25, 2015-01-01 00:18:32.435, 0.981, -0.058, 0.003, -0.427, 0.244, -0.488, -80.903, -86.622, -75.366, -28.400, -6.760, 3.867, 29.27, 0.16718, -0.69308, -0.12564, -0.68979,
 11:05:34.436,ed:40:fe:65:30:6c, 2015-01-01 00:18:29.670, 0.886, 0.045, 0.458, 0, -0.122, -0.366, 5.383, -62.43, -116.477, -26.187, -7.373, 5.687, 25.07, 0.47101, -0.41916, -0.30679, -0.71289,
 11:05:34.436,ed:40:fe:65:30:6c, 2015-01-01 00:18:29.670, 0.887, 0.046, 0.459, 0.122, -0.183, -0.366, 5.4, -62.43, -116.483, -26.187, -7.373, 5.687, 25.07, 0.47101, -0.41916, -0.30679, -0.71289,
 11:05:34.456,f6:90:cc:01:6d:25, 2015-01-01 00:18:32.435, 0.981, -0.058, 0.003, -0.061, 0.183, -0.671, -80.859, -86.633, -75.339, -28.400, -6.760, 3.867, 29.27, 0.1665, -0.69257, -0.12506, -0.69055,
 11:05:34.456,f6:90:cc:01:6d:25, 2015-01-01 00:18:32.435, 0.982, -0.054, 0.005, -0.061, 0.366, -0.671, -80.788, -86.644, -75.344, -28.400, -6.760, 3.867, 29.27, 0.1665, -0.69257, -0.12506, -0.69055,
 11:05:34.457,ed:35:33:d3:6c:f8, 2015-01-01 00:18:33.210, 0.828, -0.033, 0.54, 0.122, 0, -0.488, -3.625, -56.673, -164.482, -23.300, -7.600, -12.907, 30.25, -0.1073, 0.47388, 0.03729, 0.87317,
 11:05:34.457,ed:35:33:d3:6c:f8, 2015-01-01 00:18:33.210, 0.83, -0.032, 0.543, 0, -0.061, -0.732, -3.604, -56.678, -164.515, -23.300, -7.600, -12.907, 30.25, -0.1073, 0.47388, 0.03729, 0.87317,
 11:05:34.460,e3:ca:2d:fd:e0:8c, 2015-01-01 00:18:30.200, 1.014, -0.119, -0.042, -0.183, 0.183, -0.122, -109.995, -82.798, -104.458, -25.193, -5.060, -5.107, 23.42, -0.16385, -0.67654, 0.25284, -0.67188,
 11:05:34.460,e3:ca:2d:fd:e0:8c, 2015-01-01 00:18:30.200, 1.014, -0.121, -0.042, -0.244, 0.122, -0.183, -109.979, -82.798, -104.496, -25.193, -5.060, -5.107, 23.42, -0.16385, -0.67654, 0.25284, -0.67188,
 11:05:34.479,ed:35:33:d3:6c:f8, 2015-01-01 00:18:33.210, 0.832, -0.029, 0.546, -0.061, 0, -0.61, -3.587, -56.678, -164.537, -23.300, -7.600, -12.907, 30.25, -0.1073, 0.47388, 0.03729, 0.87317,
 11:05:34.479,ed:35:33:d3:6c:f8, 2015-01-01 00:18:33.210, 0.836, -0.024, 0.547, -0.183, -0.122, -0.488, -3.571, -56.678, -164.592, -23.300, -7.600, -12.907, 30.25, -0.1073, 0.47388, 0.03729, 0.87317,
 11:05:34.480,f6:90:cc:01:6d:25, 2015-01-01 00:18:32.435, 0.984, -0.056, 0.006, -0.183, 0.427, -0.61, -80.678, -86.655, -75.394, -28.400, -6.760, 3.867, 29.27, 0.1665, -0.69257, -0.12506, -0.69055,
 11:05:34.480,f6:90:cc:01:6d:25, 2015-01-01 00:18:32.435, 0.986, -0.056, 0.006, -0.122, 0.305, -0.549, -80.579, -86.666, -75.443, -28.400, -6.760, 3.867, 29.27, 0.1665, -0.69257, -0.12506, -0.69055,
 11:05:34.481,ed:40:fe:65:30:6c, 2015-01-01 00:18:29.670, 0.888, 0.046, 0.462, 0, -0.305, -0.549, 5.416, -62.43, -116.494, -26.187, -7.373, 5.687, 25.07, 0.47101, -0.41916, -0.30679, -0.71289,
 11:05:34.481,ed:40:fe:65:30:6c, 2015-01-01 00:18:29.670, 0.89, 0.049, 0.465, -0.183, -0.244, -0.427, 5.438, -62.435, -116.516, -26.187, -7.373, 5.687, 25.07, 0.47101, -0.41916, -0.30679, -0.71289,
 11:05:34.483,e3:ca:2d:fd:e0:8c, 2015-01-01 00:18:30.200, 1.015, -0.12, -0.042, -0.061, 0.122, -0.122, -109.968, -82.804, -104.529, -25.193, -5.060, -5.107, 23.42, -0.16385, -0.67654, 0.25284, -0.67188,
 11:05:34.483,e3:ca:2d:fd:e0:8c, 2015-01-01 00:18:30.200, 1.015, -0.119, -0.039, -0.061, 0.305, -0.061, -109.946, -82.809, -104.557, -25.193, -5.060, -5.107, 23.42, -0.16385, -0.67654, 0.25284, -0.67188,
 11:05:34.523,ed:35:33:d3:6c:f8, 2015-01-01 00:18:33.210, 0.832, -0.026, 0.546, -0.183, -0.244, -0.122, -3.571, -56.684, -164.625, -23.300, -7.600, -12.907, 30.25, -0.1073, 0.47388, 0.03729, 0.87317,
 11:05:34.523,ed:35:33:d3:6c:f8, 2015-01-01 00:18:33.210, 0.831, -0.031, 0.542, -0.305, -0.183, 0.305, -3.582, -56.689, -164.608, -23.300, -7.600, -12.907, 30.25, -0.1073, 0.47388, 0.03729, 0.87317,
 11:05:34.525,f6:90:cc:01:6d:25, 2015-01-01 00:18:32.435, 0.989, -0.055, 0.005, -0.061, 0.183, -0.305, -80.524, -86.671, -75.427, -28.400, -6.760, 3.867, 29.27, 0.1665, -0.69257, -0.12506, -0.69055,
 11:05:34.525,f6:90:cc:01:6d:25, 2015-01-01 00:18:32.435, 0.987, -0.055, 0.006, -0.061, 0.244, -0.244, -80.491, -86.677, -75.41, -28.400, -6.760, 3.867, 29.27, 0.1665, -0.69257, -0.12506, -0.69055,
 11:05:34.526,ed:40:fe:65:30:6c, 2015-01-01 00:18:29.670, 0.895, 0.054, 0.465, -0.305, -0.183, -0.244, 5.455, -62.441, -116.537, -26.187, -7.373, 5.687, 25.07, 0.47031, -0.41891, -0.30685, -0.71347,
 11:05:34.526,ed:40:fe:65:30:6c, 2015-01-01 00:18:29.670, 0.889, 0.051, 0.464, -0.122, -0.244, 0.061, 5.46, -62.441, -116.548, -26.187, -7.373, 5.687, 25.07, 0.47031, -0.41891, -0.30685, -0.71347,
 11:05:34.528,e3:ca:2d:fd:e0:8c, 2015-01-01 00:18:30.200, 1.011, -0.121, -0.039, -0.122, 0.427, 0, -109.891, -82.809, -104.601, -25.193, -5.060, -5.107, 23.42, -0.16385, -0.67654, 0.25284, -0.67188,
 11:05:34.528,e3:ca:2d:fd:e0:8c, 2015-01-01 00:18:30.200, 1.012, -0.121, -0.039, -0.122, 0.305, -0.061, -109.825, -82.815, -104.645, -25.193, -5.060, -5.107, 23.42, -0.16385, -0.67654, 0.25284, -0.67188,
 11:05:34.547,f6:90:cc:01:6d:25, 2015-01-01 00:18:32.815, 0.983, -0.059, 0.008, -0.244, 0.366, -0.122, -80.425, -86.682, -75.427, -28.400, -6.760, 3.867, 29.27, 0.1665, -0.69257, -0.12506, -0.69055,
 11:05:34.547,f6:90:cc:01:6d:25, 2015-01-01 00:18:32.815, 0.985, -0.057, 0.01, -0.122, 0.488, -0.122, -80.321, -86.682, -75.471, -28.400, -6.760, 3.867, 29.27, 0.1665, -0.69257, -0.12506, -0.69055,
 11:05:34.571,ed:40:fe:65:30:6c, 2015-01-01 00:18:29.670, 0.889, 0.046, 0.462, -0.122, -0.122, 0.366, 5.46, -62.446, -116.543, -26.187, -7.373, 5.687, 25.07, 0.47031, -0.41891, -0.30685, -0.71347,
 11:05:34.571,ed:40:fe:65:30:6c, 2015-01-01 00:18:29.670, 0.89, 0.047, 0.464, -0.183, 0, 0.305, 5.449, -62.446, -116.532, -26.187, -7.373, 5.687, 25.07, 0.47031, -0.41891, -0.30685, -0.71347,
 11:05:34.571,e3:ca:2d:fd:e0:8c, 2015-01-01 00:18:30.200, 1.012, -0.119, -0.041, 0, 0.183, 0, -109.775, -82.82, -104.667, -25.193, -5.060, -5.107, 23.42, -0.16385, -0.67654, 0.25284, -0.67188,
 11:05:34.571,e3:ca:2d:fd:e0:8c, 2015-01-01 00:18:30.200, 1.015, -0.12, -0.04, -0.061, 0.488, 0, -109.726, -82.82, -104.716, -25.193, -5.060, -5.107, 23.42, -0.16385, -0.67654, 0.25284, -0.67188,
 11:05:34.591,ed:35:33:d3:6c:f8, 2015-01-01 00:18:33.210, 0.832, -0.033, 0.544, -0.366, 0.061, 0.244, -3.593, -56.689, -164.603, -23.300, -7.600, -12.907, 30.25, -0.1073, 0.47388, 0.03729, 0.87317,
 11:05:34.591,ed:35:33:d3:6c:f8, 2015-01-01 00:18:33.210, 0.832, -0.03, 0.545, 0.244, 0.061, 0.183, -3.587, -56.689, -164.603, -23.300, -7.600, -12.907, 30.25, -0.1073, 0.47388, 0.03729, 0.87317,
 11:05:34.592,f6:90:cc:01:6d:25, 2015-01-01 00:18:32.815, 0.983, -0.056, 0.003, -0.122, 0.427, -0.183, -80.195, -86.682, -75.547, -28.400, -6.760, 3.867, 29.27, 0.1665, -0.69257, -0.12506, -0.69055,
 11:05:34.592,f6:90:cc:01:6d:25, 2015-01-01 00:18:32.815, 0.985, -0.055, 0.004, -0.122, 0.427, -0.122, -80.09, -86.682, -75.608, -28.400, -6.760, 3.867, 29.27, 0.1665, -0.69257, -0.12506, -0.69055,
 11:05:34.593,ed:40:fe:65:30:6c, 2015-01-01 00:18:30.025, 0.891, 0.048, 0.464, 0.183, 0, 0.183, 5.438, -62.446, -116.521, -26.187, -7.373, 5.687, 25.07, 0.47031, -0.41891, -0.30685, -0.71347,
 11:05:34.593,ed:40:fe:65:30:6c, 2015-01-01 00:18:30.025, 0.89, 0.046, 0.463, 0.061, 0, 0.244, 5.444, -62.446, -116.516, -26.187, -7.373, 5.687, 25.07, 0.47031, -0.41891, -0.30685, -0.71347,
 11:05:34.614,ed:35:33:d3:6c:f8, 2015-01-01 00:18:33.210, 0.831, -0.033, 0.545, 0.244, 0, 0.122, -3.582, -56.689, -164.603, -23.100, -8.273, -12.827, 30.25, -0.1073, 0.47388, 0.03729, 0.87317,
 11:05:34.614,ed:35:33:d3:6c:f8, 2015-01-01 00:18:33.210, 0.832, -0.037, 0.545, 0.61, -0.183, 0, -3.571, -56.695, -164.603, -23.100, -8.273, -12.827, 30.25, -0.1073, 0.47388, 0.03729, 0.87317,
 11:05:34.616,f6:90:cc:01:6d:25, 2015-01-01 00:18:32.815, 0.985, -0.054, 0.006, -0.061, 0.427, 0, -79.991, -86.682, -75.685, -28.400, -6.760, 3.867, 29.27, 0.1665, -0.69257, -0.12506, -0.69055,
 11:05:34.616,f6:90:cc:01:6d:25, 2015-01-01 00:18:32.815, 0.985, -0.053, 0.006, 0.122, 0.305, 0, -79.915, -86.682, -75.745, -28.400, -6.760, 3.867, 29.27, 0.1665, -0.69257, -0.12506, -0.69055,
 11:05:34.616,ed:40:fe:65:30:6c, 2015-01-01 00:18:30.025, 0.89, 0.043, 0.462, 0.366, -0.122, 0, 5.444, -62.446, -116.51, -26.187, -7.373, 5.687, 25.07, 0.47031, -0.41891, -0.30685, -0.71347,
 11:05:34.616,ed:40:fe:65:30:6c, 2015-01-01 00:18:30.025, 0.887, 0.048, 0.463, 0.61, -0.183, -0.183, 5.455, -62.446, -116.51, -26.187, -7.373, 5.687, 25.07, 0.47031, -0.41891, -0.30685, -0.71347,
 11:05:34.618,e3:ca:2d:fd:e0:8c, 2015-01-01 00:18:30.200, 1.015, -0.119, -0.042, -0.183, 0.61, 0, -109.644, -82.826, -104.788, -25.193, -5.060, -5.107, 23.42, -0.16385, -0.67654, 0.25284, -0.67188,
 11:05:34.618,e3:ca:2d:fd:e0:8c, 2015-01-01 00:18:30.200, 1.014, -0.119, -0.043, 0, 0.366, 0.061, -109.55, -82.826, -104.865, -25.193, -5.060, -5.107, 23.42, -0.16385, -0.67654, 0.25284, -0.67188,
 11:05:34.661,f6:90:cc:01:6d:25, 2015-01-01 00:18:32.815, 0.983, -0.053, 0.006, 0.183, 0.244, 0.122, -79.865, -86.682, -75.773, -28.400, -6.760, 3.867, 29.27, 0.1665, -0.69257, -0.12506, -0.69055,
 11:05:34.661,f6:90:cc:01:6d:25, 2015-01-01 00:18:32.815, 0.983, -0.056, 0.005, 0.244, 0.244, 0.183, -79.832, -86.682, -75.789, -28.400, -6.760, 3.867, 29.27, 0.1665, -0.69257, -0.12506, -0.69055,
 11:05:34.661,ed:40:fe:65:30:6c, 2015-01-01 00:18:30.025, 0.887, 0.054, 0.462, 0.671, -0.122, -0.183, 5.482, -62.452, -116.51, -26.187, -7.373, 5.687, 25.07, 0.47031, -0.41891, -0.30685, -0.71347,
 11:05:34.661,ed:40:fe:65:30:6c, 2015-01-01 00:18:30.025, 0.887, 0.053, 0.463, 0.427, 0, 0.122, 5.504, -62.452, -116.51, -26.187, -7.373, 5.687, 25.07, 0.47031, -0.41891, -0.30685, -0.71347,
 11:05:34.662,e3:ca:2d:fd:e0:8c, 2015-01-01 00:18:30.200, 1.012, -0.12, -0.042, 0.244, 0, 0.122, -109.501, -82.831, -104.903, -25.280, -5.227, -4.353, 23.42, -0.16385, -0.67654, 0.25284, -0.67188,
 11:05:34.662,e3:ca:2d:fd:e0:8c, 2015-01-01 00:18:30.200, 1.012, -0.118, -0.042, 0.305, 0, 0.244, -109.484, -82.826, -104.897, -25.280, -5.227, -4.353, 23.42, -0.16385, -0.67654, 0.25284, -0.67188,
 11:05:34.682,ed:35:33:d3:6c:f8, 2015-01-01 00:18:33.210, 0.83, -0.032, 0.543, 0.916, -0.244, -0.061, -3.549, -56.7, -164.603, -23.100, -8.273, -12.827, 30.25, -0.1073, 0.47388, 0.03729, 0.87317,
 11:05:34.682,ed:35:33:d3:6c:f8, 2015-01-01 00:18:33.210, 0.83, -0.024, 0.542, 0.916, 0, -0.061, -3.527, -56.7, -164.603, -23.100, -8.273, -12.827, 30.25, -0.1073, 0.47388, 0.03729, 0.87317,
 11:05:34.687,e3:ca:2d:fd:e0:8c, 2015-01-01 00:18:30.200, 1.014, -0.118, -0.041, 0.244, 0.061, 0.305, -109.462, -82.82, -104.881, -25.280, -5.227, -4.353, 23.42, -0.16409, -0.67599, 0.2525, -0.67249,
 11:05:34.687,e3:ca:2d:fd:e0:8c, 2015-01-01 00:18:30.200, 1.015, -0.117, -0.039, 0.183, 0.122, 0.305, -109.424, -82.82, -104.892, -25.280, -5.227, -4.353, 23.42, -0.16409, -0.67599, 0.2525, -0.67249,
 11:05:34.703,ed:35:33:d3:6c:f8, 2015-01-01 00:18:33.210, 0.83, -0.023, 0.544, 0.488, 0.183, 0.122, -3.516, -56.695, -164.581, -23.100, -8.273, -12.827, 30.25, -0.10336, 0.47397, 0.03674, 0.87363,
 11:05:34.703,ed:35:33:d3:6c:f8, 2015-01-01 00:18:33.210, 0.832, -0.024, 0.545, 0, 0, 0.427, -3.521, -56.695, -164.542, -23.100, -8.273, -12.827, 30.25, -0.10336, 0.47397, 0.03674, 0.87363,
 11:05:34.705,ed:40:fe:65:30:6c, 2015-01-01 00:18:30.025, 0.89, 0.053, 0.464, 0, 0, 0.549, 5.51, -62.452, -116.494, -26.187, -7.373, 5.687, 25.07, 0.47031, -0.41891, -0.30685, -0.71347,
 11:05:34.705,ed:40:fe:65:30:6c, 2015-01-01 00:18:30.025, 0.893, 0.048, 0.462, -0.183, 0, 0.671, 5.493, -62.452, -116.472, -26.187, -7.373, 5.687, 25.07, 0.47031, -0.41891, -0.30685, -0.71347,
 11:05:34.727,f6:90:cc:01:6d:25, 2015-01-01 00:18:32.815, 0.985, -0.054, 0.005, 0.366, 0.183, 0.122, -79.81, -86.677, -75.767, -28.400, -6.760, 3.867, 29.27, 0.1665, -0.69257, -0.12506, -0.69055,
 11:05:34.727,f6:90:cc:01:6d:25, 2015-01-01 00:18:32.815, 0.987, -0.054, 0.008, 0.366, 0.183, 0.122, -79.794, -86.677, -75.718, -28.400, -6.760, 3.867, 29.27, 0.1665, -0.69257, -0.12506, -0.69055,
 11:05:34.728,ed:40:fe:65:30:6c, 2015-01-01 00:18:30.025, 0.892, 0.043, 0.462, -0.183, 0, 0.732, 5.471, -62.452, -116.45, -26.187, -7.373, 5.687, 25.07, 0.47031, -0.41891, -0.30685, -0.71347,
 11:05:34.728,ed:40:fe:65:30:6c, 2015-01-01 00:18:30.025, 0.889, 0.045, 0.464, -0.061, 0.122, 0.671, 5.444, -62.452, -116.428, -26.187, -7.373, 5.687, 25.07, 0.47031, -0.41891, -0.30685, -0.71347,
 11:05:34.729,e3:ca:2d:fd:e0:8c, 2015-01-01 00:18:30.200, 1.014, -0.121, -0.04, 0.122, 0.061, 0.427, -109.385, -82.815, -104.908, -25.280, -5.227, -4.353, 23.42, -0.16409, -0.67599, 0.2525, -0.67249,
 11:05:34.729,e3:ca:2d:fd:e0:8c, 2015-01-01 00:18:30.200, 1.012, -0.123, -0.039, 0.244, 0, 0.427, -109.347, -82.809, -104.914, -25.280, -5.227, -4.353, 23.42, -0.16409, -0.67599, 0.2525, -0.67249,
 11:05:34.749,f6:90:cc:01:6d:25, 2015-01-01 00:18:32.815, 0.987, -0.057, 0.007, 0.366, 0.244, 0.061, -79.766, -86.677, -75.685, -28.820, -6.240, 4.253, 29.27, 0.1665, -0.69257, -0.12506, -0.69055,
 11:05:34.749,f6:90:cc:01:6d:25, 2015-01-01 00:18:32.815, 0.984, -0.058, 0.008, 0.488, 0.183, 0.061, -79.728, -86.677, -75.668, -28.820, -6.240, 4.253, 29.27, 0.1665, -0.69257, -0.12506, -0.69055,
 11:05:34.749,ed:35:33:d3:6c:f8, 2015-01-01 00:18:33.210, 0.834, -0.03, 0.544, -0.366, -0.061, 0.488, -3.538, -56.695, -164.531, -23.100, -8.273, -12.827, 30.25, -0.10336, 0.47397, 0.03674, 0.87363,
 11:05:34.749,ed:35:33:d3:6c:f8, 2015-01-01 00:18:33.210, 0.833, -0.035, 0.543, -0.488, -0.122, 0.61, -3.56, -56.7, -164.537, -23.100, -8.273, -12.827, 30.25, -0.10336, 0.47397, 0.03674, 0.87363,
 11:05:34.771,ed:35:33:d3:6c:f8, 2015-01-01 00:18:33.210, 0.831, -0.034, 0.543, -0.427, 0.122, 0.671, -3.587, -56.695, -164.542, -23.100, -8.273, -12.827, 30.25, -0.10336, 0.47397, 0.03674, 0.87363,
 11:05:34.771,ed:35:33:d3:6c:f8, 2015-01-01 00:18:33.210, 0.829, -0.034, 0.544, -0.183, 0.244, 0.61, -3.604, -56.689, -164.526, -23.100, -8.273, -12.827, 30.25, -0.10336, 0.47397, 0.03674, 0.87363,
 11:05:34.773,ed:40:fe:65:30:6c, 2015-01-01 00:18:30.025, 0.888, 0.045, 0.463, 0.061, 0.244, 0.549, 5.427, -62.446, -116.4, -26.187, -7.373, 5.687, 25.07, 0.47031, -0.41891, -0.30685, -0.71347,
 11:05:34.773,ed:40:fe:65:30:6c, 2015-01-01 00:18:30.025, 0.888, 0.043, 0.464, 0.305, 0.183, 0.427, 5.411, -62.441, -116.378, -26.187, -7.373, 5.687, 25.07, 0.47031, -0.41891, -0.30685, -0.71347,
 11:05:34.775,e3:ca:2d:fd:e0:8c, 2015-01-01 00:18:30.490, 1.011, -0.122, -0.039, 0.183, -0.122, 0.366, -109.319, -82.798, -104.919, -25.280, -5.227, -4.353, 23.42, -0.16409, -0.67599, 0.2525, -0.67249,
 11:05:34.775,e3:ca:2d:fd:e0:8c, 2015-01-01 00:18:30.490, 1.011, -0.121, -0.039, 0.122, -0.122, 0.305, -109.308, -82.793, -104.919, -25.280, -5.227, -4.353, 23.42, -0.16409, -0.67599, 0.2525, -0.67249,
 11:05:34.794,f6:90:cc:01:6d:25, 2015-01-01 00:18:32.815, 0.983, -0.057, 0.006, 0.488, 0.183, 0.183, -79.706, -86.671, -75.674, -28.820, -6.240, 4.253, 29.27, 0.1665, -0.69257, -0.12506, -0.69055,
 11:05:34.794,f6:90:cc:01:6d:25, 2015-01-01 00:18:32.815, 0.982, -0.057, 0.006, 0.366, 0.122, 0.244, -79.706, -86.666, -75.679, -28.820, -6.240, 4.253, 29.27, 0.1665, -0.69257, -0.12506, -0.69055,
 11:05:34.817,f6:90:cc:01:6d:25, 2015-01-01 00:18:32.815, 0.985, -0.058, 0.008, 0.305, 0.183, 0.244, -79.7, -86.66, -75.657, -28.820, -6.240, 4.253, 29.27, 0.17114, -0.69125, -0.13007, -0.68982,
 11:05:34.817,f6:90:cc:01:6d:25, 2015-01-01 00:18:32.815, 0.982, -0.058, 0.009, 0.366, 0.183, 0.305, -79.689, -86.655, -75.663, -28.820, -6.240, 4.253, 29.27, 0.17114, -0.69125, -0.13007, -0.68982,
 11:05:34.817,ed:35:33:d3:6c:f8, 2015-01-01 00:18:33.210, 0.83, -0.036, 0.545, 0.122, 0.244, 0.488, -3.615, -56.689, -164.509, -23.100, -8.273, -12.827, 30.25, -0.10336, 0.47397, 0.03674, 0.87363,
 11:05:34.817,ed:35:33:d3:6c:f8, 2015-01-01 00:18:33.210, 0.831, -0.034, 0.546, 0.549, 0.061, 0.427, -3.615, -56.684, -164.52, -23.100, -8.273, -12.827, 30.25, -0.10336, 0.47397, 0.03674, 0.87363,
 11:05:34.820,e3:ca:2d:fd:e0:8c, 2015-01-01 00:18:30.490, 1.012, -0.122, -0.038, 0.183, -0.122, 0.305, -109.297, -82.787, -104.93, -25.280, -5.227, -4.353, 23.42, -0.16409, -0.67599, 0.2525, -0.67249,
 11:05:34.820,e3:ca:2d:fd:e0:8c, 2015-01-01 00:18:30.490, 1.012, -0.122, -0.039, 0.244, -0.183, 0.244, -109.286, -82.782, -104.936, -25.280, -5.227, -4.353, 23.42, -0.16409, -0.67599, 0.2525, -0.67249,
 11:05:34.841,ed:40:fe:65:30:6c, 2015-01-01 00:18:30.025, 0.889, 0.045, 0.464, 0.488, 0.061, 0.305, 5.411, -62.441, -116.362, -26.667, -7.667, 5.307, 25.07, 0.47031, -0.41891, -0.30685, -0.71347,
 11:05:34.841,ed:40:fe:65:30:6c, 2015-01-01 00:18:30.025, 0.887, 0.046, 0.465, 0.427, 0.183, 0.366, 5.411, -62.435, -116.351, -26.667, -7.667, 5.307, 25.07, 0.47031, -0.41891, -0.30685, -0.71347,
 11:05:34.862,f6:90:cc:01:6d:25, 2015-01-01 00:18:32.815, 0.983, -0.059, 0.007, 0.305, 0.061, 0.305, -79.706, -86.649, -75.652, -28.820, -6.240, 4.253, 29.27, 0.17114, -0.69125, -0.13007, -0.68982,
 11:05:34.862,f6:90:cc:01:6d:25, 2015-01-01 00:18:32.815, 0.985, -0.059, 0.006, 0.244, 0, 0.183, -79.744, -86.644, -75.624, -28.820, -6.240, 4.253, 29.27, 0.17114, -0.69125, -0.13007, -0.68982,
 11:05:34.863,ed:40:fe:65:30:6c, 2015-01-01 00:18:30.025, 0.889, 0.044, 0.464, 0.488, 0.183, 0.488, 5.405, -62.435, -116.334, -26.667, -7.667, 5.307, 25.07, 0.47125, -0.41855, -0.30731, -0.71286,
 11:05:34.863,ed:40:fe:65:30:6c, 2015-01-01 00:18:30.025, 0.889, 0.043, 0.464, 0.305, 0.183, 0.549, 5.4, -62.43, -116.312, -26.667, -7.667, 5.307, 25.07, 0.47125, -0.41855, -0.30731, -0.71286,
 11:05:34.865,e3:ca:2d:fd:e0:8c, 2015-01-01 00:18:30.490, 1.012, -0.122, -0.041, 0.061, -0.366, 0.244, -109.292, -82.776, -104.941, -25.280, -5.227, -4.353, 23.42, -0.16409, -0.67599, 0.2525, -0.67249,
 11:05:34.865,e3:ca:2d:fd:e0:8c, 2015-01-01 00:18:30.490, 1.013, -0.122, -0.041, 0, -0.427, 0.183, -109.325, -82.771, -104.925, -25.280, -5.227, -4.353, 23.42, -0.16409, -0.67599, 0.2525, -0.67249,
 11:05:34.884,ed:35:33:d3:6c:f8, 2015-01-01 00:18:33.210, 0.829, -0.033, 0.546, 0.549, 0.061, 0.366, -3.609, -56.684, -164.52, -23.100, -8.273, -12.827, 30.37, -0.10336, 0.47397, 0.03674, 0.87363,
 11:05:34.884,ed:35:33:d3:6c:f8, 2015-01-01 00:18:33.210, 0.831, -0.034, 0.545, 0.488, 0.183, 0.61, -3.62, -56.678, -164.482, -23.100, -8.273, -12.827, 30.37, -0.10336, 0.47397, 0.03674, 0.87363,
 11:05:34.888,e3:ca:2d:fd:e0:8c, 2015-01-01 00:18:30.490, 1.014, -0.122, -0.04, -0.061, -0.366, 0.122, -109.363, -82.766, -104.881, -25.280, -5.227, -4.353, 23.42, -0.16409, -0.67599, 0.2525, -0.67249,
 11:05:34.888,e3:ca:2d:fd:e0:8c, 2015-01-01 00:18:30.490, 1.014, -0.123, -0.041, 0, -0.305, 0.061, -109.396, -82.76, -104.848, -25.280, -5.227, -4.353, 23.42, -0.16409, -0.67599, 0.2525, -0.67249,
 11:05:34.906,ed:35:33:d3:6c:f8, 2015-01-01 00:18:33.725, 0.831, -0.036, 0.545, 0.305, 0.122, 0.671, -3.631, -56.678, -164.449, -23.100, -8.273, -12.827, 30.37, -0.10336, 0.47397, 0.03674, 0.87363,
 11:05:34.906,ed:35:33:d3:6c:f8, 2015-01-01 00:18:33.725, 0.831, -0.036, 0.545, 0.122, 0.061, 0.732, -3.647, -56.673, -164.427, -23.100, -8.273, -12.827, 30.37, -0.10336, 0.47397, 0.03674, 0.87363,
 11:05:34.907,f6:90:cc:01:6d:25, 2015-01-01 00:18:33.175, 0.985, -0.06, 0.006, 0.183, -0.122, 0.061, -79.816, -86.644, -75.553, -28.820, -6.240, 4.253, 29.27, 0.17114, -0.69125, -0.13007, -0.68982,
 11:05:34.907,f6:90:cc:01:6d:25, 2015-01-01 00:18:33.175, 0.986, -0.059, 0.005, 0.305, -0.122, 0.061, -79.898, -86.644, -75.454, -28.820, -6.240, 4.253, 29.27, 0.17114, -0.69125, -0.13007, -0.68982,
 11:05:34.908,ed:40:fe:65:30:6c, 2015-01-01 00:18:30.025, 0.89, 0.043, 0.463, 0.244, 0.122, 0.61, 5.383, -62.424, -116.279, -26.667, -7.667, 5.307, 25.07, 0.47125, -0.41855, -0.30731, -0.71286,
 11:05:34.908,ed:40:fe:65:30:6c, 2015-01-01 00:18:30.025, 0.891, 0.043, 0.464, 0.244, 0.122, 0.671, 5.367, -62.424, -116.246, -26.667, -7.667, 5.307, 25.07, 0.47125, -0.41855, -0.30731, -0.71286,
 11:05:34.928,ed:35:33:d3:6c:f8, 2015-01-01 00:18:33.725, 0.833, -0.035, 0.544, 0.122, 0, 0.793, -3.669, -56.673, -164.405, -23.100, -8.273, -12.827, 30.37, -0.10336, 0.47397, 0.03674, 0.87363,
 11:05:34.928,ed:35:33:d3:6c:f8, 2015-01-01 00:18:33.725, 0.831, -0.035, 0.544, 0.183, 0.183, 0.854, -3.691, -56.667, -164.377, -23.100, -8.273, -12.827, 30.37, -0.10336, 0.47397, 0.03674, 0.87363,
 11:05:34.931,ed:40:fe:65:30:6c, 2015-01-01 00:18:30.385, 0.89, 0.043, 0.462, 0.427, 0.122, 0.671, 5.35, -62.419, -116.219, -26.667, -7.667, 5.307, 25.07, 0.47125, -0.41855, -0.30731, -0.71286,
 11:05:34.931,ed:40:fe:65:30:6c, 2015-01-01 00:18:30.385, 0.89, 0.039, 0.461, 0.366, 0.122, 0.793, 5.328, -62.419, -116.18, -26.667, -7.667, 5.307, 25.07, 0.47125, -0.41855, -0.30731, -0.71286,
 11:05:34.932,e3:ca:2d:fd:e0:8c, 2015-01-01 00:18:30.490, 1.012, -0.123, -0.04, 0.183, -0.244, 0, -109.424, -82.76, -104.826, -25.280, -5.227, -4.353, 23.42, -0.16409, -0.67599, 0.2525, -0.67249,
 11:05:34.932,e3:ca:2d:fd:e0:8c, 2015-01-01 00:18:30.490, 1.012, -0.123, -0.039, 0.488, -0.244, -0.061, -109.44, -82.76, -104.804, -25.280, -5.227, -4.353, 23.42, -0.16409, -0.67599, 0.2525, -0.67249,
 11:05:34.952,f6:90:cc:01:6d:25, 2015-01-01 00:18:33.175, 0.986, -0.058, 0.005, 0.549, -0.061, 0, -79.958, -86.644, -75.361, -28.820, -6.240, 4.253, 29.27, 0.17114, -0.69125, -0.13007, -0.68982,
 11:05:34.952,f6:90:cc:01:6d:25, 2015-01-01 00:18:33.175, 0.985, -0.062, 0.007, 0.549, 0, -0.061, -79.991, -86.644, -75.295, -28.820, -6.240, 4.253, 29.27, 0.17114, -0.69125, -0.13007, -0.68982,
 11:05:34.973,ed:35:33:d3:6c:f8, 2015-01-01 00:18:33.725, 0.832, -0.041, 0.542, 0.122, 0.061, 0.977, -3.719, -56.667, -164.361, -23.100, -8.273, -12.827, 30.37, -0.10336, 0.47397, 0.03674, 0.87363,
 11:05:34.973,ed:35:33:d3:6c:f8, 2015-01-01 00:18:33.725, 0.836, -0.039, 0.542, 0.488, 0.122, 0.671, -3.73, -56.662, -164.333, -23.100, -8.273, -12.827, 30.37, -0.10336, 0.47397, 0.03674, 0.87363,
 11:05:34.975,f6:90:cc:01:6d:25, 2015-01-01 00:18:33.175, 0.987, -0.058, 0.008, 0.549, 0.183, 0, -79.98, -86.644, -75.284, -28.820, -6.240, 4.253, 29.27, 0.17114, -0.69125, -0.13007, -0.68982,
 11:05:34.975,f6:90:cc:01:6d:25, 2015-01-01 00:18:33.175, 0.99, -0.057, 0.003, 0.366, 0.244, 0.244, -79.948, -86.638, -75.256, -28.820, -6.240, 4.253, 29.27, 0.17114, -0.69125, -0.13007, -0.68982,
 11:05:34.977,e3:ca:2d:fd:e0:8c, 2015-01-01 00:18:30.490, 1.014, -0.124, -0.039, 0.671, -0.366, 0.061, -109.462, -82.755, -104.788, -25.367, -5.160, -4.740, 23.42, -0.16409, -0.67599, 0.2525, -0.67249,
 11:05:34.977,e3:ca:2d:fd:e0:8c, 2015-01-01 00:18:30.490, 1.018, -0.124, -0.042, 0.549, -0.366, 0, -109.484, -82.755, -104.76, -25.367, -5.160, -4.740, 23.42, -0.16409, -0.67599, 0.2525, -0.67249,
 11:05:34.998,ed:40:fe:65:30:6c, 2015-01-01 00:18:30.385, 0.895, 0.042, 0.462, 0.488, 0.183, 0.427, 5.317, -62.419, -116.147, -26.667, -7.667, 5.307, 25.07, 0.47125, -0.41855, -0.30731, -0.71286,
 11:05:34.998,ed:40:fe:65:30:6c, 2015-01-01 00:18:30.385, 0.894, 0.049, 0.465, 0.977, 0.244, 0.061, 5.323, -62.413, -116.136, -26.667, -7.667, 5.307, 25.07, 0.47125, -0.41855, -0.30731, -0.71286,
 11:05:35.018,ed:35:33:d3:6c:f8, 2015-01-01 00:18:33.725, 0.835, -0.031, 0.546, 0.916, 0.244, 0.183, -3.719, -56.662, -164.301, -23.100, -8.273, -12.827, 30.37, -0.10336, 0.47397, 0.03674, 0.87363,
 11:05:35.018,ed:35:33:d3:6c:f8, 2015-01-01 00:18:33.725, 0.833, -0.031, 0.548, 1.038, 0.244, 0.549, -3.713, -56.656, -164.262, -23.100, -8.273, -12.827, 30.37, -0.10336, 0.47397, 0.03674, 0.87363,
 11:05:35.021,f6:90:cc:01:6d:25, 2015-01-01 00:18:33.175, 0.986, -0.059, 0.002, 0.305, 0.183, 0.183, -79.942, -86.633, -75.207, -28.820, -6.240, 4.253, 29.27, 0.17114, -0.69125, -0.13007, -0.68982,
 11:05:35.021,f6:90:cc:01:6d:25, 2015-01-01 00:18:33.175, 0.984, -0.058, 0.003, 0.305, 0.305, 0, -79.904, -86.627, -75.207, -28.820, -6.240, 4.253, 29.27, 0.17114, -0.69125, -0.13007, -0.68982,
 11:05:35.021,ed:40:fe:65:30:6c, 2015-01-01 00:18:30.385, 0.891, 0.045, 0.466, 1.221, 0.122, 0.488, 5.334, -62.408, -116.131, -26.667, -7.667, 5.307, 25.07, 0.47125, -0.41855, -0.30731, -0.71286,
 11:05:35.021,ed:40:fe:65:30:6c, 2015-01-01 00:18:30.385, 0.888, 0.041, 0.463, 0.671, 0.122, 0.854, 5.328, -62.408, -116.109, -26.667, -7.667, 5.307, 25.07, 0.47125, -0.41855, -0.30731, -0.71286,
 11:05:35.023,e3:ca:2d:fd:e0:8c, 2015-01-01 00:18:30.490, 1.016, -0.121, -0.041, 0.244, 0, -0.122, -109.501, -82.749, -104.76, -25.367, -5.160, -4.740, 23.42, -0.16321, -0.67621, 0.2525, -0.67249,
 11:05:35.023,e3:ca:2d:fd:e0:8c, 2015-01-01 00:18:30.490, 1.015, -0.118, -0.042, -0.061, 0.305, 0.061, -109.473, -82.755, -104.804, -25.367, -5.160, -4.740, 23.42, -0.16321, -0.67621, 0.2525, -0.67249,
 11:05:35.064,ed:35:33:d3:6c:f8, 2015-01-01 00:18:33.725, 0.829, -0.039, 0.546, 0.427, -0.061, 0.854, -3.73, -56.656, -164.18, -23.100, -8.273, -12.827, 30.37, -0.10336, 0.47397, 0.03674, 0.87363,
 11:05:35.064,ed:35:33:d3:6c:f8, 2015-01-01 00:18:33.725, 0.827, -0.039, 0.543, 0.61, -0.427, 0.61, -3.735, -56.667, -164.114, -23.100, -8.273, -12.827, 30.37, -0.10336, 0.47397, 0.03674, 0.87363,
 11:05:35.065,f6:90:cc:01:6d:25, 2015-01-01 00:18:33.175, 0.982, -0.056, 0.007, 0.488, 0.305, -0.183, -79.843, -86.633, -75.24, -28.820, -6.240, 4.253, 29.27, 0.17114, -0.69125, -0.13007, -0.68982,
 11:05:35.065,f6:90:cc:01:6d:25, 2015-01-01 00:18:33.175, 0.979, -0.058, 0.006, 0.549, 0.122, -0.427, -79.81, -86.638, -75.245, -28.820, -6.240, 4.253, 29.27, 0.17114, -0.69125, -0.13007, -0.68982,
 11:05:35.066,ed:40:fe:65:30:6c, 2015-01-01 00:18:30.385, 0.885, 0.042, 0.462, 0.61, 0.061, 0.488, 5.317, -62.408, -116.087, -26.667, -7.667, 5.307, 25.07, 0.47125, -0.41855, -0.30731, -0.71286,
 11:05:35.066,ed:40:fe:65:30:6c, 2015-01-01 00:18:30.385, 0.884, 0.042, 0.464, 0.488, 0.061, 0.427, 5.312, -62.408, -116.071, -26.667, -7.667, 5.307, 25.07, 0.47125, -0.41855, -0.30731, -0.71286,
 11:05:35.067,e3:ca:2d:fd:e0:8c, 2015-01-01 00:18:30.800, 1.012, -0.118, -0.044, -0.122, 0.061, 0.122, -109.424, -82.755, -104.859, -25.367, -5.160, -4.740, 23.42, -0.16321, -0.67621, 0.2525, -0.67249,
 11:05:35.067,e3:ca:2d:fd:e0:8c, 2015-01-01 00:18:30.800, 1.009, -0.121, -0.043, 0, -0.183, 0.061, -109.424, -82.755, -104.859, -25.367, -5.160, -4.740, 23.42, -0.16321, -0.67621, 0.2525, -0.67249,
 11:05:35.092,e3:ca:2d:fd:e0:8c, 2015-01-01 00:18:30.800, 1.011, -0.122, -0.042, 0, -0.305, -0.061, -109.451, -82.749, -104.815, -25.367, -5.160, -4.740, 23.42, -0.16321, -0.67621, 0.2525, -0.67249,
 11:05:35.092,e3:ca:2d:fd:e0:8c, 2015-01-01 00:18:30.800, 1.013, -0.124, -0.039, 0, -0.305, 0, -109.495, -82.749, -104.766, -25.367, -5.160, -4.740, 23.42, -0.16321, -0.67621, 0.2525, -0.67249,
 11:05:35.108,ed:35:33:d3:6c:f8, 2015-01-01 00:18:33.725, 0.826, -0.037, 0.543, 0.244, -0.122, 0.549, -3.746, -56.667, -164.075, -23.100, -8.273, -12.827, 30.37, -0.10336, 0.47397, 0.03674, 0.87363,
 11:05:35.108,ed:35:33:d3:6c:f8, 2015-01-01 00:18:33.725, 0.828, -0.039, 0.543, 0.183, 0, 0.549, -3.763, -56.667, -164.031, -23.100, -8.273, -12.827, 30.37, -0.10336, 0.47397, 0.03674, 0.87363,
 11:05:35.112,ed:40:fe:65:30:6c, 2015-01-01 00:18:30.385, 0.886, 0.042, 0.463, 0.488, 0, 0.305, 5.306, -62.408, -116.043, -26.667, -7.667, 5.307, 25.07, 0.47125, -0.41855, -0.30731, -0.71286,
 11:05:35.112,ed:40:fe:65:30:6c, 2015-01-01 00:18:30.385, 0.888, 0.045, 0.464, 0.732, -0.061, 0.061, 5.312, -62.408, -116.016, -26.667, -7.667, 5.307, 25.07, 0.47125, -0.41855, -0.30731, -0.71286,
 11:05:35.131,ed:35:33:d3:6c:f8, 2015-01-01 00:18:33.725, 0.829, -0.036, 0.545, 0.61, -0.183, 0.244, -3.757, -56.673, -164.009, -22.927, -7.900, -12.387, 30.37, -0.10336, 0.47397, 0.03674, 0.87363,
 11:05:35.131,ed:35:33:d3:6c:f8, 2015-01-01 00:18:33.725, 0.832, -0.035, 0.546, 0.61, -0.061, 0, -3.746, -56.673, -164.004, -22.927, -7.900, -12.387, 30.37, -0.10336, 0.47397, 0.03674, 0.87363,
 11:05:35.132,f6:90:cc:01:6d:25, 2015-01-01 00:18:33.175, 0.982, -0.058, 0.004, 0.488, 0.061, -0.488, -79.805, -86.649, -75.229, -28.167, -6.373, 3.893, 29.27, 0.17114, -0.69125, -0.13007, -0.68982,
 11:05:35.132,f6:90:cc:01:6d:25, 2015-01-01 00:18:33.175, 0.985, -0.057, 0.007, 0.366, 0.122, -0.427, -79.788, -86.655, -75.218, -28.167, -6.373, 3.893, 29.27, 0.17114, -0.69125, -0.13007, -0.68982,
 11:05:35.133,ed:40:fe:65:30:6c, 2015-01-01 00:18:30.385, 0.89, 0.045, 0.465, 0.549, 0, -0.061, 5.328, -62.408, -116.01, -26.607, -7.067, 4.947, 25.07, 0.47125, -0.41855, -0.30731, -0.71286,
 11:05:35.133,ed:40:fe:65:30:6c, 2015-01-01 00:18:30.385, 0.892, 0.045, 0.467, 0.427, 0, -0.122, 5.339, -62.402, -116.005, -26.607, -7.067, 4.947, 25.07, 0.47125, -0.41855, -0.30731, -0.71286,
 11:05:35.135,e3:ca:2d:fd:e0:8c, 2015-01-01 00:18:30.800, 1.014, -0.125, -0.039, -0.061, -0.244, 0, -109.523, -82.749, -104.733, -25.367, -5.160, -4.740, 23.42, -0.16321, -0.67621, 0.2525, -0.67249,
 11:05:35.135,e3:ca:2d:fd:e0:8c, 2015-01-01 00:18:30.800, 1.014, -0.122, -0.038, 0, -0.244, -0.061, -109.55, -82.749, -104.733, -25.367, -5.160, -4.740, 23.42, -0.16321, -0.67621, 0.2525, -0.67249,
 11:05:35.155,f6:90:cc:01:6d:25, 2015-01-01 00:18:33.175, 0.986, -0.059, 0.008, 0.061, 0.122, -0.244, -79.777, -86.66, -75.201, -28.167, -6.373, 3.893, 29.27, 0.17361, -0.69083, -0.13248, -0.68918,
 11:05:35.155,f6:90:cc:01:6d:25, 2015-01-01 00:18:33.175, 0.987, -0.059, 0.01, 0.061, 0.244, -0.183, -79.739, -86.66, -75.256, -28.167, -6.373, 3.893, 29.27, 0.17361, -0.69083, -0.13248, -0.68918,
 11:05:35.178,ed:35:33:d3:6c:f8, 2015-01-01 00:18:33.725, 0.833, -0.035, 0.547, 0.61, 0, -0.122, -3.735, -56.673, -163.987, -22.927, -7.900, -12.387, 30.37, -0.10336, 0.47397, 0.03674, 0.87363,
 11:05:35.178,ed:35:33:d3:6c:f8, 2015-01-01 00:18:33.725, 0.829, -0.034, 0.548, 0.61, 0, -0.061, -3.719, -56.673, -163.976, -22.927, -7.900, -12.387, 30.37, -0.10336, 0.47397, 0.03674, 0.87363,
 11:05:35.199,f6:90:cc:01:6d:25, 2015-01-01 00:18:33.175, 0.986, -0.057, 0.011, 0, 0.183, -0.183, -79.7, -86.666, -75.284, -28.167, -6.373, 3.893, 29.27, 0.17361, -0.69083, -0.13248, -0.68918,
 11:05:35.199,f6:90:cc:01:6d:25, 2015-01-01 00:18:33.175, 0.984, -0.061, 0.009, 0, 0.122, -0.244, -79.678, -86.666, -75.273, -28.167, -6.373, 3.893, 29.27, 0.17361, -0.69083, -0.13248, -0.68918,
 11:05:35.203,ed:40:fe:65:30:6c, 2015-01-01 00:18:30.385, 0.888, 0.045, 0.468, 0.427, 0, -0.061, 5.356, -62.402, -116.005, -26.607, -7.067, 4.947, 25.07, 0.47125, -0.41855, -0.30731, -0.71286,
 11:05:35.203,ed:40:fe:65:30:6c, 2015-01-01 00:18:30.385, 0.889, 0.043, 0.466, 0.061, 0.061, 0.122, 5.356, -62.402, -115.999, -26.607, -7.067, 4.947, 25.07, 0.47125, -0.41855, -0.30731, -0.71286,
 11:05:35.203,e3:ca:2d:fd:e0:8c, 2015-01-01 00:18:30.800, 1.013, -0.121, -0.038, 0, -0.244, -0.122, -109.572, -82.749, -104.738, -25.367, -5.160, -4.740, 23.42, -0.16321, -0.67621, 0.2525, -0.67249,
 11:05:35.203,e3:ca:2d:fd:e0:8c, 2015-01-01 00:18:30.800, 1.011, -0.123, -0.04, 0, -0.244, -0.122, -109.6, -82.749, -104.738, -25.367, -5.160, -4.740, 23.42, -0.16321, -0.67621, 0.2525, -0.67249,
 11:05:35.224,ed:40:fe:65:30:6c, 2015-01-01 00:18:30.385, 0.889, 0.044, 0.466, 0, 0.061, 0, 5.356, -62.397, -115.994, -26.607, -7.067, 4.947, 25.07, 0.47324, -0.41763, -0.30811, -0.71173,
 11:05:35.224,ed:40:fe:65:30:6c, 2015-01-01 00:18:30.385, 0.888, 0.048, 0.466, 0.122, -0.122, 0.061, 5.356, -62.397, -115.988, -26.607, -7.067, 4.947, 25.07, 0.47324, -0.41763, -0.30811, -0.71173,
 11:05:35.225,e3:ca:2d:fd:e0:8c, 2015-01-01 00:18:30.800, 1.013, -0.123, -0.04, 0, -0.305, -0.122, -109.627, -82.749, -104.711, -25.367, -5.160, -4.740, 23.42, -0.16321, -0.67621, 0.2525, -0.67249,
 11:05:35.225,e3:ca:2d:fd:e0:8c, 2015-01-01 00:18:30.800, 1.014, -0.122, -0.041, 0, -0.244, -0.183, -109.655, -82.749, -104.667, -25.367, -5.160, -4.740, 23.42, -0.16321, -0.67621, 0.2525, -0.67249,
 11:05:35.243,ed:35:33:d3:6c:f8, 2015-01-01 00:18:33.725, 0.83, -0.037, 0.547, 0.061, 0.061, 0.183, -3.724, -56.667, -163.976, -22.927, -7.900, -12.387, 30.37, -0.1073, 0.47372, 0.03778, 0.87323,
 11:05:35.243,ed:35:33:d3:6c:f8, 2015-01-01 00:18:33.725, 0.831, -0.037, 0.548, 0.122, -0.061, 0, -3.724, -56.667, -163.965, -22.927, -7.900, -12.387, 30.37, -0.1073, 0.47372, 0.03778, 0.87323,
 11:05:35.244,f6:90:cc:01:6d:25, 2015-01-01 00:18:33.510, 0.985, -0.058, 0.009, 0.244, 0, -0.244, -79.689, -86.671, -75.245, -28.167, -6.373, 3.893, 29.27, 0.17361, -0.69083, -0.13248, -0.68918,
 11:05:35.244,f6:90:cc:01:6d:25, 2015-01-01 00:18:33.510, 0.985, -0.058, 0.005, 0.366, -0.061, -0.366, -79.711, -86.677, -75.19, -28.167, -6.373, 3.893, 29.27, 0.17361, -0.69083, -0.13248, -0.68918,
 11:05:35.247,e3:ca:2d:fd:e0:8c, 2015-01-01 00:18:30.800, 1.014, -0.121, -0.041, -0.061, -0.122, -0.183, -109.677, -82.755, -104.623, -25.300, -5.400, -4.667, 23.42, -0.16321, -0.67621, 0.2525, -0.67249,
 11:05:35.247,e3:ca:2d:fd:e0:8c, 2015-01-01 00:18:30.800, 1.014, -0.122, -0.045, -0.061, -0.183, -0.122, -109.688, -82.755, -104.623, -25.300, -5.400, -4.667, 23.42, -0.16321, -0.67621, 0.2525, -0.67249,
 11:05:35.266,ed:35:33:d3:6c:f8, 2015-01-01 00:18:34.085, 0.83, -0.031, 0.546, 0.183, -0.183, 0, -3.719, -56.673, -163.949, -22.927, -7.900, -12.387, 30.37, -0.1073, 0.47372, 0.03778, 0.87323,
 11:05:35.266,ed:35:33:d3:6c:f8, 2015-01-01 00:18:34.085, 0.83, -0.033, 0.544, -0.061, -0.244, 0.122, -3.724, -56.678, -163.949, -22.927, -7.900, -12.387, 30.37, -0.1073, 0.47372, 0.03778, 0.87323,
 11:05:35.267,f6:90:cc:01:6d:25, 2015-01-01 00:18:33.510, 0.984, -0.057, 0.006, 0.244, 0, -0.305, -79.728, -86.682, -75.114, -28.167, -6.373, 3.893, 29.27, 0.17361, -0.69083, -0.13248, -0.68918,
 11:05:35.267,f6:90:cc:01:6d:25, 2015-01-01 00:18:33.510, 0.984, -0.056, 0.004, 0.122, 0.061, -0.244, -79.728, -86.688, -75.042, -28.167, -6.373, 3.893, 29.27, 0.17361, -0.69083, -0.13248, -0.68918,
 11:05:35.269,ed:40:fe:65:30:6c, 2015-01-01 00:18:30.385, 0.888, 0.046, 0.463, -0.061, -0.122, 0.183, 5.356, -62.397, -115.977, -26.607, -7.067, 4.947, 25.07, 0.47324, -0.41763, -0.30811, -0.71173,
 11:05:35.269,ed:40:fe:65:30:6c, 2015-01-01 00:18:30.385, 0.89, 0.046, 0.464, 0.061, -0.244, 0.244, 5.35, -62.397, -115.961, -26.607, -7.067, 4.947, 25.07, 0.47324, -0.41763, -0.30811, -0.71173,
 11:05:35.289,ed:35:33:d3:6c:f8, 2015-01-01 00:18:34.085, 0.831, -0.033, 0.546, 0, -0.244, 0.122, -3.724, -56.678, -163.965, -22.927, -7.900, -12.387, 30.37, -0.1073, 0.47372, 0.03778, 0.87323,
 11:05:35.289,ed:35:33:d3:6c:f8, 2015-01-01 00:18:34.085, 0.831, -0.03, 0.544, -0.061, -0.366, 0.122, -3.73, -56.689, -163.987, -22.927, -7.900, -12.387, 30.37, -0.1073, 0.47372, 0.03778, 0.87323,
 11:05:35.292,e3:ca:2d:fd:e0:8c, 2015-01-01 00:18:30.800, 1.015, -0.123, -0.042, -0.061, -0.122, -0.183, -109.709, -82.755, -104.634, -25.300, -5.400, -4.667, 23.42, -0.16321, -0.67621, 0.2525, -0.67249,
 11:05:35.292,e3:ca:2d:fd:e0:8c, 2015-01-01 00:18:30.800, 1.014, -0.121, -0.044, 0, -0.061, -0.183, -109.72, -82.76, -104.656, -25.300, -5.400, -4.667, 23.42, -0.16321, -0.67621, 0.2525, -0.67249,
 11:05:35.313,ed:40:fe:65:30:6c, 2015-01-01 00:18:30.740, 0.888, 0.048, 0.464, -0.061, -0.305, 0.244, 5.345, -62.402, -115.944, -26.607, -7.067, 4.947, 25.07, 0.47324, -0.41763, -0.30811, -0.71173,
 11:05:35.313,ed:40:fe:65:30:6c, 2015-01-01 00:18:30.740, 0.889, 0.048, 0.463, -0.061, -0.305, 0.366, 5.339, -62.408, -115.928, -26.607, -7.067, 4.947, 25.07, 0.47324, -0.41763, -0.30811, -0.71173,
 11:05:35.336,ed:40:fe:65:30:6c, 2015-01-01 00:18:30.740, 0.891, 0.046, 0.462, 0, -0.366, 0.366, 5.328, -62.413, -115.911, -26.607, -7.067, 4.947, 25.07, 0.47324, -0.41763, -0.30811, -0.71173,
 11:05:35.336,ed:40:fe:65:30:6c, 2015-01-01 00:18:30.740, 0.89, 0.045, 0.463, -0.122, -0.366, 0.244, 5.323, -62.419, -115.895, -26.607, -7.067, 4.947, 25.07, 0.47324, -0.41763, -0.30811, -0.71173,
 11:05:35.338,e3:ca:2d:fd:e0:8c, 2015-01-01 00:18:30.800, 1.014, -0.121, -0.043, 0, -0.061, 0, -109.726, -82.76, -104.683, -25.300, -5.400, -4.667, 23.42, -0.16385, -0.67615, 0.25305, -0.67218,
 11:05:35.338,e3:ca:2d:fd:e0:8c, 2015-01-01 00:18:30.800, 1.015, -0.119, -0.041, 0, -0.122, 0, -109.731, -82.76, -104.711, -25.300, -5.400, -4.667, 23.42, -0.16385, -0.67615, 0.25305, -0.67218,
 11:05:35.357,f6:90:cc:01:6d:25, 2015-01-01 00:18:33.510, 0.986, -0.057, 0.005, 0.122, 0, -0.183, -79.761, -86.688, -74.943, -28.167, -6.373, 3.893, 29.27, 0.17361, -0.69083, -0.13248, -0.68918,
 11:05:35.357,f6:90:cc:01:6d:25, 2015-01-01 00:18:33.510, 0.984, -0.055, 0.004, 0, 0.061, -0.061, -79.783, -86.693, -74.872, -28.167, -6.373, 3.893, 29.27, 0.17361, -0.69083, -0.13248, -0.68918,
 11:05:35.378,ed:35:33:d3:6c:f8, 2015-01-01 00:18:34.085, 0.831, -0.03, 0.543, -0.244, -0.305, 0.183, -3.735, -56.695, -163.982, -22.927, -7.900, -12.387, 30.37, -0.1073, 0.47372, 0.03778, 0.87323,
 11:05:35.378,ed:35:33:d3:6c:f8, 2015-01-01 00:18:34.085, 0.833, -0.033, 0.542, -0.244, -0.305, 0.305, -3.752, -56.7, -163.976, -22.927, -7.900, -12.387, 30.37, -0.1073, 0.47372, 0.03778, 0.87323,
 11:05:35.379,f6:90:cc:01:6d:25, 2015-01-01 00:18:33.510, 0.986, -0.055, 0.005, 0.122, 0.122, 0, -79.788, -86.693, -74.828, -28.167, -6.373, 3.893, 29.27, 0.17361, -0.69083, -0.13248, -0.68918,
 11:05:35.379,f6:90:cc:01:6d:25, 2015-01-01 00:18:33.510, 0.987, -0.055, 0.007, 0.183, 0.244, -0.061, -79.744, -86.693, -74.833, -28.167, -6.373, 3.893, 29.27, 0.17361, -0.69083, -0.13248, -0.68918,
 11:05:35.381,ed:40:fe:65:30:6c, 2015-01-01 00:18:30.740, 0.89, 0.045, 0.464, -0.122, -0.366, 0.122, 5.317, -62.424, -115.884, -26.607, -7.067, 4.947, 25.07, 0.47324, -0.41763, -0.30811, -0.71173,
 11:05:35.381,ed:40:fe:65:30:6c, 2015-01-01 00:18:30.740, 0.889, 0.047, 0.464, 0, -0.427, 0.061, 5.317, -62.435, -115.873, -26.607, -7.067, 4.947, 25.07, 0.47324, -0.41763, -0.30811, -0.71173,
 11:05:35.382,e3:ca:2d:fd:e0:8c, 2015-01-01 00:18:31.115, 1.014, -0.119, -0.042, 0, -0.122, 0, -109.742, -82.76, -104.733, -25.300, -5.400, -4.667, 23.42, -0.16385, -0.67615, 0.25305, -0.67218,
 11:05:35.382,e3:ca:2d:fd:e0:8c, 2015-01-01 00:18:31.115, 1.013, -0.121, -0.041, 0, -0.183, 0, -109.759, -82.76, -104.749, -25.300, -5.400, -4.667, 23.42, -0.16385, -0.67615, 0.25305, -0.67218,
 11:05:35.402,ed:35:33:d3:6c:f8, 2015-01-01 00:18:34.085, 0.833, -0.036, 0.543, -0.427, -0.244, 0.183, -3.763, -56.7, -163.976, -22.927, -7.900, -12.387, 30.37, -0.1073, 0.47372, 0.03778, 0.87323,
 11:05:35.402,ed:35:33:d3:6c:f8, 2015-01-01 00:18:34.085, 0.832, -0.033, 0.544, -0.122, -0.244, 0.061, -3.768, -56.706, -163.976, -22.927, -7.900, -12.387, 30.37, -0.1073, 0.47372, 0.03778, 0.87323,
 11:05:35.425,f6:90:cc:01:6d:25, 2015-01-01 00:18:33.510, 0.986, -0.055, 0.007, 0.122, 0.244, -0.122, -79.695, -86.693, -74.844, -28.167, -6.373, 3.893, 29.27, 0.17361, -0.69083, -0.13248, -0.68918,
 11:05:35.425,f6:90:cc:01:6d:25, 2015-01-01 00:18:33.510, 0.985, -0.056, 0.007, 0.122, 0.122, -0.122, -79.689, -86.693, -74.811, -28.167, -6.373, 3.893, 29.27, 0.17361, -0.69083, -0.13248, -0.68918,
 11:05:35.426,ed:40:fe:65:30:6c, 2015-01-01 00:18:30.740, 0.888, 0.048, 0.464, 0, -0.183, 0, 5.323, -62.441, -115.878, -26.607, -7.067, 4.947, 25.07, 0.47324, -0.41763, -0.30811, -0.71173,
 11:05:35.426,ed:40:fe:65:30:6c, 2015-01-01 00:18:30.740, 0.89, 0.046, 0.464, -0.122, -0.183, 0.061, 5.328, -62.441, -115.884, -26.607, -7.067, 4.947, 25.07, 0.47324, -0.41763, -0.30811, -0.71173,
 11:05:35.427,e3:ca:2d:fd:e0:8c, 2015-01-01 00:18:31.115, 1.012, -0.121, -0.041, 0, -0.183, 0, -109.775, -82.76, -104.76, -25.300, -5.400, -4.667, 23.42, -0.16385, -0.67615, 0.25305, -0.67218,
 11:05:35.427,e3:ca:2d:fd:e0:8c, 2015-01-01 00:18:31.115, 1.012, -0.121, -0.04, 0, -0.122, 0, -109.792, -82.76, -104.777, -25.300, -5.400, -4.667, 23.42, -0.16385, -0.67615, 0.25305, -0.67218,
 11:05:35.445,ed:35:33:d3:6c:f8, 2015-01-01 00:18:34.085, 0.831, -0.032, 0.544, -0.122, -0.183, 0, -3.768, -56.711, -163.976, -22.927, -7.900, -12.387, 30.37, -0.1073, 0.47372, 0.03778, 0.87323,
 11:05:35.445,ed:35:33:d3:6c:f8, 2015-01-01 00:18:34.085, 0.832, -0.033, 0.545, -0.183, 0, 0.061, -3.768, -56.717, -163.982, -22.927, -7.900, -12.387, 30.37, -0.1073, 0.47372, 0.03778, 0.87323,
 11:05:35.449,e3:ca:2d:fd:e0:8c, 2015-01-01 00:18:31.115, 1.012, -0.123, -0.039, -0.061, -0.061, 0, -109.792, -82.76, -104.799, -25.300, -5.400, -4.667, 23.42, -0.16385, -0.67615, 0.25305, -0.67218,
 11:05:35.449,e3:ca:2d:fd:e0:8c, 2015-01-01 00:18:31.115, 1.012, -0.121, -0.04, -0.061, -0.061, 0, -109.792, -82.76, -104.832, -25.300, -5.400, -4.667, 23.42, -0.16385, -0.67615, 0.25305, -0.67218,
 11:05:35.469,f6:90:cc:01:6d:25, 2015-01-01 00:18:33.510, 0.984, -0.055, 0.007, 0.183, -0.061, -0.061, -79.739, -86.699, -74.713, -28.167, -6.373, 3.893, 29.27, 0.17361, -0.69083, -0.13248, -0.68918,
 11:05:35.469,f6:90:cc:01:6d:25, 2015-01-01 00:18:33.510, 0.985, -0.056, 0.005, 0, -0.183, 0, -79.843, -86.699, -74.57, -28.167, -6.373, 3.893, 29.27, 0.17361, -0.69083, -0.13248, -0.68918,
 11:05:35.469,ed:35:33:d3:6c:f8, 2015-01-01 00:18:34.085, 0.83, -0.034, 0.543, -0.244, -0.122, 0, -3.774, -56.717, -163.987, -23.293, -7.553, -13.160, 30.37, -0.1073, 0.47372, 0.03778, 0.87323,
 11:05:35.469,ed:35:33:d3:6c:f8, 2015-01-01 00:18:34.085, 0.83, -0.034, 0.543, -0.183, -0.061, -0.122, -3.774, -56.717, -163.993, -23.293, -7.553, -13.160, 30.37, -0.1073, 0.47372, 0.03778, 0.87323,
 11:05:35.492,f6:90:cc:01:6d:25, 2015-01-01 00:18:33.510, 0.984, -0.056, 0.009, 0, 0, 0, -79.882, -86.699, -74.493, -28.453, -6.447, 3.433, 29.27, 0.17361, -0.69083, -0.13248, -0.68918,
 11:05:35.492,f6:90:cc:01:6d:25, 2015-01-01 00:18:33.510, 0.983, -0.057, 0.008, 0, 0.122, 0.183, -79.887, -86.693, -74.443, -28.453, -6.447, 3.433, 29.27, 0.17361, -0.69083, -0.13248, -0.68918,
 11:05:35.493,ed:40:fe:65:30:6c, 2015-01-01 00:18:30.740, 0.888, 0.047, 0.463, -0.244, -0.183, 0, 5.328, -62.441, -115.889, -26.607, -7.067, 4.947, 25.07, 0.47324, -0.41763, -0.30811, -0.71173,
 11:05:35.493,ed:40:fe:65:30:6c, 2015-01-01 00:18:30.740, 0.887, 0.045, 0.464, -0.244, -0.122, 0, 5.328, -62.446, -115.884, -26.607, -7.067, 4.947, 25.07, 0.47324, -0.41763, -0.30811, -0.71173,
 11:05:35.495,e3:ca:2d:fd:e0:8c, 2015-01-01 00:18:31.115, 1.012, -0.121, -0.042, 0, -0.305, 0, -109.803, -82.76, -104.843, -25.300, -5.400, -4.667, 23.42, -0.16385, -0.67615, 0.25305, -0.67218,
 11:05:35.495,e3:ca:2d:fd:e0:8c, 2015-01-01 00:18:31.115, 1.014, -0.122, -0.042, 0, -0.244, 0, -109.83, -82.755, -104.837, -25.300, -5.400, -4.667, 23.42, -0.16385, -0.67615, 0.25305, -0.67218,
 11:05:35.514,ed:35:33:d3:6c:f8, 2015-01-01 00:18:34.085, 0.832, -0.034, 0.544, -0.244, 0, 0, -3.774, -56.722, -163.998, -23.293, -7.553, -13.160, 30.37, -0.1073, 0.47372, 0.03778, 0.87323,
 11:05:35.514,ed:35:33:d3:6c:f8, 2015-01-01 00:18:34.085, 0.832, -0.036, 0.545, -0.122, -0.061, 0.122, -3.774, -56.722, -164.004, -23.293, -7.553, -13.160, 30.37, -0.1073, 0.47372, 0.03778, 0.87323,
 11:05:35.517,ed:40:fe:65:30:6c, 2015-01-01 00:18:30.740, 0.889, 0.045, 0.465, -0.244, 0, 0.061, 5.328, -62.446, -115.878, -26.453, -7.100, 5.320, 25.07, 0.47324, -0.41763, -0.30811, -0.71173,
 11:05:35.517,ed:40:fe:65:30:6c, 2015-01-01 00:18:30.740, 0.89, 0.043, 0.464, -0.122, 0, 0.244, 5.323, -62.441, -115.862, -26.453, -7.100, 5.320, 25.07, 0.47324, -0.41763, -0.30811, -0.71173,
 11:05:35.536,ed:35:33:d3:6c:f8, 2015-01-01 00:18:34.085, 0.832, -0.036, 0.544, -0.061, -0.122, 0.244, -3.779, -56.722, -164.004, -23.293, -7.553, -13.160, 30.37, -0.10681, 0.47418, 0.03729, 0.87308,
 11:05:35.536,ed:35:33:d3:6c:f8, 2015-01-01 00:18:34.085, 0.833, -0.034, 0.542, 0, -0.122, 0.488, -3.79, -56.722, -163.998, -23.293, -7.553, -13.160, 30.37, -0.10681, 0.47418, 0.03729, 0.87308,
 11:05:35.539,e3:ca:2d:fd:e0:8c, 2015-01-01 00:18:31.115, 1.015, -0.124, -0.043, 0, -0.244, 0, -109.852, -82.755, -104.837, -25.300, -5.400, -4.667, 23.42, -0.16385, -0.67615, 0.25305, -0.67218,
 11:05:35.539,e3:ca:2d:fd:e0:8c, 2015-01-01 00:18:31.115, 1.014, -0.124, -0.042, 0, -0.183, 0, -109.874, -82.755, -104.843, -25.300, -5.400, -4.667, 23.42, -0.16385, -0.67615, 0.25305, -0.67218,
 11:05:35.560,f6:90:cc:01:6d:25, 2015-01-01 00:18:33.510, 0.983, -0.057, 0.008, 0, 0.122, 0.122, -79.882, -86.693, -74.405, -28.453, -6.447, 3.433, 29.27, 0.17361, -0.69083, -0.13248, -0.68918,
 11:05:35.560,f6:90:cc:01:6d:25, 2015-01-01 00:18:33.510, 0.985, -0.058, 0.005, 0.183, 0.061, 0.061, -79.898, -86.693, -74.344, -28.453, -6.447, 3.433, 29.27, 0.17361, -0.69083, -0.13248, -0.68918,
 11:05:35.562,ed:40:fe:65:30:6c, 2015-01-01 00:18:30.740, 0.89, 0.043, 0.464, -0.122, 0, 0.366, 5.306, -62.441, -115.829, -26.453, -7.100, 5.320, 25.07, 0.47324, -0.41763, -0.30811, -0.71173,
 11:05:35.562,ed:40:fe:65:30:6c, 2015-01-01 00:18:30.740, 0.891, 0.044, 0.462, 0, -0.061, 0.549, 5.29, -62.441, -115.801, -26.453, -7.100, 5.320, 25.07, 0.47324, -0.41763, -0.30811, -0.71173,
 11:05:35.581,ed:35:33:d3:6c:f8, 2015-01-01 00:18:34.085, 0.831, -0.035, 0.542, 0.061, 0.061, 0.61, -3.801, -56.722, -163.982, -23.293, -7.553, -13.160, 30.37, -0.10681, 0.47418, 0.03729, 0.87308,
 11:05:35.581,ed:35:33:d3:6c:f8, 2015-01-01 00:18:34.085, 0.831, -0.042, 0.54, 0.122, -0.061, 0.854, -3.818, -56.722, -163.965, -23.293, -7.553, -13.160, 30.37, -0.10681, 0.47418, 0.03729, 0.87308,
 11:05:35.581,f6:90:cc:01:6d:25, 2015-01-01 00:18:33.510, 0.987, -0.06, 0.005, 0, -0.061, 0, -79.948, -86.688, -74.262, -28.453, -6.447, 3.433, 29.27, 0.17813, -0.68997, -0.13739, -0.68793,
 11:05:35.581,f6:90:cc:01:6d:25, 2015-01-01 00:18:33.510, 0.984, -0.058, 0.005, 0, -0.122, 0.061, -80.013, -86.688, -74.158, -28.453, -6.447, 3.433, 29.27, 0.17813, -0.68997, -0.13739, -0.68793,
 11:05:35.584,ed:40:fe:65:30:6c, 2015-01-01 00:18:30.740, 0.89, 0.044, 0.464, 0.244, 0, 0.549, 5.279, -62.441, -115.774, -26.453, -7.100, 5.320, 25.07, 0.47424, -0.41763, -0.30859, -0.71088,
 11:05:35.584,ed:40:fe:65:30:6c, 2015-01-01 00:18:30.740, 0.888, 0.038, 0.458, 0.244, -0.061, 0.732, 5.257, -62.446, -115.741, -26.453, -7.100, 5.320, 25.07, 0.47424, -0.41763, -0.30859, -0.71088,
 11:05:35.585,e3:ca:2d:fd:e0:8c, 2015-01-01 00:18:31.115, 1.013, -0.123, -0.042, 0, -0.244, 0, -109.891, -82.749, -104.848, -25.073, -4.427, -4.427, 23.42, -0.16385, -0.67615, 0.25305, -0.67218,
 11:05:35.585,e3:ca:2d:fd:e0:8c, 2015-01-01 00:18:31.115, 1.01, -0.123, -0.042, 0, -0.122, 0, -109.907, -82.749, -104.854, -25.073, -4.427, -4.427, 23.42, -0.16385, -0.67615, 0.25305, -0.67218,
 11:05:35.605,f6:90:cc:01:6d:25, 2015-01-01 00:18:33.510, 0.983, -0.06, 0.004, 0.183, -0.061, 0.061, -80.096, -86.688, -74.042, -28.453, -6.447, 3.433, 29.27, 0.17813, -0.68997, -0.13739, -0.68793,
 11:05:35.605,f6:90:cc:01:6d:25, 2015-01-01 00:18:33.510, 0.985, -0.057, 0.006, 0.366, 0.183, 0, -80.145, -86.688, -73.965, -28.453, -6.447, 3.433, 29.27, 0.17813, -0.68997, -0.13739, -0.68793,
 11:05:35.627,ed:35:33:d3:6c:f8, 2015-01-01 00:18:34.420, 0.834, -0.04, 0.541, 0.366, -0.061, 0.427, -3.84, -56.722, -163.938, -23.293, -7.553, -13.160, 30.37, -0.10681, 0.47418, 0.03729, 0.87308,
 11:05:35.627,ed:35:33:d3:6c:f8, 2015-01-01 00:18:34.420, 0.835, -0.03, 0.546, 0.61, 0, -0.061, -3.84, -56.728, -163.932, -23.293, -7.553, -13.160, 30.37, -0.10681, 0.47418, 0.03729, 0.87308,
 11:05:35.628,ed:40:fe:65:30:6c, 2015-01-01 00:18:30.740, 0.893, 0.042, 0.462, 0.244, -0.061, 0.366, 5.246, -62.446, -115.724, -26.453, -7.100, 5.320, 25.07, 0.47424, -0.41763, -0.30859, -0.71088,
 11:05:35.628,ed:40:fe:65:30:6c, 2015-01-01 00:18:30.740, 0.894, 0.05, 0.464, 0.305, -0.061, -0.061, 5.257, -62.446, -115.714, -26.453, -7.100, 5.320, 25.07, 0.47424, -0.41763, -0.30859, -0.71088,
 11:05:35.630,e3:ca:2d:fd:e0:8c, 2015-01-01 00:18:31.115, 1.014, -0.121, -0.041, 0.061, 0, 0, -109.902, -82.749, -104.881, -25.073, -4.427, -4.427, 23.42, -0.16629, -0.67535, 0.25558, -0.67142,
 11:05:35.630,e3:ca:2d:fd:e0:8c, 2015-01-01 00:18:31.115, 1.018, -0.122, -0.042, -0.061, -0.122, 0, -109.896, -82.749, -104.903, -25.073, -4.427, -4.427, 23.42, -0.16629, -0.67535, 0.25558, -0.67142,
 11:05:35.649,ed:35:33:d3:6c:f8, 2015-01-01 00:18:34.420, 0.833, -0.032, 0.548, 0.244, 0.244, 0.305, -3.829, -56.728, -163.938, -23.293, -7.553, -13.160, 30.37, -0.10681, 0.47418, 0.03729, 0.87308,
 11:05:35.649,ed:35:33:d3:6c:f8, 2015-01-01 00:18:34.420, 0.83, -0.041, 0.549, -0.183, 0.183, 0.183, -3.834, -56.722, -163.932, -23.293, -7.553, -13.160, 30.37, -0.10681, 0.47418, 0.03729, 0.87308,
 11:05:35.649,f6:90:cc:01:6d:25, 2015-01-01 00:18:33.510, 0.99, -0.054, 0.008, -0.061, 0.305, 0.061, -80.118, -86.682, -73.965, -28.453, -6.447, 3.433, 29.27, 0.17813, -0.68997, -0.13739, -0.68793,
 11:05:35.649,f6:90:cc:01:6d:25, 2015-01-01 00:18:33.510, 0.988, -0.056, 0.007, -0.244, 0.244, 0.122, -80.068, -86.682, -73.987, -28.453, -6.447, 3.433, 29.27, 0.17813, -0.68997, -0.13739, -0.68793,
 11:05:35.653,e3:ca:2d:fd:e0:8c, 2015-01-01 00:18:31.405, 1.016, -0.122, -0.042, -0.122, -0.183, 0, -109.913, -82.749, -104.919, -25.073, -4.427, -4.427, 23.42, -0.16629, -0.67535, 0.25558, -0.67142,
 11:05:35.653,e3:ca:2d:fd:e0:8c, 2015-01-01 00:18:31.405, 1.014, -0.121, -0.045, -0.244, -0.061, 0, -109.924, -82.749, -104.93, -25.073, -4.427, -4.427, 23.42, -0.16629, -0.67535, 0.25558, -0.67142,
 11:05:35.674,ed:40:fe:65:30:6c, 2015-01-01 00:18:31.100, 0.892, 0.046, 0.467, 0.366, -0.061, 0.122, 5.262, -62.446, -115.692, -26.453, -7.100, 5.320, 25.07, 0.47424, -0.41763, -0.30859, -0.71088,
 11:05:35.674,ed:40:fe:65:30:6c, 2015-01-01 00:18:31.100, 0.888, 0.042, 0.468, -0.244, 0, 0.244, 5.257, -62.446, -115.675, -26.453, -7.100, 5.320, 25.07, 0.47424, -0.41763, -0.30859, -0.71088,
 11:05:35.674,f6:90:cc:01:6d:25, 2015-01-01 00:18:33.935, 0.984, -0.058, 0.001, -0.427, 0.244, 0.061, -80.041, -86.677, -73.993, -28.453, -6.447, 3.433, 29.27, 0.17813, -0.68997, -0.13739, -0.68793,
 11:05:35.674,f6:90:cc:01:6d:25, 2015-01-01 00:18:33.935, 0.984, -0.055, 0.003, -0.305, 0, 0, -80.041, -86.677, -73.987, -28.453, -6.447, 3.433, 29.27, 0.17813, -0.68997, -0.13739, -0.68793,
 11:05:35.693,ed:35:33:d3:6c:f8, 2015-01-01 00:18:34.420, 0.829, -0.038, 0.545, 0.122, -0.488, -0.244, -3.834, -56.722, -163.932, -23.293, -7.553, -13.160, 30.37, -0.10681, 0.47418, 0.03729, 0.87308,
 11:05:35.693,ed:35:33:d3:6c:f8, 2015-01-01 00:18:34.420, 0.829, -0.036, 0.542, -0.122, -0.671, -0.366, -3.829, -56.733, -163.949, -23.293, -7.553, -13.160, 30.37, -0.10681, 0.47418, 0.03729, 0.87308,
 11:05:35.695,ed:40:fe:65:30:6c, 2015-01-01 00:18:31.100, 0.887, 0.042, 0.464, -0.061, -0.244, -0.061, 5.257, -62.452, -115.675, -26.453, -7.100, 5.320, 25.07, 0.47424, -0.41763, -0.30859, -0.71088,
 11:05:35.695,ed:40:fe:65:30:6c, 2015-01-01 00:18:31.100, 0.887, 0.043, 0.462, -0.305, -0.305, -0.244, 5.262, -62.452, -115.686, -26.453, -7.100, 5.320, 25.07, 0.47424, -0.41763, -0.30859, -0.71088,
 11:05:35.697,e3:ca:2d:fd:e0:8c, 2015-01-01 00:18:31.405, 1.012, -0.121, -0.043, -0.244, 0.061, 0, -109.918, -82.749, -104.969, -25.073, -4.427, -4.427, 23.42, -0.16629, -0.67535, 0.25558, -0.67142,
 11:05:35.697,e3:ca:2d:fd:e0:8c, 2015-01-01 00:18:31.405, 1.011, -0.12, -0.041, -0.183, 0.122, 0, -109.902, -82.749, -105.013, -25.073, -4.427, -4.427, 23.42, -0.16629, -0.67535, 0.25558, -0.67142,
 11:05:35.718,f6:90:cc:01:6d:25, 2015-01-01 00:18:33.935, 0.982, -0.056, 0.009, -0.122, -0.122, -0.122, -80.107, -86.677, -73.911, -28.453, -6.447, 3.433, 29.27, 0.17813, -0.68997, -0.13739, -0.68793,
 11:05:35.718,f6:90:cc:01:6d:25, 2015-01-01 00:18:33.935, 0.982, -0.058, 0.006, -0.427, -0.122, -0.122, -80.195, -86.682, -73.806, -28.453, -6.447, 3.433, 29.27, 0.17813, -0.68997, -0.13739, -0.68793,
 11:05:35.740,f6:90:cc:01:6d:25, 2015-01-01 00:18:33.935, 0.981, -0.057, 0.01, -0.427, 0.061, 0, -80.266, -86.682, -73.718, -28.453, -6.447, 3.433, 29.27, 0.17813, -0.68997, -0.13739, -0.68793,
 11:05:35.740,f6:90:cc:01:6d:25, 2015-01-01 00:18:33.935, 0.983, -0.061, 0.008, -0.488, -0.061, 0, -80.299, -86.682, -73.663, -28.453, -6.447, 3.433, 29.27, 0.17813, -0.68997, -0.13739, -0.68793,
 11:05:35.740,ed:35:33:d3:6c:f8, 2015-01-01 00:18:34.420, 0.828, -0.037, 0.54, -0.244, -0.305, -0.427, -3.818, -56.744, -163.965, -23.293, -7.553, -13.160, 30.37, -0.10681, 0.47418, 0.03729, 0.87308,
 11:05:35.740,ed:35:33:d3:6c:f8, 2015-01-01 00:18:34.420, 0.829, -0.036, 0.542, -0.244, 0, -0.549, -3.812, -56.75, -163.982, -23.293, -7.553, -13.160, 30.37, -0.10681, 0.47418, 0.03729, 0.87308,
 11:05:35.742,ed:40:fe:65:30:6c, 2015-01-01 00:18:31.100, 0.887, 0.043, 0.461, -0.427, -0.244, -0.305, 5.268, -62.457, -115.708, -26.453, -7.100, 5.320, 25.07, 0.47424, -0.41763, -0.30859, -0.71088,
 11:05:35.742,ed:40:fe:65:30:6c, 2015-01-01 00:18:31.100, 0.887, 0.043, 0.463, -0.366, -0.183, -0.488, 5.279, -62.457, -115.73, -26.453, -7.100, 5.320, 25.07, 0.47424, -0.41763, -0.30859, -0.71088,
 11:05:35.742,e3:ca:2d:fd:e0:8c, 2015-01-01 00:18:31.405, 1.01, -0.123, -0.041, -0.305, -0.061, 0, -109.902, -82.749, -105.046, -25.073, -4.427, -4.427, 23.42, -0.16629, -0.67535, 0.25558, -0.67142,
 11:05:35.742,e3:ca:2d:fd:e0:8c, 2015-01-01 00:18:31.405, 1.01, -0.123, -0.041, -0.427, -0.427, 0, -109.951, -82.744, -105.029, -25.073, -4.427, -4.427, 23.42, -0.16629, -0.67535, 0.25558, -0.67142,
 11:05:35.784,ed:35:33:d3:6c:f8, 2015-01-01 00:18:34.420, 0.831, -0.038, 0.545, -0.549, 0.122, -0.488, -3.801, -56.75, -164.009, -23.293, -7.553, -13.160, 30.37, -0.10681, 0.47418, 0.03729, 0.87308,
 11:05:35.784,ed:35:33:d3:6c:f8, 2015-01-01 00:18:34.420, 0.834, -0.038, 0.546, -0.366, 0, -0.427, -3.801, -56.75, -164.031, -23.293, -7.553, -13.160, 30.37, -0.10681, 0.47418, 0.03729, 0.87308,
 11:05:35.784,f6:90:cc:01:6d:25, 2015-01-01 00:18:33.935, 0.986, -0.061, 0.005, -0.366, -0.183, 0, -80.376, -86.682, -73.57, -28.453, -6.447, 3.433, 29.27, 0.17813, -0.68997, -0.13739, -0.68793,
 11:05:35.784,f6:90:cc:01:6d:25, 2015-01-01 00:18:33.935, 0.988, -0.06, 0.005, -0.122, -0.183, 0, -80.48, -86.682, -73.438, -28.453, -6.447, 3.433, 29.27, 0.17813, -0.68997, -0.13739, -0.68793,
 11:05:35.786,ed:40:fe:65:30:6c, 2015-01-01 00:18:31.100, 0.89, 0.042, 0.465, -0.61, -0.122, -0.366, 5.284, -62.457, -115.741, -26.453, -7.100, 5.320, 25.07, 0.47424, -0.41763, -0.30859, -0.71088,
 11:05:35.786,ed:40:fe:65:30:6c, 2015-01-01 00:18:31.100, 0.892, 0.041, 0.465, -0.488, -0.183, -0.244, 5.284, -62.463, -115.746, -26.453, -7.100, 5.320, 25.07, 0.47424, -0.41763, -0.30859, -0.71088,
 11:05:35.788,e3:ca:2d:fd:e0:8c, 2015-01-01 00:18:31.405, 1.013, -0.124, -0.041, -0.427, -0.488, 0, -110.017, -82.744, -104.991, -25.073, -4.427, -4.427, 23.42, -0.16629, -0.67535, 0.25558, -0.67142,
 11:05:35.788,e3:ca:2d:fd:e0:8c, 2015-01-01 00:18:31.405, 1.016, -0.123, -0.041, -0.183, -0.305, 0, -110.056, -82.738, -104.969, -25.073, -4.427, -4.427, 23.42, -0.16629, -0.67535, 0.25558, -0.67142,
 11:05:35.832,e3:ca:2d:fd:e0:8c, 2015-01-01 00:18:31.405, 1.016, -0.122, -0.041, -0.061, -0.244, 0, -110.083, -82.738, -104.963, -25.073, -4.427, -4.427, 23.42, -0.16629, -0.67535, 0.25558, -0.67142,
 11:05:35.832,e3:ca:2d:fd:e0:8c, 2015-01-01 00:18:31.405, 1.014, -0.122, -0.042, -0.061, -0.305, 0, -110.11, -82.733, -104.947, -25.073, -4.427, -4.427, 23.42, -0.16629, -0.67535, 0.25558, -0.67142,
 11:05:35.851,ed:35:33:d3:6c:f8, 2015-01-01 00:18:34.420, 0.833, -0.04, 0.544, -0.183, -0.244, -0.183, -3.796, -56.75, -164.048, -23.620, -8.067, -13.120, 30.37, -0.10681, 0.47418, 0.03729, 0.87308,
 11:05:35.851,ed:35:33:d3:6c:f8, 2015-01-01 00:18:34.420, 0.834, -0.041, 0.542, -0.061, -0.244, 0, -3.796, -56.755, -164.053, -23.620, -8.067, -13.120, 30.37, -0.10681, 0.47418, 0.03729, 0.87308,
 11:05:35.853,f6:90:cc:01:6d:25, 2015-01-01 00:18:33.935, 0.986, -0.06, 0.008, -0.122, -0.061, -0.305, -80.568, -86.682, -73.328, -28.453, -6.447, 3.433, 29.27, 0.17813, -0.68997, -0.13739, -0.68793,
 11:05:35.853,f6:90:cc:01:6d:25, 2015-01-01 00:18:33.935, 0.986, -0.061, 0.004, 0, 0, -0.366, -80.601, -86.688, -73.268, -28.453, -6.447, 3.433, 29.27, 0.17813, -0.68997, -0.13739, -0.68793,
 11:05:35.858,ed:40:fe:65:30:6c, 2015-01-01 00:18:31.100, 0.892, 0.04, 0.464, -0.244, -0.366, -0.061, 5.284, -62.463, -115.757, -26.453, -7.100, 5.320, 25.07, 0.47424, -0.41763, -0.30859, -0.71088,
 11:05:35.858,ed:40:fe:65:30:6c, 2015-01-01 00:18:31.100, 0.892, 0.039, 0.464, 0, -0.366, -0.061, 5.284, -62.468, -115.757, -26.453, -7.100, 5.320, 25.07, 0.47424, -0.41763, -0.30859, -0.71088,
 11:05:35.860,e3:ca:2d:fd:e0:8c, 2015-01-01 00:18:31.405, 1.012, -0.124, -0.043, -0.061, -0.305, 0, -110.143, -82.733, -104.936, -24.727, -4.887, -4.153, 23.42, -0.16629, -0.67535, 0.25558, -0.67142,
 11:05:35.860,e3:ca:2d:fd:e0:8c, 2015-01-01 00:18:31.405, 1.013, -0.122, -0.042, 0.061, -0.305, 0, -110.171, -82.733, -104.919, -24.727, -4.887, -4.153, 23.42, -0.16629, -0.67535, 0.25558, -0.67142,
 11:05:35.876,ed:40:fe:65:30:6c, 2015-01-01 00:18:31.100, 0.892, 0.04, 0.461, 0.061, -0.305, -0.183, 5.29, -62.474, -115.763, -26.407, -7.647, 5.847, 25.07, 0.47424, -0.41763, -0.30859, -0.71088,
 11:05:35.876,ed:40:fe:65:30:6c, 2015-01-01 00:18:31.100, 0.889, 0.046, 0.46, 0.549, -0.427, -0.366, 5.312, -62.485, -115.774, -26.407, -7.647, 5.847, 25.07, 0.47424, -0.41763, -0.30859, -0.71088,
 11:05:35.896,ed:35:33:d3:6c:f8, 2015-01-01 00:18:34.420, 0.833, -0.041, 0.542, 0.061, -0.122, -0.183, -3.796, -56.755, -164.059, -23.620, -8.067, -13.120, 30.37, -0.10626, 0.47449, 0.03693, 0.87299,
 11:05:35.896,ed:35:33:d3:6c:f8, 2015-01-01 00:18:34.420, 0.832, -0.032, 0.542, 0.732, -0.244, -0.366, -3.79, -56.761, -164.075, -23.620, -8.067, -13.120, 30.37, -0.10626, 0.47449, 0.03693, 0.87299,
 11:05:35.897,f6:90:cc:01:6d:25, 2015-01-01 00:18:33.935, 0.984, -0.058, 0.005, 0.061, 0.122, -0.427, -80.612, -86.693, -73.235, -28.627, -6.567, 4.127, 29.27, 0.17813, -0.68997, -0.13739, -0.68793,
 11:05:35.897,f6:90:cc:01:6d:25, 2015-01-01 00:18:33.935, 0.983, -0.057, 0.002, 0.122, 0.061, -0.427, -80.59, -86.699, -73.229, -28.627, -6.567, 4.127, 29.27, 0.17813, -0.68997, -0.13739, -0.68793,
 11:05:35.903,e3:ca:2d:fd:e0:8c, 2015-01-01 00:18:31.405, 1.013, -0.12, -0.044, 0.122, -0.183, -0.305, -110.198, -82.733, -104.903, -24.727, -4.887, -4.153, 23.42, -0.16629, -0.67535, 0.25558, -0.67142,
 11:05:35.903,e3:ca:2d:fd:e0:8c, 2015-01-01 00:18:31.405, 1.015, -0.121, -0.045, 0, -0.122, -0.183, -110.22, -82.738, -104.903, -24.727, -4.887, -4.153, 23.42, -0.16629, -0.67535, 0.25558, -0.67142,
 11:05:35.921,ed:40:fe:65:30:6c, 2015-01-01 00:18:31.100, 0.889, 0.045, 0.461, 0.61, -0.366, -0.122, 5.334, -62.49, -115.774, -26.407, -7.647, 5.847, 25.07, 0.47424, -0.41763, -0.30859, -0.71088,
 11:05:35.921,ed:40:fe:65:30:6c, 2015-01-01 00:18:31.100, 0.893, 0.042, 0.458, 0.488, -0.488, -0.061, 5.345, -62.496, -115.774, -26.407, -7.647, 5.847, 25.07, 0.47424, -0.41763, -0.30859, -0.71088,
 11:05:35.941,ed:35:33:d3:6c:f8, 2015-01-01 00:18:34.420, 0.833, -0.034, 0.542, 0.488, -0.183, -0.122, -3.768, -56.766, -164.086, -23.620, -8.067, -13.120, 30.37, -0.10626, 0.47449, 0.03693, 0.87299,
 11:05:35.941,ed:35:33:d3:6c:f8, 2015-01-01 00:18:34.420, 0.834, -0.039, 0.54, 0.488, -0.305, -0.122, -3.757, -56.772, -164.097, -23.620, -8.067, -13.120, 30.37, -0.10626, 0.47449, 0.03693, 0.87299,
 11:05:35.943,f6:90:cc:01:6d:25, 2015-01-01 00:18:33.935, 0.986, -0.056, 0.001, 0.122, 0.061, -0.488, -80.59, -86.71, -73.213, -28.627, -6.567, 4.127, 29.27, 0.17813, -0.68997, -0.13739, -0.68793,
 11:05:35.943,f6:90:cc:01:6d:25, 2015-01-01 00:18:33.935, 0.986, -0.055, 0.004, 0.183, 0.183, -0.488, -80.574, -86.715, -73.224, -28.627, -6.567, 4.127, 29.27, 0.17813, -0.68997, -0.13739, -0.68793,
 11:05:35.943,ed:40:fe:65:30:6c, 2015-01-01 00:18:31.100, 0.892, 0.045, 0.46, 0.488, -0.488, -0.244, 5.367, -62.507, -115.779, -26.407, -7.647, 5.847, 25.07, 0.47446, -0.41769, -0.3093, -0.71039,
 11:05:35.943,ed:40:fe:65:30:6c, 2015-01-01 00:18:31.100, 0.892, 0.051, 0.459, 0.244, -0.427, -0.183, 5.383, -62.512, -115.779, -26.407, -7.647, 5.847, 25.07, 0.47446, -0.41769, -0.3093, -0.71039,
 11:05:35.945,e3:ca:2d:fd:e0:8c, 2015-01-01 00:18:31.405, 1.016, -0.121, -0.043, 0, 0, -0.122, -110.226, -82.738, -104.919, -24.727, -4.887, -4.153, 23.42, -0.16815, -0.67484, 0.25763, -0.67068,
 11:05:35.945,e3:ca:2d:fd:e0:8c, 2015-01-01 00:18:31.405, 1.014, -0.121, -0.045, -0.061, 0, -0.183, -110.226, -82.744, -104.941, -24.727, -4.887, -4.153, 23.42, -0.16815, -0.67484, 0.25763, -0.67068,
 11:05:35.964,f6:90:cc:01:6d:25, 2015-01-01 00:18:33.935, 0.986, -0.056, 0.004, 0.061, 0.244, -0.488, -80.53, -86.726, -73.262, -28.627, -6.567, 4.127, 29.27, 0.18036, -0.6897, -0.13998, -0.6871,
 11:05:35.964,f6:90:cc:01:6d:25, 2015-01-01 00:18:33.935, 0.985, -0.055, 0.005, 0.183, 0.305, -0.366, -80.464, -86.732, -73.323, -28.627, -6.567, 4.127, 29.27, 0.18036, -0.6897, -0.13998, -0.6871,
 11:05:35.987,f6:90:cc:01:6d:25, 2015-01-01 00:18:33.935, 0.986, -0.054, 0.003, 0.244, 0.244, -0.244, -80.409, -86.737, -73.378, -28.627, -6.567, 4.127, 29.27, 0.18036, -0.6897, -0.13998, -0.6871,
 11:05:35.987,f6:90:cc:01:6d:25, 2015-01-01 00:18:33.935, 0.987, -0.055, 0.004, 0.305, 0.549, -0.183, -80.31, -86.737, -73.466, -28.627, -6.567, 4.127, 29.27, 0.18036, -0.6897, -0.13998, -0.6871,
 11:05:35.988,ed:35:33:d3:6c:f8, 2015-01-01 00:18:34.755, 0.834, -0.033, 0.541, 0.366, -0.305, -0.305, -3.746, -56.777, -164.103, -23.620, -8.067, -13.120, 30.37, -0.10626, 0.47449, 0.03693, 0.87299,
 11:05:35.988,ed:35:33:d3:6c:f8, 2015-01-01 00:18:34.755, 0.834, -0.027, 0.54, 0.122, -0.305, -0.122, -3.735, -56.783, -164.119, -23.620, -8.067, -13.120, 30.37, -0.10626, 0.47449, 0.03693, 0.87299,
 11:05:35.988,ed:40:fe:65:30:6c, 2015-01-01 00:18:31.100, 0.893, 0.051, 0.459, 0.122, -0.305, 0, 5.389, -62.523, -115.774, -26.407, -7.647, 5.847, 25.07, 0.47446, -0.41769, -0.3093, -0.71039,
 11:05:35.988,ed:40:fe:65:30:6c, 2015-01-01 00:18:31.100, 0.893, 0.049, 0.459, 0.061, -0.183, 0.183, 5.389, -62.529, -115.774, -26.407, -7.647, 5.847, 25.07, 0.47446, -0.41769, -0.3093, -0.71039,
 11:05:35.990,e3:ca:2d:fd:e0:8c, 2015-01-01 00:18:31.720, 1.012, -0.12, -0.045, 0, -0.122, -0.183, -110.248, -82.744, -104.941, -24.727, -4.887, -4.153, 23.42, -0.16815, -0.67484, 0.25763, -0.67068,
 11:05:35.990,e3:ca:2d:fd:e0:8c, 2015-01-01 00:18:31.720, 1.014, -0.121, -0.042, 0.061, -0.061, -0.122, -110.259, -82.749, -104.952, -24.727, -4.887, -4.153, 23.42, -0.16815, -0.67484, 0.25763, -0.67068,
 11:05:36.008,ed:35:33:d3:6c:f8, 2015-01-01 00:18:34.755, 0.835, -0.027, 0.54, -0.061, -0.183, 0.061, -3.73, -56.794, -164.125, -23.620, -8.067, -13.120, 30.37, -0.10626, 0.47449, 0.03693, 0.87299,
 11:05:36.008,ed:35:33:d3:6c:f8, 2015-01-01 00:18:34.755, 0.835, -0.031, 0.54, -0.061, 0, 0.122, -3.73, -56.799, -164.125, -23.620, -8.067, -13.120, 30.37, -0.10626, 0.47449, 0.03693, 0.87299,
 11:05:36.031,ed:35:33:d3:6c:f8, 2015-01-01 00:18:34.755, 0.835, -0.032, 0.542, 0, 0.061, 0.061, -3.735, -56.799, -164.125, -23.620, -8.067, -13.120, 30.37, -0.10626, 0.47449, 0.03693, 0.87299,
 11:05:36.031,ed:35:33:d3:6c:f8, 2015-01-01 00:18:34.755, 0.834, -0.034, 0.542, -0.183, 0.061, -0.061, -3.73, -56.799, -164.125, -23.620, -8.067, -13.120, 30.37, -0.10626, 0.47449, 0.03693, 0.87299,
 11:05:36.033,ed:40:fe:65:30:6c, 2015-01-01 00:18:31.455, 0.893, 0.047, 0.461, 0.122, -0.061, 0.061, 5.394, -62.529, -115.779, -26.407, -7.647, 5.847, 25.07, 0.47446, -0.41769, -0.3093, -0.71039,
 11:05:36.033,ed:40:fe:65:30:6c, 2015-01-01 00:18:31.455, 0.892, 0.047, 0.46, -0.122, 0, 0.061, 5.394, -62.529, -115.779, -26.407, -7.647, 5.847, 25.07, 0.47446, -0.41769, -0.3093, -0.71039,
 11:05:36.035,e3:ca:2d:fd:e0:8c, 2015-01-01 00:18:31.720, 1.016, -0.12, -0.043, 0.122, 0, 0, -110.253, -82.749, -104.974, -24.727, -4.887, -4.153, 23.42, -0.16815, -0.67484, 0.25763, -0.67068,
 11:05:36.035,e3:ca:2d:fd:e0:8c, 2015-01-01 00:18:31.720, 1.015, -0.12, -0.042, 0.122, 0.061, 0.061, -110.237, -82.749, -105.013, -24.727, -4.887, -4.153, 23.42, -0.16815, -0.67484, 0.25763, -0.67068,
 11:05:36.053,ed:35:33:d3:6c:f8, 2015-01-01 00:18:34.755, 0.832, -0.035, 0.541, -0.183, 0.122, -0.244, -3.73, -56.799, -164.136, -23.620, -8.067, -13.120, 30.37, -0.10626, 0.47449, 0.03693, 0.87299,
 11:05:36.053,ed:35:33:d3:6c:f8, 2015-01-01 00:18:34.755, 0.831, -0.033, 0.543, 0, 0.183, -0.244, -3.724, -56.799, -164.147, -23.620, -8.067, -13.120, 30.37, -0.10626, 0.47449, 0.03693, 0.87299,
 11:05:36.056,f6:90:cc:01:6d:25, 2015-01-01 00:18:33.935, 0.987, -0.054, 0.004, 0.305, 0.549, -0.122, -80.167, -86.737, -73.608, -28.627, -6.567, 4.127, 29.27, 0.18036, -0.6897, -0.13998, -0.6871,
 11:05:36.056,f6:90:cc:01:6d:25, 2015-01-01 00:18:33.935, 0.985, -0.053, 0.006, 0.183, 0.549, -0.061, -80.03, -86.743, -73.751, -28.627, -6.567, 4.127, 29.27, 0.18036, -0.6897, -0.13998, -0.6871,
 11:05:36.058,e3:ca:2d:fd:e0:8c, 2015-01-01 00:18:31.720, 1.012, -0.12, -0.042, 0, 0.122, 0.061, -110.215, -82.749, -105.057, -24.727, -4.887, -4.153, 23.42, -0.16815, -0.67484, 0.25763, -0.67068,
 11:05:36.058,e3:ca:2d:fd:e0:8c, 2015-01-01 00:18:31.720, 1.012, -0.119, -0.04, 0, 0.122, 0, -110.187, -82.749, -105.106, -24.727, -4.887, -4.153, 23.42, -0.16815, -0.67484, 0.25763, -0.67068,
 11:05:36.078,ed:40:fe:65:30:6c, 2015-01-01 00:18:31.455, 0.89, 0.046, 0.461, -0.122, 0.061, -0.183, 5.405, -62.529, -115.79, -26.407, -7.647, 5.847, 25.07, 0.47446, -0.41769, -0.3093, -0.71039,
 11:05:36.078,ed:40:fe:65:30:6c, 2015-01-01 00:18:31.455, 0.888, 0.046, 0.462, 0, 0.122, -0.244, 5.416, -62.529, -115.801, -26.407, -7.647, 5.847, 25.07, 0.47446, -0.41769, -0.3093, -0.71039,
 11:05:36.078,f6:90:cc:01:6d:25, 2015-01-01 00:18:34.355, 0.984, -0.054, 0.008, 0, 0.61, 0, -79.882, -86.737, -73.9, -28.627, -6.567, 4.127, 29.27, 0.18036, -0.6897, -0.13998, -0.6871,
 11:05:36.078,f6:90:cc:01:6d:25, 2015-01-01 00:18:34.355, 0.983, -0.055, 0.008, -0.061, 0.61, 0.061, -79.728, -86.737, -74.053, -28.627, -6.567, 4.127, 29.27, 0.18036, -0.6897, -0.13998, -0.6871,
 11:05:36.099,ed:35:33:d3:6c:f8, 2015-01-01 00:18:34.755, 0.83, -0.031, 0.544, 0.183, 0.305, -0.244, -3.713, -56.799, -164.158, -23.620, -8.067, -13.120, 30.37, -0.10626, 0.47449, 0.03693, 0.87299,
 11:05:36.099,ed:35:33:d3:6c:f8, 2015-01-01 00:18:34.755, 0.832, -0.028, 0.544, 0.366, 0.305, -0.244, -3.697, -56.794, -164.174, -23.620, -8.067, -13.120, 30.37, -0.10626, 0.47449, 0.03693, 0.87299,
 11:05:36.101,ed:40:fe:65:30:6c, 2015-01-01 00:18:31.455, 0.887, 0.049, 0.463, 0, 0.244, -0.305, 5.433, -62.523, -115.818, -26.407, -7.647, 5.847, 25.07, 0.47446, -0.41769, -0.3093, -0.71039,
 11:05:36.101,ed:40:fe:65:30:6c, 2015-01-01 00:18:31.455, 0.89, 0.051, 0.463, 0.122, 0.305, -0.244, 5.449, -62.512, -115.829, -26.407, -7.647, 5.847, 25.07, 0.47446, -0.41769, -0.3093, -0.71039,
 11:05:36.102,e3:ca:2d:fd:e0:8c, 2015-01-01 00:18:31.720, 1.011, -0.12, -0.041, 0, 0, 0.061, -110.171, -82.749, -105.139, -24.727, -4.887, -4.153, 23.42, -0.16815, -0.67484, 0.25763, -0.67068,
 11:05:36.102,e3:ca:2d:fd:e0:8c, 2015-01-01 00:18:31.720, 1.013, -0.121, -0.042, 0, -0.061, 0.061, -110.165, -82.749, -105.161, -24.727, -4.887, -4.153, 23.42, -0.16815, -0.67484, 0.25763, -0.67068,
 11:05:36.123,f6:90:cc:01:6d:25, 2015-01-01 00:18:34.355, 0.983, -0.054, 0.007, 0.122, 0.488, 0.061, -79.59, -86.732, -74.185, -28.627, -6.567, 4.127, 29.27, 0.18036, -0.6897, -0.13998, -0.6871,
 11:05:36.123,f6:90:cc:01:6d:25, 2015-01-01 00:18:34.355, 0.984, -0.055, 0.008, 0.122, 0.488, 0.122, -79.47, -86.732, -74.295, -28.627, -6.567, 4.127, 29.27, 0.18036, -0.6897, -0.13998, -0.6871,
 11:05:36.146,ed:40:fe:65:30:6c, 2015-01-01 00:18:31.455, 0.89, 0.051, 0.464, 0.061, 0.305, -0.061, 5.455, -62.507, -115.84, -26.407, -7.647, 5.847, 25.07, 0.47446, -0.41769, -0.3093, -0.71039,
 11:05:36.146,ed:40:fe:65:30:6c, 2015-01-01 00:18:31.455, 0.891, 0.049, 0.462, 0, 0.305, 0.122, 5.46, -62.501, -115.834, -26.407, -7.647, 5.847, 25.07, 0.47446, -0.41769, -0.3093, -0.71039,
 11:05:36.149,e3:ca:2d:fd:e0:8c, 2015-01-01 00:18:31.720, 1.013, -0.121, -0.043, 0.183, -0.061, 0.122, -110.16, -82.749, -105.183, -24.727, -4.887, -4.153, 23.42, -0.16815, -0.67484, 0.25763, -0.67068,
 11:05:36.149,e3:ca:2d:fd:e0:8c, 2015-01-01 00:18:31.720, 1.016, -0.122, -0.042, 0.183, -0.061, 0.244, -110.143, -82.744, -105.211, -24.727, -4.887, -4.153, 23.42, -0.16815, -0.67484, 0.25763, -0.67068,
 11:05:36.166,ed:35:33:d3:6c:f8, 2015-01-01 00:18:34.755, 0.832, -0.028, 0.544, 0.244, 0.244, -0.122, -3.68, -56.788, -164.185, -23.620, -8.067, -13.120, 30.37, -0.10626, 0.47449, 0.03693, 0.87299,
 11:05:36.166,ed:35:33:d3:6c:f8, 2015-01-01 00:18:34.755, 0.833, -0.03, 0.542, 0.122, 0.061, 0, -3.664, -56.783, -164.191, -23.620, -8.067, -13.120, 30.37, -0.10626, 0.47449, 0.03693, 0.87299,
 11:05:36.169,f6:90:cc:01:6d:25, 2015-01-01 00:18:34.355, 0.985, -0.056, 0.006, 0.305, 0.305, 0.244, -79.387, -86.726, -74.366, -28.627, -6.567, 4.127, 29.27, 0.18036, -0.6897, -0.13998, -0.6871,
 11:05:36.169,f6:90:cc:01:6d:25, 2015-01-01 00:18:34.355, 0.987, -0.057, 0.009, 0.244, 0.244, 0.305, -79.349, -86.721, -74.394, -28.627, -6.567, 4.127, 29.27, 0.18036, -0.6897, -0.13998, -0.6871,
 11:05:36.190,f6:90:cc:01:6d:25, 2015-01-01 00:18:34.355, 0.985, -0.056, 0.004, 0.305, 0.244, 0.183, -79.316, -86.715, -74.41, -28.627, -6.567, 4.127, 29.27, 0.18036, -0.6897, -0.13998, -0.6871,
 11:05:36.190,f6:90:cc:01:6d:25, 2015-01-01 00:18:34.355, 0.982, -0.061, 0.006, 0.549, 0.305, 0, -79.266, -86.715, -74.449, -28.627, -6.567, 4.127, 29.27, 0.18036, -0.6897, -0.13998, -0.6871,
 11:05:36.190,ed:40:fe:65:30:6c, 2015-01-01 00:18:31.455, 0.892, 0.047, 0.462, -0.061, 0.366, 0.427, 5.444, -62.496, -115.818, -26.407, -7.647, 5.847, 25.07, 0.47446, -0.41769, -0.3093, -0.71039,
 11:05:36.190,ed:40:fe:65:30:6c, 2015-01-01 00:18:31.455, 0.89, 0.043, 0.463, 0.061, 0.427, 0.61, 5.427, -62.485, -115.796, -26.407, -7.647, 5.847, 25.07, 0.47446, -0.41769, -0.3093, -0.71039,
 11:05:36.191,ed:35:33:d3:6c:f8, 2015-01-01 00:18:34.755, 0.833, -0.032, 0.544, -0.244, 0.244, 0.305, -3.664, -56.783, -164.191, -23.440, -7.713, -12.567, 30.37, -0.10626, 0.47449, 0.03693, 0.87299,
 11:05:36.191,ed:35:33:d3:6c:f8, 2015-01-01 00:18:34.755, 0.831, -0.036, 0.542, -0.183, 0.488, 0.732, -3.675, -56.777, -164.18, -23.440, -7.713, -12.567, 30.37, -0.10626, 0.47449, 0.03693, 0.87299,
 11:05:36.192,e3:ca:2d:fd:e0:8c, 2015-01-01 00:18:31.720, 1.014, -0.12, -0.042, 0.244, -0.061, 0.366, -110.121, -82.738, -105.244, -25.233, -4.853, -4.407, 23.42, -0.16815, -0.67484, 0.25763, -0.67068,
 11:05:36.192,e3:ca:2d:fd:e0:8c, 2015-01-01 00:18:31.720, 1.012, -0.12, -0.042, 0.244, 0, 0.366, -110.094, -82.733, -105.287, -25.233, -4.853, -4.407, 23.42, -0.16815, -0.67484, 0.25763, -0.67068,
 11:05:36.216,e3:ca:2d:fd:e0:8c, 2015-01-01 00:18:31.720, 1.01, -0.124, -0.042, 0.427, 0.061, 0.305, -110.05, -82.727, -105.337, -25.233, -4.853, -4.407, 23.42, -0.16968, -0.6741, 0.25931, -0.67041,
 11:05:36.216,e3:ca:2d:fd:e0:8c, 2015-01-01 00:18:31.720, 1.012, -0.123, -0.041, 0.61, 0.061, 0.183, -110.012, -82.722, -105.381, -25.233, -4.853, -4.407, 23.42, -0.16968, -0.6741, 0.25931, -0.67041,
 11:05:36.235,f6:90:cc:01:6d:25, 2015-01-01 00:18:34.355, 0.983, -0.061, 0.008, 0.793, 0.366, -0.061, -79.189, -86.71, -74.515, -28.627, -6.567, 4.127, 29.27, 0.18036, -0.6897, -0.13998, -0.6871,
 11:05:36.235,f6:90:cc:01:6d:25, 2015-01-01 00:18:34.355, 0.987, -0.054, 0.007, 0.549, 0.488, 0, -79.074, -86.71, -74.614, -28.627, -6.567, 4.127, 29.27, 0.18036, -0.6897, -0.13998, -0.6871,
 11:05:36.256,ed:35:33:d3:6c:f8, 2015-01-01 00:18:34.755, 0.83, -0.042, 0.54, 0, 0.366, 1.16, -3.702, -56.766, -164.147, -23.440, -7.713, -12.567, 30.37, -0.10626, 0.47449, 0.03693, 0.87299,
 11:05:36.256,ed:35:33:d3:6c:f8, 2015-01-01 00:18:34.755, 0.834, -0.04, 0.542, 0.427, 0.366, 0.793, -3.73, -56.761, -164.119, -23.440, -7.713, -12.567, 30.37, -0.10626, 0.47449, 0.03693, 0.87299,
 11:05:36.258,ed:40:fe:65:30:6c, 2015-01-01 00:18:31.455, 0.887, 0.038, 0.459, 0.305, 0.366, 0.916, 5.4, -62.479, -115.757, -26.613, -6.867, 5.600, 25.07, 0.47446, -0.41769, -0.3093, -0.71039,
 11:05:36.258,ed:40:fe:65:30:6c, 2015-01-01 00:18:31.455, 0.892, 0.041, 0.462, 0.427, 0.244, 0.671, 5.383, -62.474, -115.73, -26.613, -6.867, 5.600, 25.07, 0.47446, -0.41769, -0.3093, -0.71039,
 11:05:36.260,e3:ca:2d:fd:e0:8c, 2015-01-01 00:18:31.720, 1.015, -0.123, -0.041, 0.244, 0, 0.122, -109.984, -82.722, -105.414, -25.233, -4.853, -4.407, 23.42, -0.16968, -0.6741, 0.25931, -0.67041,
 11:05:36.260,e3:ca:2d:fd:e0:8c, 2015-01-01 00:18:31.720, 1.016, -0.122, -0.043, -0.183, 0, 0.122, -109.968, -82.722, -105.441, -25.233, -4.853, -4.407, 23.42, -0.16968, -0.6741, 0.25931, -0.67041,
 11:05:36.279,ed:35:33:d3:6c:f8, 2015-01-01 00:18:34.755, 0.834, -0.029, 0.545, 1.221, 0.244, 0.183, -3.735, -56.755, -164.103, -23.440, -7.713, -12.567, 30.37, -0.10617, 0.47446, 0.03723, 0.87302,
 11:05:36.279,ed:35:33:d3:6c:f8, 2015-01-01 00:18:34.755, 0.833, -0.032, 0.544, 0.916, 0.366, 0.61, -3.719, -56.75, -164.086, -23.440, -7.713, -12.567, 30.37, -0.10617, 0.47446, 0.03723, 0.87302,
 11:05:36.281,f6:90:cc:01:6d:25, 2015-01-01 00:18:34.355, 0.986, -0.054, 0.004, 0.061, 0.366, 0.122, -78.975, -86.71, -74.707, -28.627, -6.567, 4.127, 29.27, 0.18036, -0.6897, -0.13998, -0.6871,
 11:05:36.281,f6:90:cc:01:6d:25, 2015-01-01 00:18:34.355, 0.986, -0.06, 0.005, -0.061, 0.366, 0.122, -78.909, -86.704, -74.773, -28.627, -6.567, 4.127, 29.27, 0.18036, -0.6897, -0.13998, -0.6871,
 11:05:36.302,f6:90:cc:01:6d:25, 2015-01-01 00:18:34.355, 0.985, -0.059, 0.004, 0.183, 0.244, 0, -78.876, -86.699, -74.817, -28.827, -6.927, 3.813, 29.27, 0.18036, -0.6897, -0.13998, -0.6871,
 11:05:36.302,f6:90:cc:01:6d:25, 2015-01-01 00:18:34.355, 0.982, -0.057, 0.008, 0.488, 0.183, 0, -78.86, -86.699, -74.833, -28.827, -6.927, 3.813, 29.27, 0.18036, -0.6897, -0.13998, -0.6871,
 11:05:36.304,ed:40:fe:65:30:6c, 2015-01-01 00:18:31.455, 0.892, 0.05, 0.463, 0.732, 0.183, 0.061, 5.4, -62.474, -115.73, -26.613, -6.867, 5.600, 25.07, 0.47498, -0.41718, -0.30966, -0.71021,
 11:05:36.304,ed:40:fe:65:30:6c, 2015-01-01 00:18:31.455, 0.891, 0.048, 0.463, 1.038, 0.061, 0.305, 5.411, -62.468, -115.724, -26.613, -6.867, 5.600, 25.07, 0.47498, -0.41718, -0.30966, -0.71021,
 11:05:36.305,e3:ca:2d:fd:e0:8c, 2015-01-01 00:18:32.010, 1.015, -0.122, -0.044, -0.244, 0.122, 0.061, -109.946, -82.716, -105.485, -25.233, -4.853, -4.407, 23.42, -0.16968, -0.6741, 0.25931, -0.67041,
 11:05:36.305,e3:ca:2d:fd:e0:8c, 2015-01-01 00:18:32.010, 1.013, -0.122, -0.044, 0, 0.122, 0.122, -109.918, -82.716, -105.529, -25.233, -4.853, -4.407, 23.42, -0.16968, -0.6741, 0.25931, -0.67041,
 11:05:36.324,ed:35:33:d3:6c:f8, 2015-01-01 00:18:34.755, 0.832, -0.038, 0.544, 0.488, 0.305, 0.732, -3.719, -56.744, -164.053, -23.440, -7.713, -12.567, 30.37, -0.10617, 0.47446, 0.03723, 0.87302,
 11:05:36.324,ed:35:33:d3:6c:f8, 2015-01-01 00:18:34.755, 0.829, -0.037, 0.543, 0.488, 0.183, 0.732, -3.73, -56.739, -164.053, -23.440, -7.713, -12.567, 30.37, -0.10617, 0.47446, 0.03723, 0.87302,
 11:05:36.348,ed:40:fe:65:30:6c, 2015-01-01 00:18:31.455, 0.89, 0.043, 0.464, 0.488, 0.183, 0.671, 5.4, -62.468, -115.697, -26.613, -6.867, 5.600, 25.07, 0.47498, -0.41718, -0.30966, -0.71021,
 11:05:36.348,ed:40:fe:65:30:6c, 2015-01-01 00:18:31.455, 0.888, 0.042, 0.462, 0.549, 0.183, 0.61, 5.389, -62.463, -115.67, -26.613, -6.867, 5.600, 25.07, 0.47498, -0.41718, -0.30966, -0.71021,
 11:05:36.349,e3:ca:2d:fd:e0:8c, 2015-01-01 00:18:32.010, 1.011, -0.121, -0.042, 0.244, 0, 0.061, -109.907, -82.716, -105.557, -25.233, -4.853, -4.407, 23.42, -0.16968, -0.6741, 0.25931, -0.67041,
 11:05:36.349,e3:ca:2d:fd:e0:8c, 2015-01-01 00:18:32.010, 1.011, -0.124, -0.041, 0.244, -0.061, 0.061, -109.896, -82.716, -105.573, -25.233, -4.853, -4.407, 23.42, -0.16968, -0.6741, 0.25931, -0.67041,
 11:05:36.368,ed:35:33:d3:6c:f8, 2015-01-01 00:18:35.155, 0.829, -0.035, 0.544, 0.061, 0.122, 0.916, -3.741, -56.733, -164.053, -23.440, -7.713, -12.567, 30.37, -0.10617, 0.47446, 0.03723, 0.87302,
 11:05:36.368,ed:35:33:d3:6c:f8, 2015-01-01 00:18:35.155, 0.83, -0.036, 0.542, 0, 0.061, 0.916, -3.768, -56.733, -164.042, -23.440, -7.713, -12.567, 30.37, -0.10617, 0.47446, 0.03723, 0.87302,
 11:05:36.370,f6:90:cc:01:6d:25, 2015-01-01 00:18:34.355, 0.982, -0.057, 0.005, 0.427, 0.183, -0.122, -78.838, -86.699, -74.855, -28.827, -6.927, 3.813, 29.27, 0.18036, -0.6897, -0.13998, -0.6871,
 11:05:36.370,f6:90:cc:01:6d:25, 2015-01-01 00:18:34.355, 0.983, -0.059, 0.009, 0.244, 0.244, 0, -78.81, -86.699, -74.888, -28.827, -6.927, 3.813, 29.27, 0.18036, -0.6897, -0.13998, -0.6871,
 11:05:36.372,ed:40:fe:65:30:6c, 2015-01-01 00:18:31.790, 0.887, 0.043, 0.464, 0.427, 0.244, 0.671, 5.372, -62.463, -115.648, -26.613, -6.867, 5.600, 25.07, 0.47498, -0.41718, -0.30966, -0.71021,
 11:05:36.372,ed:40:fe:65:30:6c, 2015-01-01 00:18:31.790, 0.888, 0.045, 0.461, 0.061, 0.183, 0.732, 5.35, -62.457, -115.615, -26.613, -6.867, 5.600, 25.07, 0.47498, -0.41718, -0.30966, -0.71021,
 11:05:36.392,ed:35:33:d3:6c:f8, 2015-01-01 00:18:35.155, 0.83, -0.038, 0.543, 0.061, 0.183, 0.732, -3.796, -56.728, -164.037, -23.440, -7.713, -12.567, 30.37, -0.10617, 0.47446, 0.03723, 0.87302,
 11:05:36.392,ed:35:33:d3:6c:f8, 2015-01-01 00:18:35.155, 0.832, -0.038, 0.543, 0.244, 0.366, 0.549, -3.812, -56.722, -164.015, -23.440, -7.713, -12.567, 30.37, -0.10617, 0.47446, 0.03723, 0.87302,
 11:05:36.393,f6:90:cc:01:6d:25, 2015-01-01 00:18:34.355, 0.984, -0.058, 0.009, 0.122, 0.305, -0.061, -78.755, -86.699, -74.943, -28.827, -6.927, 3.813, 29.27, 0.18109, -0.68893, -0.14044, -0.68753,
 11:05:36.393,f6:90:cc:01:6d:25, 2015-01-01 00:18:34.355, 0.986, -0.057, 0.009, 0, 0.244, -0.061, -78.712, -86.699, -74.993, -28.827, -6.927, 3.813, 29.27, 0.18109, -0.68893, -0.14044, -0.68753,
 11:05:36.395,e3:ca:2d:fd:e0:8c, 2015-01-01 00:18:32.010, 1.012, -0.124, -0.041, 0.061, -0.183, 0.061, -109.913, -82.711, -105.573, -25.233, -4.853, -4.407, 23.42, -0.16968, -0.6741, 0.25931, -0.67041,
 11:05:36.395,e3:ca:2d:fd:e0:8c, 2015-01-01 00:18:32.010, 1.012, -0.122, -0.041, 0, -0.244, 0, -109.935, -82.711, -105.557, -25.233, -4.853, -4.407, 23.42, -0.16968, -0.6741, 0.25931, -0.67041,
 11:05:36.395,ed:40:fe:65:30:6c, 2015-01-01 00:18:31.790, 0.889, 0.043, 0.462, 0.183, 0.183, 0.549, 5.334, -62.452, -115.598, -26.613, -6.867, 5.600, 25.07, 0.47498, -0.41718, -0.30966, -0.71021,
 11:05:36.395,ed:40:fe:65:30:6c, 2015-01-01 00:18:31.790, 0.889, 0.043, 0.463, 0.122, 0.244, 0.488, 5.317, -62.452, -115.576, -26.613, -6.867, 5.600, 25.07, 0.47498, -0.41718, -0.30966, -0.71021,
 11:05:36.414,ed:35:33:d3:6c:f8, 2015-01-01 00:18:35.155, 0.834, -0.037, 0.545, 0.427, 0.427, 0.366, -3.823, -56.717, -164.009, -23.440, -7.713, -12.567, 30.37, -0.10617, 0.47446, 0.03723, 0.87302,
 11:05:36.414,ed:35:33:d3:6c:f8, 2015-01-01 00:18:35.155, 0.831, -0.036, 0.546, 0.366, 0.305, 0.305, -3.823, -56.706, -164.042, -23.440, -7.713, -12.567, 30.37, -0.10617, 0.47446, 0.03723, 0.87302,
 11:05:36.417,e3:ca:2d:fd:e0:8c, 2015-01-01 00:18:32.010, 1.014, -0.121, -0.042, -0.061, -0.244, -0.122, -109.968, -82.711, -105.535, -25.233, -4.853, -4.407, 23.42, -0.16968, -0.6741, 0.25931, -0.67041,
 11:05:36.417,e3:ca:2d:fd:e0:8c, 2015-01-01 00:18:32.010, 1.015, -0.123, -0.039, 0, -0.122, -0.122, -109.984, -82.711, -105.535, -25.233, -4.853, -4.407, 23.42, -0.16968, -0.6741, 0.25931, -0.67041,
 11:05:36.439,ed:40:fe:65:30:6c, 2015-01-01 00:18:31.790, 0.894, 0.044, 0.464, 0.305, 0.366, 0.305, 5.312, -62.441, -115.565, -26.613, -6.867, 5.600, 25.07, 0.47498, -0.41718, -0.30966, -0.71021,
 11:05:36.439,ed:40:fe:65:30:6c, 2015-01-01 00:18:31.790, 0.889, 0.045, 0.465, 0.366, 0.305, 0.244, 5.312, -62.435, -115.56, -26.613, -6.867, 5.600, 25.07, 0.47498, -0.41718, -0.30966, -0.71021,
 11:05:36.461,f6:90:cc:01:6d:25, 2015-01-01 00:18:34.355, 0.988, -0.057, 0.009, 0, 0.183, -0.061, -78.684, -86.699, -75.015, -28.827, -6.927, 3.813, 29.27, 0.18109, -0.68893, -0.14044, -0.68753,
 11:05:36.461,f6:90:cc:01:6d:25, 2015-01-01 00:18:34.355, 0.985, -0.057, 0.008, 0, 0.366, -0.061, -78.618, -86.699, -75.086, -28.827, -6.927, 3.813, 29.27, 0.18109, -0.68893, -0.14044, -0.68753,
 11:05:36.481,ed:35:33:d3:6c:f8, 2015-01-01 00:18:35.155, 0.83, -0.038, 0.544, 0, 0.488, 0.427, -3.829, -56.7, -164.053, -23.440, -7.713, -12.567, 30.37, -0.10617, 0.47446, 0.03723, 0.87302,
 11:05:36.481,ed:35:33:d3:6c:f8, 2015-01-01 00:18:35.155, 0.831, -0.037, 0.546, 0.122, 0.305, 0.061, -3.834, -56.689, -164.07, -23.440, -7.713, -12.567, 30.37, -0.10617, 0.47446, 0.03723, 0.87302,
 11:05:36.482,f6:90:cc:01:6d:25, 2015-01-01 00:18:34.735, 0.984, -0.057, 0.01, 0.122, 0.427, 0, -78.514, -86.693, -75.179, -28.827, -6.927, 3.813, 29.27, 0.18109, -0.68893, -0.14044, -0.68753,
 11:05:36.482,f6:90:cc:01:6d:25, 2015-01-01 00:18:34.735, 0.984, -0.056, 0.008, 0, 0.488, -0.061, -78.387, -86.693, -75.3, -28.827, -6.927, 3.813, 29.27, 0.18109, -0.68893, -0.14044, -0.68753,
 11:05:36.483,ed:40:fe:65:30:6c, 2015-01-01 00:18:31.790, 0.889, 0.043, 0.465, 0.183, 0.366, 0.305, 5.306, -62.43, -115.543, -26.613, -6.867, 5.600, 25.07, 0.47498, -0.41718, -0.30966, -0.71021,
 11:05:36.483,ed:40:fe:65:30:6c, 2015-01-01 00:18:31.790, 0.889, 0.043, 0.465, 0, 0.427, 0.122, 5.301, -62.419, -115.543, -26.613, -6.867, 5.600, 25.07, 0.47498, -0.41718, -0.30966, -0.71021,
 11:05:36.484,e3:ca:2d:fd:e0:8c, 2015-01-01 00:18:32.010, 1.013, -0.123, -0.042, 0.061, -0.061, -0.122, -109.984, -82.716, -105.54, -25.233, -4.853, -4.407, 23.42, -0.16968, -0.6741, 0.25931, -0.67041,
 11:05:36.484,e3:ca:2d:fd:e0:8c, 2015-01-01 00:18:32.010, 1.012, -0.122, -0.041, 0, -0.183, -0.061, -110.001, -82.716, -105.529, -25.233, -4.853, -4.407, 23.42, -0.16968, -0.6741, 0.25931, -0.67041,
 11:05:36.503,ed:35:33:d3:6c:f8, 2015-01-01 00:18:35.155, 0.831, -0.032, 0.543, 0.366, 0.244, -0.061, -3.834, -56.689, -164.086, -23.440, -7.713, -12.567, 30.37, -0.10617, 0.47446, 0.03723, 0.87302,
 11:05:36.503,ed:35:33:d3:6c:f8, 2015-01-01 00:18:35.155, 0.833, -0.036, 0.545, -0.061, 0.183, 0, -3.823, -56.684, -164.075, -23.440, -7.713, -12.567, 30.37, -0.10617, 0.47446, 0.03723, 0.87302,
 11:05:36.504,f6:90:cc:01:6d:25, 2015-01-01 00:18:34.735, 0.983, -0.056, 0.007, 0.061, 0.366, -0.122, -78.289, -86.693, -75.399, -28.827, -6.927, 3.813, 29.27, 0.18109, -0.68893, -0.14044, -0.68753,
 11:05:36.504,f6:90:cc:01:6d:25, 2015-01-01 00:18:34.735, 0.985, -0.058, 0.005, -0.061, 0.305, -0.061, -78.217, -86.693, -75.476, -28.827, -6.927, 3.813, 29.27, 0.18109, -0.68893, -0.14044, -0.68753,
 11:05:36.506,ed:40:fe:65:30:6c, 2015-01-01 00:18:31.790, 0.888, 0.048, 0.463, 0.183, 0.427, -0.061, 5.306, -62.408, -115.543, -26.613, -6.867, 5.600, 25.07, 0.47498, -0.41718, -0.30966, -0.71021,
 11:05:36.506,ed:40:fe:65:30:6c, 2015-01-01 00:18:31.790, 0.89, 0.045, 0.465, 0, 0.366, 0.061, 5.306, -62.402, -115.543, -26.613, -6.867, 5.600, 25.07, 0.47498, -0.41718, -0.30966, -0.71021,
 11:05:36.508,e3:ca:2d:fd:e0:8c, 2015-01-01 00:18:32.010, 1.013, -0.121, -0.044, 0, -0.183, -0.061, -110.017, -82.716, -105.518, -25.087, -4.947, -4.207, 23.42, -0.16968, -0.6741, 0.25931, -0.67041,
 11:05:36.508,e3:ca:2d:fd:e0:8c, 2015-01-01 00:18:32.010, 1.013, -0.12, -0.042, 0, -0.061, -0.061, -110.017, -82.716, -105.529, -25.087, -4.947, -4.207, 23.42, -0.16968, -0.6741, 0.25931, -0.67041,
 11:05:36.549,ed:35:33:d3:6c:f8, 2015-01-01 00:18:35.155, 0.832, -0.039, 0.544, -0.122, 0.122, -0.061, -3.823, -56.678, -164.075, -23.440, -7.713, -12.567, 30.37, -0.10617, 0.47446, 0.03723, 0.87302,
 11:05:36.549,ed:35:33:d3:6c:f8, 2015-01-01 00:18:35.155, 0.831, -0.037, 0.544, -0.244, 0.183, -0.183, -3.823, -56.678, -164.108, -23.440, -7.713, -12.567, 30.37, -0.10617, 0.47446, 0.03723, 0.87302,
 11:05:36.549,f6:90:cc:01:6d:25, 2015-01-01 00:18:34.735, 0.986, -0.056, 0.007, -0.061, 0.305, -0.183, -78.157, -86.693, -75.547, -28.827, -6.927, 3.813, 29.27, 0.18109, -0.68893, -0.14044, -0.68753,
 11:05:36.549,f6:90:cc:01:6d:25, 2015-01-01 00:18:34.735, 0.984, -0.057, 0.006, -0.122, 0.244, -0.122, -78.113, -86.693, -75.602, -28.827, -6.927, 3.813, 29.27, 0.18109, -0.68893, -0.14044, -0.68753,
 11:05:36.550,ed:40:fe:65:30:6c, 2015-01-01 00:18:31.790, 0.891, 0.042, 0.464, -0.305, 0.305, 0, 5.301, -62.397, -115.549, -26.613, -6.867, 5.600, 25.07, 0.47498, -0.41718, -0.30966, -0.71021,
 11:05:36.550,ed:40:fe:65:30:6c, 2015-01-01 00:18:31.790, 0.89, 0.043, 0.464, -0.366, 0.305, -0.061, 5.295, -62.386, -115.549, -26.613, -6.867, 5.600, 25.07, 0.47498, -0.41718, -0.30966, -0.71021,
 11:05:36.554,e3:ca:2d:fd:e0:8c, 2015-01-01 00:18:32.010, 1.015, -0.121, -0.044, -0.122, -0.122, -0.061, -110.028, -82.716, -105.529, -25.087, -4.947, -4.207, 23.42, -0.16968, -0.6741, 0.25931, -0.67041,
 11:05:36.554,e3:ca:2d:fd:e0:8c, 2015-01-01 00:18:32.010, 1.013, -0.123, -0.044, -0.183, -0.183, -0.122, -110.061, -82.716, -105.513, -25.087, -4.947, -4.207, 23.42, -0.16968, -0.6741, 0.25931, -0.67041,
 11:05:36.594,f6:90:cc:01:6d:25, 2015-01-01 00:18:34.735, 0.984, -0.057, 0.008, -0.061, 0.183, -0.061, -78.096, -86.693, -75.635, -28.827, -6.927, 3.813, 29.27, 0.18109, -0.68893, -0.14044, -0.68753,
 11:05:36.594,f6:90:cc:01:6d:25, 2015-01-01 00:18:34.735, 0.985, -0.056, 0.007, -0.061, 0.305, 0, -78.058, -86.693, -75.685, -28.827, -6.927, 3.813, 29.27, 0.18109, -0.68893, -0.14044, -0.68753,
 11:05:36.597,e3:ca:2d:fd:e0:8c, 2015-01-01 00:18:32.010, 1.013, -0.124, -0.045, -0.061, -0.122, -0.244, -110.083, -82.722, -105.502, -25.087, -4.947, -4.207, 23.42, -0.17072, -0.67368, 0.26041, -0.67014,
 11:05:36.597,e3:ca:2d:fd:e0:8c, 2015-01-01 00:18:32.010, 1.013, -0.123, -0.042, 0, -0.122, -0.183, -110.105, -82.722, -105.491, -25.087, -4.947, -4.207, 23.42, -0.17072, -0.67368, 0.26041, -0.67014,
 11:05:36.616,ed:35:33:d3:6c:f8, 2015-01-01 00:18:35.155, 0.83, -0.033, 0.544, -0.305, 0.183, -0.122, -3.823, -56.673, -164.136, -23.320, -7.873, -13.393, 30.37, -0.10617, 0.47446, 0.03723, 0.87302,
 11:05:36.616,ed:35:33:d3:6c:f8, 2015-01-01 00:18:35.155, 0.83, -0.031, 0.546, -0.366, 0.122, 0, -3.829, -56.673, -164.152, -23.320, -7.873, -13.393, 30.37, -0.10617, 0.47446, 0.03723, 0.87302,
 11:05:36.621,e3:ca:2d:fd:e0:8c, 2015-01-01 00:18:32.365, 1.013, -0.121, -0.042, 0.183, -0.122, -0.061, -110.11, -82.727, -105.491, -25.087, -4.947, -4.207, 23.42, -0.17072, -0.67368, 0.26041, -0.67014,
 11:05:36.621,e3:ca:2d:fd:e0:8c, 2015-01-01 00:18:32.365, 1.014, -0.121, -0.043, 0.183, -0.183, 0, -110.127, -82.722, -105.485, -25.087, -4.947, -4.207, 23.42, -0.17072, -0.67368, 0.26041, -0.67014,
 11:05:36.638,ed:35:33:d3:6c:f8, 2015-01-01 00:18:35.155, 0.831, -0.033, 0.547, -0.488, 0, 0, -3.834, -56.673, -164.163, -23.320, -7.873, -13.393, 30.37, -0.10538, 0.47391, 0.03613, 0.87344,
 11:05:36.638,ed:35:33:d3:6c:f8, 2015-01-01 00:18:35.155, 0.831, -0.034, 0.546, -0.427, -0.061, 0, -3.84, -56.673, -164.185, -23.320, -7.873, -13.393, 30.37, -0.10538, 0.47391, 0.03613, 0.87344,
 11:05:36.640,f6:90:cc:01:6d:25, 2015-01-01 00:18:34.735, 0.986, -0.055, 0.009, 0.061, 0.244, 0, -78.025, -86.693, -75.734, -28.827, -6.927, 3.813, 29.27, 0.18109, -0.68893, -0.14044, -0.68753,
 11:05:36.640,f6:90:cc:01:6d:25, 2015-01-01 00:18:34.735, 0.985, -0.055, 0.007, 0.061, 0.183, 0, -78.003, -86.693, -75.762, -28.827, -6.927, 3.813, 29.27, 0.18109, -0.68893, -0.14044, -0.68753,
 11:05:36.640,ed:40:fe:65:30:6c, 2015-01-01 00:18:31.790, 0.888, 0.046, 0.463, -0.305, 0.244, -0.122, 5.295, -62.38, -115.56, -26.907, -7.433, 5.873, 25.07, 0.47498, -0.41718, -0.30966, -0.71021,
 11:05:36.640,ed:40:fe:65:30:6c, 2015-01-01 00:18:31.790, 0.888, 0.048, 0.465, -0.305, 0.183, 0, 5.295, -62.38, -115.56, -26.907, -7.433, 5.873, 25.07, 0.47498, -0.41718, -0.30966, -0.71021,
 11:05:36.663,ed:40:fe:65:30:6c, 2015-01-01 00:18:31.790, 0.889, 0.048, 0.466, -0.427, 0.122, 0, 5.29, -62.375, -115.565, -26.907, -7.433, 5.873, 25.07, 0.4758, -0.41656, -0.30917, -0.71021,
 11:05:36.663,ed:40:fe:65:30:6c, 2015-01-01 00:18:31.790, 0.889, 0.047, 0.467, -0.488, 0.061, 0.061, 5.279, -62.375, -115.565, -26.907, -7.433, 5.873, 25.07, 0.4758, -0.41656, -0.30917, -0.71021,
 11:05:36.664,e3:ca:2d:fd:e0:8c, 2015-01-01 00:18:32.365, 1.014, -0.121, -0.042, 0.061, -0.061, 0, -110.127, -82.722, -105.491, -25.087, -4.947, -4.207, 23.42, -0.17072, -0.67368, 0.26041, -0.67014,
 11:05:36.664,e3:ca:2d:fd:e0:8c, 2015-01-01 00:18:32.365, 1.013, -0.12, -0.042, 0.061, -0.061, 0, -110.127, -82.722, -105.502, -25.087, -4.947, -4.207, 23.42, -0.17072, -0.67368, 0.26041, -0.67014,
 11:05:36.685,ed:35:33:d3:6c:f8, 2015-01-01 00:18:35.155, 0.831, -0.034, 0.544, -0.244, -0.305, 0, -3.845, -56.673, -164.224, -23.320, -7.873, -13.393, 30.37, -0.10538, 0.47391, 0.03613, 0.87344,
 11:05:36.685,ed:35:33:d3:6c:f8, 2015-01-01 00:18:35.155, 0.83, -0.037, 0.542, -0.244, -0.183, 0.183, -3.851, -56.678, -164.257, -23.320, -7.873, -13.393, 30.37, -0.10538, 0.47391, 0.03613, 0.87344,
 11:05:36.685,f6:90:cc:01:6d:25, 2015-01-01 00:18:34.735, 0.985, -0.056, 0.008, 0.061, 0.244, 0, -77.97, -86.693, -75.806, -28.827, -6.927, 3.813, 29.27, 0.18109, -0.68893, -0.14044, -0.68753,
 11:05:36.685,f6:90:cc:01:6d:25, 2015-01-01 00:18:34.735, 0.984, -0.056, 0.008, 0.244, 0.244, 0, -77.932, -86.693, -75.855, -28.827, -6.927, 3.813, 29.27, 0.18109, -0.68893, -0.14044, -0.68753,
 11:05:36.687,ed:40:fe:65:30:6c, 2015-01-01 00:18:31.790, 0.889, 0.046, 0.464, -0.305, 0, 0.183, 5.273, -62.369, -115.56, -26.907, -7.433, 5.873, 25.07, 0.4758, -0.41656, -0.30917, -0.71021,
 11:05:36.687,ed:40:fe:65:30:6c, 2015-01-01 00:18:31.790, 0.889, 0.044, 0.463, -0.122, -0.061, 0.244, 5.268, -62.375, -115.549, -26.907, -7.433, 5.873, 25.07, 0.4758, -0.41656, -0.30917, -0.71021,
 11:05:36.706,ed:35:33:d3:6c:f8, 2015-01-01 00:18:35.515, 0.831, -0.038, 0.543, -0.244, 0, 0.244, -3.862, -56.684, -164.273, -23.320, -7.873, -13.393, 30.37, -0.10538, 0.47391, 0.03613, 0.87344,
 11:05:36.706,ed:35:33:d3:6c:f8, 2015-01-01 00:18:35.515, 0.83, -0.036, 0.544, 0, 0, 0.061, -3.867, -56.684, -164.279, -23.320, -7.873, -13.393, 30.37, -0.10538, 0.47391, 0.03613, 0.87344,
 11:05:36.709,e3:ca:2d:fd:e0:8c, 2015-01-01 00:18:32.365, 1.013, -0.12, -0.042, 0.122, -0.061, 0.061, -110.121, -82.722, -105.513, -25.087, -4.947, -4.207, 23.42, -0.17072, -0.67368, 0.26041, -0.67014,
 11:05:36.709,e3:ca:2d:fd:e0:8c, 2015-01-01 00:18:32.365, 1.013, -0.12, -0.042, 0.122, 0, 0.122, -110.105, -82.722, -105.54, -25.087, -4.947, -4.207, 23.42, -0.17072, -0.67368, 0.26041, -0.67014,
 11:05:36.730,f6:90:cc:01:6d:25, 2015-01-01 00:18:34.735, 0.984, -0.056, 0.007, 0.305, 0.244, 0, -77.893, -86.688, -75.899, -28.427, -6.593, 3.353, 29.27, 0.18109, -0.68893, -0.14044, -0.68753,
 11:05:36.730,f6:90:cc:01:6d:25, 2015-01-01 00:18:34.735, 0.984, -0.055, 0.009, 0.305, 0.244, 0, -77.849, -86.688, -75.943, -28.427, -6.593, 3.353, 29.27, 0.18109, -0.68893, -0.14044, -0.68753,
 11:05:36.731,ed:40:fe:65:30:6c, 2015-01-01 00:18:31.790, 0.889, 0.043, 0.463, 0, -0.061, 0.305, 5.257, -62.375, -115.538, -26.907, -7.433, 5.873, 25.07, 0.4758, -0.41656, -0.30917, -0.71021,
 11:05:36.731,ed:40:fe:65:30:6c, 2015-01-01 00:18:31.790, 0.887, 0.044, 0.464, 0.122, -0.061, 0.061, 5.262, -62.375, -115.543, -26.907, -7.433, 5.873, 25.07, 0.4758, -0.41656, -0.30917, -0.71021,
 11:05:36.751,ed:35:33:d3:6c:f8, 2015-01-01 00:18:35.515, 0.831, -0.034, 0.545, 0.183, 0, 0, -3.867, -56.684, -164.312, -23.320, -7.873, -13.393, 30.37, -0.10538, 0.47391, 0.03613, 0.87344,
 11:05:36.751,ed:35:33:d3:6c:f8, 2015-01-01 00:18:35.515, 0.831, -0.034, 0.546, 0.244, 0, -0.061, -3.862, -56.684, -164.279, -23.320, -7.873, -13.393, 30.37, -0.10538, 0.47391, 0.03613, 0.87344,
 11:05:36.753,ed:40:fe:65:30:6c, 2015-01-01 00:18:32.170, 0.888, 0.046, 0.466, 0.244, -0.122, -0.061, 5.273, -62.375, -115.549, -26.907, -7.433, 5.873, 25.07, 0.4758, -0.41656, -0.30917, -0.71021,
 11:05:36.753,ed:40:fe:65:30:6c, 2015-01-01 00:18:32.170, 0.888, 0.046, 0.466, 0.122, -0.061, -0.122, 5.284, -62.375, -115.554, -26.907, -7.433, 5.873, 25.07, 0.4758, -0.41656, -0.30917, -0.71021,
 11:05:36.755,e3:ca:2d:fd:e0:8c, 2015-01-01 00:18:32.365, 1.013, -0.122, -0.042, 0.061, 0, 0, -110.094, -82.722, -105.557, -25.087, -4.947, -4.207, 23.42, -0.17072, -0.67368, 0.26041, -0.67014,
 11:05:36.755,e3:ca:2d:fd:e0:8c, 2015-01-01 00:18:32.365, 1.012, -0.122, -0.042, 0, -0.122, 0, -110.105, -82.722, -105.557, -25.087, -4.947, -4.207, 23.42, -0.17072, -0.67368, 0.26041, -0.67014,
 11:05:36.776,f6:90:cc:01:6d:25, 2015-01-01 00:18:34.735, 0.984, -0.055, 0.009, 0.122, 0.244, 0, -77.811, -86.688, -75.992, -28.427, -6.593, 3.353, 29.27, 0.18109, -0.68893, -0.14044, -0.68753,
 11:05:36.776,f6:90:cc:01:6d:25, 2015-01-01 00:18:34.735, 0.984, -0.056, 0.009, 0.122, 0.183, 0, -77.789, -86.688, -76.014, -28.427, -6.593, 3.353, 29.27, 0.18109, -0.68893, -0.14044, -0.68753,
 11:05:36.796,ed:35:33:d3:6c:f8, 2015-01-01 00:18:35.515, 0.831, -0.035, 0.543, 0.183, -0.061, -0.122, -3.851, -56.684, -164.246, -23.320, -7.873, -13.393, 30.37, -0.10538, 0.47391, 0.03613, 0.87344,
 11:05:36.796,ed:35:33:d3:6c:f8, 2015-01-01 00:18:35.515, 0.832, -0.033, 0.545, 0, 0, 0, -3.845, -56.684, -164.262, -23.320, -7.873, -13.393, 30.37, -0.10538, 0.47391, 0.03613, 0.87344,
 11:05:36.797,f6:90:cc:01:6d:25, 2015-01-01 00:18:34.735, 0.984, -0.058, 0.009, 0, 0.122, 0, -77.789, -86.688, -76.02, -28.427, -6.593, 3.353, 29.27, 0.18054, -0.68872, -0.13971, -0.68808,
 11:05:36.797,f6:90:cc:01:6d:25, 2015-01-01 00:18:34.735, 0.987, -0.058, 0.008, 0, 0, 0, -77.833, -86.688, -75.987, -28.427, -6.593, 3.353, 29.27, 0.18054, -0.68872, -0.13971, -0.68808,
 11:05:36.800,e3:ca:2d:fd:e0:8c, 2015-01-01 00:18:32.365, 1.013, -0.123, -0.042, 0.061, -0.244, 0, -110.132, -82.722, -105.54, -25.087, -4.947, -4.207, 23.42, -0.17072, -0.67368, 0.26041, -0.67014,
 11:05:36.800,e3:ca:2d:fd:e0:8c, 2015-01-01 00:18:32.365, 1.013, -0.123, -0.045, 0.061, -0.305, 0, -110.165, -82.716, -105.513, -25.087, -4.947, -4.207, 23.42, -0.17072, -0.67368, 0.26041, -0.67014,
 11:05:36.819,ed:35:33:d3:6c:f8, 2015-01-01 00:18:35.515, 0.831, -0.034, 0.543, -0.122, 0.061, 0.061, -3.845, -56.684, -164.284, -23.320, -7.873, -13.393, 30.37, -0.10538, 0.47391, 0.03613, 0.87344,
 11:05:36.819,ed:35:33:d3:6c:f8, 2015-01-01 00:18:35.515, 0.831, -0.04, 0.541, -0.427, 0.122, 0.366, -3.856, -56.678, -164.306, -23.320, -7.873, -13.393, 30.37, -0.10538, 0.47391, 0.03613, 0.87344,
 11:05:36.821,ed:40:fe:65:30:6c, 2015-01-01 00:18:32.170, 0.891, 0.045, 0.465, -0.061, 0, 0, 5.295, -62.375, -115.56, -26.907, -7.433, 5.873, 25.07, 0.4758, -0.41656, -0.30917, -0.71021,
 11:05:36.821,ed:40:fe:65:30:6c, 2015-01-01 00:18:32.170, 0.889, 0.047, 0.467, -0.061, 0, 0.061, 5.295, -62.375, -115.56, -26.907, -7.433, 5.873, 25.07, 0.4758, -0.41656, -0.30917, -0.71021,
 11:05:36.822,e3:ca:2d:fd:e0:8c, 2015-01-01 00:18:32.365, 1.014, -0.123, -0.041, 0.061, -0.305, 0, -110.198, -82.716, -105.48, -25.393, -4.560, -3.940, 23.42, -0.17072, -0.67368, 0.26041, -0.67014,
 11:05:36.822,e3:ca:2d:fd:e0:8c, 2015-01-01 00:18:32.365, 1.011, -0.123, -0.041, 0, -0.305, 0, -110.231, -82.711, -105.452, -25.393, -4.560, -3.940, 23.42, -0.17072, -0.67368, 0.26041, -0.67014,
 11:05:36.842,f6:90:cc:01:6d:25, 2015-01-01 00:18:34.735, 0.984, -0.058, 0.01, 0, 0.061, 0, -77.855, -86.688, -75.97, -28.427, -6.593, 3.353, 29.27, 0.18054, -0.68872, -0.13971, -0.68808,
 11:05:36.842,f6:90:cc:01:6d:25, 2015-01-01 00:18:34.735, 0.984, -0.059, 0.009, 0, 0.183, 0, -77.833, -86.688, -75.998, -28.427, -6.593, 3.353, 29.27, 0.18054, -0.68872, -0.13971, -0.68808,
 11:05:36.843,ed:40:fe:65:30:6c, 2015-01-01 00:18:32.170, 0.887, 0.041, 0.462, -0.244, 0.122, 0.244, 5.295, -62.369, -115.56, -26.907, -7.433, 5.873, 25.07, 0.4758, -0.41656, -0.30917, -0.71021,
 11:05:36.843,ed:40:fe:65:30:6c, 2015-01-01 00:18:32.170, 0.892, 0.041, 0.464, -0.366, 0.183, 0.183, 5.284, -62.369, -115.549, -26.907, -7.433, 5.873, 25.07, 0.4758, -0.41656, -0.30917, -0.71021,
 11:05:36.864,ed:35:33:d3:6c:f8, 2015-01-01 00:18:35.515, 0.835, -0.04, 0.545, -0.305, 0.244, 0, -3.867, -56.678, -164.29, -23.320, -7.873, -13.393, 30.37, -0.10538, 0.47391, 0.03613, 0.87344,
 11:05:36.864,ed:35:33:d3:6c:f8, 2015-01-01 00:18:35.515, 0.834, -0.03, 0.546, 0.366, 0.061, -0.427, -3.856, -56.673, -164.29, -23.320, -7.873, -13.393, 30.37, -0.10538, 0.47391, 0.03613, 0.87344,
 11:05:36.866,ed:40:fe:65:30:6c, 2015-01-01 00:18:32.170, 0.893, 0.048, 0.466, -0.122, 0.183, -0.305, 5.273, -62.364, -115.549, -26.907, -7.433, 5.873, 25.07, 0.4758, -0.41656, -0.30917, -0.71021,
 11:05:36.866,ed:40:fe:65:30:6c, 2015-01-01 00:18:32.170, 0.891, 0.048, 0.466, 0.183, 0.061, -0.061, 5.284, -62.358, -115.565, -26.907, -7.433, 5.873, 25.07, 0.4758, -0.41656, -0.30917, -0.71021,
 11:05:36.867,e3:ca:2d:fd:e0:8c, 2015-01-01 00:18:32.365, 1.013, -0.122, -0.042, 0, -0.366, 0, -110.27, -82.711, -105.414, -25.393, -4.560, -3.940, 23.42, -0.17072, -0.67368, 0.26041, -0.67014,
 11:05:36.867,e3:ca:2d:fd:e0:8c, 2015-01-01 00:18:32.365, 1.016, -0.121, -0.043, 0, -0.366, 0, -110.314, -82.711, -105.375, -25.393, -4.560, -3.940, 23.42, -0.17072, -0.67368, 0.26041, -0.67014,
 11:05:36.887,f6:90:cc:01:6d:25, 2015-01-01 00:18:35.140, 0.987, -0.056, 0.008, 0, 0.244, 0, -77.789, -86.682, -76.047, -28.427, -6.593, 3.353, 29.27, 0.18054, -0.68872, -0.13971, -0.68808,
 11:05:36.888,f6:90:cc:01:6d:25, 2015-01-01 00:18:35.140, 0.988, -0.055, 0.007, -0.244, 0.305, 0, -77.734, -86.682, -76.113, -28.427, -6.593, 3.353, 29.27, 0.18054, -0.68872, -0.13971, -0.68808,
 11:05:36.908,ed:35:33:d3:6c:f8, 2015-01-01 00:18:35.515, 0.832, -0.034, 0.546, -0.061, 0.305, 0, -3.845, -56.673, -164.295, -23.320, -7.873, -13.393, 30.37, -0.10538, 0.47391, 0.03613, 0.87344,
 11:05:36.908,ed:35:33:d3:6c:f8, 2015-01-01 00:18:35.515, 0.83, -0.042, 0.546, -0.061, 0.305, 0, -3.845, -56.667, -164.262, -23.320, -7.873, -13.393, 30.37, -0.10538, 0.47391, 0.03613, 0.87344,
 11:05:36.909,f6:90:cc:01:6d:25, 2015-01-01 00:18:35.140, 0.986, -0.059, 0.006, -0.244, 0.366, 0, -77.662, -86.682, -76.207, -28.427, -6.593, 3.353, 29.27, 0.18054, -0.68872, -0.13971, -0.68808,
 11:05:36.909,f6:90:cc:01:6d:25, 2015-01-01 00:18:35.140, 0.985, -0.06, 0.006, -0.061, 0.183, 0, -77.657, -86.682, -76.234, -28.427, -6.593, 3.353, 29.27, 0.18054, -0.68872, -0.13971, -0.68808,
 11:05:36.913,e3:ca:2d:fd:e0:8c, 2015-01-01 00:18:32.365, 1.016, -0.122, -0.042, -0.122, -0.122, 0, -110.319, -82.711, -105.375, -25.393, -4.560, -3.940, 23.42, -0.17136, -0.67361, 0.26114, -0.66977,
 11:05:36.913,e3:ca:2d:fd:e0:8c, 2015-01-01 00:18:32.365, 1.015, -0.122, -0.045, -0.183, -0.061, 0, -110.325, -82.705, -105.381, -25.393, -4.560, -3.940, 23.42, -0.17136, -0.67361, 0.26114, -0.66977,
 11:05:36.934,ed:40:fe:65:30:6c, 2015-01-01 00:18:32.170, 0.889, 0.042, 0.466, -0.183, 0.183, 0.183, 5.29, -62.353, -115.565, -26.907, -7.433, 5.873, 25.07, 0.4758, -0.41656, -0.30917, -0.71021,
 11:05:36.934,ed:40:fe:65:30:6c, 2015-01-01 00:18:32.170, 0.887, 0.042, 0.465, 0, 0.122, 0, 5.284, -62.353, -115.56, -26.907, -7.433, 5.873, 25.07, 0.4758, -0.41656, -0.30917, -0.71021,
 11:05:36.955,f6:90:cc:01:6d:25, 2015-01-01 00:18:35.140, 0.983, -0.059, 0.007, 0, 0.183, 0, -77.651, -86.677, -76.262, -28.427, -6.593, 3.353, 29.27, 0.18054, -0.68872, -0.13971, -0.68808,
 11:05:36.955,f6:90:cc:01:6d:25, 2015-01-01 00:18:35.140, 0.981, -0.059, 0.009, 0, 0.244, 0, -77.624, -86.677, -76.311, -28.427, -6.593, 3.353, 29.27, 0.18054, -0.68872, -0.13971, -0.68808,
 11:05:36.957,ed:40:fe:65:30:6c, 2015-01-01 00:18:32.170, 0.885, 0.041, 0.465, 0, 0.122, 0, 5.284, -62.347, -115.565, -26.453, -7.147, 5.947, 25.07, 0.4758, -0.41656, -0.30917, -0.71021,
 11:05:36.957,ed:40:fe:65:30:6c, 2015-01-01 00:18:32.170, 0.887, 0.041, 0.464, 0, 0, 0.061, 5.29, -62.347, -115.565, -26.453, -7.147, 5.947, 25.07, 0.4758, -0.41656, -0.30917, -0.71021,
 11:05:36.957,e3:ca:2d:fd:e0:8c, 2015-01-01 00:18:32.680, 1.011, -0.123, -0.045, -0.183, -0.122, 0, -110.336, -82.705, -105.381, -25.393, -4.560, -3.940, 23.42, -0.17136, -0.67361, 0.26114, -0.66977,
 11:05:36.958,e3:ca:2d:fd:e0:8c, 2015-01-01 00:18:32.680, 1.01, -0.122, -0.043, 0, -0.183, 0, -110.347, -82.705, -105.375, -25.393, -4.560, -3.940, 23.42, -0.17136, -0.67361, 0.26114, -0.66977,
 11:05:36.976,ed:35:33:d3:6c:f8, 2015-01-01 00:18:35.515, 0.829, -0.038, 0.545, 0.183, 0.061, -0.061, -3.845, -56.662, -164.235, -23.100, -7.973, -11.867, 30.37, -0.10538, 0.47391, 0.03613, 0.87344,
 11:05:36.976,ed:35:33:d3:6c:f8, 2015-01-01 00:18:35.515, 0.828, -0.039, 0.544, 0, 0, 0, -3.84, -56.662, -164.218, -23.100, -7.973, -11.867, 30.37, -0.10538, 0.47391, 0.03613, 0.87344,
 11:05:36.980,e3:ca:2d:fd:e0:8c, 2015-01-01 00:18:32.680, 1.012, -0.124, -0.042, -0.183, -0.305, 0, -110.374, -82.705, -105.359, -25.393, -4.560, -3.940, 23.42, -0.17136, -0.67361, 0.26114, -0.66977,
 11:05:36.980,e3:ca:2d:fd:e0:8c, 2015-01-01 00:18:32.680, 1.012, -0.124, -0.043, -0.122, -0.305, 0, -110.413, -82.7, -105.331, -25.393, -4.560, -3.940, 23.42, -0.17136, -0.67361, 0.26114, -0.66977,
 11:05:37.000,f6:90:cc:01:6d:25, 2015-01-01 00:18:35.140, 0.982, -0.06, 0.008, 0, 0.244, 0, -77.596, -86.677, -76.36, -28.427, -6.593, 3.353, 29.27, 0.18054, -0.68872, -0.13971, -0.68808,
 11:05:37.000,f6:90:cc:01:6d:25, 2015-01-01 00:18:35.140, 0.984, -0.06, 0.009, 0, 0.244, 0, -77.569, -86.671, -76.41, -28.427, -6.593, 3.353, 29.27, 0.18054, -0.68872, -0.13971, -0.68808,
 11:05:37.021,ed:35:33:d3:6c:f8, 2015-01-01 00:18:35.515, 0.829, -0.04, 0.542, 0.183, 0, 0.122, -3.84, -56.662, -164.235, -23.100, -7.973, -11.867, 30.37, -0.10477, 0.47388, 0.03574, 0.87354,
 11:05:37.021,ed:35:33:d3:6c:f8, 2015-01-01 00:18:35.515, 0.829, -0.039, 0.542, 0.305, 0.061, 0.122, -3.84, -56.662, -164.262, -23.100, -7.973, -11.867, 30.37, -0.10477, 0.47388, 0.03574, 0.87354,
 11:05:37.023,ed:40:fe:65:30:6c, 2015-01-01 00:18:32.170, 0.887, 0.041, 0.463, 0.183, 0, 0.061, 5.284, -62.347, -115.565, -26.453, -7.147, 5.947, 25.07, 0.4758, -0.41656, -0.30917, -0.71021,
 11:05:37.023,ed:40:fe:65:30:6c, 2015-01-01 00:18:32.170, 0.887, 0.043, 0.464, 0.244, 0, 0, 5.29, -62.342, -115.565, -26.453, -7.147, 5.947, 25.07, 0.4758, -0.41656, -0.30917, -0.71021,
 11:05:37.024,e3:ca:2d:fd:e0:8c, 2015-01-01 00:18:32.680, 1.014, -0.123, -0.043, 0.061, -0.305, 0, -110.446, -82.7, -105.298, -25.393, -4.560, -3.940, 23.42, -0.17136, -0.67361, 0.26114, -0.66977,
 11:05:37.024,e3:ca:2d:fd:e0:8c, 2015-01-01 00:18:32.680, 1.014, -0.123, -0.042, 0.061, -0.122, 0, -110.473, -82.7, -105.276, -25.393, -4.560, -3.940, 23.42, -0.17136, -0.67361, 0.26114, -0.66977,
 11:05:37.045,f6:90:cc:01:6d:25, 2015-01-01 00:18:35.140, 0.987, -0.058, 0.008, 0.061, 0.366, 0, -77.514, -86.671, -76.487, -28.427, -6.593, 3.353, 29.27, 0.18054, -0.68872, -0.13971, -0.68808,
 11:05:37.045,f6:90:cc:01:6d:25, 2015-01-01 00:18:35.140, 0.987, -0.057, 0.009, 0.122, 0.305, 0, -77.443, -86.666, -76.569, -28.427, -6.593, 3.353, 29.27, 0.18054, -0.68872, -0.13971, -0.68808,
 11:05:37.047,ed:40:fe:65:30:6c, 2015-01-01 00:18:32.170, 0.891, 0.046, 0.466, 0.305, 0.061, -0.061, 5.295, -62.342, -115.565, -26.453, -7.147, 5.947, 25.07, 0.47583, -0.41638, -0.30905, -0.71033,
 11:05:37.047,ed:40:fe:65:30:6c, 2015-01-01 00:18:32.170, 0.89, 0.045, 0.467, 0.122, 0, 0.061, 5.301, -62.342, -115.571, -26.453, -7.147, 5.947, 25.07, 0.47583, -0.41638, -0.30905, -0.71033,
 11:05:37.067,ed:35:33:d3:6c:f8, 2015-01-01 00:18:35.515, 0.83, -0.036, 0.544, 0.305, 0.183, 0, -3.84, -56.662, -164.273, -23.100, -7.973, -11.867, 30.37, -0.10477, 0.47388, 0.03574, 0.87354,
 11:05:37.067,ed:35:33:d3:6c:f8, 2015-01-01 00:18:35.515, 0.834, -0.033, 0.546, 0.366, 0.122, 0, -3.834, -56.656, -164.246, -23.100, -7.973, -11.867, 30.37, -0.10477, 0.47388, 0.03574, 0.87354,
 11:05:37.071,e3:ca:2d:fd:e0:8c, 2015-01-01 00:18:32.680, 1.014, -0.121, -0.041, 0, 0, 0, -110.473, -82.694, -105.276, -25.393, -4.560, -3.940, 23.42, -0.17136, -0.67361, 0.26114, -0.66977,
 11:05:37.071,e3:ca:2d:fd:e0:8c, 2015-01-01 00:18:32.680, 1.013, -0.122, -0.044, 0, -0.122, 0, -110.462, -82.694, -105.287, -25.393, -4.560, -3.940, 23.42, -0.17136, -0.67361, 0.26114, -0.66977,
 11:05:37.089,ed:35:33:d3:6c:f8, 2015-01-01 00:18:35.870, 0.831, -0.035, 0.547, 0.244, 0, 0.061, -3.829, -56.656, -164.207, -23.100, -7.973, -11.867, 30.37, -0.10477, 0.47388, 0.03574, 0.87354,
 11:05:37.089,ed:35:33:d3:6c:f8, 2015-01-01 00:18:35.870, 0.833, -0.038, 0.544, 0, 0, 0.061, -3.829, -56.656, -164.207, -23.100, -7.973, -11.867, 30.37, -0.10477, 0.47388, 0.03574, 0.87354,
 11:05:37.090,f6:90:cc:01:6d:25, 2015-01-01 00:18:35.140, 0.986, -0.056, 0.011, 0.061, 0.427, 0, -77.382, -86.666, -76.652, -28.580, -6.593, 3.893, 29.27, 0.18054, -0.68872, -0.13971, -0.68808,
 11:05:37.090,f6:90:cc:01:6d:25, 2015-01-01 00:18:35.140, 0.986, -0.058, 0.011, 0, 0.488, 0, -77.278, -86.66, -76.767, -28.580, -6.593, 3.893, 29.27, 0.18054, -0.68872, -0.13971, -0.68808,
 11:05:37.091,ed:40:fe:65:30:6c, 2015-01-01 00:18:32.170, 0.891, 0.044, 0.467, 0.061, 0, 0.122, 5.301, -62.342, -115.571, -26.453, -7.147, 5.947, 25.07, 0.47583, -0.41638, -0.30905, -0.71033,
 11:05:37.091,ed:40:fe:65:30:6c, 2015-01-01 00:18:32.170, 0.89, 0.043, 0.466, 0, 0.122, 0, 5.301, -62.336, -115.565, -26.453, -7.147, 5.947, 25.07, 0.47583, -0.41638, -0.30905, -0.71033,
 11:05:37.111,ed:35:33:d3:6c:f8, 2015-01-01 00:18:35.870, 0.831, -0.036, 0.544, 0.061, 0.061, 0, -3.829, -56.656, -164.202, -23.100, -7.973, -11.867, 30.37, -0.10477, 0.47388, 0.03574, 0.87354,
 11:05:37.111,ed:35:33:d3:6c:f8, 2015-01-01 00:18:35.870, 0.83, -0.033, 0.545, 0, 0.244, 0.061, -3.829, -56.656, -164.174, -23.100, -7.973, -11.867, 30.37, -0.10477, 0.47388, 0.03574, 0.87354,
 11:05:37.113,ed:40:fe:65:30:6c, 2015-01-01 00:18:32.550, 0.887, 0.046, 0.464, 0.122, 0.122, 0, 5.301, -62.336, -115.571, -26.453, -7.147, 5.947, 25.07, 0.47583, -0.41638, -0.30905, -0.71033,
 11:05:37.113,ed:40:fe:65:30:6c, 2015-01-01 00:18:32.550, 0.888, 0.044, 0.465, 0, 0.122, 0.122, 5.301, -62.331, -115.571, -26.453, -7.147, 5.947, 25.07, 0.47583, -0.41638, -0.30905, -0.71033,
 11:05:37.115,e3:ca:2d:fd:e0:8c, 2015-01-01 00:18:32.680, 1.012, -0.122, -0.042, 0.183, -0.183, 0, -110.473, -82.694, -105.282, -25.393, -4.560, -3.940, 23.42, -0.17136, -0.67361, 0.26114, -0.66977,
 11:05:37.115,e3:ca:2d:fd:e0:8c, 2015-01-01 00:18:32.680, 1.012, -0.121, -0.045, 0.061, -0.244, 0, -110.484, -82.694, -105.266, -25.393, -4.560, -3.940, 23.42, -0.17136, -0.67361, 0.26114, -0.66977,
 11:05:37.135,f6:90:cc:01:6d:25, 2015-01-01 00:18:35.140, 0.983, -0.057, 0.01, 0.061, 0.61, -0.305, -77.141, -86.66, -76.921, -28.580, -6.593, 3.893, 29.27, 0.18054, -0.68872, -0.13971, -0.68808,
 11:05:37.135,f6:90:cc:01:6d:25, 2015-01-01 00:18:35.140, 0.984, -0.056, 0.007, 0.061, 0.549, -0.305, -76.959, -86.66, -77.113, -28.580, -6.593, 3.893, 29.27, 0.18054, -0.68872, -0.13971, -0.68808,
 11:05:37.157,ed:35:33:d3:6c:f8, 2015-01-01 00:18:35.870, 0.83, -0.038, 0.543, -0.061, 0.244, 0.122, -3.829, -56.651, -164.158, -23.100, -7.973, -11.867, 30.37, -0.10477, 0.47388, 0.03574, 0.87354,
 11:05:37.157,ed:35:33:d3:6c:f8, 2015-01-01 00:18:35.870, 0.829, -0.038, 0.542, 0.305, 0.061, -0.122, -3.829, -56.646, -164.141, -23.100, -7.973, -11.867, 30.37, -0.10477, 0.47388, 0.03574, 0.87354,
 11:05:37.157,f6:90:cc:01:6d:25, 2015-01-01 00:18:35.140, 0.984, -0.055, 0.01, 0, 0.549, -0.366, -76.794, -86.666, -77.289, -28.580, -6.593, 3.893, 29.27, 0.17914, -0.68875, -0.13797, -0.68875,
 11:05:37.157,f6:90:cc:01:6d:25, 2015-01-01 00:18:35.140, 0.982, -0.057, 0.011, -0.122, 0.732, -0.305, -76.619, -86.671, -77.492, -28.580, -6.593, 3.893, 29.27, 0.17914, -0.68875, -0.13797, -0.68875,
 11:05:37.158,ed:40:fe:65:30:6c, 2015-01-01 00:18:32.550, 0.887, 0.043, 0.463, 0.061, 0.061, 0, 5.301, -62.331, -115.565, -26.453, -7.147, 5.947, 25.07, 0.47583, -0.41638, -0.30905, -0.71033,
 11:05:37.158,ed:40:fe:65:30:6c, 2015-01-01 00:18:32.550, 0.886, 0.045, 0.465, 0.183, 0.061, -0.244, 5.306, -62.325, -115.571, -26.453, -7.147, 5.947, 25.07, 0.47583, -0.41638, -0.30905, -0.71033,
 11:05:37.159,e3:ca:2d:fd:e0:8c, 2015-01-01 00:18:32.680, 1.014, -0.121, -0.043, -0.244, -0.122, 0, -110.506, -82.694, -105.249, -25.173, -4.540, -4.820, 23.42, -0.17136, -0.67361, 0.26114, -0.66977,
 11:05:37.159,e3:ca:2d:fd:e0:8c, 2015-01-01 00:18:32.680, 1.013, -0.12, -0.044, -0.305, -0.183, -0.305, -110.522, -82.694, -105.238, -25.173, -4.540, -4.820, 23.42, -0.17136, -0.67361, 0.26114, -0.66977,
 11:05:37.179,ed:35:33:d3:6c:f8, 2015-01-01 00:18:35.870, 0.829, -0.035, 0.545, 0.244, 0.244, -0.244, -3.818, -56.646, -164.152, -23.100, -7.973, -11.867, 30.37, -0.10477, 0.47388, 0.03574, 0.87354,
 11:05:37.179,ed:35:33:d3:6c:f8, 2015-01-01 00:18:35.870, 0.832, -0.034, 0.547, 0.305, 0.244, -0.061, -3.807, -56.64, -164.163, -23.100, -7.973, -11.867, 30.37, -0.10477, 0.47388, 0.03574, 0.87354,
 11:05:37.182,e3:ca:2d:fd:e0:8c, 2015-01-01 00:18:32.680, 1.013, -0.122, -0.046, -0.122, -0.427, -0.244, -110.566, -82.7, -105.2, -25.173, -4.540, -4.820, 23.42, -0.17178, -0.67365, 0.26169, -0.6694,
 11:05:37.182,e3:ca:2d:fd:e0:8c, 2015-01-01 00:18:32.680, 1.013, -0.123, -0.045, 0.061, -0.488, -0.183, -110.638, -82.7, -105.139, -25.173, -4.540, -4.820, 23.42, -0.17178, -0.67365, 0.26169, -0.6694,
 11:05:37.203,f6:90:cc:01:6d:25, 2015-01-01 00:18:35.140, 0.984, -0.057, 0.009, 0, 0.549, -0.366, -76.41, -86.671, -77.717, -28.580, -6.593, 3.893, 29.27, 0.17914, -0.68875, -0.13797, -0.68875,
 11:05:37.203,f6:90:cc:01:6d:25, 2015-01-01 00:18:35.140, 0.987, -0.057, 0.007, 0.122, 0.488, -0.305, -76.251, -86.677, -77.893, -28.580, -6.593, 3.893, 29.27, 0.17914, -0.68875, -0.13797, -0.68875,
 11:05:37.203,ed:40:fe:65:30:6c, 2015-01-01 00:18:32.550, 0.887, 0.045, 0.467, 0.122, 0.122, -0.183, 5.317, -62.325, -115.582, -26.453, -7.147, 5.947, 25.07, 0.47583, -0.41638, -0.30905, -0.71033,
 11:05:37.203,ed:40:fe:65:30:6c, 2015-01-01 00:18:32.550, 0.89, 0.045, 0.466, 0.122, 0.061, -0.061, 5.328, -62.32, -115.593, -26.453, -7.147, 5.947, 25.07, 0.47583, -0.41638, -0.30905, -0.71033,
 11:05:37.224,ed:35:33:d3:6c:f8, 2015-01-01 00:18:35.870, 0.833, -0.035, 0.546, 0.305, 0.061, -0.061, -3.796, -56.64, -164.18, -23.100, -7.973, -11.867, 30.37, -0.10477, 0.47388, 0.03574, 0.87354,
 11:05:37.224,ed:35:33:d3:6c:f8, 2015-01-01 00:18:35.870, 0.834, -0.036, 0.546, 0.305, 0, -0.061, -3.79, -56.64, -164.207, -23.100, -7.973, -11.867, 30.37, -0.10477, 0.47388, 0.03574, 0.87354,
 11:05:37.226,ed:40:fe:65:30:6c, 2015-01-01 00:18:32.550, 0.892, 0.045, 0.466, 0.061, 0, 0, 5.334, -62.32, -115.593, -26.453, -7.147, 5.947, 25.07, 0.47583, -0.41638, -0.30905, -0.71033,
 11:05:37.226,ed:40:fe:65:30:6c, 2015-01-01 00:18:32.550, 0.891, 0.047, 0.464, 0, -0.061, 0, 5.339, -62.32, -115.598, -26.453, -7.147, 5.947, 25.07, 0.47583, -0.41638, -0.30905, -0.71033,
 11:05:37.227,e3:ca:2d:fd:e0:8c, 2015-01-01 00:18:32.680, 1.015, -0.122, -0.044, 0.061, -0.244, -0.183, -110.698, -82.7, -105.079, -25.173, -4.540, -4.820, 23.42, -0.17178, -0.67365, 0.26169, -0.6694,
 11:05:37.227,e3:ca:2d:fd:e0:8c, 2015-01-01 00:18:32.680, 1.017, -0.121, -0.042, -0.061, 0, -0.061, -110.726, -82.7, -105.057, -25.173, -4.540, -4.820, 23.42, -0.17178, -0.67365, 0.26169, -0.6694,
 11:05:37.247,f6:90:cc:01:6d:25, 2015-01-01 00:18:35.495, 0.989, -0.056, 0.008, 0.305, 0.427, -0.366, -76.119, -86.682, -78.052, -28.580, -6.593, 3.893, 29.27, 0.17914, -0.68875, -0.13797, -0.68875,
 11:05:37.247,f6:90:cc:01:6d:25, 2015-01-01 00:18:35.495, 0.987, -0.055, 0.013, 0.061, 0.671, -0.244, -75.981, -86.682, -78.217, -28.580, -6.593, 3.893, 29.27, 0.17914, -0.68875, -0.13797, -0.68875,
 11:05:37.269,ed:35:33:d3:6c:f8, 2015-01-01 00:18:35.870, 0.833, -0.033, 0.544, 0.305, 0, -0.244, -3.779, -56.64, -164.24, -23.100, -7.973, -11.867, 30.37, -0.10477, 0.47388, 0.03574, 0.87354,
 11:05:37.269,ed:35:33:d3:6c:f8, 2015-01-01 00:18:35.870, 0.832, -0.033, 0.543, 0.122, 0.122, -0.244, -3.763, -56.64, -164.257, -23.100, -7.973, -11.867, 30.37, -0.10477, 0.47388, 0.03574, 0.87354,
 11:05:37.270,f6:90:cc:01:6d:25, 2015-01-01 00:18:35.495, 0.986, -0.055, 0.01, -0.244, 0.793, -0.061, -75.778, -86.682, -78.437, -28.580, -6.593, 3.893, 29.27, 0.17914, -0.68875, -0.13797, -0.68875,
 11:05:37.270,f6:90:cc:01:6d:25, 2015-01-01 00:18:35.495, 0.983, -0.056, 0.01, -0.183, 0.854, -0.122, -75.558, -86.682, -78.69, -28.580, -6.593, 3.893, 29.27, 0.17914, -0.68875, -0.13797, -0.68875,
 11:05:37.272,ed:40:fe:65:30:6c, 2015-01-01 00:18:32.550, 0.89, 0.047, 0.465, 0, 0, -0.122, 5.339, -62.32, -115.598, -26.453, -7.147, 5.947, 25.07, 0.47583, -0.41638, -0.30905, -0.71033,
 11:05:37.272,ed:40:fe:65:30:6c, 2015-01-01 00:18:32.550, 0.888, 0.047, 0.464, -0.122, 0.061, -0.061, 5.345, -62.314, -115.609, -26.453, -7.147, 5.947, 25.07, 0.47583, -0.41638, -0.30905, -0.71033,
 11:05:37.272,e3:ca:2d:fd:e0:8c, 2015-01-01 00:18:32.970, 1.014, -0.121, -0.044, -0.366, -0.122, -0.122, -110.726, -82.705, -105.057, -25.173, -4.540, -4.820, 23.42, -0.17178, -0.67365, 0.26169, -0.6694,
 11:05:37.272,e3:ca:2d:fd:e0:8c, 2015-01-01 00:18:32.970, 1.012, -0.122, -0.045, -0.366, -0.305, -0.183, -110.753, -82.705, -105.04, -25.173, -4.540, -4.820, 23.42, -0.17178, -0.67365, 0.26169, -0.6694,
 11:05:37.314,f6:90:cc:01:6d:25, 2015-01-01 00:18:35.495, 0.983, -0.054, 0.007, 0, 0.854, -0.122, -75.317, -86.682, -78.959, -28.580, -6.593, 3.893, 29.27, 0.17914, -0.68875, -0.13797, -0.68875,
 11:05:37.314,f6:90:cc:01:6d:25, 2015-01-01 00:18:35.495, 0.985, -0.056, 0.01, -0.183, 0.854, -0.183, -75.081, -86.677, -79.233, -28.580, -6.593, 3.893, 29.27, 0.17914, -0.68875, -0.13797, -0.68875,
 11:05:37.316,ed:40:fe:65:30:6c, 2015-01-01 00:18:32.550, 0.888, 0.047, 0.464, -0.244, 0.122, 0, 5.35, -62.314, -115.609, -26.453, -7.147, 5.947, 25.07, 0.47583, -0.41638, -0.30905, -0.71033,
 11:05:37.316,ed:40:fe:65:30:6c, 2015-01-01 00:18:32.550, 0.888, 0.047, 0.463, -0.305, 0.061, 0, 5.345, -62.309, -115.615, -26.453, -7.147, 5.947, 25.07, 0.47583, -0.41638, -0.30905, -0.71033,
 11:05:37.317,e3:ca:2d:fd:e0:8c, 2015-01-01 00:18:32.970, 1.011, -0.12, -0.046, -0.366, -0.305, -0.183, -110.808, -82.705, -104.996, -25.173, -4.540, -4.820, 23.42, -0.17178, -0.67365, 0.26169, -0.6694,
 11:05:37.317,e3:ca:2d:fd:e0:8c, 2015-01-01 00:18:32.970, 1.014, -0.12, -0.046, -0.488, -0.061, -0.183, -110.852, -82.711, -104.963, -25.173, -4.540, -4.820, 23.42, -0.17178, -0.67365, 0.26169, -0.6694,
 11:05:37.358,ed:35:33:d3:6c:f8, 2015-01-01 00:18:35.870, 0.83, -0.033, 0.544, 0, 0.183, -0.122, -3.757, -56.635, -164.268, -23.260, -7.713, -12.967, 30.37, -0.10477, 0.47388, 0.03574, 0.87354,
 11:05:37.358,ed:35:33:d3:6c:f8, 2015-01-01 00:18:35.870, 0.83, -0.033, 0.544, -0.061, 0.061, -0.122, -3.752, -56.635, -164.279, -23.260, -7.713, -12.967, 30.37, -0.10477, 0.47388, 0.03574, 0.87354,
 11:05:37.362,e3:ca:2d:fd:e0:8c, 2015-01-01 00:18:32.970, 1.014, -0.123, -0.045, -0.732, 0, -0.122, -110.874, -82.711, -104.958, -25.173, -4.540, -4.820, 23.42, -0.17178, -0.67365, 0.26169, -0.6694,
 11:05:37.362,e3:ca:2d:fd:e0:8c, 2015-01-01 00:18:32.970, 1.015, -0.122, -0.045, -0.793, -0.061, -0.183, -110.891, -82.716, -104.963, -25.173, -4.540, -4.820, 23.42, -0.17178, -0.67365, 0.26169, -0.6694,
 11:05:37.382,ed:35:33:d3:6c:f8, 2015-01-01 00:18:35.870, 0.831, -0.033, 0.543, 0, -0.122, -0.122, -3.746, -56.635, -164.284, -23.260, -7.713, -12.967, 30.37, -0.10486, 0.4736, 0.03625, 0.87366,
 11:05:37.382,ed:35:33:d3:6c:f8, 2015-01-01 00:18:35.870, 0.832, -0.032, 0.543, 0, 0, 0, -3.741, -56.64, -164.29, -23.260, -7.713, -12.967, 30.37, -0.10486, 0.4736, 0.03625, 0.87366,
 11:05:37.382,f6:90:cc:01:6d:25, 2015-01-01 00:18:35.495, 0.986, -0.057, 0.011, -0.366, 0.854, -0.122, -74.85, -86.677, -79.508, -28.580, -6.593, 3.893, 29.27, 0.17914, -0.68875, -0.13797, -0.68875,
 11:05:37.382,f6:90:cc:01:6d:25, 2015-01-01 00:18:35.495, 0.987, -0.058, 0.013, -0.244, 0.916, 0, -74.619, -86.677, -79.777, -28.580, -6.593, 3.893, 29.27, 0.17914, -0.68875, -0.13797, -0.68875,
 11:05:37.384,ed:40:fe:65:30:6c, 2015-01-01 00:18:32.550, 0.89, 0.047, 0.464, -0.244, 0, 0, 5.345, -62.309, -115.615, -26.853, -7.600, 4.793, 25.07, 0.47583, -0.41638, -0.30905, -0.71033,
 11:05:37.384,ed:40:fe:65:30:6c, 2015-01-01 00:18:32.550, 0.889, 0.048, 0.465, -0.305, 0.061, 0.122, 5.345, -62.309, -115.615, -26.853, -7.600, 4.793, 25.07, 0.47583, -0.41638, -0.30905, -0.71033,
 11:05:37.385,e3:ca:2d:fd:e0:8c, 2015-01-01 00:18:32.970, 1.014, -0.122, -0.044, -0.488, -0.305, -0.244, -110.929, -82.716, -104.947, -25.173, -4.540, -4.820, 23.42, -0.17178, -0.67365, 0.26169, -0.6694,
 11:05:37.385,e3:ca:2d:fd:e0:8c, 2015-01-01 00:18:32.970, 1.013, -0.122, -0.046, -0.244, -0.305, -0.122, -110.984, -82.716, -104.897, -25.173, -4.540, -4.820, 23.42, -0.17178, -0.67365, 0.26169, -0.6694,
 11:05:37.404,ed:35:33:d3:6c:f8, 2015-01-01 00:18:35.870, 0.831, -0.033, 0.545, -0.183, 0.244, 0, -3.741, -56.64, -164.295, -23.260, -7.713, -12.967, 30.37, -0.10486, 0.4736, 0.03625, 0.87366,
 11:05:37.404,ed:35:33:d3:6c:f8, 2015-01-01 00:18:35.870, 0.832, -0.036, 0.543, -0.244, 0.366, 0, -3.746, -56.635, -164.301, -23.260, -7.713, -12.967, 30.37, -0.10486, 0.4736, 0.03625, 0.87366,
 11:05:37.406,ed:40:fe:65:30:6c, 2015-01-01 00:18:32.550, 0.889, 0.045, 0.465, -0.366, 0.244, 0, 5.339, -62.303, -115.615, -26.853, -7.600, 4.793, 25.07, 0.4758, -0.41608, -0.30905, -0.71054,
 11:05:37.406,ed:40:fe:65:30:6c, 2015-01-01 00:18:32.550, 0.89, 0.045, 0.465, -0.488, 0.305, 0, 5.334, -62.298, -115.615, -26.853, -7.600, 4.793, 25.07, 0.4758, -0.41608, -0.30905, -0.71054,
 11:05:37.428,f6:90:cc:01:6d:25, 2015-01-01 00:18:35.495, 0.985, -0.057, 0.013, -0.061, 0.977, 0, -74.366, -86.671, -80.068, -28.580, -6.593, 3.893, 29.27, 0.17914, -0.68875, -0.13797, -0.68875,
 11:05:37.428,f6:90:cc:01:6d:25, 2015-01-01 00:18:35.495, 0.986, -0.055, 0.01, 0.183, 0.916, 0, -74.114, -86.666, -80.354, -28.580, -6.593, 3.893, 29.27, 0.17914, -0.68875, -0.13797, -0.68875,
 11:05:37.430,e3:ca:2d:fd:e0:8c, 2015-01-01 00:18:32.970, 1.013, -0.121, -0.046, 0, -0.244, -0.061, -111.028, -82.716, -104.865, -25.173, -4.540, -4.820, 23.42, -0.17178, -0.67365, 0.26169, -0.6694,
 11:05:37.430,e3:ca:2d:fd:e0:8c, 2015-01-01 00:18:32.970, 1.012, -0.121, -0.045, 0, 0, -0.061, -111.055, -82.716, -104.843, -25.173, -4.540, -4.820, 23.42, -0.17178, -0.67365, 0.26169, -0.6694,
 11:05:37.448,ed:35:33:d3:6c:f8, 2015-01-01 00:18:35.870, 0.831, -0.033, 0.548, -0.366, 0.549, 0, -3.746, -56.624, -164.306, -23.260, -7.713, -12.967, 30.37, -0.10486, 0.4736, 0.03625, 0.87366,
 11:05:37.448,ed:35:33:d3:6c:f8, 2015-01-01 00:18:35.870, 0.829, -0.035, 0.545, -0.061, 0.305, 0, -3.746, -56.618, -164.312, -23.260, -7.713, -12.967, 30.37, -0.10486, 0.4736, 0.03625, 0.87366,
 11:05:37.449,f6:90:cc:01:6d:25, 2015-01-01 00:18:35.495, 0.982, -0.055, 0.01, 0.366, 0.916, 0, -73.872, -86.66, -80.634, -28.993, -6.653, 5.427, 29.27, 0.17914, -0.68875, -0.13797, -0.68875,
 11:05:37.449,f6:90:cc:01:6d:25, 2015-01-01 00:18:35.495, 0.984, -0.058, 0.013, 0.244, 0.854, -0.061, -73.636, -86.655, -80.903, -28.993, -6.653, 5.427, 29.27, 0.17914, -0.68875, -0.13797, -0.68875,
 11:05:37.450,ed:40:fe:65:30:6c, 2015-01-01 00:18:32.550, 0.887, 0.047, 0.468, -0.244, 0.366, 0, 5.328, -62.292, -115.615, -26.853, -7.600, 4.793, 25.07, 0.4758, -0.41608, -0.30905, -0.71054,
 11:05:37.450,ed:40:fe:65:30:6c, 2015-01-01 00:18:32.550, 0.887, 0.041, 0.464, -0.305, 0.244, 0, 5.328, -62.287, -115.615, -26.853, -7.600, 4.793, 25.07, 0.4758, -0.41608, -0.30905, -0.71054,
 11:05:37.471,ed:35:33:d3:6c:f8, 2015-01-01 00:18:36.250, 0.832, -0.039, 0.543, 0, 0.061, 0, -3.746, -56.613, -164.312, -23.260, -7.713, -12.967, 30.37, -0.10486, 0.4736, 0.03625, 0.87366,
 11:05:37.471,ed:35:33:d3:6c:f8, 2015-01-01 00:18:36.250, 0.836, -0.035, 0.548, 0, 0, 0, -3.746, -56.613, -164.317, -23.260, -7.713, -12.967, 30.37, -0.10486, 0.4736, 0.03625, 0.87366,
 11:05:37.473,ed:40:fe:65:30:6c, 2015-01-01 00:18:32.910, 0.891, 0.041, 0.465, -0.366, 0.183, 0, 5.323, -62.281, -115.615, -26.853, -7.600, 4.793, 25.07, 0.4758, -0.41608, -0.30905, -0.71054,
 11:05:37.473,ed:40:fe:65:30:6c, 2015-01-01 00:18:32.910, 0.893, 0.05, 0.469, -0.183, 0.122, 0, 5.317, -62.276, -115.615, -26.853, -7.600, 4.793, 25.07, 0.4758, -0.41608, -0.30905, -0.71054,
 11:05:37.475,e3:ca:2d:fd:e0:8c, 2015-01-01 00:18:32.970, 1.015, -0.12, -0.044, 0, 0, -0.061, -111.05, -82.716, -104.854, -25.213, -4.940, -4.480, 23.42, -0.17178, -0.67365, 0.26169, -0.6694,
 11:05:37.475,e3:ca:2d:fd:e0:8c, 2015-01-01 00:18:32.970, 1.019, -0.121, -0.046, -0.183, 0, -0.122, -111.05, -82.722, -104.859, -25.213, -4.940, -4.480, 23.42, -0.17178, -0.67365, 0.26169, -0.6694,
 11:05:37.495,f6:90:cc:01:6d:25, 2015-01-01 00:18:35.495, 0.989, -0.058, 0.013, 0, 0.854, -0.122, -73.411, -86.655, -81.167, -28.993, -6.653, 5.427, 29.27, 0.17914, -0.68875, -0.13797, -0.68875,
 11:05:37.495,f6:90:cc:01:6d:25, 2015-01-01 00:18:35.495, 0.99, -0.053, 0.014, -0.183, 0.732, -0.061, -73.207, -86.649, -81.414, -28.993, -6.653, 5.427, 29.27, 0.17914, -0.68875, -0.13797, -0.68875,
 11:05:37.516,ed:35:33:d3:6c:f8, 2015-01-01 00:18:36.250, 0.834, -0.027, 0.549, 0.488, 0.122, 0, -3.741, -56.613, -164.323, -23.260, -7.713, -12.967, 30.37, -0.10486, 0.4736, 0.03625, 0.87366,
 11:05:37.516,ed:35:33:d3:6c:f8, 2015-01-01 00:18:36.250, 0.83, -0.031, 0.55, 0.061, 0.549, 0.305, -3.735, -56.607, -164.323, -23.260, -7.713, -12.967, 30.37, -0.10486, 0.4736, 0.03625, 0.87366,
 11:05:37.517,f6:90:cc:01:6d:25, 2015-01-01 00:18:35.495, 0.987, -0.053, 0.007, -0.122, 0.732, 0, -73.026, -86.649, -81.634, -28.993, -6.653, 5.427, 29.27, 0.17575, -0.68802, -0.13455, -0.69101,
 11:05:37.517,f6:90:cc:01:6d:25, 2015-01-01 00:18:35.495, 0.983, -0.058, 0.012, -0.122, 0.793, 0.061, -72.85, -86.644, -81.859, -28.993, -6.653, 5.427, 29.27, 0.17575, -0.68802, -0.13455, -0.69101,
 11:05:37.518,ed:40:fe:65:30:6c, 2015-01-01 00:18:32.910, 0.891, 0.05, 0.471, 0.305, 0.183, 0, 5.323, -62.276, -115.62, -26.853, -7.600, 4.793, 25.07, 0.4758, -0.41608, -0.30905, -0.71054,
 11:05:37.518,ed:40:fe:65:30:6c, 2015-01-01 00:18:32.910, 0.885, 0.045, 0.468, 0, 0.183, 0.488, 5.317, -62.271, -115.609, -26.853, -7.600, 4.793, 25.07, 0.4758, -0.41608, -0.30905, -0.71054,
 11:05:37.519,e3:ca:2d:fd:e0:8c, 2015-01-01 00:18:32.970, 1.016, -0.121, -0.047, -0.244, 0.061, -0.183, -111.05, -82.722, -104.865, -25.213, -4.940, -4.480, 23.42, -0.17276, -0.67368, 0.26236, -0.66885,
 11:05:37.519,e3:ca:2d:fd:e0:8c, 2015-01-01 00:18:32.970, 1.014, -0.121, -0.046, -0.244, 0.305, -0.122, -111.044, -82.727, -104.886, -25.213, -4.940, -4.480, 23.42, -0.17276, -0.67368, 0.26236, -0.66885,
 11:05:37.561,ed:35:33:d3:6c:f8, 2015-01-01 00:18:36.250, 0.825, -0.036, 0.547, 0.305, 0.122, 0.305, -3.741, -56.602, -164.312, -23.260, -7.713, -12.967, 30.37, -0.10486, 0.4736, 0.03625, 0.87366,
 11:05:37.561,ed:35:33:d3:6c:f8, 2015-01-01 00:18:36.250, 0.825, -0.034, 0.545, 0.427, -0.244, 0.183, -3.735, -56.602, -164.306, -23.260, -7.713, -12.967, 30.37, -0.10486, 0.4736, 0.03625, 0.87366,
 11:05:37.562,f6:90:cc:01:6d:25, 2015-01-01 00:18:35.495, 0.979, -0.056, 0.013, 0, 0.916, 0.061, -72.647, -86.638, -82.112, -28.993, -6.653, 5.427, 29.27, 0.17575, -0.68802, -0.13455, -0.69101,
 11:05:37.562,f6:90:cc:01:6d:25, 2015-01-01 00:18:35.495, 0.981, -0.053, 0.015, 0.244, 0.977, -0.061, -72.405, -86.633, -82.397, -28.993, -6.653, 5.427, 29.27, 0.17575, -0.68802, -0.13455, -0.69101,
 11:05:37.564,ed:40:fe:65:30:6c, 2015-01-01 00:18:32.910, 0.882, 0.044, 0.466, 0.122, 0, 0.305, 5.306, -62.265, -115.593, -26.853, -7.600, 4.793, 25.07, 0.4758, -0.41608, -0.30905, -0.71054,
 11:05:37.564,ed:40:fe:65:30:6c, 2015-01-01 00:18:32.910, 0.883, 0.044, 0.465, 0.061, -0.305, 0.366, 5.301, -62.271, -115.582, -26.853, -7.600, 4.793, 25.07, 0.4758, -0.41608, -0.30905, -0.71054,
 11:05:37.564,e3:ca:2d:fd:e0:8c, 2015-01-01 00:18:33.280, 1.01, -0.121, -0.045, -0.061, 0.305, 0, -111, -82.733, -104.936, -25.213, -4.940, -4.480, 23.42, -0.17276, -0.67368, 0.26236, -0.66885,
 11:05:37.564,e3:ca:2d:fd:e0:8c, 2015-01-01 00:18:33.280, 1.011, -0.119, -0.045, 0, 0.366, 0.061, -110.951, -82.733, -104.996, -25.213, -4.940, -4.480, 23.42, -0.17276, -0.67368, 0.26236, -0.66885,
 11:05:37.584,ed:35:33:d3:6c:f8, 2015-01-01 00:18:36.250, 0.828, -0.035, 0.543, 0.122, -0.488, 0.366, -3.735, -56.607, -164.301, -23.260, -7.713, -12.967, 30.37, -0.10486, 0.4736, 0.03625, 0.87366,
 11:05:37.584,ed:35:33:d3:6c:f8, 2015-01-01 00:18:36.250, 0.828, -0.034, 0.542, 0.183, -0.488, 0.244, -3.741, -56.618, -164.295, -23.260, -7.713, -12.967, 30.37, -0.10486, 0.4736, 0.03625, 0.87366,
 11:05:37.587,e3:ca:2d:fd:e0:8c, 2015-01-01 00:18:33.280, 1.01, -0.119, -0.044, -0.061, 0.366, 0.183, -110.891, -82.733, -105.068, -25.213, -4.940, -4.480, 23.42, -0.17276, -0.67368, 0.26236, -0.66885,
 11:05:37.587,e3:ca:2d:fd:e0:8c, 2015-01-01 00:18:33.280, 1.012, -0.121, -0.043, -0.061, 0.244, 0.122, -110.836, -82.733, -105.134, -25.213, -4.940, -4.480, 23.42, -0.17276, -0.67368, 0.26236, -0.66885,
 11:05:37.609,f6:90:cc:01:6d:25, 2015-01-01 00:18:35.855, 0.983, -0.052, 0.015, 0, 1.038, 0, -72.131, -86.627, -82.705, -28.993, -6.653, 5.427, 29.27, 0.17575, -0.68802, -0.13455, -0.69101,
 11:05:37.609,f6:90:cc:01:6d:25, 2015-01-01 00:18:35.855, 0.984, -0.054, 0.016, 0, 0.977, 0, -71.862, -86.622, -83.013, -28.993, -6.653, 5.427, 29.27, 0.17575, -0.68802, -0.13455, -0.69101,
 11:05:37.609,ed:40:fe:65:30:6c, 2015-01-01 00:18:32.910, 0.886, 0.045, 0.464, -0.061, -0.488, 0.305, 5.295, -62.276, -115.571, -26.853, -7.600, 4.793, 25.07, 0.4758, -0.41608, -0.30905, -0.71054,
 11:05:37.609,ed:40:fe:65:30:6c, 2015-01-01 00:18:32.910, 0.888, 0.045, 0.464, 0.122, -0.549, 0.061, 5.295, -62.287, -115.565, -26.853, -7.600, 4.793, 25.07, 0.4758, -0.41608, -0.30905, -0.71054,
 11:05:37.632,e3:ca:2d:fd:e0:8c, 2015-01-01 00:18:33.280, 1.015, -0.12, -0.042, 0, 0.244, 0.122, -110.786, -82.733, -105.183, -25.213, -4.940, -4.480, 23.42, -0.17276, -0.67368, 0.26236, -0.66885,
 11:05:37.632,e3:ca:2d:fd:e0:8c, 2015-01-01 00:18:33.280, 1.015, -0.12, -0.042, 0.183, 0.061, 0.122, -110.748, -82.733, -105.227, -25.213, -4.940, -4.480, 23.42, -0.17276, -0.67368, 0.26236, -0.66885,
 11:05:37.651,ed:35:33:d3:6c:f8, 2015-01-01 00:18:36.250, 0.832, -0.034, 0.544, 0.244, -0.244, 0.183, -3.741, -56.624, -164.29, -23.260, -7.713, -12.967, 30.37, -0.10486, 0.4736, 0.03625, 0.87366,
 11:05:37.651,ed:35:33:d3:6c:f8, 2015-01-01 00:18:36.250, 0.831, -0.033, 0.545, 0.183, -0.244, 0, -3.741, -56.629, -164.284, -23.260, -7.713, -12.967, 30.37, -0.10486, 0.4736, 0.03625, 0.87366,
 11:05:37.652,f6:90:cc:01:6d:25, 2015-01-01 00:18:35.855, 0.987, -0.054, 0.018, 0.061, 1.038, 0, -71.592, -86.616, -83.315, -28.993, -6.653, 5.427, 29.27, 0.17575, -0.68802, -0.13455, -0.69101,
 11:05:37.652,f6:90:cc:01:6d:25, 2015-01-01 00:18:35.855, 0.986, -0.052, 0.019, 0.244, 1.099, 0.061, -71.29, -86.611, -83.633, -28.993, -6.653, 5.427, 29.27, 0.17575, -0.68802, -0.13455, -0.69101,
 11:05:37.653,ed:40:fe:65:30:6c, 2015-01-01 00:18:32.910, 0.889, 0.046, 0.465, 0.122, -0.61, 0.061, 5.301, -62.298, -115.565, -26.853, -7.600, 4.793, 25.07, 0.4758, -0.41608, -0.30905, -0.71054,
 11:05:37.653,ed:40:fe:65:30:6c, 2015-01-01 00:18:32.910, 0.889, 0.05, 0.468, -0.122, -0.488, -0.122, 5.306, -62.303, -115.571, -26.853, -7.600, 4.793, 25.07, 0.4758, -0.41608, -0.30905, -0.71054,
 11:05:37.674,f6:90:cc:01:6d:25, 2015-01-01 00:18:35.855, 0.981, -0.051, 0.019, 0.183, 1.282, 0.366, -70.966, -86.6, -83.947, -28.993, -6.653, 5.427, 29.27, 0.17575, -0.68802, -0.13455, -0.69101,
 11:05:37.674,f6:90:cc:01:6d:25, 2015-01-01 00:18:35.855, 0.978, -0.051, 0.019, 0.244, 1.343, 0.61, -70.631, -86.583, -84.243, -28.993, -6.653, 5.427, 29.27, 0.17575, -0.68802, -0.13455, -0.69101,
 11:05:37.674,ed:35:33:d3:6c:f8, 2015-01-01 00:18:36.250, 0.829, -0.03, 0.55, 0, -0.244, -0.427, -3.73, -56.635, -164.295, -23.040, -7.587, -12.413, 30.37, -0.10486, 0.4736, 0.03625, 0.87366,
 11:05:37.674,ed:35:33:d3:6c:f8, 2015-01-01 00:18:36.250, 0.824, -0.029, 0.546, -0.122, -0.427, -0.61, -3.713, -56.64, -164.317, -23.040, -7.587, -12.413, 30.37, -0.10486, 0.4736, 0.03625, 0.87366,
 11:05:37.676,ed:40:fe:65:30:6c, 2015-01-01 00:18:32.910, 0.883, 0.051, 0.469, -0.488, -0.549, -0.366, 5.317, -62.314, -115.587, -26.793, -7.407, 5.440, 25.07, 0.4758, -0.41608, -0.30905, -0.71054,
 11:05:37.676,ed:40:fe:65:30:6c, 2015-01-01 00:18:32.910, 0.88, 0.051, 0.466, -0.793, -0.305, -0.488, 5.328, -62.32, -115.609, -26.793, -7.407, 5.440, 25.07, 0.4758, -0.41608, -0.30905, -0.71054,
 11:05:37.680,e3:ca:2d:fd:e0:8c, 2015-01-01 00:18:33.280, 1.012, -0.121, -0.042, 0.305, -0.244, 0.122, -110.742, -82.727, -105.227, -25.213, -4.940, -4.480, 23.42, -0.17276, -0.67368, 0.26236, -0.66885,
 11:05:37.680,e3:ca:2d:fd:e0:8c, 2015-01-01 00:18:33.280, 1.008, -0.121, -0.042, 0.488, -0.488, 0, -110.775, -82.727, -105.189, -25.213, -4.940, -4.480, 23.42, -0.17276, -0.67368, 0.26236, -0.66885,
 11:05:37.718,ed:35:33:d3:6c:f8, 2015-01-01 00:18:36.250, 0.825, -0.028, 0.546, -0.549, -0.366, -0.854, -3.697, -56.651, -164.35, -23.040, -7.587, -12.413, 30.37, -0.10486, 0.4736, 0.03625, 0.87366,
 11:05:37.718,ed:35:33:d3:6c:f8, 2015-01-01 00:18:36.250, 0.83, -0.027, 0.545, -0.061, -0.549, -0.977, -3.669, -56.662, -164.383, -23.040, -7.587, -12.413, 30.37, -0.10486, 0.4736, 0.03625, 0.87366,
 11:05:37.720,f6:90:cc:01:6d:25, 2015-01-01 00:18:35.855, 0.98, -0.049, 0.016, 0.671, 1.16, 0.732, -70.329, -86.567, -84.518, -28.993, -6.653, 5.427, 29.27, 0.17575, -0.68802, -0.13455, -0.69101,
 11:05:37.720,f6:90:cc:01:6d:25, 2015-01-01 00:18:35.855, 0.987, -0.056, 0.014, 0.366, 0.977, 0.916, -70.104, -86.545, -84.716, -28.993, -6.653, 5.427, 29.27, 0.17575, -0.68802, -0.13455, -0.69101,
 11:05:37.721,ed:40:fe:65:30:6c, 2015-01-01 00:18:32.910, 0.883, 0.052, 0.467, -0.854, -0.244, -0.732, 5.345, -62.32, -115.637, -26.793, -7.407, 5.440, 25.07, 0.4758, -0.41608, -0.30905, -0.71054,
 11:05:37.721,ed:40:fe:65:30:6c, 2015-01-01 00:18:32.910, 0.891, 0.05, 0.465, -0.427, -0.366, -0.671, 5.367, -62.325, -115.67, -26.793, -7.407, 5.440, 25.07, 0.4758, -0.41608, -0.30905, -0.71054,
 11:05:37.723,e3:ca:2d:fd:e0:8c, 2015-01-01 00:18:33.280, 1.007, -0.121, -0.043, 0.793, -0.549, 0.305, -110.819, -82.722, -105.128, -25.213, -4.940, -4.480, 23.42, -0.17276, -0.67368, 0.26236, -0.66885,
 11:05:37.723,e3:ca:2d:fd:e0:8c, 2015-01-01 00:18:33.280, 1.013, -0.12, -0.044, 0.793, -0.244, 0.488, -110.825, -82.711, -105.101, -25.213, -4.940, -4.480, 23.42, -0.17276, -0.67368, 0.26236, -0.66885,
 11:05:37.741,ed:35:33:d3:6c:f8, 2015-01-01 00:18:36.250, 0.837, -0.028, 0.545, -0.305, -0.549, -0.671, -3.642, -56.667, -164.416, -23.040, -7.587, -12.413, 30.37, -0.10443, 0.47372, 0.03647, 0.87363,
 11:05:37.741,ed:35:33:d3:6c:f8, 2015-01-01 00:18:36.250, 0.838, -0.034, 0.545, -0.854, -0.366, -0.549, -3.631, -56.678, -164.438, -23.040, -7.587, -12.413, 30.37, -0.10443, 0.47372, 0.03647, 0.87363,
 11:05:37.745,e3:ca:2d:fd:e0:8c, 2015-01-01 00:18:33.280, 1.021, -0.122, -0.043, 0.427, 0.366, 0.488, -110.764, -82.7, -105.15, -25.313, -5.000, -4.767, 23.42, -0.17276, -0.67368, 0.26236, -0.66885,
 11:05:37.745,e3:ca:2d:fd:e0:8c, 2015-01-01 00:18:33.280, 1.022, -0.119, -0.044, 0.183, 0.427, 0.61, -110.665, -82.694, -105.249, -25.313, -5.000, -4.767, 23.42, -0.17276, -0.67368, 0.26236, -0.66885,
 11:05:37.787,f6:90:cc:01:6d:25, 2015-01-01 00:18:35.855, 0.994, -0.061, 0.018, 0.244, 0.549, 0.916, -69.999, -86.528, -84.798, -28.993, -6.653, 5.427, 29.27, 0.17575, -0.68802, -0.13455, -0.69101,
 11:05:37.787,f6:90:cc:01:6d:25, 2015-01-01 00:18:35.855, 0.993, -0.056, 0.019, 0.549, 0.488, 0.793, -69.961, -86.506, -84.787, -28.993, -6.653, 5.427, 29.27, 0.17575, -0.68802, -0.13455, -0.69101,
 11:05:37.789,ed:40:fe:65:30:6c, 2015-01-01 00:18:32.910, 0.897, 0.048, 0.465, -0.977, -0.305, -0.305, 5.378, -62.325, -115.692, -26.793, -7.407, 5.440, 25.07, 0.47556, -0.41623, -0.30905, -0.71063,
 11:05:37.789,ed:40:fe:65:30:6c, 2015-01-01 00:18:32.910, 0.896, 0.043, 0.468, -1.282, -0.061, -0.122, 5.372, -62.325, -115.708, -26.793, -7.407, 5.440, 25.07, 0.47556, -0.41623, -0.30905, -0.71063,
 11:05:37.789,e3:ca:2d:fd:e0:8c, 2015-01-01 00:18:33.280, 1.015, -0.116, -0.046, 0.122, 0.244, 0.671, -110.566, -82.689, -105.342, -25.313, -5.000, -4.767, 23.42, -0.17276, -0.67368, 0.26236, -0.66885,
 11:05:37.789,e3:ca:2d:fd:e0:8c, 2015-01-01 00:18:33.280, 1.01, -0.116, -0.046, 0.122, 0.183, 0.793, -110.495, -82.678, -105.425, -25.313, -5.000, -4.767, 23.42, -0.17276, -0.67368, 0.26236, -0.66885,
 11:05:37.808,ed:35:33:d3:6c:f8, 2015-01-01 00:18:36.250, 0.836, -0.036, 0.547, -1.099, 0, -0.549, -3.631, -56.684, -164.46, -23.040, -7.587, -12.413, 30.37, -0.10443, 0.47372, 0.03647, 0.87363,
 11:05:37.808,ed:35:33:d3:6c:f8, 2015-01-01 00:18:36.250, 0.831, -0.033, 0.547, -0.854, 0.244, -0.366, -3.631, -56.678, -164.482, -23.040, -7.587, -12.413, 30.37, -0.10443, 0.47372, 0.03647, 0.87363,
 11:05:37.810,f6:90:cc:01:6d:25, 2015-01-01 00:18:35.855, 0.986, -0.054, 0.017, 0.549, 0.549, 0.549, -69.884, -86.495, -84.814, -28.500, -6.687, 3.947, 29.27, 0.17575, -0.68802, -0.13455, -0.69101,
 11:05:37.810,f6:90:cc:01:6d:25, 2015-01-01 00:18:35.855, 0.982, -0.058, 0.015, 0.305, 0.427, 0.366, -69.818, -86.49, -84.847, -28.500, -6.687, 3.947, 29.27, 0.17575, -0.68802, -0.13455, -0.69101,
 11:05:37.811,ed:40:fe:65:30:6c, 2015-01-01 00:18:32.910, 0.891, 0.044, 0.469, -1.221, 0, -0.183, 5.361, -62.325, -115.714, -26.793, -7.407, 5.440, 25.07, 0.47556, -0.41623, -0.30905, -0.71063,
 11:05:37.811,ed:40:fe:65:30:6c, 2015-01-01 00:18:32.910, 0.888, 0.044, 0.467, -0.854, 0.122, -0.122, 5.35, -62.32, -115.714, -26.793, -7.407, 5.440, 25.07, 0.47556, -0.41623, -0.30905, -0.71063,
 11:05:37.831,ed:35:33:d3:6c:f8, 2015-01-01 00:18:36.610, 0.831, -0.035, 0.544, -0.488, 0.122, -0.122, -3.636, -56.678, -164.493, -23.040, -7.587, -12.413, 30.37, -0.10443, 0.47372, 0.03647, 0.87363,
 11:05:37.831,ed:35:33:d3:6c:f8, 2015-01-01 00:18:36.610, 0.829, -0.035, 0.543, 0.061, -0.244, -0.061, -3.636, -56.678, -164.498, -23.040, -7.587, -12.413, 30.37, -0.10443, 0.47372, 0.03647, 0.87363,
 11:05:37.835,e3:ca:2d:fd:e0:8c, 2015-01-01 00:18:33.280, 1.01, -0.121, -0.045, 0.244, 0.366, 0.793, -110.407, -82.667, -105.518, -25.313, -5.000, -4.767, 23.42, -0.17252, -0.67328, 0.26263, -0.66922,
 11:05:37.835,e3:ca:2d:fd:e0:8c, 2015-01-01 00:18:33.280, 1.012, -0.126, -0.046, 0.244, 0.488, 0.793, -110.303, -82.656, -105.634, -25.313, -5.000, -4.767, 23.42, -0.17252, -0.67328, 0.26263, -0.66922,
 11:05:37.855,f6:90:cc:01:6d:25, 2015-01-01 00:18:35.855, 0.982, -0.057, 0.016, 0.244, 0.305, 0.244, -69.78, -86.484, -84.847, -28.500, -6.687, 3.947, 29.27, 0.17575, -0.68802, -0.13455, -0.69101,
 11:05:37.855,f6:90:cc:01:6d:25, 2015-01-01 00:18:35.855, 0.983, -0.059, 0.015, 0.183, 0.244, 0.305, -69.774, -86.479, -84.814, -28.500, -6.687, 3.947, 29.27, 0.17575, -0.68802, -0.13455, -0.69101,
 11:05:37.857,ed:40:fe:65:30:6c, 2015-01-01 00:18:32.910, 0.886, 0.042, 0.463, -0.427, 0, 0, 5.345, -62.32, -115.708, -26.793, -7.407, 5.440, 25.07, 0.47556, -0.41623, -0.30905, -0.71063,
 11:05:37.857,ed:40:fe:65:30:6c, 2015-01-01 00:18:32.910, 0.886, 0.044, 0.463, -0.122, -0.183, -0.122, 5.345, -62.32, -115.703, -26.793, -7.407, 5.440, 25.07, 0.47556, -0.41623, -0.30905, -0.71063,
 11:05:37.876,ed:35:33:d3:6c:f8, 2015-01-01 00:18:36.610, 0.829, -0.032, 0.542, 0.305, -0.366, -0.244, -3.625, -56.684, -164.509, -23.040, -7.587, -12.413, 30.37, -0.10443, 0.47372, 0.03647, 0.87363,
 11:05:37.876,ed:35:33:d3:6c:f8, 2015-01-01 00:18:36.610, 0.831, -0.03, 0.541, 0.183, -0.305, -0.366, -3.609, -56.695, -164.52, -23.040, -7.587, -12.413, 30.37, -0.10443, 0.47372, 0.03647, 0.87363,
 11:05:37.878,f6:90:cc:01:6d:25, 2015-01-01 00:18:35.855, 0.983, -0.058, 0.021, 0.244, 0.305, 0.549, -69.785, -86.468, -84.787, -28.500, -6.687, 3.947, 29.27, 0.17694, -0.68658, -0.13385, -0.69229,
 11:05:37.878,f6:90:cc:01:6d:25, 2015-01-01 00:18:35.855, 0.983, -0.06, 0.015, 0.183, 0.427, 0.793, -69.78, -86.451, -84.765, -28.500, -6.687, 3.947, 29.27, 0.17694, -0.68658, -0.13385, -0.69229,
 11:05:37.879,ed:40:fe:65:30:6c, 2015-01-01 00:18:32.910, 0.887, 0.047, 0.463, -0.122, -0.244, -0.183, 5.35, -62.32, -115.708, -26.793, -7.407, 5.440, 25.17, 0.47556, -0.41623, -0.30905, -0.71063,
 11:05:37.879,ed:40:fe:65:30:6c, 2015-01-01 00:18:32.910, 0.89, 0.046, 0.463, -0.183, -0.183, -0.183, 5.361, -62.325, -115.697, -26.793, -7.407, 5.440, 25.17, 0.47556, -0.41623, -0.30905, -0.71063,
 11:05:37.880,e3:ca:2d:fd:e0:8c, 2015-01-01 00:18:33.595, 1.014, -0.127, -0.042, 0.366, 0.366, 0.854, -110.193, -82.645, -105.749, -25.313, -5.000, -4.767, 23.42, -0.17252, -0.67328, 0.26263, -0.66922,
 11:05:37.880,e3:ca:2d:fd:e0:8c, 2015-01-01 00:18:33.595, 1.012, -0.125, -0.045, 0.488, 0.061, 0.916, -110.105, -82.628, -105.837, -25.313, -5.000, -4.767, 23.42, -0.17252, -0.67328, 0.26263, -0.66922,
 11:05:37.922,f6:90:cc:01:6d:25, 2015-01-01 00:18:35.855, 0.985, -0.06, 0.01, 0.244, 0.244, 0.793, -69.829, -86.435, -84.672, -28.500, -6.687, 3.947, 29.27, 0.17694, -0.68658, -0.13385, -0.69229,
 11:05:37.922,f6:90:cc:01:6d:25, 2015-01-01 00:18:35.855, 0.993, -0.06, 0.004, 0, -0.122, 0.732, -69.988, -86.424, -84.479, -28.500, -6.687, 3.947, 29.27, 0.17694, -0.68658, -0.13385, -0.69229,
 11:05:37.922,ed:35:33:d3:6c:f8, 2015-01-01 00:18:36.610, 0.834, -0.032, 0.542, 0, 0, -0.122, -3.598, -56.695, -164.531, -23.040, -7.587, -12.413, 30.37, -0.10443, 0.47372, 0.03647, 0.87363,
 11:05:37.922,ed:35:33:d3:6c:f8, 2015-01-01 00:18:36.610, 0.841, -0.031, 0.543, -0.061, -0.122, 0.122, -3.598, -56.7, -164.537, -23.040, -7.587, -12.413, 30.37, -0.10443, 0.47372, 0.03647, 0.87363,
 11:05:37.923,ed:40:fe:65:30:6c, 2015-01-01 00:18:32.910, 0.893, 0.045, 0.462, -0.183, -0.183, 0, 5.361, -62.325, -115.686, -26.793, -7.407, 5.440, 25.17, 0.47556, -0.41623, -0.30905, -0.71063,
 11:05:37.923,ed:40:fe:65:30:6c, 2015-01-01 00:18:32.910, 0.899, 0.047, 0.462, -0.183, -0.427, 0.244, 5.361, -62.331, -115.659, -26.793, -7.407, 5.440, 25.17, 0.47556, -0.41623, -0.30905, -0.71063,
 11:05:37.924,e3:ca:2d:fd:e0:8c, 2015-01-01 00:18:33.595, 1.013, -0.125, -0.049, 0.488, 0.244, 0.732, -110.028, -82.617, -105.914, -25.313, -5.000, -4.767, 23.42, -0.17252, -0.67328, 0.26263, -0.66922,
 11:05:37.924,e3:ca:2d:fd:e0:8c, 2015-01-01 00:18:33.595, 1.023, -0.124, -0.056, 0.366, 0.488, 0.488, -109.94, -82.606, -106.007, -25.313, -5.000, -4.767, 23.42, -0.17252, -0.67328, 0.26263, -0.66922,
 11:05:37.944,ed:35:33:d3:6c:f8, 2015-01-01 00:18:36.610, 0.843, -0.032, 0.541, -0.122, -0.488, 0.244, -3.604, -56.706, -164.531, -23.040, -7.587, -12.413, 30.37, -0.10443, 0.47372, 0.03647, 0.87363,
 11:05:37.944,ed:35:33:d3:6c:f8, 2015-01-01 00:18:36.610, 0.845, -0.034, 0.54, -0.427, -0.549, 0.427, -3.62, -56.717, -164.52, -23.040, -7.587, -12.413, 30.37, -0.10443, 0.47372, 0.03647, 0.87363,
 11:05:37.967,f6:90:cc:01:6d:25, 2015-01-01 00:18:36.210, 0.997, -0.062, 0.012, -0.061, -0.305, 0.732, -70.23, -86.413, -84.254, -28.500, -6.687, 3.947, 29.27, 0.17694, -0.68658, -0.13385, -0.69229,
 11:05:37.967,f6:90:cc:01:6d:25, 2015-01-01 00:18:36.210, 0.995, -0.063, 0.009, -0.244, -0.122, 0.549, -70.428, -86.402, -84.04, -28.500, -6.687, 3.947, 29.27, 0.17694, -0.68658, -0.13385, -0.69229,
 11:05:37.968,ed:40:fe:65:30:6c, 2015-01-01 00:18:33.375, 0.901, 0.044, 0.459, -0.183, -0.61, 0.366, 5.35, -62.342, -115.626, -26.793, -7.407, 5.440, 25.17, 0.47556, -0.41623, -0.30905, -0.71063,
 11:05:37.968,ed:40:fe:65:30:6c, 2015-01-01 00:18:33.375, 0.902, 0.042, 0.46, -0.427, -0.549, 0.488, 5.334, -62.358, -115.593, -26.793, -7.407, 5.440, 25.17, 0.47556, -0.41623, -0.30905, -0.71063,
 11:05:37.969,e3:ca:2d:fd:e0:8c, 2015-01-01 00:18:33.595, 1.028, -0.125, -0.049, 0.183, 0.977, 0.366, -109.819, -82.601, -106.144, -25.313, -5.000, -4.767, 23.42, -0.17252, -0.67328, 0.26263, -0.66922,
 11:05:37.969,e3:ca:2d:fd:e0:8c, 2015-01-01 00:18:33.595, 1.021, -0.124, -0.05, 0.183, 1.16, 0.244, -109.666, -82.606, -106.309, -25.313, -5.000, -4.767, 23.42, -0.17252, -0.67328, 0.26263, -0.66922,
 11:05:37.990,ed:35:33:d3:6c:f8, 2015-01-01 00:18:36.610, 0.844, -0.04, 0.54, -0.854, -0.244, 0.549, -3.647, -56.728, -164.504, -23.040, -7.587, -12.413, 30.37, -0.10443, 0.47372, 0.03647, 0.87363,
 11:05:37.990,ed:35:33:d3:6c:f8, 2015-01-01 00:18:36.610, 0.838, -0.042, 0.534, -0.549, -0.488, 0.366, -3.675, -56.739, -164.487, -23.040, -7.587, -12.413, 30.37, -0.10443, 0.47372, 0.03647, 0.87363,
 11:05:37.991,ed:40:fe:65:30:6c, 2015-01-01 00:18:33.375, 0.899, 0.038, 0.458, -0.549, -0.61, 0.427, 5.312, -62.369, -115.565, -26.793, -7.407, 5.440, 25.17, 0.47556, -0.41623, -0.30905, -0.71063,
 11:05:37.991,ed:40:fe:65:30:6c, 2015-01-01 00:18:33.375, 0.893, 0.038, 0.455, -0.305, -0.61, 0.122, 5.295, -62.386, -115.554, -26.793, -7.407, 5.440, 25.17, 0.47556, -0.41623, -0.30905, -0.71063,
 11:05:37.992,e3:ca:2d:fd:e0:8c, 2015-01-01 00:18:33.595, 1.015, -0.126, -0.044, 0.305, 1.526, 0.183, -109.473, -82.606, -106.496, -25.313, -5.000, -4.767, 23.42, -0.17252, -0.67328, 0.26263, -0.66922,
 11:05:37.992,e3:ca:2d:fd:e0:8c, 2015-01-01 00:18:33.595, 1.011, -0.128, -0.039, 0.793, 2.136, 0.122, -109.204, -82.617, -106.754, -25.313, -5.000, -4.767, 23.42, -0.17252, -0.67328, 0.26263, -0.66922,
 11:05:38.012,f6:90:cc:01:6d:25, 2015-01-01 00:18:36.210, 0.991, -0.065, 0.008, -0.244, 0.305, 0.427, -70.516, -86.396, -83.947, -28.500, -6.687, 3.947, 29.27, 0.17694, -0.68658, -0.13385, -0.69229,
 11:05:38.012,f6:90:cc:01:6d:25, 2015-01-01 00:18:36.210, 0.986, -0.063, 0.016, -0.122, 0.977, 0.427, -70.422, -86.38, -84.045, -28.500, -6.687, 3.947, 29.27, 0.17694, -0.68658, -0.13385, -0.69229,
 11:05:38.034,f6:90:cc:01:6d:25, 2015-01-01 00:18:36.210, 0.98, -0.062, 0.022, 0.183, 1.587, 0.427, -70.131, -86.364, -84.304, -28.500, -6.687, 3.947, 29.27, 0.17694, -0.68658, -0.13385, -0.69229,
 11:05:38.034,f6:90:cc:01:6d:25, 2015-01-01 00:18:36.210, 0.975, -0.064, 0.026, 0, 2.319, 0.305, -69.609, -86.342, -84.82, -28.500, -6.687, 3.947, 29.27, 0.17694, -0.68658, -0.13385, -0.69229,
 11:05:38.035,ed:40:fe:65:30:6c, 2015-01-01 00:18:33.375, 0.885, 0.037, 0.457, 0.122, -0.244, 0, 5.295, -62.397, -115.549, -26.793, -7.407, 5.440, 25.17, 0.47556, -0.41623, -0.30905, -0.71063,
 11:05:38.035,ed:40:fe:65:30:6c, 2015-01-01 00:18:33.375, 0.878, 0.034, 0.457, 0.244, 0.122, -0.061, 5.301, -62.402, -115.549, -26.793, -7.407, 5.440, 25.17, 0.47556, -0.41623, -0.30905, -0.71063,
 11:05:38.038,e3:ca:2d:fd:e0:8c, 2015-01-01 00:18:33.595, 1.007, -0.127, -0.034, 1.038, 2.075, 0.305, -108.88, -82.628, -107.04, -25.313, -5.000, -4.767, 23.42, -0.17252, -0.67328, 0.26263, -0.66922,
 11:05:38.038,e3:ca:2d:fd:e0:8c, 2015-01-01 00:18:33.595, 1.002, -0.128, -0.031, 0.793, 1.77, 0.427, -108.567, -82.628, -107.32, -25.313, -5.000, -4.767, 23.42, -0.17252, -0.67328, 0.26263, -0.66922,
 11:05:38.056,ed:35:33:d3:6c:f8, 2015-01-01 00:18:36.610, 0.831, -0.041, 0.533, -0.122, -0.305, 0.122, -3.691, -56.75, -164.482, -23.040, -7.587, -12.413, 30.37, -0.10443, 0.47372, 0.03647, 0.87363,
 11:05:38.056,ed:35:33:d3:6c:f8, 2015-01-01 00:18:36.610, 0.823, -0.043, 0.531, 0.122, 0.183, 0.305, -3.697, -56.755, -164.476, -23.040, -7.587, -12.413, 30.37, -0.10443, 0.47372, 0.03647, 0.87363,
 11:05:38.080,f6:90:cc:01:6d:25, 2015-01-01 00:18:36.210, 0.979, -0.061, 0.025, -0.488, 2.686, 0.427, -68.967, -86.32, -85.479, -28.500, -6.687, 3.947, 29.27, 0.17694, -0.68658, -0.13385, -0.69229,
 11:05:38.080,f6:90:cc:01:6d:25, 2015-01-01 00:18:36.210, 0.984, -0.059, 0.032, -1.221, 2.747, 0.732, -68.318, -86.287, -86.155, -28.500, -6.687, 3.947, 29.27, 0.17694, -0.68658, -0.13385, -0.69229,
 11:05:38.080,ed:35:33:d3:6c:f8, 2015-01-01 00:18:36.610, 0.824, -0.042, 0.536, 0.305, 0.916, 0.183, -3.702, -56.75, -164.471, -23.220, -7.887, -12.613, 30.37, -0.10443, 0.47372, 0.03647, 0.87363,
 11:05:38.080,ed:35:33:d3:6c:f8, 2015-01-01 00:18:36.610, 0.828, -0.033, 0.543, 0.793, 1.099, -0.671, -3.691, -56.733, -164.487, -23.220, -7.887, -12.613, 30.37, -0.10443, 0.47372, 0.03647, 0.87363,
 11:05:38.081,ed:40:fe:65:30:6c, 2015-01-01 00:18:33.375, 0.883, 0.042, 0.461, 0.183, 0.61, -0.549, 5.317, -62.391, -115.565, -26.793, -7.407, 5.440, 25.17, 0.47556, -0.41623, -0.30905, -0.71063,
 11:05:38.081,ed:40:fe:65:30:6c, 2015-01-01 00:18:33.375, 0.884, 0.051, 0.468, 0.61, 0.732, -1.099, 5.356, -62.38, -115.604, -26.793, -7.407, 5.440, 25.17, 0.47556, -0.41623, -0.30905, -0.71063,
 11:05:38.083,e3:ca:2d:fd:e0:8c, 2015-01-01 00:18:33.595, 1.002, -0.127, -0.032, 0.122, 1.404, 0.366, -108.303, -82.634, -107.562, -25.313, -4.673, -4.327, 23.42, -0.17252, -0.67328, 0.26263, -0.66922,
 11:05:38.083,e3:ca:2d:fd:e0:8c, 2015-01-01 00:18:33.595, 1.01, -0.127, -0.029, -0.366, 1.221, 0.122, -108.094, -82.634, -107.748, -25.313, -4.673, -4.327, 23.42, -0.17252, -0.67328, 0.26263, -0.66922,
 11:05:38.124,ed:35:33:d3:6c:f8, 2015-01-01 00:18:36.610, 0.828, -0.028, 0.552, 1.099, 1.221, -0.854, -3.647, -56.717, -164.509, -23.220, -7.887, -12.613, 30.37, -0.10443, 0.47372, 0.03647, 0.87363,
 11:05:38.124,ed:35:33:d3:6c:f8, 2015-01-01 00:18:36.610, 0.827, -0.036, 0.554, 0.122, 1.343, 0, -3.625, -56.695, -164.498, -23.220, -7.887, -12.613, 30.37, -0.10443, 0.47372, 0.03647, 0.87363,
 11:05:38.126,f6:90:cc:01:6d:25, 2015-01-01 00:18:36.210, 0.982, -0.066, 0.032, -1.587, 2.686, 0.671, -67.692, -86.254, -86.825, -28.500, -6.687, 3.947, 29.27, 0.17694, -0.68658, -0.13385, -0.69229,
 11:05:38.126,f6:90:cc:01:6d:25, 2015-01-01 00:18:36.210, 0.981, -0.066, 0.031, -1.648, 2.502, 0.488, -67.099, -86.221, -87.44, -28.500, -6.687, 3.947, 29.27, 0.17694, -0.68658, -0.13385, -0.69229,
 11:05:38.128,e3:ca:2d:fd:e0:8c, 2015-01-01 00:18:33.595, 1.011, -0.126, -0.029, -0.732, 1.099, -0.244, -107.919, -82.639, -107.941, -25.313, -4.673, -4.327, 23.42, -0.17191, -0.67133, 0.2626, -0.67133,
 11:05:38.128,e3:ca:2d:fd:e0:8c, 2015-01-01 00:18:33.595, 1.011, -0.124, -0.031, -1.16, 0.977, -0.366, -107.776, -82.656, -108.122, -25.313, -4.673, -4.327, 23.42, -0.17191, -0.67133, 0.2626, -0.67133,
 11:05:38.146,ed:35:33:d3:6c:f8, 2015-01-01 00:18:36.610, 0.823, -0.039, 0.554, 0, 1.16, -0.061, -3.62, -56.667, -164.454, -23.220, -7.887, -12.613, 30.37, -0.10379, 0.47394, 0.03644, 0.8736,
 11:05:38.146,ed:35:33:d3:6c:f8, 2015-01-01 00:18:36.610, 0.824, -0.036, 0.555, -0.244, 1.221, -0.061, -3.62, -56.646, -164.438, -23.220, -7.887, -12.613, 30.37, -0.10379, 0.47394, 0.03644, 0.8736,
 11:05:38.148,ed:40:fe:65:30:6c, 2015-01-01 00:18:33.375, 0.887, 0.043, 0.476, 0.732, 0.916, -0.671, 5.394, -62.358, -115.631, -26.793, -7.407, 5.440, 25.17, 0.47556, -0.41623, -0.30905, -0.71063,
 11:05:38.148,ed:40:fe:65:30:6c, 2015-01-01 00:18:33.375, 0.884, 0.042, 0.476, -0.122, 1.282, 0, 5.4, -62.336, -115.626, -26.793, -7.407, 5.440, 25.17, 0.47556, -0.41623, -0.30905, -0.71063,
 11:05:38.149,e3:ca:2d:fd:e0:8c, 2015-01-01 00:18:33.885, 1.008, -0.124, -0.034, -1.404, 0.488, -0.366, -107.682, -82.667, -108.265, -25.313, -4.673, -4.327, 23.42, -0.17191, -0.67133, 0.2626, -0.67133,
 11:05:38.149,e3:ca:2d:fd:e0:8c, 2015-01-01 00:18:33.885, 1.007, -0.123, -0.034, -1.404, 0.183, -0.427, -107.655, -82.672, -108.347, -25.313, -4.673, -4.327, 23.42, -0.17191, -0.67133, 0.2626, -0.67133,
 11:05:38.170,ed:40:fe:65:30:6c, 2015-01-01 00:18:33.375, 0.883, 0.042, 0.477, -0.305, 1.526, -0.061, 5.389, -62.303, -115.615, -26.720, -7.400, 5.367, 25.17, 0.47556, -0.41623, -0.30905, -0.71063,
 11:05:38.170,ed:40:fe:65:30:6c, 2015-01-01 00:18:33.375, 0.881, 0.044, 0.476, -0.732, 1.526, -0.061, 5.372, -62.271, -115.604, -26.720, -7.400, 5.367, 25.17, 0.47556, -0.41623, -0.30905, -0.71063,
 11:05:38.192,ed:35:33:d3:6c:f8, 2015-01-01 00:18:36.610, 0.821, -0.036, 0.555, -0.549, 1.221, -0.183, -3.625, -56.618, -164.432, -23.220, -7.887, -12.613, 30.37, -0.10379, 0.47394, 0.03644, 0.8736,
 11:05:38.192,ed:35:33:d3:6c:f8, 2015-01-01 00:18:36.610, 0.823, -0.036, 0.554, -0.366, 1.038, -0.427, -3.625, -56.596, -164.421, -23.220, -7.887, -12.613, 30.37, -0.10379, 0.47394, 0.03644, 0.8736,
 11:05:38.193,f6:90:cc:01:6d:25, 2015-01-01 00:18:36.210, 0.98, -0.062, 0.031, -1.465, 2.014, 0.305, -66.621, -86.199, -87.907, -28.633, -6.393, 3.333, 29.27, 0.17694, -0.68658, -0.13385, -0.69229,
 11:05:38.193,f6:90:cc:01:6d:25, 2015-01-01 00:18:36.210, 0.98, -0.062, 0.029, -1.404, 1.587, 0, -66.226, -86.182, -88.27, -28.633, -6.393, 3.333, 29.27, 0.17694, -0.68658, -0.13385, -0.69229,
 11:05:38.194,e3:ca:2d:fd:e0:8c, 2015-01-01 00:18:33.885, 1.012, -0.124, -0.034, -1.282, -0.061, -0.549, -107.672, -82.683, -108.353, -25.313, -4.673, -4.327, 23.42, -0.17191, -0.67133, 0.2626, -0.67133,
 11:05:38.194,e3:ca:2d:fd:e0:8c, 2015-01-01 00:18:33.885, 1.015, -0.124, -0.041, -1.404, -0.488, -0.671, -107.743, -82.694, -108.287, -25.313, -4.673, -4.327, 23.42, -0.17191, -0.67133, 0.2626, -0.67133,
 11:05:38.215,f6:90:cc:01:6d:25, 2015-01-01 00:18:36.210, 0.98, -0.062, 0.031, -1.465, 1.282, 0, -65.918, -86.171, -88.555, -28.633, -6.393, 3.333, 29.27, 0.17923, -0.6846, -0.13293, -0.69385,
 11:05:38.215,f6:90:cc:01:6d:25, 2015-01-01 00:18:36.210, 0.981, -0.063, 0.024, -1.77, 0.916, 0, -65.715, -86.16, -88.731, -28.633, -6.393, 3.333, 29.27, 0.17923, -0.6846, -0.13293, -0.69385,
 11:05:38.216,ed:40:fe:65:30:6c, 2015-01-01 00:18:33.375, 0.879, 0.044, 0.476, -0.854, 1.465, -0.183, 5.35, -62.238, -115.615, -26.720, -7.400, 5.367, 25.17, 0.47556, -0.41623, -0.30905, -0.71063,
 11:05:38.216,ed:40:fe:65:30:6c, 2015-01-01 00:18:33.375, 0.882, 0.043, 0.474, -0.854, 1.099, -0.366, 5.339, -62.21, -115.631, -26.720, -7.400, 5.367, 25.17, 0.47556, -0.41623, -0.30905, -0.71063,
 11:05:38.236,ed:35:33:d3:6c:f8, 2015-01-01 00:18:37.010, 0.826, -0.035, 0.552, -0.305, 0.732, -0.61, -3.615, -56.58, -164.41, -23.220, -7.887, -12.613, 30.37, -0.10379, 0.47394, 0.03644, 0.8736,
 11:05:38.236,ed:35:33:d3:6c:f8, 2015-01-01 00:18:37.010, 0.832, -0.033, 0.551, -0.366, 0.366, -0.793, -3.598, -56.569, -164.394, -23.220, -7.887, -12.613, 30.37, -0.10379, 0.47394, 0.03644, 0.8736,
 11:05:38.239,ed:40:fe:65:30:6c, 2015-01-01 00:18:33.375, 0.886, 0.044, 0.471, -0.854, 0.793, -0.488, 5.339, -62.188, -115.642, -26.720, -7.400, 5.367, 25.17, 0.47589, -0.41544, -0.30856, -0.71106,
 11:05:38.239,ed:40:fe:65:30:6c, 2015-01-01 00:18:33.375, 0.889, 0.046, 0.47, -0.793, 0.427, -0.549, 5.339, -62.172, -115.653, -26.720, -7.400, 5.367, 25.17, 0.47589, -0.41544, -0.30856, -0.71106,
 11:05:38.240,e3:ca:2d:fd:e0:8c, 2015-01-01 00:18:33.885, 1.015, -0.125, -0.038, -1.526, -0.61, -0.732, -107.869, -82.705, -108.166, -25.313, -4.673, -4.327, 23.42, -0.17191, -0.67133, 0.2626, -0.67133,
 11:05:38.240,e3:ca:2d:fd:e0:8c, 2015-01-01 00:18:33.885, 1.015, -0.125, -0.041, -1.465, -0.793, -0.732, -108.029, -82.711, -108.034, -25.313, -4.673, -4.327, 23.42, -0.17191, -0.67133, 0.2626, -0.67133,
 11:05:38.261,f6:90:cc:01:6d:25, 2015-01-01 00:18:36.210, 0.985, -0.062, 0.025, -1.77, 0.61, 0, -65.605, -86.155, -88.824, -28.633, -6.393, 3.333, 29.27, 0.17923, -0.6846, -0.13293, -0.69385,
 11:05:38.261,f6:90:cc:01:6d:25, 2015-01-01 00:18:36.210, 0.986, -0.062, 0.023, -1.953, 0.61, 0, -65.5, -86.149, -88.918, -28.633, -6.393, 3.333, 29.27, 0.17923, -0.6846, -0.13293, -0.69385,
 11:05:38.280,ed:35:33:d3:6c:f8, 2015-01-01 00:18:37.010, 0.828, -0.035, 0.546, -0.183, 0.183, -0.671, -3.582, -56.558, -164.372, -23.220, -7.887, -12.613, 30.37, -0.10379, 0.47394, 0.03644, 0.8736,
 11:05:38.280,ed:35:33:d3:6c:f8, 2015-01-01 00:18:37.010, 0.829, -0.037, 0.542, -0.305, 0.122, -0.488, -3.571, -56.558, -164.372, -23.220, -7.887, -12.613, 30.37, -0.10379, 0.47394, 0.03644, 0.8736,
 11:05:38.284,ed:40:fe:65:30:6c, 2015-01-01 00:18:33.375, 0.885, 0.042, 0.466, -0.61, 0.183, -0.427, 5.339, -62.161, -115.659, -26.720, -7.400, 5.367, 25.17, 0.47589, -0.41544, -0.30856, -0.71106,
 11:05:38.284,ed:40:fe:65:30:6c, 2015-01-01 00:18:33.375, 0.888, 0.043, 0.464, -0.61, 0, -0.549, 5.35, -62.155, -115.664, -26.720, -7.400, 5.367, 25.17, 0.47589, -0.41544, -0.30856, -0.71106,
 11:05:38.285,e3:ca:2d:fd:e0:8c, 2015-01-01 00:18:33.885, 1.014, -0.124, -0.041, -1.282, -0.977, -0.671, -108.21, -82.716, -107.858, -25.313, -4.673, -4.327, 23.42, -0.17191, -0.67133, 0.2626, -0.67133,
 11:05:38.285,e3:ca:2d:fd:e0:8c, 2015-01-01 00:18:33.885, 1.013, -0.124, -0.04, -1.038, -1.099, -0.549, -108.402, -82.722, -107.672, -25.313, -4.673, -4.327, 23.42, -0.17191, -0.67133, 0.2626, -0.67133,
 11:05:38.305,f6:90:cc:01:6d:25, 2015-01-01 00:18:36.545, 0.983, -0.064, 0.024, -1.953, 0.61, 0, -65.407, -86.144, -89.011, -28.633, -6.393, 3.333, 29.27, 0.17923, -0.6846, -0.13293, -0.69385,
 11:05:38.305,f6:90:cc:01:6d:25, 2015-01-01 00:18:36.545, 0.984, -0.064, 0.022, -1.648, 0.793, 0, -65.259, -86.138, -89.149, -28.633, -6.393, 3.333, 29.27, 0.17923, -0.6846, -0.13293, -0.69385,
 11:05:38.328,f6:90:cc:01:6d:25, 2015-01-01 00:18:36.545, 0.984, -0.063, 0.019, -1.16, 0.732, -0.183, -65.11, -86.133, -89.264, -28.633, -6.393, 3.333, 29.27, 0.17923, -0.6846, -0.13293, -0.69385,
 11:05:38.328,f6:90:cc:01:6d:25, 2015-01-01 00:18:36.545, 0.986, -0.064, 0.024, -0.977, 0.854, -0.366, -64.913, -86.133, -89.412, -28.633, -6.393, 3.333, 29.27, 0.17923, -0.6846, -0.13293, -0.69385,
 11:05:38.328,ed:35:33:d3:6c:f8, 2015-01-01 00:18:37.010, 0.831, -0.034, 0.545, -0.183, 0.183, -0.61, -3.56, -56.552, -164.361, -23.220, -7.887, -12.613, 30.37, -0.10379, 0.47394, 0.03644, 0.8736,
 11:05:38.328,ed:35:33:d3:6c:f8, 2015-01-01 00:18:37.010, 0.832, -0.033, 0.544, -0.122, -0.061, -0.305, -3.554, -56.552, -164.333, -23.220, -7.887, -12.613, 30.37, -0.10379, 0.47394, 0.03644, 0.8736,
 11:05:38.330,e3:ca:2d:fd:e0:8c, 2015-01-01 00:18:33.885, 1.012, -0.122, -0.043, -0.854, -0.977, -0.488, -108.578, -82.727, -107.485, -25.313, -4.673, -4.327, 23.42, -0.17191, -0.67133, 0.2626, -0.67133,
 11:05:38.330,e3:ca:2d:fd:e0:8c, 2015-01-01 00:18:33.885, 1.015, -0.122, -0.039, -0.732, -0.671, -0.427, -108.71, -82.727, -107.298, -25.313, -4.673, -4.327, 23.42, -0.17191, -0.67133, 0.2626, -0.67133,
 11:05:38.348,ed:35:33:d3:6c:f8, 2015-01-01 00:18:37.010, 0.833, -0.033, 0.545, -0.488, -0.122, -0.244, -3.554, -56.552, -164.29, -23.220, -7.887, -12.613, 30.37, -0.10379, 0.47394, 0.03644, 0.8736,
 11:05:38.348,ed:35:33:d3:6c:f8, 2015-01-01 00:18:37.010, 0.833, -0.032, 0.544, -0.427, -0.244, -0.183, -3.56, -56.558, -164.235, -23.220, -7.887, -12.613, 30.37, -0.10379, 0.47394, 0.03644, 0.8736,
 11:05:38.351,ed:40:fe:65:30:6c, 2015-01-01 00:18:33.735, 0.888, 0.044, 0.464, -0.305, -0.305, -0.549, 5.361, -62.155, -115.692, -26.720, -7.400, 5.367, 25.17, 0.47589, -0.41544, -0.30856, -0.71106,
 11:05:38.351,ed:40:fe:65:30:6c, 2015-01-01 00:18:33.735, 0.89, 0.045, 0.466, -0.366, -0.61, -0.366, 5.372, -62.166, -115.719, -26.720, -7.400, 5.367, 25.17, 0.47589, -0.41544, -0.30856, -0.71106,
 11:05:38.353,e3:ca:2d:fd:e0:8c, 2015-01-01 00:18:33.885, 1.015, -0.125, -0.042, -0.793, -0.671, -0.366, -108.831, -82.733, -107.117, -25.380, -4.567, -3.200, 23.42, -0.17191, -0.67133, 0.2626, -0.67133,
 11:05:38.353,e3:ca:2d:fd:e0:8c, 2015-01-01 00:18:33.885, 1.012, -0.123, -0.042, -0.549, -0.732, -0.427, -108.957, -82.733, -106.941, -25.380, -4.567, -3.200, 23.42, -0.17191, -0.67133, 0.2626, -0.67133,
 11:05:38.372,f6:90:cc:01:6d:25, 2015-01-01 00:18:36.545, 0.986, -0.064, 0.021, -1.038, 0.977, -0.366, -64.682, -86.127, -89.566, -28.633, -6.393, 3.333, 29.27, 0.17923, -0.6846, -0.13293, -0.69385,
 11:05:38.372,f6:90:cc:01:6d:25, 2015-01-01 00:18:36.545, 0.985, -0.062, 0.021, -0.977, 0.916, -0.305, -64.484, -86.127, -89.72, -28.633, -6.393, 3.333, 29.27, 0.17923, -0.6846, -0.13293, -0.69385,
 11:05:38.373,ed:40:fe:65:30:6c, 2015-01-01 00:18:33.735, 0.89, 0.044, 0.466, -0.488, -0.671, -0.244, 5.372, -62.177, -115.73, -26.720, -7.400, 5.367, 25.17, 0.47589, -0.41544, -0.30856, -0.71106,
 11:05:38.373,ed:40:fe:65:30:6c, 2015-01-01 00:18:33.735, 0.889, 0.047, 0.465, -0.488, -0.732, -0.244, 5.378, -62.188, -115.735, -26.720, -7.400, 5.367, 25.17, 0.47589, -0.41544, -0.30856, -0.71106,
 11:05:38.396,ed:40:fe:65:30:6c, 2015-01-01 00:18:33.735, 0.887, 0.045, 0.466, -0.427, -0.549, -0.183, 5.378, -62.199, -115.746, -26.720, -7.400, 5.367, 25.17, 0.47589, -0.41544, -0.30856, -0.71106,
 11:05:38.396,ed:40:fe:65:30:6c, 2015-01-01 00:18:33.735, 0.888, 0.045, 0.465, -0.305, -0.549, -0.061, 5.378, -62.21, -115.741, -26.720, -7.400, 5.367, 25.17, 0.47589, -0.41544, -0.30856, -0.71106,
 11:05:38.397,e3:ca:2d:fd:e0:8c, 2015-01-01 00:18:33.885, 1.011, -0.125, -0.042, -0.305, -0.732, -0.427, -109.083, -82.738, -106.738, -25.380, -4.567, -3.200, 23.42, -0.17191, -0.67133, 0.2626, -0.67133,
 11:05:38.397,e3:ca:2d:fd:e0:8c, 2015-01-01 00:18:33.885, 1.013, -0.122, -0.046, -0.122, -0.916, -0.305, -109.226, -82.733, -106.529, -25.380, -4.567, -3.200, 23.42, -0.17191, -0.67133, 0.2626, -0.67133,
 11:05:38.416,ed:35:33:d3:6c:f8, 2015-01-01 00:18:37.010, 0.83, -0.032, 0.545, -0.427, -0.305, -0.183, -3.565, -56.563, -164.174, -23.220, -7.887, -12.613, 30.37, -0.10379, 0.47394, 0.03644, 0.8736,
 11:05:38.416,ed:35:33:d3:6c:f8, 2015-01-01 00:18:37.010, 0.831, -0.031, 0.544, -0.366, -0.366, -0.122, -3.565, -56.574, -164.103, -23.220, -7.887, -12.613, 30.37, -0.10379, 0.47394, 0.03644, 0.8736,
 11:05:38.418,f6:90:cc:01:6d:25, 2015-01-01 00:18:36.545, 0.981, -0.062, 0.024, -0.732, 0.916, -0.305, -64.281, -86.122, -89.885, -28.633, -6.393, 3.333, 29.27, 0.17923, -0.6846, -0.13293, -0.69385,
 11:05:38.420,f6:90:cc:01:6d:25, 2015-01-01 00:18:36.545, 0.982, -0.062, 0.02, -0.488, 0.854, -0.366, -64.083, -86.122, -90.016, -28.633, -6.393, 3.333, 29.27, 0.17923, -0.6846, -0.13293, -0.69385,
 11:05:38.439,ed:35:33:d3:6c:f8, 2015-01-01 00:18:37.010, 0.83, -0.032, 0.545, -0.122, -0.427, 0.061, -3.571, -56.58, -164.048, -23.347, -7.667, -12.373, 30.37, -0.10379, 0.47394, 0.03644, 0.8736,
 11:05:38.439,ed:35:33:d3:6c:f8, 2015-01-01 00:18:37.010, 0.83, -0.033, 0.545, -0.244, -0.366, 0.122, -3.576, -56.591, -163.993, -23.347, -7.667, -12.373, 30.37, -0.10379, 0.47394, 0.03644, 0.8736,
 11:05:38.440,f6:90:cc:01:6d:25, 2015-01-01 00:18:36.545, 0.983, -0.062, 0.023, -0.183, 0.61, -0.549, -63.929, -86.127, -90.121, -28.633, -6.393, 3.333, 29.27, 0.17923, -0.6846, -0.13293, -0.69385,
 11:05:38.440,f6:90:cc:01:6d:25, 2015-01-01 00:18:36.545, 0.985, -0.062, 0.026, 0, 0.366, -0.61, -63.82, -86.138, -90.165, -28.633, -6.393, 3.333, 29.27, 0.17923, -0.6846, -0.13293, -0.69385,
 11:05:38.441,ed:40:fe:65:30:6c, 2015-01-01 00:18:33.735, 0.887, 0.046, 0.466, -0.061, -0.61, 0.122, 5.378, -62.221, -115.724, -26.720, -7.400, 5.367, 25.17, 0.47589, -0.41544, -0.30856, -0.71106,
 11:05:38.442,ed:40:fe:65:30:6c, 2015-01-01 00:18:33.735, 0.887, 0.045, 0.466, -0.305, -0.549, 0.183, 5.372, -62.232, -115.697, -26.720, -7.400, 5.367, 25.17, 0.47589, -0.41544, -0.30856, -0.71106,
 11:05:38.442,e3:ca:2d:fd:e0:8c, 2015-01-01 00:18:33.885, 1.014, -0.12, -0.043, 0, -0.854, -0.244, -109.363, -82.733, -106.326, -25.380, -4.567, -3.200, 23.42, -0.17206, -0.67249, 0.2616, -0.67053,
 11:05:38.442,e3:ca:2d:fd:e0:8c, 2015-01-01 00:18:33.885, 1.014, -0.121, -0.039, 0.244, -0.61, -0.244, -109.462, -82.733, -106.177, -25.380, -4.567, -3.200, 23.42, -0.17206, -0.67249, 0.2616, -0.67053,
 11:05:38.485,f6:90:cc:01:6d:25, 2015-01-01 00:18:36.545, 0.984, -0.062, 0.026, 0.183, 0.488, -0.61, -63.671, -86.144, -90.236, -28.633, -6.393, 3.333, 29.27, 0.17923, -0.6846, -0.13293, -0.69385,
 11:05:38.485,f6:90:cc:01:6d:25, 2015-01-01 00:18:36.545, 0.982, -0.06, 0.032, 0.366, 0.488, -0.549, -63.517, -86.149, -90.341, -28.633, -6.393, 3.333, 29.27, 0.17923, -0.6846, -0.13293, -0.69385,
 11:05:38.486,ed:35:33:d3:6c:f8, 2015-01-01 00:18:37.010, 0.83, -0.033, 0.546, -0.366, -0.366, 0.122, -3.587, -56.596, -163.965, -23.347, -7.667, -12.373, 30.37, -0.10379, 0.47394, 0.03644, 0.8736,
 11:05:38.486,ed:35:33:d3:6c:f8, 2015-01-01 00:18:37.010, 0.828, -0.034, 0.547, -0.122, -0.427, 0.061, -3.593, -56.607, -163.938, -23.347, -7.667, -12.373, 30.37, -0.10379, 0.47394, 0.03644, 0.8736,
 11:05:38.487,ed:40:fe:65:30:6c, 2015-01-01 00:18:33.735, 0.887, 0.045, 0.468, -0.183, -0.488, 0.183, 5.361, -62.243, -115.67, -26.720, -7.400, 5.367, 25.17, 0.47589, -0.41544, -0.30856, -0.71106,
 11:05:38.487,ed:40:fe:65:30:6c, 2015-01-01 00:18:33.735, 0.885, 0.044, 0.468, 0, -0.488, 0.061, 5.361, -62.249, -115.648, -26.720, -7.400, 5.367, 25.17, 0.47589, -0.41544, -0.30856, -0.71106,
 11:05:38.492,e3:ca:2d:fd:e0:8c, 2015-01-01 00:18:34.200, 1.012, -0.123, -0.041, 0.61, -0.427, -0.061, -109.517, -82.733, -106.073, -25.380, -4.567, -3.200, 23.42, -0.17206, -0.67249, 0.2616, -0.67053,
 11:05:38.492,e3:ca:2d:fd:e0:8c, 2015-01-01 00:18:34.200, 1.009, -0.124, -0.036, 0.488, -0.488, -0.061, -109.567, -82.727, -105.974, -25.380, -4.567, -3.200, 23.42, -0.17206, -0.67249, 0.2616, -0.67053,
 11:05:38.530,ed:35:33:d3:6c:f8, 2015-01-01 00:18:37.010, 0.828, -0.033, 0.548, 0.183, -0.427, -0.061, -3.587, -56.613, -163.927, -23.347, -7.667, -12.373, 30.37, -0.10815, 0.47311, 0.03882, 0.87341,
 11:05:38.530,ed:35:33:d3:6c:f8, 2015-01-01 00:18:37.010, 0.828, -0.03, 0.546, 0.305, -0.366, 0, -3.582, -56.624, -163.905, -23.347, -7.667, -12.373, 30.37, -0.10815, 0.47311, 0.03882, 0.87341,
 11:05:38.532,e3:ca:2d:fd:e0:8c, 2015-01-01 00:18:34.200, 1.007, -0.124, -0.036, 0.183, -0.427, 0, -109.611, -82.727, -105.903, -25.380, -4.567, -3.200, 23.42, -0.17206, -0.67249, 0.2616, -0.67053,
 11:05:38.532,e3:ca:2d:fd:e0:8c, 2015-01-01 00:18:34.200, 1.01, -0.121, -0.039, 0, -0.366, -0.061, -109.649, -82.727, -105.87, -25.380, -4.567, -3.200, 23.42, -0.17206, -0.67249, 0.2616, -0.67053,
 11:05:38.552,f6:90:cc:01:6d:25, 2015-01-01 00:18:36.545, 0.98, -0.059, 0.029, 0.366, 0.427, -0.427, -63.342, -86.149, -90.428, -28.940, -6.187, 3.853, 29.27, 0.17923, -0.6846, -0.13293, -0.69385,
 11:05:38.552,f6:90:cc:01:6d:25, 2015-01-01 00:18:36.545, 0.986, -0.056, 0.024, 0.183, 0.061, -0.366, -63.226, -86.155, -90.489, -28.940, -6.187, 3.853, 29.27, 0.17923, -0.6846, -0.13293, -0.69385,
 11:05:38.553,ed:40:fe:65:30:6c, 2015-01-01 00:18:33.735, 0.886, 0.046, 0.469, 0.122, -0.305, 0, 5.367, -62.254, -115.637, -26.747, -6.960, 5.013, 25.17, 0.47589, -0.41544, -0.30856, -0.71106,
 11:05:38.553,ed:40:fe:65:30:6c, 2015-01-01 00:18:33.735, 0.885, 0.049, 0.468, 0.183, -0.244, 0, 5.372, -62.26, -115.631, -26.747, -6.960, 5.013, 25.17, 0.47589, -0.41544, -0.30856, -0.71106,
 11:05:38.555,e3:ca:2d:fd:e0:8c, 2015-01-01 00:18:34.200, 1.016, -0.118, -0.045, -0.244, -0.305, -0.183, -109.688, -82.727, -105.831, -25.380, -4.567, -3.200, 23.42, -0.17206, -0.67249, 0.2616, -0.67053,
 11:05:38.555,e3:ca:2d:fd:e0:8c, 2015-01-01 00:18:34.200, 1.02, -0.12, -0.04, -0.305, -0.061, -0.244, -109.709, -82.733, -105.815, -25.380, -4.567, -3.200, 23.42, -0.17206, -0.67249, 0.2616, -0.67053,
 11:05:38.575,f6:90:cc:01:6d:25, 2015-01-01 00:18:36.545, 0.989, -0.058, 0.029, 0, -0.122, -0.366, -63.21, -86.16, -90.5, -28.940, -6.187, 3.853, 29.27, 0.18369, -0.68259, -0.13766, -0.69376,
 11:05:38.575,f6:90:cc:01:6d:25, 2015-01-01 00:18:36.545, 0.985, -0.061, 0.031, -0.061, -0.061, -0.305, -63.221, -86.166, -90.489, -28.940, -6.187, 3.853, 29.27, 0.18369, -0.68259, -0.13766, -0.69376,
 11:05:38.575,ed:35:33:d3:6c:f8, 2015-01-01 00:18:37.010, 0.833, -0.029, 0.547, 0.305, -0.244, -0.183, -3.571, -56.624, -163.894, -23.347, -7.667, -12.373, 30.37, -0.10815, 0.47311, 0.03882, 0.87341,
 11:05:38.575,ed:35:33:d3:6c:f8, 2015-01-01 00:18:37.010, 0.833, -0.03, 0.545, 0.305, -0.183, -0.244, -3.554, -56.629, -163.878, -23.347, -7.667, -12.373, 30.37, -0.10815, 0.47311, 0.03882, 0.87341,
 11:05:38.577,ed:40:fe:65:30:6c, 2015-01-01 00:18:33.735, 0.89, 0.049, 0.468, 0.183, -0.183, -0.122, 5.383, -62.26, -115.62, -26.747, -6.960, 5.013, 25.17, 0.47604, -0.41559, -0.30914, -0.71063,
 11:05:38.577,ed:40:fe:65:30:6c, 2015-01-01 00:18:33.735, 0.89, 0.048, 0.465, 0.122, -0.122, -0.122, 5.394, -62.26, -115.609, -26.747, -6.960, 5.013, 25.17, 0.47604, -0.41559, -0.30914, -0.71063,
 11:05:38.595,ed:35:33:d3:6c:f8, 2015-01-01 00:18:37.370, 0.831, -0.029, 0.544, 0.183, -0.122, -0.183, -3.543, -56.635, -163.878, -23.347, -7.667, -12.373, 30.37, -0.10815, 0.47311, 0.03882, 0.87341,
 11:05:38.595,ed:35:33:d3:6c:f8, 2015-01-01 00:18:37.370, 0.833, -0.03, 0.546, 0.061, 0.366, 0.183, -3.543, -56.629, -163.85, -23.347, -7.667, -12.373, 30.37, -0.10815, 0.47311, 0.03882, 0.87341,
 11:05:38.600,e3:ca:2d:fd:e0:8c, 2015-01-01 00:18:34.200, 1.016, -0.123, -0.042, -0.122, -0.427, -0.244, -109.764, -82.733, -105.754, -25.380, -4.567, -3.200, 23.42, -0.17206, -0.67249, 0.2616, -0.67053,
 11:05:38.600,e3:ca:2d:fd:e0:8c, 2015-01-01 00:18:34.200, 1.012, -0.124, -0.047, 0, -0.916, -0.183, -109.88, -82.733, -105.634, -25.380, -4.567, -3.200, 23.42, -0.17206, -0.67249, 0.2616, -0.67053,
 11:05:38.620,f6:90:cc:01:6d:25, 2015-01-01 00:18:36.545, 0.982, -0.064, 0.022, 0.244, 0, -0.366, -63.221, -86.177, -90.511, -28.940, -6.187, 3.853, 29.27, 0.18369, -0.68259, -0.13766, -0.69376,
 11:05:38.620,f6:90:cc:01:6d:25, 2015-01-01 00:18:36.545, 0.982, -0.063, 0.02, 0.427, -0.244, -0.549, -63.21, -86.182, -90.522, -28.940, -6.187, 3.853, 29.27, 0.18369, -0.68259, -0.13766, -0.69376,
 11:05:38.621,ed:40:fe:65:30:6c, 2015-01-01 00:18:33.735, 0.889, 0.048, 0.468, 0.183, 0.061, 0, 5.405, -62.26, -115.598, -26.747, -6.960, 5.013, 25.17, 0.47604, -0.41559, -0.30914, -0.71063,
 11:05:38.621,ed:40:fe:65:30:6c, 2015-01-01 00:18:33.735, 0.888, 0.045, 0.467, 0.366, 0.244, 0.366, 5.405, -62.254, -115.587, -26.747, -6.960, 5.013, 25.17, 0.47604, -0.41559, -0.30914, -0.71063,
 11:05:38.641,ed:35:33:d3:6c:f8, 2015-01-01 00:18:37.370, 0.831, -0.036, 0.544, 0, 0.061, 0.793, -3.554, -56.624, -163.845, -23.347, -7.667, -12.373, 30.37, -0.10815, 0.47311, 0.03882, 0.87341,
 11:05:38.641,ed:35:33:d3:6c:f8, 2015-01-01 00:18:37.370, 0.835, -0.034, 0.54, 0.183, -0.366, 0.427, -3.565, -56.629, -163.872, -23.347, -7.667, -12.373, 30.37, -0.10815, 0.47311, 0.03882, 0.87341,
 11:05:38.643,f6:90:cc:01:6d:25, 2015-01-01 00:18:36.905, 0.988, -0.058, 0.024, 0.183, -0.122, -0.427, -63.237, -86.193, -90.483, -28.940, -6.187, 3.853, 29.27, 0.18369, -0.68259, -0.13766, -0.69376,
 11:05:38.643,f6:90:cc:01:6d:25, 2015-01-01 00:18:36.905, 0.992, -0.057, 0.027, 0, 0, -0.305, -63.254, -86.199, -90.472, -28.940, -6.187, 3.853, 29.27, 0.18369, -0.68259, -0.13766, -0.69376,
 11:05:38.644,ed:40:fe:65:30:6c, 2015-01-01 00:18:34.070, 0.887, 0.042, 0.464, 0, 0.122, 0.793, 5.383, -62.249, -115.571, -26.747, -6.960, 5.013, 25.17, 0.47604, -0.41559, -0.30914, -0.71063,
 11:05:38.644,ed:40:fe:65:30:6c, 2015-01-01 00:18:34.070, 0.894, 0.049, 0.46, 0, 0.122, 0.244, 5.378, -62.249, -115.565, -26.747, -6.960, 5.013, 25.17, 0.47604, -0.41559, -0.30914, -0.71063,
 11:05:38.646,e3:ca:2d:fd:e0:8c, 2015-01-01 00:18:34.200, 1.01, -0.124, -0.046, 0, -0.732, -0.122, -109.99, -82.727, -105.507, -25.380, -4.567, -3.200, 23.42, -0.17206, -0.67249, 0.2616, -0.67053,
 11:05:38.646,e3:ca:2d:fd:e0:8c, 2015-01-01 00:18:34.200, 1.016, -0.121, -0.042, -0.183, -0.488, -0.183, -110.072, -82.727, -105.419, -25.380, -4.567, -3.200, 23.42, -0.17206, -0.67249, 0.2616, -0.67053,
 11:05:38.687,ed:35:33:d3:6c:f8, 2015-01-01 00:18:37.370, 0.837, -0.027, 0.544, 0.61, -0.427, -0.122, -3.554, -56.64, -163.916, -23.347, -7.667, -12.373, 30.37, -0.10815, 0.47311, 0.03882, 0.87341,
 11:05:38.687,ed:35:33:d3:6c:f8, 2015-01-01 00:18:37.370, 0.834, -0.031, 0.545, 0.427, 0.061, 0.488, -3.554, -56.64, -163.922, -23.347, -7.667, -12.373, 30.37, -0.10815, 0.47311, 0.03882, 0.87341,
 11:05:38.705,f6:90:cc:01:6d:25, 2015-01-01 00:18:36.905, 0.986, -0.061, 0.023, -0.122, 0.061, -0.366, -63.254, -86.204, -90.461, -28.940, -6.187, 3.853, 29.27, 0.18369, -0.68259, -0.13766, -0.69376,
 11:05:38.705,f6:90:cc:01:6d:25, 2015-01-01 00:18:36.905, 0.983, -0.061, 0.021, -0.122, 0.244, -0.305, -63.226, -86.21, -90.461, -28.940, -6.187, 3.853, 29.27, 0.18369, -0.68259, -0.13766, -0.69376,
 11:05:38.705,ed:40:fe:65:30:6c, 2015-01-01 00:18:34.070, 0.894, 0.05, 0.466, 0.427, 0, 0, 5.389, -62.249, -115.565, -26.747, -6.960, 5.013, 25.17, 0.47604, -0.41559, -0.30914, -0.71063,
 11:05:38.705,ed:40:fe:65:30:6c, 2015-01-01 00:18:34.070, 0.891, 0.044, 0.466, 0.366, 0, 0.549, 5.383, -62.249, -115.538, -26.747, -6.960, 5.013, 25.17, 0.47604, -0.41559, -0.30914, -0.71063,
 11:05:38.705,e3:ca:2d:fd:e0:8c, 2015-01-01 00:18:34.200, 1.021, -0.121, -0.043, -0.427, -0.61, -0.366, -110.176, -82.727, -105.309, -24.833, -5.120, -4.373, 23.42, -0.17206, -0.67249, 0.2616, -0.67053,
 11:05:38.705,e3:ca:2d:fd:e0:8c, 2015-01-01 00:18:34.200, 1.016, -0.123, -0.044, -0.549, -0.549, -0.305, -110.275, -82.733, -105.167, -24.833, -5.120, -4.373, 23.42, -0.17206, -0.67249, 0.2616, -0.67053,
 11:05:38.708,ed:35:33:d3:6c:f8, 2015-01-01 00:18:37.370, 0.831, -0.037, 0.545, 0, 0.183, 0.488, -3.565, -56.64, -163.938, -23.347, -7.667, -12.373, 30.37, -0.10815, 0.47311, 0.03882, 0.87341,
 11:05:38.708,ed:35:33:d3:6c:f8, 2015-01-01 00:18:37.370, 0.828, -0.035, 0.543, 0.549, -0.427, 0.244, -3.565, -56.646, -163.943, -23.347, -7.667, -12.373, 30.37, -0.10815, 0.47311, 0.03882, 0.87341,
 11:05:38.712,e3:ca:2d:fd:e0:8c, 2015-01-01 00:18:34.200, 1.011, -0.123, -0.047, -0.427, -0.305, -0.305, -110.347, -82.733, -105.046, -24.833, -5.120, -4.373, 23.42, -0.16974, -0.67435, 0.25922, -0.67017,
 11:05:38.713,e3:ca:2d:fd:e0:8c, 2015-01-01 00:18:34.200, 1.011, -0.121, -0.045, -0.183, -0.122, -0.183, -110.38, -82.738, -105.002, -24.833, -5.120, -4.373, 23.42, -0.16974, -0.67435, 0.25922, -0.67017,
 11:05:38.732,f6:90:cc:01:6d:25, 2015-01-01 00:18:36.905, 0.981, -0.06, 0.025, 0.122, 0.244, -0.427, -63.171, -86.215, -90.505, -28.940, -6.187, 3.853, 29.27, 0.18369, -0.68259, -0.13766, -0.69376,
 11:05:38.732,f6:90:cc:01:6d:25, 2015-01-01 00:18:36.905, 0.983, -0.06, 0.026, 0.305, 0.183, -0.61, -63.1, -86.221, -90.571, -28.940, -6.187, 3.853, 29.27, 0.18369, -0.68259, -0.13766, -0.69376,
 11:05:38.735,ed:40:fe:65:30:6c, 2015-01-01 00:18:34.070, 0.887, 0.044, 0.464, 0.244, 0, 0.366, 5.378, -62.249, -115.527, -26.747, -6.960, 5.013, 25.17, 0.47604, -0.41559, -0.30914, -0.71063,
 11:05:38.735,ed:40:fe:65:30:6c, 2015-01-01 00:18:34.070, 0.885, 0.043, 0.464, 0.488, -0.183, 0.244, 5.383, -62.254, -115.521, -26.747, -6.960, 5.013, 25.17, 0.47604, -0.41559, -0.30914, -0.71063,
 11:05:38.754,ed:35:33:d3:6c:f8, 2015-01-01 00:18:37.370, 0.829, -0.033, 0.543, 0.183, -0.549, 0.366, -3.565, -56.656, -163.943, -23.347, -7.667, -12.373, 30.37, -0.10815, 0.47311, 0.03882, 0.87341,
 11:05:38.754,ed:35:33:d3:6c:f8, 2015-01-01 00:18:37.370, 0.83, -0.035, 0.543, 0.244, -0.488, 0.305, -3.571, -56.667, -163.954, -23.347, -7.667, -12.373, 30.37, -0.10815, 0.47311, 0.03882, 0.87341,
 11:05:38.756,ed:40:fe:65:30:6c, 2015-01-01 00:18:34.070, 0.887, 0.044, 0.466, 0.183, -0.183, 0.366, 5.372, -62.254, -115.499, -26.747, -6.960, 5.013, 25.17, 0.47604, -0.41559, -0.30914, -0.71063,
 11:05:38.756,ed:40:fe:65:30:6c, 2015-01-01 00:18:34.070, 0.887, 0.045, 0.465, 0.366, -0.244, 0.183, 5.378, -62.26, -115.483, -26.747, -6.960, 5.013, 25.17, 0.47604, -0.41559, -0.30914, -0.71063,
 11:05:38.757,e3:ca:2d:fd:e0:8c, 2015-01-01 00:18:34.200, 1.014, -0.119, -0.044, 0, -0.183, -0.183, -110.407, -82.738, -104.98, -24.833, -5.120, -4.373, 23.42, -0.16974, -0.67435, 0.25922, -0.67017,
 11:05:38.757,e3:ca:2d:fd:e0:8c, 2015-01-01 00:18:34.200, 1.014, -0.119, -0.042, 0, -0.488, -0.183, -110.473, -82.738, -104.936, -24.833, -5.120, -4.373, 23.42, -0.16974, -0.67435, 0.25922, -0.67017,
 11:05:38.777,f6:90:cc:01:6d:25, 2015-01-01 00:18:36.905, 0.985, -0.056, 0.028, 0.427, 0.244, -0.61, -63.007, -86.232, -90.659, -28.940, -6.187, 3.853, 29.27, 0.18369, -0.68259, -0.13766, -0.69376,
 11:05:38.777,f6:90:cc:01:6d:25, 2015-01-01 00:18:36.905, 0.983, -0.056, 0.025, 0.366, 0.183, -0.549, -62.902, -86.237, -90.758, -28.940, -6.187, 3.853, 29.27, 0.18369, -0.68259, -0.13766, -0.69376,
 11:05:38.799,ed:35:33:d3:6c:f8, 2015-01-01 00:18:37.370, 0.832, -0.03, 0.543, 0.427, -0.366, 0.183, -3.571, -56.678, -163.982, -23.347, -7.667, -12.373, 30.37, -0.10815, 0.47311, 0.03882, 0.87341,
 11:05:38.799,ed:35:33:d3:6c:f8, 2015-01-01 00:18:37.370, 0.832, -0.03, 0.543, 0.244, -0.183, 0.061, -3.565, -56.678, -163.987, -23.347, -7.667, -12.373, 30.37, -0.10815, 0.47311, 0.03882, 0.87341,
 11:05:38.802,e3:ca:2d:fd:e0:8c, 2015-01-01 00:18:34.510, 1.01, -0.122, -0.043, 0, -0.549, -0.244, -110.561, -82.738, -104.865, -24.833, -5.120, -4.373, 23.42, -0.16974, -0.67435, 0.25922, -0.67017,
 11:05:38.802,e3:ca:2d:fd:e0:8c, 2015-01-01 00:18:34.510, 1.011, -0.124, -0.043, 0, -0.244, -0.183, -110.605, -82.744, -104.837, -24.833, -5.120, -4.373, 23.42, -0.16974, -0.67435, 0.25922, -0.67017,
 11:05:38.823,ed:40:fe:65:30:6c, 2015-01-01 00:18:34.070, 0.888, 0.049, 0.465, 0.488, -0.244, 0.061, 5.389, -62.265, -115.483, -26.747, -6.960, 5.013, 25.17, 0.47604, -0.41559, -0.30914, -0.71063,
 11:05:38.823,ed:40:fe:65:30:6c, 2015-01-01 00:18:34.070, 0.889, 0.047, 0.465, 0.488, -0.183, 0.061, 5.4, -62.271, -115.477, -26.747, -6.960, 5.013, 25.17, 0.47604, -0.41559, -0.30914, -0.71063,
 11:05:38.846,ed:40:fe:65:30:6c, 2015-01-01 00:18:34.070, 0.889, 0.05, 0.468, 0.305, -0.244, 0.244, 5.4, -62.276, -115.466, -26.813, -7.060, 4.640, 25.17, 0.47604, -0.41559, -0.30914, -0.71063,
 11:05:38.846,ed:40:fe:65:30:6c, 2015-01-01 00:18:34.070, 0.889, 0.047, 0.469, 0.061, -0.244, 0.488, 5.389, -62.281, -115.45, -26.813, -7.060, 4.640, 25.17, 0.47604, -0.41559, -0.30914, -0.71063,
 11:05:38.846,f6:90:cc:01:6d:25, 2015-01-01 00:18:36.905, 0.984, -0.059, 0.025, 0.305, 0.122, -0.366, -62.82, -86.248, -90.797, -28.940, -6.187, 3.853, 29.27, 0.18369, -0.68259, -0.13766, -0.69376,
 11:05:38.846,f6:90:cc:01:6d:25, 2015-01-01 00:18:36.905, 0.988, -0.059, 0.027, 0.488, 0.122, -0.305, -62.776, -86.254, -90.802, -28.940, -6.187, 3.853, 29.27, 0.18369, -0.68259, -0.13766, -0.69376,
 11:05:38.847,e3:ca:2d:fd:e0:8c, 2015-01-01 00:18:34.510, 1.015, -0.122, -0.042, 0, -0.122, -0.061, -110.627, -82.744, -104.843, -24.833, -5.120, -4.373, 23.42, -0.16974, -0.67435, 0.25922, -0.67017,
 11:05:38.848,e3:ca:2d:fd:e0:8c, 2015-01-01 00:18:34.510, 1.016, -0.122, -0.04, -0.061, 0, -0.061, -110.616, -82.744, -104.865, -24.833, -5.120, -4.373, 23.42, -0.16974, -0.67435, 0.25922, -0.67017,
 11:05:38.867,f6:90:cc:01:6d:25, 2015-01-01 00:18:36.905, 0.987, -0.059, 0.029, 0.488, 0.183, -0.244, -62.732, -86.259, -90.813, -28.960, -6.640, 3.940, 29.27, 0.18369, -0.68259, -0.13766, -0.69376,
 11:05:38.867,f6:90:cc:01:6d:25, 2015-01-01 00:18:36.905, 0.986, -0.056, 0.031, 0.305, 0.549, -0.122, -62.655, -86.259, -90.868, -28.960, -6.640, 3.940, 29.27, 0.18369, -0.68259, -0.13766, -0.69376,
 11:05:38.889,ed:35:33:d3:6c:f8, 2015-01-01 00:18:37.370, 0.833, -0.028, 0.547, 0.122, -0.183, 0.244, -3.571, -56.684, -163.993, -23.533, -7.933, -13.067, 30.37, -0.10815, 0.47311, 0.03882, 0.87341,
 11:05:38.889,ed:35:33:d3:6c:f8, 2015-01-01 00:18:37.370, 0.832, -0.029, 0.547, 0, -0.366, 0.488, -3.576, -56.689, -163.993, -23.533, -7.933, -13.067, 30.37, -0.10815, 0.47311, 0.03882, 0.87341,
 11:05:38.891,ed:40:fe:65:30:6c, 2015-01-01 00:18:34.070, 0.89, 0.047, 0.466, -0.183, 0, 0.366, 5.378, -62.276, -115.439, -26.813, -7.060, 4.640, 25.17, 0.47604, -0.41559, -0.30914, -0.71063,
 11:05:38.891,ed:40:fe:65:30:6c, 2015-01-01 00:18:34.070, 0.887, 0.045, 0.466, 0.244, -0.122, 0.061, 5.383, -62.281, -115.439, -26.813, -7.060, 4.640, 25.17, 0.47604, -0.41559, -0.30914, -0.71063,
 11:05:38.893,e3:ca:2d:fd:e0:8c, 2015-01-01 00:18:34.510, 1.015, -0.119, -0.041, -0.244, -0.244, -0.061, -110.643, -82.744, -104.848, -24.833, -5.120, -4.373, 23.42, -0.16974, -0.67435, 0.25922, -0.67017,
 11:05:38.893,e3:ca:2d:fd:e0:8c, 2015-01-01 00:18:34.510, 1.011, -0.118, -0.044, -0.183, -0.427, -0.061, -110.704, -82.738, -104.799, -24.833, -5.120, -4.373, 23.42, -0.16974, -0.67435, 0.25922, -0.67017,
 11:05:38.911,ed:35:33:d3:6c:f8, 2015-01-01 00:18:37.370, 0.833, -0.035, 0.543, -0.488, -0.244, 0.488, -3.598, -56.695, -163.993, -23.533, -7.933, -13.067, 30.37, -0.10764, 0.47382, 0.03867, 0.87311,
 11:05:38.911,ed:35:33:d3:6c:f8, 2015-01-01 00:18:37.370, 0.832, -0.034, 0.544, 0.061, -0.183, 0.122, -3.604, -56.7, -164.009, -23.533, -7.933, -13.067, 30.37, -0.10764, 0.47382, 0.03867, 0.87311,
 11:05:38.912,f6:90:cc:01:6d:25, 2015-01-01 00:18:36.905, 0.983, -0.056, 0.028, 0.061, 0.61, -0.183, -62.507, -86.254, -91, -28.960, -6.640, 3.940, 29.27, 0.18369, -0.68259, -0.13766, -0.69376,
 11:05:38.912,f6:90:cc:01:6d:25, 2015-01-01 00:18:36.905, 0.981, -0.057, 0.026, 0.122, 0.427, -0.305, -62.358, -86.254, -91.154, -28.960, -6.640, 3.940, 29.27, 0.18369, -0.68259, -0.13766, -0.69376,
 11:05:38.914,e3:ca:2d:fd:e0:8c, 2015-01-01 00:18:34.510, 1.011, -0.12, -0.043, 0, -0.244, -0.061, -110.726, -82.744, -104.755, -24.833, -5.120, -4.373, 23.42, -0.16974, -0.67435, 0.25922, -0.67017,
 11:05:38.914,e3:ca:2d:fd:e0:8c, 2015-01-01 00:18:34.510, 1.012, -0.121, -0.045, 0.061, 0, -0.061, -110.72, -82.744, -104.744, -24.833, -5.120, -4.373, 23.42, -0.16974, -0.67435, 0.25922, -0.67017,
 11:05:38.934,ed:35:33:d3:6c:f8, 2015-01-01 00:18:37.370, 0.829, -0.035, 0.542, -0.061, -0.061, 0.122, -3.604, -56.706, -164.031, -23.533, -7.933, -13.067, 30.37, -0.10764, 0.47382, 0.03867, 0.87311,
 11:05:38.934,ed:35:33:d3:6c:f8, 2015-01-01 00:18:37.370, 0.83, -0.036, 0.542, 0.305, -0.122, -0.122, -3.598, -56.706, -164.048, -23.533, -7.933, -13.067, 30.37, -0.10764, 0.47382, 0.03867, 0.87311,
 11:05:38.935,f6:90:cc:01:6d:25, 2015-01-01 00:18:36.905, 0.982, -0.055, 0.024, 0.366, 0.305, -0.305, -62.238, -86.259, -91.269, -28.960, -6.640, 3.940, 29.27, 0.1842, -0.68213, -0.13953, -0.69366,
 11:05:38.935,f6:90:cc:01:6d:25, 2015-01-01 00:18:36.905, 0.983, -0.058, 0.028, 0.366, 0.244, -0.305, -62.15, -86.259, -91.351, -28.960, -6.640, 3.940, 29.27, 0.1842, -0.68213, -0.13953, -0.69366,
 11:05:38.959,ed:40:fe:65:30:6c, 2015-01-01 00:18:34.070, 0.886, 0.045, 0.464, 0.061, -0.061, 0, 5.389, -62.281, -115.444, -26.813, -7.060, 4.640, 25.17, 0.47711, -0.41522, -0.30988, -0.70981,
 11:05:38.959,ed:40:fe:65:30:6c, 2015-01-01 00:18:34.070, 0.886, 0.043, 0.464, 0.488, -0.183, -0.305, 5.416, -62.281, -115.466, -26.813, -7.060, 4.640, 25.17, 0.47711, -0.41522, -0.30988, -0.70981,
 11:05:38.960,e3:ca:2d:fd:e0:8c, 2015-01-01 00:18:34.510, 1.013, -0.122, -0.044, 0.122, -0.061, 0.061, -110.715, -82.744, -104.749, -24.833, -5.120, -4.373, 23.42, -0.16974, -0.67435, 0.25922, -0.67017,
 11:05:38.961,e3:ca:2d:fd:e0:8c, 2015-01-01 00:18:34.510, 1.014, -0.123, -0.046, 0.122, -0.305, 0.061, -110.742, -82.738, -104.689, -24.833, -5.120, -4.373, 23.42, -0.16974, -0.67435, 0.25922, -0.67017,
 11:05:38.978,ed:35:33:d3:6c:f8, 2015-01-01 00:18:37.370, 0.83, -0.032, 0.544, 0.671, -0.244, -0.305, -3.576, -56.711, -164.075, -23.533, -7.933, -13.067, 30.37, -0.10764, 0.47382, 0.03867, 0.87311,
 11:05:38.978,ed:35:33:d3:6c:f8, 2015-01-01 00:18:37.370, 0.833, -0.026, 0.545, 0.488, -0.122, -0.122, -3.56, -56.717, -164.103, -23.533, -7.933, -13.067, 30.37, -0.10764, 0.47382, 0.03867, 0.87311,
 11:05:38.980,f6:90:cc:01:6d:25, 2015-01-01 00:18:36.905, 0.985, -0.06, 0.027, 0.244, 0.061, -0.244, -62.095, -86.265, -91.379, -28.960, -6.640, 3.940, 29.27, 0.1842, -0.68213, -0.13953, -0.69366,
 11:05:38.980,f6:90:cc:01:6d:25, 2015-01-01 00:18:36.905, 0.986, -0.059, 0.026, 0.183, 0, -0.122, -62.095, -86.27, -91.351, -28.960, -6.640, 3.940, 29.27, 0.1842, -0.68213, -0.13953, -0.69366,
 11:05:38.982,ed:40:fe:65:30:6c, 2015-01-01 00:18:34.405, 0.886, 0.046, 0.466, 0.488, -0.244, -0.366, 5.444, -62.287, -115.494, -26.813, -7.060, 4.640, 25.17, 0.47711, -0.41522, -0.30988, -0.70981,
 11:05:38.982,ed:40:fe:65:30:6c, 2015-01-01 00:18:34.405, 0.889, 0.051, 0.467, 0.305, -0.122, -0.122, 5.455, -62.287, -115.505, -26.813, -7.060, 4.640, 25.17, 0.47711, -0.41522, -0.30988, -0.70981,
 11:05:39.001,ed:35:33:d3:6c:f8, 2015-01-01 00:18:37.770, 0.834, -0.026, 0.545, 0.305, -0.183, 0.122, -3.554, -56.717, -164.125, -23.533, -7.933, -13.067, 30.37, -0.10764, 0.47382, 0.03867, 0.87311,
 11:05:39.001,ed:35:33:d3:6c:f8, 2015-01-01 00:18:37.770, 0.835, -0.03, 0.542, 0, -0.244, 0.366, -3.554, -56.722, -164.136, -23.533, -7.933, -13.067, 30.37, -0.10764, 0.47382, 0.03867, 0.87311,
 11:05:39.003,f6:90:cc:01:6d:25, 2015-01-01 00:18:37.260, 0.987, -0.057, 0.023, 0.122, 0, 0, -62.117, -86.27, -91.307, -28.960, -6.640, 3.940, 29.27, 0.1842, -0.68213, -0.13953, -0.69366,
 11:05:39.003,f6:90:cc:01:6d:25, 2015-01-01 00:18:37.260, 0.986, -0.057, 0.027, 0.183, 0.061, 0, -62.144, -86.27, -91.219, -28.960, -6.640, 3.940, 29.27, 0.1842, -0.68213, -0.13953, -0.69366,
 11:05:39.004,ed:40:fe:65:30:6c, 2015-01-01 00:18:34.405, 0.891, 0.05, 0.466, 0.244, -0.061, 0.244, 5.455, -62.287, -115.499, -26.813, -7.060, 4.640, 25.17, 0.47711, -0.41522, -0.30988, -0.70981,
 11:05:39.004,ed:40:fe:65:30:6c, 2015-01-01 00:18:34.405, 0.891, 0.048, 0.463, 0.061, -0.061, 0.427, 5.444, -62.287, -115.483, -26.813, -7.060, 4.640, 25.17, 0.47711, -0.41522, -0.30988, -0.70981,
 11:05:39.005,e3:ca:2d:fd:e0:8c, 2015-01-01 00:18:34.510, 1.014, -0.123, -0.045, 0, -0.427, 0, -110.797, -82.733, -104.606, -25.073, -4.820, -3.940, 23.42, -0.16974, -0.67435, 0.25922, -0.67017,
 11:05:39.005,e3:ca:2d:fd:e0:8c, 2015-01-01 00:18:34.510, 1.015, -0.122, -0.046, 0, -0.305, 0, -110.836, -82.733, -104.535, -25.073, -4.820, -3.940, 23.42, -0.16974, -0.67435, 0.25922, -0.67017,
 11:05:39.046,ed:35:33:d3:6c:f8, 2015-01-01 00:18:37.770, 0.833, -0.031, 0.54, -0.061, -0.305, 0.427, -3.565, -56.728, -164.136, -23.533, -7.933, -13.067, 30.37, -0.10764, 0.47382, 0.03867, 0.87311,
 11:05:39.046,ed:35:33:d3:6c:f8, 2015-01-01 00:18:37.770, 0.834, -0.033, 0.542, -0.183, 0, 0.488, -3.582, -56.733, -164.119, -23.533, -7.933, -13.067, 30.37, -0.10764, 0.47382, 0.03867, 0.87311,
 11:05:39.047,f6:90:cc:01:6d:25, 2015-01-01 00:18:37.260, 0.985, -0.058, 0.025, 0.366, 0.244, -0.061, -62.133, -86.27, -91.181, -28.960, -6.640, 3.940, 29.27, 0.1842, -0.68213, -0.13953, -0.69366,
 11:05:39.047,f6:90:cc:01:6d:25, 2015-01-01 00:18:37.260, 0.985, -0.058, 0.025, 0.427, 0.366, -0.122, -62.073, -86.27, -91.252, -28.960, -6.640, 3.940, 29.27, 0.1842, -0.68213, -0.13953, -0.69366,
 11:05:39.048,ed:40:fe:65:30:6c, 2015-01-01 00:18:34.405, 0.89, 0.047, 0.462, 0.122, -0.061, 0.427, 5.438, -62.287, -115.461, -26.813, -7.060, 4.640, 25.17, 0.47711, -0.41522, -0.30988, -0.70981,
 11:05:39.048,ed:40:fe:65:30:6c, 2015-01-01 00:18:34.405, 0.89, 0.045, 0.463, 0.122, -0.061, 0.427, 5.427, -62.292, -115.433, -26.813, -7.060, 4.640, 25.17, 0.47711, -0.41522, -0.30988, -0.70981,
 11:05:39.051,e3:ca:2d:fd:e0:8c, 2015-01-01 00:18:34.510, 1.016, -0.12, -0.043, 0.061, -0.183, 0, -110.852, -82.733, -104.502, -25.073, -4.820, -3.940, 23.42, -0.16959, -0.67477, 0.25906, -0.66983,
 11:05:39.051,e3:ca:2d:fd:e0:8c, 2015-01-01 00:18:34.510, 1.015, -0.121, -0.044, 0.244, -0.244, 0.122, -110.869, -82.727, -104.469, -25.073, -4.820, -3.940, 23.42, -0.16959, -0.67477, 0.25906, -0.66983,
 11:05:39.091,ed:35:33:d3:6c:f8, 2015-01-01 00:18:37.770, 0.833, -0.033, 0.542, 0, 0, 0.549, -3.593, -56.733, -164.103, -23.533, -7.933, -13.067, 30.37, -0.10764, 0.47382, 0.03867, 0.87311,
 11:05:39.091,ed:35:33:d3:6c:f8, 2015-01-01 00:18:37.770, 0.834, -0.032, 0.543, 0.061, 0, 0.61, -3.609, -56.733, -164.081, -23.533, -7.933, -13.067, 30.37, -0.10764, 0.47382, 0.03867, 0.87311,
 11:05:39.092,f6:90:cc:01:6d:25, 2015-01-01 00:18:37.260, 0.984, -0.058, 0.023, 0.366, 0.427, -0.183, -61.979, -86.27, -91.362, -28.960, -6.640, 3.940, 29.27, 0.1842, -0.68213, -0.13953, -0.69366,
 11:05:39.092,f6:90:cc:01:6d:25, 2015-01-01 00:18:37.260, 0.985, -0.058, 0.026, 0.183, 0.366, -0.122, -61.897, -86.27, -91.472, -28.960, -6.640, 3.940, 29.27, 0.1842, -0.68213, -0.13953, -0.69366,
 11:05:39.094,ed:40:fe:65:30:6c, 2015-01-01 00:18:34.405, 0.889, 0.045, 0.464, 0.366, 0, 0.427, 5.422, -62.292, -115.406, -26.813, -7.060, 4.640, 25.17, 0.47711, -0.41522, -0.30988, -0.70981,
 11:05:39.094,ed:40:fe:65:30:6c, 2015-01-01 00:18:34.405, 0.89, 0.046, 0.465, 0.366, 0, 0.488, 5.416, -62.292, -115.373, -26.813, -7.060, 4.640, 25.17, 0.47711, -0.41522, -0.30988, -0.70981,
 11:05:39.095,e3:ca:2d:fd:e0:8c, 2015-01-01 00:18:34.800, 1.013, -0.121, -0.045, 0.305, -0.244, 0.122, -110.88, -82.722, -104.436, -25.073, -4.820, -3.940, 23.42, -0.16959, -0.67477, 0.25906, -0.66983,
 11:05:39.095,e3:ca:2d:fd:e0:8c, 2015-01-01 00:18:34.800, 1.013, -0.122, -0.047, 0.122, -0.061, 0.061, -110.88, -82.722, -104.398, -25.073, -4.820, -3.940, 23.42, -0.16959, -0.67477, 0.25906, -0.66983,
 11:05:39.114,ed:35:33:d3:6c:f8, 2015-01-01 00:18:37.770, 0.832, -0.035, 0.542, 0.183, -0.183, 0.427, -3.615, -56.733, -164.053, -23.533, -7.933, -13.067, 30.37, -0.10764, 0.47382, 0.03867, 0.87311,
 11:05:39.114,ed:35:33:d3:6c:f8, 2015-01-01 00:18:37.770, 0.832, -0.036, 0.543, 0.122, -0.183, 0.244, -3.62, -56.739, -164.042, -23.533, -7.933, -13.067, 30.37, -0.10764, 0.47382, 0.03867, 0.87311,
 11:05:39.118,e3:ca:2d:fd:e0:8c, 2015-01-01 00:18:34.800, 1.014, -0.122, -0.043, -0.122, 0.183, 0, -110.847, -82.722, -104.387, -25.073, -4.820, -3.940, 23.42, -0.16959, -0.67477, 0.25906, -0.66983,
 11:05:39.118,e3:ca:2d:fd:e0:8c, 2015-01-01 00:18:34.800, 1.014, -0.122, -0.043, -0.244, 0.183, 0, -110.819, -82.727, -104.381, -25.073, -4.820, -3.940, 23.42, -0.16959, -0.67477, 0.25906, -0.66983,
 11:05:39.137,f6:90:cc:01:6d:25, 2015-01-01 00:18:37.260, 0.985, -0.057, 0.028, 0, 0.427, -0.061, -61.82, -86.265, -91.555, -28.960, -6.640, 3.940, 29.27, 0.1842, -0.68213, -0.13953, -0.69366,
 11:05:39.137,f6:90:cc:01:6d:25, 2015-01-01 00:18:37.260, 0.985, -0.057, 0.031, -0.244, 0.427, 0, -61.749, -86.265, -91.642, -28.960, -6.640, 3.940, 29.27, 0.1842, -0.68213, -0.13953, -0.69366,
 11:05:39.139,ed:40:fe:65:30:6c, 2015-01-01 00:18:34.405, 0.889, 0.044, 0.464, 0.427, -0.061, 0.366, 5.416, -62.292, -115.356, -26.813, -7.060, 4.640, 25.17, 0.47711, -0.41522, -0.30988, -0.70981,
 11:05:39.139,ed:40:fe:65:30:6c, 2015-01-01 00:18:34.405, 0.889, 0.044, 0.466, 0.183, -0.122, 0.244, 5.416, -62.298, -115.351, -26.813, -7.060, 4.640, 25.17, 0.47711, -0.41522, -0.30988, -0.70981,
 11:05:39.159,ed:35:33:d3:6c:f8, 2015-01-01 00:18:37.770, 0.831, -0.031, 0.544, 0, -0.122, 0.244, -3.625, -56.744, -164.026, -23.533, -7.933, -13.067, 30.37, -0.10764, 0.47382, 0.03867, 0.87311,
 11:05:39.159,ed:35:33:d3:6c:f8, 2015-01-01 00:18:37.770, 0.831, -0.029, 0.547, -0.122, 0.183, 0.183, -3.631, -56.744, -164.02, -23.533, -7.933, -13.067, 30.37, -0.10764, 0.47382, 0.03867, 0.87311,
 11:05:39.164,e3:ca:2d:fd:e0:8c, 2015-01-01 00:18:34.800, 1.013, -0.122, -0.044, -0.244, -0.061, -0.061, -110.825, -82.727, -104.337, -25.073, -4.820, -3.940, 23.42, -0.16959, -0.67477, 0.25906, -0.66983,
 11:05:39.164,e3:ca:2d:fd:e0:8c, 2015-01-01 00:18:34.800, 1.011, -0.122, -0.045, -0.122, -0.244, -0.183, -110.869, -82.727, -104.282, -25.073, -4.820, -3.940, 23.42, -0.16959, -0.67477, 0.25906, -0.66983,
 11:05:39.182,f6:90:cc:01:6d:25, 2015-01-01 00:18:37.260, 0.982, -0.057, 0.028, -0.305, 0.366, 0.061, -61.688, -86.259, -91.736, -28.960, -6.640, 3.940, 29.27, 0.1842, -0.68213, -0.13953, -0.69366,
 11:05:39.182,f6:90:cc:01:6d:25, 2015-01-01 00:18:37.260, 0.982, -0.059, 0.026, -0.122, 0.305, 0, -61.644, -86.259, -91.785, -28.960, -6.640, 3.940, 29.27, 0.1842, -0.68213, -0.13953, -0.69366,
 11:05:39.186,ed:40:fe:65:30:6c, 2015-01-01 00:18:34.405, 0.888, 0.049, 0.467, -0.061, 0, 0.122, 5.411, -62.298, -115.351, -26.813, -7.060, 4.640, 25.17, 0.47711, -0.41522, -0.30988, -0.70981,
 11:05:39.186,ed:40:fe:65:30:6c, 2015-01-01 00:18:34.405, 0.887, 0.048, 0.469, 0, 0.183, 0.183, 5.411, -62.292, -115.345, -26.813, -7.060, 4.640, 25.17, 0.47711, -0.41522, -0.30988, -0.70981,
 11:05:39.204,f6:90:cc:01:6d:25, 2015-01-01 00:18:37.260, 0.986, -0.059, 0.029, -0.061, 0.305, -0.061, -61.595, -86.254, -91.857, -28.633, -6.320, 3.113, 29.27, 0.1842, -0.68213, -0.13953, -0.69366,
 11:05:39.204,f6:90:cc:01:6d:25, 2015-01-01 00:18:37.260, 0.989, -0.055, 0.03, -0.244, 0.366, -0.061, -61.534, -86.254, -91.961, -28.633, -6.320, 3.113, 29.27, 0.1842, -0.68213, -0.13953, -0.69366,
 11:05:39.205,ed:35:33:d3:6c:f8, 2015-01-01 00:18:37.770, 0.829, -0.039, 0.541, -0.183, 0, 0.427, -3.642, -56.744, -164.02, -23.533, -7.933, -13.067, 30.37, -0.10764, 0.47382, 0.03867, 0.87311,
 11:05:39.207,ed:35:33:d3:6c:f8, 2015-01-01 00:18:37.770, 0.834, -0.041, 0.541, 0.122, 0, 0.061, -3.647, -56.744, -164.015, -23.533, -7.933, -13.067, 30.37, -0.10764, 0.47382, 0.03867, 0.87311,
 11:05:39.209,ed:40:fe:65:30:6c, 2015-01-01 00:18:34.405, 0.886, 0.039, 0.462, 0, 0.122, 0.366, 5.394, -62.292, -115.334, -26.720, -7.067, 4.593, 25.17, 0.47711, -0.41522, -0.30988, -0.70981,
 11:05:39.209,ed:40:fe:65:30:6c, 2015-01-01 00:18:34.405, 0.891, 0.043, 0.465, 0.122, 0.122, -0.061, 5.405, -62.287, -115.334, -26.720, -7.067, 4.593, 25.17, 0.47711, -0.41522, -0.30988, -0.70981,
 11:05:39.209,e3:ca:2d:fd:e0:8c, 2015-01-01 00:18:34.800, 1.009, -0.121, -0.043, 0, 0, -0.061, -110.858, -82.727, -104.299, -25.073, -4.820, -3.940, 23.42, -0.16959, -0.67477, 0.25906, -0.66983,
 11:05:39.209,e3:ca:2d:fd:e0:8c, 2015-01-01 00:18:34.800, 1.015, -0.12, -0.042, -0.061, 0.122, -0.061, -110.836, -82.727, -104.359, -25.073, -4.820, -3.940, 23.42, -0.16959, -0.67477, 0.25906, -0.66983,
 11:05:39.252,e3:ca:2d:fd:e0:8c, 2015-01-01 00:18:34.800, 1.017, -0.122, -0.043, -0.305, 0, 0, -110.83, -82.727, -104.387, -25.073, -4.820, -3.940, 23.42, -0.16959, -0.67477, 0.25906, -0.66983,
 11:05:39.252,e3:ca:2d:fd:e0:8c, 2015-01-01 00:18:34.800, 1.014, -0.121, -0.046, -0.427, 0, 0, -110.83, -82.727, -104.425, -25.073, -4.820, -3.940, 23.42, -0.16959, -0.67477, 0.25906, -0.66983,
 11:05:39.252,ed:40:fe:65:30:6c, 2015-01-01 00:18:34.405, 0.891, 0.053, 0.466, 0.244, 0.061, -0.549, 5.433, -62.281, -115.356, -26.720, -7.067, 4.593, 25.17, 0.47711, -0.41522, -0.30988, -0.70981,
 11:05:39.252,ed:40:fe:65:30:6c, 2015-01-01 00:18:34.405, 0.887, 0.05, 0.471, 0.244, 0.122, -0.061, 5.444, -62.281, -115.356, -26.720, -7.067, 4.593, 25.17, 0.47711, -0.41522, -0.30988, -0.70981,
 11:05:39.273,f6:90:cc:01:6d:25, 2015-01-01 00:18:37.260, 0.986, -0.056, 0.026, -0.366, 0.305, 0, -61.479, -86.248, -92.065, -28.633, -6.320, 3.113, 29.27, 0.1842, -0.68213, -0.13953, -0.69366,
 11:05:39.273,f6:90:cc:01:6d:25, 2015-01-01 00:18:37.260, 0.983, -0.059, 0.026, -0.549, 0.244, 0.122, -61.463, -86.248, -92.098, -28.633, -6.320, 3.113, 29.27, 0.1842, -0.68213, -0.13953, -0.69366,
 11:05:39.293,ed:35:33:d3:6c:f8, 2015-01-01 00:18:37.770, 0.834, -0.027, 0.545, 0.671, 0.122, -0.549, -3.625, -56.744, -164.031, -23.373, -7.747, -13.260, 30.37, -0.10764, 0.47382, 0.03867, 0.87311,
 11:05:39.293,ed:35:33:d3:6c:f8, 2015-01-01 00:18:37.770, 0.833, -0.026, 0.547, 0.244, 0.427, -0.183, -3.604, -56.733, -164.042, -23.373, -7.747, -13.260, 30.37, -0.10764, 0.47382, 0.03867, 0.87311,
 11:05:39.295,f6:90:cc:01:6d:25, 2015-01-01 00:18:37.260, 0.984, -0.058, 0.024, -0.427, 0, 0.061, -61.507, -86.248, -92.076, -28.633, -6.320, 3.113, 29.27, 0.18393, -0.68185, -0.13931, -0.69406,
 11:05:39.295,f6:90:cc:01:6d:25, 2015-01-01 00:18:37.260, 0.983, -0.058, 0.027, -0.244, 0, -0.061, -61.545, -86.248, -92.038, -28.633, -6.320, 3.113, 29.27, 0.18393, -0.68185, -0.13931, -0.69406,
 11:05:39.298,e3:ca:2d:fd:e0:8c, 2015-01-01 00:18:34.800, 1.014, -0.12, -0.048, -0.366, -0.061, 0, -110.836, -82.727, -104.442, -25.147, -4.520, -4.367, 23.42, -0.16959, -0.67477, 0.25906, -0.66983,
 11:05:39.298,e3:ca:2d:fd:e0:8c, 2015-01-01 00:18:34.800, 1.015, -0.121, -0.044, -0.305, 0.061, 0, -110.83, -82.727, -104.469, -25.147, -4.520, -4.367, 23.42, -0.16959, -0.67477, 0.25906, -0.66983,
 11:05:39.318,ed:35:33:d3:6c:f8, 2015-01-01 00:18:37.770, 0.831, -0.033, 0.549, -0.122, 0.427, -0.122, -3.598, -56.728, -164.048, -23.373, -7.747, -13.260, 30.37, -0.10721, 0.47406, 0.03848, 0.87305,
 11:05:39.318,ed:35:33:d3:6c:f8, 2015-01-01 00:18:37.770, 0.83, -0.034, 0.544, 0, -0.183, -0.244, -3.587, -56.728, -164.059, -23.373, -7.747, -13.260, 30.37, -0.10721, 0.47406, 0.03848, 0.87305,
 11:05:39.320,e3:ca:2d:fd:e0:8c, 2015-01-01 00:18:34.800, 1.014, -0.12, -0.046, -0.305, 0.183, 0, -110.803, -82.733, -104.513, -25.147, -4.520, -4.367, 23.42, -0.16937, -0.67484, 0.25885, -0.66992,
 11:05:39.320,e3:ca:2d:fd:e0:8c, 2015-01-01 00:18:34.800, 1.013, -0.122, -0.043, -0.488, 0.061, 0, -110.797, -82.733, -104.535, -25.147, -4.520, -4.367, 23.42, -0.16937, -0.67484, 0.25885, -0.66992,
 11:05:39.339,ed:35:33:d3:6c:f8, 2015-01-01 00:18:37.770, 0.83, -0.035, 0.543, -0.244, -0.61, 0, -3.593, -56.739, -164.059, -23.373, -7.747, -13.260, 30.37, -0.10721, 0.47406, 0.03848, 0.87305,
 11:05:39.339,ed:35:33:d3:6c:f8, 2015-01-01 00:18:37.770, 0.831, -0.038, 0.54, -0.183, -0.488, 0.183, -3.598, -56.75, -164.053, -23.373, -7.747, -13.260, 30.37, -0.10721, 0.47406, 0.03848, 0.87305,
 11:05:39.344,f6:90:cc:01:6d:25, 2015-01-01 00:18:37.260, 0.984, -0.059, 0.028, -0.427, 0.122, -0.244, -61.54, -86.248, -92.021, -28.633, -6.320, 3.113, 29.27, 0.18393, -0.68185, -0.13931, -0.69406,
 11:05:39.344,f6:90:cc:01:6d:25, 2015-01-01 00:18:37.260, 0.981, -0.059, 0.031, -0.427, 0.244, -0.305, -61.485, -86.254, -92.043, -28.633, -6.320, 3.113, 29.27, 0.18393, -0.68185, -0.13931, -0.69406,
 11:05:39.344,ed:40:fe:65:30:6c, 2015-01-01 00:18:34.405, 0.886, 0.043, 0.465, -0.122, -0.122, 0, 5.438, -62.276, -115.356, -26.720, -7.067, 4.593, 25.17, 0.47778, -0.41479, -0.31049, -0.70932,
 11:05:39.344,ed:40:fe:65:30:6c, 2015-01-01 00:18:34.405, 0.887, 0.042, 0.465, -0.183, -0.244, 0.183, 5.438, -62.281, -115.356, -26.720, -7.067, 4.593, 25.17, 0.47778, -0.41479, -0.31049, -0.70932,
 11:05:39.364,ed:40:fe:65:30:6c, 2015-01-01 00:18:34.760, 0.887, 0.042, 0.462, -0.061, -0.305, 0.122, 5.433, -62.287, -115.351, -26.720, -7.067, 4.593, 25.17, 0.47778, -0.41479, -0.31049, -0.70932,
 11:05:39.364,ed:40:fe:65:30:6c, 2015-01-01 00:18:34.760, 0.886, 0.043, 0.464, 0.244, -0.122, 0, 5.433, -62.287, -115.345, -26.720, -7.067, 4.593, 25.17, 0.47778, -0.41479, -0.31049, -0.70932,
 11:05:39.365,e3:ca:2d:fd:e0:8c, 2015-01-01 00:18:34.800, 1.01, -0.122, -0.044, -0.488, -0.183, 0, -110.83, -82.733, -104.524, -25.147, -4.520, -4.367, 23.42, -0.16937, -0.67484, 0.25885, -0.66992,
 11:05:39.365,e3:ca:2d:fd:e0:8c, 2015-01-01 00:18:34.800, 1.01, -0.123, -0.044, -0.366, -0.305, 0, -110.874, -82.727, -104.496, -25.147, -4.520, -4.367, 23.42, -0.16937, -0.67484, 0.25885, -0.66992,
 11:05:39.384,ed:35:33:d3:6c:f8, 2015-01-01 00:18:37.770, 0.83, -0.036, 0.541, 0.061, 0, 0.061, -3.604, -56.75, -164.053, -23.373, -7.747, -13.260, 30.37, -0.10721, 0.47406, 0.03848, 0.87305,
 11:05:39.384,ed:35:33:d3:6c:f8, 2015-01-01 00:18:37.770, 0.831, -0.036, 0.543, 0.305, 0.305, 0, -3.598, -56.75, -164.053, -23.373, -7.747, -13.260, 30.37, -0.10721, 0.47406, 0.03848, 0.87305,
 11:05:39.384,f6:90:cc:01:6d:25, 2015-01-01 00:18:37.620, 0.981, -0.061, 0.027, -0.244, 0.183, -0.244, -61.436, -86.254, -92.06, -28.633, -6.320, 3.113, 29.27, 0.18393, -0.68185, -0.13931, -0.69406,
 11:05:39.384,f6:90:cc:01:6d:25, 2015-01-01 00:18:37.620, 0.984, -0.059, 0.026, -0.183, 0.061, -0.183, -61.425, -86.259, -92.043, -28.633, -6.320, 3.113, 29.27, 0.18393, -0.68185, -0.13931, -0.69406,
 11:05:39.385,ed:40:fe:65:30:6c, 2015-01-01 00:18:34.760, 0.887, 0.044, 0.466, 0.488, -0.061, 0, 5.438, -62.292, -115.345, -26.720, -7.067, 4.593, 25.17, 0.47778, -0.41479, -0.31049, -0.70932,
 11:05:39.385,ed:40:fe:65:30:6c, 2015-01-01 00:18:34.760, 0.889, 0.046, 0.464, 0.732, -0.183, -0.122, 5.455, -62.292, -115.345, -26.720, -7.067, 4.593, 25.17, 0.47778, -0.41479, -0.31049, -0.70932,
 11:05:39.407,ed:35:33:d3:6c:f8, 2015-01-01 00:18:38.175, 0.832, -0.033, 0.543, 0.854, 0, -0.122, -3.582, -56.744, -164.059, -23.373, -7.747, -13.260, 30.37, -0.10721, 0.47406, 0.03848, 0.87305,
 11:05:39.407,ed:35:33:d3:6c:f8, 2015-01-01 00:18:38.175, 0.833, -0.03, 0.545, 0.854, -0.244, -0.183, -3.56, -56.75, -164.064, -23.373, -7.747, -13.260, 30.37, -0.10721, 0.47406, 0.03848, 0.87305,
 11:05:39.407,f6:90:cc:01:6d:25, 2015-01-01 00:18:37.620, 0.987, -0.056, 0.028, -0.183, 0.122, -0.183, -61.414, -86.259, -92.027, -28.633, -6.320, 3.113, 29.27, 0.18393, -0.68185, -0.13931, -0.69406,
 11:05:39.407,f6:90:cc:01:6d:25, 2015-01-01 00:18:37.620, 0.988, -0.058, 0.03, -0.427, 0.122, -0.122, -61.403, -86.259, -92.005, -28.633, -6.320, 3.113, 29.27, 0.18393, -0.68185, -0.13931, -0.69406,
 11:05:39.410,e3:ca:2d:fd:e0:8c, 2015-01-01 00:18:35.090, 1.013, -0.122, -0.043, -0.244, -0.183, 0, -110.896, -82.727, -104.485, -25.147, -4.520, -4.367, 23.42, -0.16937, -0.67484, 0.25885, -0.66992,
 11:05:39.410,e3:ca:2d:fd:e0:8c, 2015-01-01 00:18:35.090, 1.016, -0.121, -0.043, -0.305, 0, 0, -110.891, -82.727, -104.502, -25.147, -4.520, -4.367, 23.42, -0.16937, -0.67484, 0.25885, -0.66992,
 11:05:39.432,ed:40:fe:65:30:6c, 2015-01-01 00:18:34.760, 0.889, 0.048, 0.467, 0.61, -0.366, -0.122, 5.471, -62.292, -115.351, -26.720, -7.067, 4.593, 25.17, 0.47778, -0.41479, -0.31049, -0.70932,
 11:05:39.432,ed:40:fe:65:30:6c, 2015-01-01 00:18:34.760, 0.893, 0.046, 0.466, 0.061, -0.305, 0, 5.488, -62.298, -115.356, -26.720, -7.067, 4.593, 25.17, 0.47778, -0.41479, -0.31049, -0.70932,
 11:05:39.451,ed:35:33:d3:6c:f8, 2015-01-01 00:18:38.175, 0.836, -0.031, 0.542, 0.061, -0.305, -0.122, -3.549, -56.755, -164.07, -23.373, -7.747, -13.260, 30.37, -0.10721, 0.47406, 0.03848, 0.87305,
 11:05:39.451,ed:35:33:d3:6c:f8, 2015-01-01 00:18:38.175, 0.835, -0.03, 0.544, -0.244, -0.061, -0.183, -3.549, -56.761, -164.075, -23.373, -7.747, -13.260, 30.37, -0.10721, 0.47406, 0.03848, 0.87305,
 11:05:39.453,f6:90:cc:01:6d:25, 2015-01-01 00:18:37.620, 0.988, -0.058, 0.029, -0.366, 0.305, -0.061, -61.364, -86.259, -92.016, -28.633, -6.320, 3.113, 29.27, 0.18393, -0.68185, -0.13931, -0.69406,
 11:05:39.453,f6:90:cc:01:6d:25, 2015-01-01 00:18:37.620, 0.983, -0.056, 0.027, -0.427, 0.305, -0.061, -61.315, -86.259, -92.038, -28.633, -6.320, 3.113, 29.27, 0.18393, -0.68185, -0.13931, -0.69406,
 11:05:39.456,ed:40:fe:65:30:6c, 2015-01-01 00:18:34.760, 0.891, 0.05, 0.467, -0.305, 0, 0, 5.493, -62.303, -115.356, -26.720, -7.067, 4.593, 25.17, 0.47778, -0.41479, -0.31049, -0.70932,
 11:05:39.456,ed:40:fe:65:30:6c, 2015-01-01 00:18:34.760, 0.887, 0.051, 0.465, -0.366, 0, 0.061, 5.488, -62.303, -115.356, -26.720, -7.067, 4.593, 25.17, 0.47778, -0.41479, -0.31049, -0.70932,
 11:05:39.456,e3:ca:2d:fd:e0:8c, 2015-01-01 00:18:35.090, 1.016, -0.122, -0.042, -0.305, 0.061, 0, -110.88, -82.727, -104.524, -25.147, -4.520, -4.367, 23.42, -0.16937, -0.67484, 0.25885, -0.66992,
 11:05:39.456,e3:ca:2d:fd:e0:8c, 2015-01-01 00:18:35.090, 1.011, -0.12, -0.043, -0.305, -0.122, 0, -110.891, -82.727, -104.524, -25.147, -4.520, -4.367, 23.42, -0.16937, -0.67484, 0.25885, -0.66992,
 11:05:39.474,ed:35:33:d3:6c:f8, 2015-01-01 00:18:38.175, 0.831, -0.026, 0.543, -0.427, 0.183, 0, -3.549, -56.761, -164.075, -23.373, -7.747, -13.260, 30.37, -0.10721, 0.47406, 0.03848, 0.87305,
 11:05:39.474,ed:35:33:d3:6c:f8, 2015-01-01 00:18:38.175, 0.83, -0.034, 0.543, -0.854, 0.183, 0.061, -3.565, -56.755, -164.075, -23.373, -7.747, -13.260, 30.37, -0.10721, 0.47406, 0.03848, 0.87305,
 11:05:39.478,e3:ca:2d:fd:e0:8c, 2015-01-01 00:18:35.090, 1.012, -0.119, -0.044, -0.488, 0, 0, -110.896, -82.727, -104.529, -25.147, -4.520, -4.367, 23.42, -0.16937, -0.67484, 0.25885, -0.66992,
 11:05:39.478,e3:ca:2d:fd:e0:8c, 2015-01-01 00:18:35.090, 1.013, -0.12, -0.045, -0.488, 0, 0, -110.891, -82.727, -104.546, -25.147, -4.520, -4.367, 23.42, -0.16937, -0.67484, 0.25885, -0.66992,
 11:05:39.497,f6:90:cc:01:6d:25, 2015-01-01 00:18:37.620, 0.982, -0.056, 0.027, -0.549, 0.366, -0.122, -61.249, -86.259, -92.076, -28.633, -6.320, 3.113, 29.27, 0.18393, -0.68185, -0.13931, -0.69406,
 11:05:39.497,f6:90:cc:01:6d:25, 2015-01-01 00:18:37.620, 0.984, -0.057, 0.029, -0.488, 0.305, -0.244, -61.172, -86.259, -92.126, -28.633, -6.320, 3.113, 29.27, 0.18393, -0.68185, -0.13931, -0.69406,
 11:05:39.498,ed:40:fe:65:30:6c, 2015-01-01 00:18:34.760, 0.887, 0.045, 0.465, -0.793, 0.061, 0.244, 5.477, -62.303, -115.351, -26.720, -7.067, 4.593, 25.17, 0.47778, -0.41479, -0.31049, -0.70932,
 11:05:39.498,ed:40:fe:65:30:6c, 2015-01-01 00:18:34.760, 0.887, 0.043, 0.465, -0.671, 0, 0, 5.46, -62.298, -115.345, -26.720, -7.067, 4.593, 25.17, 0.47778, -0.41479, -0.31049, -0.70932,
 11:05:39.519,ed:35:33:d3:6c:f8, 2015-01-01 00:18:38.175, 0.831, -0.037, 0.542, -0.549, -0.122, -0.122, -3.571, -56.755, -164.081, -23.373, -7.747, -13.260, 30.37, -0.10721, 0.47406, 0.03848, 0.87305,
 11:05:39.519,ed:35:33:d3:6c:f8, 2015-01-01 00:18:38.175, 0.832, -0.033, 0.543, -0.488, 0, -0.244, -3.576, -56.761, -164.086, -23.373, -7.747, -13.260, 30.37, -0.10721, 0.47406, 0.03848, 0.87305,
 11:05:39.521,ed:40:fe:65:30:6c, 2015-01-01 00:18:34.760, 0.888, 0.047, 0.465, -0.549, -0.061, -0.122, 5.449, -62.298, -115.345, -26.720, -7.067, 4.593, 25.17, 0.47778, -0.41479, -0.31049, -0.70932,
 11:05:39.521,ed:40:fe:65:30:6c, 2015-01-01 00:18:34.760, 0.889, 0.045, 0.465, -0.122, 0, -0.061, 5.449, -62.298, -115.351, -26.720, -7.067, 4.593, 25.17, 0.47778, -0.41479, -0.31049, -0.70932,
 11:05:39.522,e3:ca:2d:fd:e0:8c, 2015-01-01 00:18:35.090, 1.012, -0.121, -0.046, -0.305, -0.183, -0.305, -110.901, -82.727, -104.546, -25.147, -4.520, -4.367, 23.42, -0.16937, -0.67484, 0.25885, -0.66992,
 11:05:39.522,e3:ca:2d:fd:e0:8c, 2015-01-01 00:18:35.090, 1.013, -0.121, -0.046, -0.244, -0.244, -0.122, -110.945, -82.733, -104.518, -25.147, -4.520, -4.367, 23.42, -0.16937, -0.67484, 0.25885, -0.66992,
 11:05:39.565,f6:90:cc:01:6d:25, 2015-01-01 00:18:37.620, 0.982, -0.055, 0.027, -0.122, 0.305, -0.244, -61.089, -86.259, -92.181, -28.633, -6.320, 3.113, 29.27, 0.18393, -0.68185, -0.13931, -0.69406,
 11:05:39.565,f6:90:cc:01:6d:25, 2015-01-01 00:18:37.620, 0.983, -0.058, 0.027, -0.122, 0.183, -0.122, -61.046, -86.259, -92.192, -28.633, -6.320, 3.113, 29.27, 0.18393, -0.68185, -0.13931, -0.69406,
 11:05:39.566,ed:40:fe:65:30:6c, 2015-01-01 00:18:34.760, 0.889, 0.045, 0.464, 0.122, 0.061, 0, 5.455, -62.298, -115.351, -26.720, -7.067, 4.593, 25.17, 0.47778, -0.41479, -0.31049, -0.70932,
 11:05:39.566,ed:40:fe:65:30:6c, 2015-01-01 00:18:34.760, 0.89, 0.047, 0.464, 0.366, 0, 0.122, 5.455, -62.298, -115.351, -26.720, -7.067, 4.593, 25.17, 0.47778, -0.41479, -0.31049, -0.70932,
 11:05:39.587,f6:90:cc:01:6d:25, 2015-01-01 00:18:37.620, 0.985, -0.059, 0.028, 0, 0.061, -0.122, -61.035, -86.265, -92.17, -28.613, -6.667, 3.733, 29.27, 0.18393, -0.68185, -0.13931, -0.69406,
 11:05:39.587,f6:90:cc:01:6d:25, 2015-01-01 00:18:37.620, 0.985, -0.058, 0.026, 0.122, 0, -0.122, -61.051, -86.265, -92.126, -28.613, -6.667, 3.733, 29.27, 0.18393, -0.68185, -0.13931, -0.69406,
 11:05:39.588,ed:35:33:d3:6c:f8, 2015-01-01 00:18:38.175, 0.833, -0.032, 0.542, -0.183, 0, -0.183, -3.571, -56.761, -164.097, -23.373, -7.747, -13.260, 30.37, -0.10721, 0.47406, 0.03848, 0.87305,
 11:05:39.588,ed:35:33:d3:6c:f8, 2015-01-01 00:18:38.175, 0.833, -0.032, 0.542, 0, 0.061, 0, -3.571, -56.761, -164.097, -23.373, -7.747, -13.260, 30.37, -0.10721, 0.47406, 0.03848, 0.87305,
 11:05:39.590,e3:ca:2d:fd:e0:8c, 2015-01-01 00:18:35.090, 1.013, -0.121, -0.045, -0.244, -0.305, -0.061, -110.989, -82.733, -104.485, -25.147, -4.520, -4.367, 23.42, -0.16937, -0.67484, 0.25885, -0.66992,
 11:05:39.590,e3:ca:2d:fd:e0:8c, 2015-01-01 00:18:35.090, 1.014, -0.121, -0.046, 0, -0.366, -0.061, -111.033, -82.733, -104.453, -25.147, -4.520, -4.367, 23.42, -0.16937, -0.67484, 0.25885, -0.66992,
 11:05:39.610,ed:35:33:d3:6c:f8, 2015-01-01 00:18:38.175, 0.833, -0.031, 0.542, 0.183, 0.122, 0.061, -3.565, -56.755, -164.097, -24.047, -7.740, -13.133, 30.37, -0.10721, 0.47406, 0.03848, 0.87305,
 11:05:39.610,ed:35:33:d3:6c:f8, 2015-01-01 00:18:38.175, 0.834, -0.031, 0.542, 0.183, -0.061, 0.061, -3.565, -56.761, -164.092, -24.047, -7.740, -13.133, 30.37, -0.10721, 0.47406, 0.03848, 0.87305,
 11:05:39.613,e3:ca:2d:fd:e0:8c, 2015-01-01 00:18:35.090, 1.015, -0.12, -0.045, 0.183, -0.244, -0.061, -111.077, -82.733, -104.414, -25.200, -4.787, -4.427, 23.42, -0.16937, -0.67484, 0.25885, -0.66992,
 11:05:39.613,e3:ca:2d:fd:e0:8c, 2015-01-01 00:18:35.090, 1.014, -0.119, -0.044, 0.366, -0.183, 0.061, -111.105, -82.727, -104.392, -25.200, -4.787, -4.427, 23.42, -0.16937, -0.67484, 0.25885, -0.66992,
 11:05:39.632,f6:90:cc:01:6d:25, 2015-01-01 00:18:37.620, 0.987, -0.057, 0.026, 0.488, 0, -0.122, -61.062, -86.27, -92.082, -28.613, -6.667, 3.733, 29.27, 0.18393, -0.68185, -0.13931, -0.69406,
 11:05:39.632,f6:90:cc:01:6d:25, 2015-01-01 00:18:37.620, 0.987, -0.057, 0.027, 0.488, 0.122, -0.061, -61.057, -86.27, -92.054, -28.613, -6.667, 3.733, 29.27, 0.18393, -0.68185, -0.13931, -0.69406,
 11:05:39.635,ed:40:fe:65:30:6c, 2015-01-01 00:18:34.760, 0.891, 0.048, 0.464, 0.366, 0, 0.183, 5.46, -62.298, -115.34, -25.893, -7.487, 4.853, 25.17, 0.47778, -0.41479, -0.31049, -0.70932,
 11:05:39.635,ed:40:fe:65:30:6c, 2015-01-01 00:18:34.760, 0.89, 0.049, 0.466, 0.305, 0, 0.366, 5.466, -62.298, -115.334, -25.893, -7.487, 4.853, 25.17, 0.47778, -0.41479, -0.31049, -0.70932,
 11:05:39.655,f6:90:cc:01:6d:25, 2015-01-01 00:18:37.620, 0.985, -0.058, 0.026, 0.671, 0.244, -0.122, -61.002, -86.27, -92.076, -28.613, -6.667, 3.733, 29.27, 0.18652, -0.68115, -0.14218, -0.69348,
 11:05:39.655,f6:90:cc:01:6d:25, 2015-01-01 00:18:37.620, 0.985, -0.056, 0.026, 0.793, 0.244, -0.183, -60.941, -86.27, -92.109, -28.613, -6.667, 3.733, 29.27, 0.18652, -0.68115, -0.14218, -0.69348,
 11:05:39.656,ed:40:fe:65:30:6c, 2015-01-01 00:18:34.760, 0.891, 0.046, 0.464, 0.427, 0.122, 0.61, 5.46, -62.298, -115.312, -25.893, -7.487, 4.853, 25.17, 0.47809, -0.4147, -0.31082, -0.70905,
 11:05:39.656,ed:40:fe:65:30:6c, 2015-01-01 00:18:34.760, 0.889, 0.045, 0.463, 0.671, 0.183, 0.61, 5.449, -62.292, -115.285, -25.893, -7.487, 4.853, 25.17, 0.47809, -0.4147, -0.31082, -0.70905,
 11:05:39.657,e3:ca:2d:fd:e0:8c, 2015-01-01 00:18:35.090, 1.013, -0.12, -0.045, 0.366, -0.122, 0.183, -111.11, -82.727, -104.381, -25.200, -4.787, -4.427, 23.42, -0.16937, -0.67484, 0.25885, -0.66992,
 11:05:39.657,e3:ca:2d:fd:e0:8c, 2015-01-01 00:18:35.090, 1.013, -0.119, -0.045, 0.244, -0.061, 0.122, -111.105, -82.722, -104.392, -25.200, -4.787, -4.427, 23.42, -0.16937, -0.67484, 0.25885, -0.66992,
 11:05:39.676,ed:35:33:d3:6c:f8, 2015-01-01 00:18:38.175, 0.834, -0.029, 0.543, 0.061, -0.183, 0.183, -3.565, -56.766, -164.086, -24.047, -7.740, -13.133, 30.37, -0.10721, 0.47406, 0.03848, 0.87305,
 11:05:39.676,ed:35:33:d3:6c:f8, 2015-01-01 00:18:38.175, 0.834, -0.031, 0.543, 0, -0.122, 0.488, -3.576, -56.766, -164.07, -24.047, -7.740, -13.133, 30.37, -0.10721, 0.47406, 0.03848, 0.87305,
 11:05:39.681,e3:ca:2d:fd:e0:8c, 2015-01-01 00:18:35.090, 1.013, -0.12, -0.046, 0.122, -0.122, 0.122, -111.099, -82.722, -104.398, -25.200, -4.787, -4.427, 23.42, -0.17035, -0.67468, 0.25989, -0.66943,
 11:05:39.681,e3:ca:2d:fd:e0:8c, 2015-01-01 00:18:35.090, 1.013, -0.12, -0.045, 0, -0.122, 0.183, -111.099, -82.716, -104.403, -25.200, -4.787, -4.427, 23.42, -0.17035, -0.67468, 0.25989, -0.66943,
 11:05:39.700,ed:35:33:d3:6c:f8, 2015-01-01 00:18:38.175, 0.832, -0.034, 0.541, 0.244, 0, 0.549, -3.587, -56.766, -164.048, -24.047, -7.740, -13.133, 30.37, -0.10712, 0.47437, 0.0386, 0.87286,
 11:05:39.700,ed:35:33:d3:6c:f8, 2015-01-01 00:18:38.175, 0.832, -0.035, 0.54, 0.427, 0.061, 0.488, -3.593, -56.766, -164.031, -24.047, -7.740, -13.133, 30.37, -0.10712, 0.47437, 0.0386, 0.87286,
 11:05:39.700,f6:90:cc:01:6d:25, 2015-01-01 00:18:37.620, 0.984, -0.056, 0.026, 0.61, 0.244, -0.183, -60.881, -86.27, -92.142, -28.613, -6.667, 3.733, 29.27, 0.18652, -0.68115, -0.14218, -0.69348,
 11:05:39.700,f6:90:cc:01:6d:25, 2015-01-01 00:18:37.620, 0.984, -0.055, 0.028, 0.549, 0.305, -0.244, -60.793, -86.276, -92.197, -28.613, -6.667, 3.733, 29.27, 0.18652, -0.68115, -0.14218, -0.69348,
 11:05:39.702,ed:40:fe:65:30:6c, 2015-01-01 00:18:34.760, 0.888, 0.044, 0.463, 0.732, 0.183, 0.366, 5.444, -62.292, -115.263, -25.893, -7.487, 4.853, 25.17, 0.47809, -0.4147, -0.31082, -0.70905,
 11:05:39.702,ed:40:fe:65:30:6c, 2015-01-01 00:18:34.760, 0.889, 0.047, 0.466, 0.671, 0.244, 0.122, 5.449, -62.287, -115.247, -25.893, -7.487, 4.853, 25.17, 0.47809, -0.4147, -0.31082, -0.70905,
 11:05:39.723,ed:40:fe:65:30:6c, 2015-01-01 00:18:35.140, 0.887, 0.047, 0.467, 0.916, 0.305, -0.122, 5.466, -62.281, -115.241, -25.893, -7.487, 4.853, 25.17, 0.47809, -0.4147, -0.31082, -0.70905,
 11:05:39.723,ed:40:fe:65:30:6c, 2015-01-01 00:18:35.140, 0.887, 0.044, 0.463, 0.549, 0.305, 0, 5.488, -62.276, -115.247, -25.893, -7.487, 4.853, 25.17, 0.47809, -0.4147, -0.31082, -0.70905,
 11:05:39.725,e3:ca:2d:fd:e0:8c, 2015-01-01 00:18:35.090, 1.013, -0.12, -0.044, 0.061, -0.244, 0.061, -111.11, -82.716, -104.403, -25.200, -4.787, -4.427, 23.42, -0.17035, -0.67468, 0.25989, -0.66943,
 11:05:39.725,e3:ca:2d:fd:e0:8c, 2015-01-01 00:18:35.090, 1.011, -0.122, -0.044, 0.061, -0.061, 0.061, -111.127, -82.716, -104.387, -25.200, -4.787, -4.427, 23.42, -0.17035, -0.67468, 0.25989, -0.66943,
 11:05:39.766,ed:35:33:d3:6c:f8, 2015-01-01 00:18:38.175, 0.832, -0.034, 0.544, 0.427, 0.183, 0.244, -3.587, -56.766, -164.026, -24.047, -7.740, -13.133, 30.37, -0.10712, 0.47437, 0.0386, 0.87286,
 11:05:39.766,ed:35:33:d3:6c:f8, 2015-01-01 00:18:38.175, 0.832, -0.032, 0.543, 0.671, 0.244, 0, -3.571, -56.761, -164.026, -24.047, -7.740, -13.133, 30.37, -0.10712, 0.47437, 0.0386, 0.87286,
 11:05:39.767,f6:90:cc:01:6d:25, 2015-01-01 00:18:37.975, 0.983, -0.055, 0.029, 0.427, 0.183, -0.183, -60.743, -86.276, -92.219, -28.613, -6.667, 3.733, 29.27, 0.18652, -0.68115, -0.14218, -0.69348,
 11:05:39.767,f6:90:cc:01:6d:25, 2015-01-01 00:18:37.975, 0.982, -0.059, 0.026, 0.244, 0.183, -0.122, -60.716, -86.276, -92.225, -28.613, -6.667, 3.733, 29.27, 0.18652, -0.68115, -0.14218, -0.69348,
 11:05:39.768,ed:40:fe:65:30:6c, 2015-01-01 00:18:35.140, 0.891, 0.049, 0.467, 0.366, 0.366, -0.183, 5.499, -62.271, -115.247, -25.893, -7.487, 4.853, 25.17, 0.47809, -0.4147, -0.31082, -0.70905,
 11:05:39.768,ed:40:fe:65:30:6c, 2015-01-01 00:18:35.140, 0.892, 0.057, 0.465, 0.488, 0.305, -0.305, 5.515, -62.26, -115.252, -25.893, -7.487, 4.853, 25.17, 0.47809, -0.4147, -0.31082, -0.70905,
 11:05:39.770,e3:ca:2d:fd:e0:8c, 2015-01-01 00:18:35.450, 1.013, -0.121, -0.044, 0.122, -0.122, 0.122, -111.127, -82.711, -104.392, -25.200, -4.787, -4.427, 23.42, -0.17035, -0.67468, 0.25989, -0.66943,
 11:05:39.770,e3:ca:2d:fd:e0:8c, 2015-01-01 00:18:35.450, 1.015, -0.121, -0.043, 0, -0.183, 0.061, -111.132, -82.711, -104.392, -25.200, -4.787, -4.427, 23.42, -0.17035, -0.67468, 0.25989, -0.66943,
 11:05:39.789,ed:35:33:d3:6c:f8, 2015-01-01 00:18:38.550, 0.83, -0.034, 0.54, 0.549, 0.061, 0.061, -3.565, -56.761, -164.026, -24.047, -7.740, -13.133, 30.37, -0.10712, 0.47437, 0.0386, 0.87286,
 11:05:39.789,ed:35:33:d3:6c:f8, 2015-01-01 00:18:38.550, 0.835, -0.031, 0.544, 0.488, 0.244, -0.183, -3.549, -56.755, -164.031, -24.047, -7.740, -13.133, 30.37, -0.10712, 0.47437, 0.0386, 0.87286,
 11:05:39.790,f6:90:cc:01:6d:25, 2015-01-01 00:18:37.975, 0.984, -0.057, 0.03, 0.427, 0.183, -0.183, -60.667, -86.281, -92.247, -28.613, -6.667, 3.733, 29.27, 0.18652, -0.68115, -0.14218, -0.69348,
 11:05:39.790,f6:90:cc:01:6d:25, 2015-01-01 00:18:37.975, 0.988, -0.054, 0.03, 0.122, 0.183, -0.061, -60.639, -86.281, -92.247, -28.613, -6.667, 3.733, 29.27, 0.18652, -0.68115, -0.14218, -0.69348,
 11:05:39.812,f6:90:cc:01:6d:25, 2015-01-01 00:18:37.975, 0.986, -0.054, 0.026, 0.122, 0.244, 0.061, -60.612, -86.276, -92.247, -28.613, -6.667, 3.733, 29.27, 0.18652, -0.68115, -0.14218, -0.69348,
 11:05:39.812,f6:90:cc:01:6d:25, 2015-01-01 00:18:37.975, 0.985, -0.058, 0.026, 0.183, 0.366, 0.122, -60.562, -86.27, -92.274, -28.613, -6.667, 3.733, 29.27, 0.18652, -0.68115, -0.14218, -0.69348,
 11:05:39.812,ed:35:33:d3:6c:f8, 2015-01-01 00:18:38.550, 0.835, -0.021, 0.543, 0.732, 0.183, -0.427, -3.516, -56.755, -164.048, -24.047, -7.740, -13.133, 30.37, -0.10712, 0.47437, 0.0386, 0.87286,
 11:05:39.812,ed:35:33:d3:6c:f8, 2015-01-01 00:18:38.550, 0.833, -0.024, 0.547, 0, 0.366, 0.122, -3.516, -56.75, -164.048, -24.047, -7.740, -13.133, 30.37, -0.10712, 0.47437, 0.0386, 0.87286,
 11:05:39.813,ed:40:fe:65:30:6c, 2015-01-01 00:18:35.140, 0.888, 0.052, 0.469, 0.427, 0.366, 0.244, 5.537, -62.254, -115.258, -25.893, -7.487, 4.853, 25.17, 0.47809, -0.4147, -0.31082, -0.70905,
 11:05:39.813,ed:40:fe:65:30:6c, 2015-01-01 00:18:35.140, 0.888, 0.047, 0.469, 0, 0.366, 0.61, 5.537, -62.249, -115.241, -25.893, -7.487, 4.853, 25.17, 0.47809, -0.4147, -0.31082, -0.70905,
 11:05:39.815,e3:ca:2d:fd:e0:8c, 2015-01-01 00:18:35.450, 1.014, -0.12, -0.046, 0, -0.061, 0.061, -111.138, -82.711, -104.387, -25.200, -4.787, -4.427, 23.42, -0.17035, -0.67468, 0.25989, -0.66943,
 11:05:39.815,e3:ca:2d:fd:e0:8c, 2015-01-01 00:18:35.450, 1.014, -0.121, -0.047, 0, -0.122, 0.122, -111.138, -82.705, -104.392, -25.200, -4.787, -4.427, 23.42, -0.17035, -0.67468, 0.25989, -0.66943,
 11:05:39.856,ed:35:33:d3:6c:f8, 2015-01-01 00:18:38.550, 0.833, -0.031, 0.547, -0.305, 0.305, 0.427, -3.527, -56.744, -164.031, -24.047, -7.740, -13.133, 30.37, -0.10712, 0.47437, 0.0386, 0.87286,
 11:05:39.856,ed:35:33:d3:6c:f8, 2015-01-01 00:18:38.550, 0.831, -0.034, 0.544, -0.061, -0.122, 0.427, -3.538, -56.744, -164.015, -24.047, -7.740, -13.133, 30.37, -0.10712, 0.47437, 0.0386, 0.87286,
 11:05:39.858,f6:90:cc:01:6d:25, 2015-01-01 00:18:37.975, 0.986, -0.058, 0.025, 0.671, 0.183, 0, -60.54, -86.27, -92.269, -28.613, -6.667, 3.733, 29.27, 0.18652, -0.68115, -0.14218, -0.69348,
 11:05:39.858,f6:90:cc:01:6d:25, 2015-01-01 00:18:37.975, 0.983, -0.06, 0.029, 0.916, 0.183, 0, -60.518, -86.27, -92.263, -28.613, -6.667, 3.733, 29.27, 0.18652, -0.68115, -0.14218, -0.69348,
 11:05:39.858,ed:40:fe:65:30:6c, 2015-01-01 00:18:35.140, 0.887, 0.044, 0.467, 0.183, 0.183, 0.671, 5.515, -62.243, -115.214, -25.893, -7.487, 4.853, 25.17, 0.47809, -0.4147, -0.31082, -0.70905,
 11:05:39.858,ed:40:fe:65:30:6c, 2015-01-01 00:18:35.140, 0.886, 0.042, 0.466, 0.244, 0.122, 0.793, 5.499, -62.238, -115.181, -25.893, -7.487, 4.853, 25.17, 0.47809, -0.4147, -0.31082, -0.70905,
 11:05:39.860,e3:ca:2d:fd:e0:8c, 2015-01-01 00:18:35.450, 1.014, -0.121, -0.046, 0.183, 0, 0.244, -111.132, -82.705, -104.398, -25.200, -4.787, -4.427, 23.42, -0.17035, -0.67468, 0.25989, -0.66943,
 11:05:39.860,e3:ca:2d:fd:e0:8c, 2015-01-01 00:18:35.450, 1.014, -0.121, -0.045, 0.183, 0, 0.244, -111.11, -82.7, -104.42, -25.200, -4.787, -4.427, 23.42, -0.17035, -0.67468, 0.25989, -0.66943,
 11:05:39.879,ed:35:33:d3:6c:f8, 2015-01-01 00:18:38.550, 0.831, -0.038, 0.542, -0.061, -0.183, 0.732, -3.56, -56.75, -163.987, -24.047, -7.740, -13.133, 30.37, -0.10712, 0.47437, 0.0386, 0.87286,
 11:05:39.879,ed:35:33:d3:6c:f8, 2015-01-01 00:18:38.550, 0.829, -0.039, 0.539, 0.183, 0, 0.671, -3.576, -56.75, -163.965, -24.047, -7.740, -13.133, 30.37, -0.10712, 0.47437, 0.0386, 0.87286,
 11:05:39.883,e3:ca:2d:fd:e0:8c, 2015-01-01 00:18:35.450, 1.01, -0.122, -0.045, 0.061, 0, 0.244, -111.088, -82.694, -104.447, -25.200, -4.787, -4.427, 23.42, -0.17035, -0.67468, 0.25989, -0.66943,
 11:05:39.883,e3:ca:2d:fd:e0:8c, 2015-01-01 00:18:35.450, 1.01, -0.122, -0.045, 0.061, -0.061, 0.122, -111.077, -82.694, -104.469, -25.200, -4.787, -4.427, 23.42, -0.17035, -0.67468, 0.25989, -0.66943,
 11:05:39.903,f6:90:cc:01:6d:25, 2015-01-01 00:18:37.975, 0.982, -0.059, 0.026, 0.671, 0.305, 0, -60.469, -86.27, -92.291, -28.613, -6.667, 3.733, 29.27, 0.18652, -0.68115, -0.14218, -0.69348,
 11:05:39.903,f6:90:cc:01:6d:25, 2015-01-01 00:18:37.975, 0.981, -0.057, 0.029, 0.61, 0.305, 0, -60.419, -86.265, -92.318, -28.613, -6.667, 3.733, 29.27, 0.18652, -0.68115, -0.14218, -0.69348,
 11:05:39.926,ed:40:fe:65:30:6c, 2015-01-01 00:18:35.140, 0.885, 0.042, 0.461, 0.427, 0.061, 0.61, 5.477, -62.238, -115.153, -25.893, -7.487, 4.853, 25.17, 0.47809, -0.4147, -0.31082, -0.70905,
 11:05:39.926,ed:40:fe:65:30:6c, 2015-01-01 00:18:35.140, 0.886, 0.042, 0.464, 0.732, 0.061, 0.244, 5.477, -62.238, -115.131, -25.893, -7.487, 4.853, 25.17, 0.47809, -0.4147, -0.31082, -0.70905,
 11:05:39.928,e3:ca:2d:fd:e0:8c, 2015-01-01 00:18:35.450, 1.013, -0.122, -0.044, 0.122, -0.122, 0.061, -111.072, -82.689, -104.474, -25.200, -4.787, -4.427, 23.42, -0.17035, -0.67468, 0.25989, -0.66943,
 11:05:39.928,e3:ca:2d:fd:e0:8c, 2015-01-01 00:18:35.450, 1.016, -0.122, -0.045, 0.122, -0.122, 0.061, -111.077, -82.689, -104.474, -25.200, -4.787, -4.427, 23.42, -0.17035, -0.67468, 0.25989, -0.66943,
 11:05:39.946,ed:35:33:d3:6c:f8, 2015-01-01 00:18:38.550, 0.831, -0.038, 0.54, 0.488, 0.122, 0.427, -3.576, -56.75, -163.949, -24.047, -7.740, -13.133, 30.37, -0.10712, 0.47437, 0.0386, 0.87286,
 11:05:39.946,ed:35:33:d3:6c:f8, 2015-01-01 00:18:38.550, 0.831, -0.036, 0.543, 0.732, 0.244, 0.183, -3.571, -56.744, -163.943, -24.047, -7.740, -13.133, 30.37, -0.10712, 0.47437, 0.0386, 0.87286,
 11:05:39.948,f6:90:cc:01:6d:25, 2015-01-01 00:18:37.975, 0.982, -0.057, 0.028, 0.488, 0.305, 0, -60.375, -86.265, -92.346, -28.613, -6.667, 3.733, 29.27, 0.18652, -0.68115, -0.14218, -0.69348,
 11:05:39.948,f6:90:cc:01:6d:25, 2015-01-01 00:18:37.975, 0.985, -0.057, 0.03, 0.427, 0.305, 0, -60.326, -86.259, -92.373, -28.613, -6.667, 3.733, 29.27, 0.18652, -0.68115, -0.14218, -0.69348,
 11:05:39.950,ed:40:fe:65:30:6c, 2015-01-01 00:18:35.140, 0.887, 0.044, 0.466, 0.793, 0, 0, 5.488, -62.238, -115.126, -26.773, -6.987, 5.107, 25.17, 0.47809, -0.4147, -0.31082, -0.70905,
 11:05:39.950,ed:40:fe:65:30:6c, 2015-01-01 00:18:35.140, 0.89, 0.048, 0.47, 0.732, 0, -0.061, 5.504, -62.238, -115.126, -26.773, -6.987, 5.107, 25.17, 0.47809, -0.4147, -0.31082, -0.70905,
 11:05:39.970,f6:90:cc:01:6d:25, 2015-01-01 00:18:37.975, 0.986, -0.057, 0.03, 0.183, 0.244, -0.305, -60.249, -86.265, -92.433, -28.773, -6.120, 3.813, 29.27, 0.18652, -0.68115, -0.14218, -0.69348,
 11:05:39.970,f6:90:cc:01:6d:25, 2015-01-01 00:18:37.975, 0.986, -0.058, 0.029, 0.122, 0.183, -0.244, -60.194, -86.265, -92.472, -28.773, -6.120, 3.813, 29.27, 0.18652, -0.68115, -0.14218, -0.69348,
 11:05:39.972,e3:ca:2d:fd:e0:8c, 2015-01-01 00:18:35.450, 1.014, -0.123, -0.045, 0.122, -0.183, 0.061, -111.088, -82.689, -104.469, -25.273, -4.593, -4.853, 23.42, -0.17035, -0.67468, 0.25989, -0.66943,
 11:05:39.972,e3:ca:2d:fd:e0:8c, 2015-01-01 00:18:35.450, 1.013, -0.123, -0.044, 0.061, -0.122, 0, -111.099, -82.683, -104.458, -25.273, -4.593, -4.853, 23.42, -0.17035, -0.67468, 0.25989, -0.66943,
 11:05:39.991,ed:35:33:d3:6c:f8, 2015-01-01 00:18:38.550, 0.833, -0.032, 0.547, 0.793, 0.305, 0, -3.554, -56.739, -163.949, -24.047, -7.740, -13.133, 30.37, -0.10712, 0.47437, 0.0386, 0.87286,
 11:05:39.991,ed:35:33:d3:6c:f8, 2015-01-01 00:18:38.550, 0.832, -0.031, 0.546, 0.916, 0.061, 0.122, -3.538, -56.739, -163.943, -24.047, -7.740, -13.133, 30.37, -0.10712, 0.47437, 0.0386, 0.87286,
 11:05:40.014,ed:35:33:d3:6c:f8, 2015-01-01 00:18:38.550, 0.832, -0.032, 0.544, 0.488, 0.061, 0.305, -3.538, -56.739, -163.932, -23.720, -7.627, -13.713, 30.37, -0.10712, 0.47437, 0.0386, 0.87286,
 11:05:40.014,ed:35:33:d3:6c:f8, 2015-01-01 00:18:38.550, 0.832, -0.029, 0.544, 0.366, 0.061, 0.183, -3.532, -56.733, -163.927, -23.720, -7.627, -13.713, 30.37, -0.10712, 0.47437, 0.0386, 0.87286,
 11:05:40.015,f6:90:cc:01:6d:25, 2015-01-01 00:18:37.975, 0.984, -0.056, 0.03, 0.244, 0.305, -0.244, -60.123, -86.265, -92.532, -28.773, -6.120, 3.813, 29.27, 0.18652, -0.68115, -0.14218, -0.69348,
 11:05:40.015,f6:90:cc:01:6d:25, 2015-01-01 00:18:37.975, 0.984, -0.057, 0.029, 0.183, 0.244, -0.244, -60.035, -86.265, -92.598, -28.773, -6.120, 3.813, 29.27, 0.18652, -0.68115, -0.14218, -0.69348,
 11:05:40.016,ed:40:fe:65:30:6c, 2015-01-01 00:18:35.140, 0.888, 0.048, 0.47, 0.732, 0, 0, 5.521, -62.232, -115.126, -26.773, -6.987, 5.107, 25.17, 0.47809, -0.4147, -0.31082, -0.70905,
 11:05:40.016,ed:40:fe:65:30:6c, 2015-01-01 00:18:35.140, 0.889, 0.047, 0.468, 0.366, 0.061, 0.122, 5.532, -62.232, -115.126, -26.773, -6.987, 5.107, 25.17, 0.47809, -0.4147, -0.31082, -0.70905,
 11:05:40.017,e3:ca:2d:fd:e0:8c, 2015-01-01 00:18:35.450, 1.012, -0.122, -0.042, 0, -0.122, -0.061, -111.11, -82.683, -104.447, -25.273, -4.593, -4.853, 23.42, -0.17044, -0.67453, 0.2605, -0.66931,
 11:05:40.017,e3:ca:2d:fd:e0:8c, 2015-01-01 00:18:35.450, 1.012, -0.121, -0.045, 0, -0.061, -0.061, -111.116, -82.683, -104.442, -25.273, -4.593, -4.853, 23.42, -0.17044, -0.67453, 0.2605, -0.66931,
 11:05:40.038,ed:40:fe:65:30:6c, 2015-01-01 00:18:35.140, 0.888, 0.049, 0.468, 0.244, 0.061, 0.122, 5.537, -62.232, -115.12, -26.773, -6.987, 5.107, 25.17, 0.47971, -0.41342, -0.31177, -0.70825,
 11:05:40.038,ed:40:fe:65:30:6c, 2015-01-01 00:18:35.140, 0.887, 0.049, 0.468, 0.122, 0.122, 0.427, 5.532, -62.227, -115.109, -26.773, -6.987, 5.107, 25.17, 0.47971, -0.41342, -0.31177, -0.70825,
 11:05:40.059,ed:35:33:d3:6c:f8, 2015-01-01 00:18:38.550, 0.832, -0.03, 0.545, 0, 0.244, 0.427, -3.543, -56.728, -163.911, -23.720, -7.627, -13.713, 30.37, -0.10712, 0.47437, 0.0386, 0.87286,
 11:05:40.059,ed:35:33:d3:6c:f8, 2015-01-01 00:18:38.550, 0.832, -0.035, 0.542, -0.183, 0.122, 0.366, -3.56, -56.728, -163.9, -23.720, -7.627, -13.713, 30.37, -0.10712, 0.47437, 0.0386, 0.87286,
 11:05:40.060,f6:90:cc:01:6d:25, 2015-01-01 00:18:37.975, 0.984, -0.056, 0.028, 0, 0.244, -0.183, -59.969, -86.27, -92.648, -28.773, -6.120, 3.813, 29.27, 0.18652, -0.68115, -0.14218, -0.69348,
 11:05:40.060,f6:90:cc:01:6d:25, 2015-01-01 00:18:37.975, 0.983, -0.054, 0.031, 0, 0.183, -0.183, -59.919, -86.27, -92.686, -28.773, -6.120, 3.813, 29.27, 0.18652, -0.68115, -0.14218, -0.69348,
 11:05:40.062,e3:ca:2d:fd:e0:8c, 2015-01-01 00:18:35.760, 1.012, -0.121, -0.042, 0, 0, 0, -111.116, -82.683, -104.442, -25.273, -4.593, -4.853, 23.42, -0.17044, -0.67453, 0.2605, -0.66931,
 11:05:40.062,e3:ca:2d:fd:e0:8c, 2015-01-01 00:18:35.760, 1.012, -0.121, -0.045, -0.061, 0, 0, -111.105, -82.683, -104.453, -25.273, -4.593, -4.853, 23.42, -0.17044, -0.67453, 0.2605, -0.66931,
 11:05:40.082,ed:35:33:d3:6c:f8, 2015-01-01 00:18:38.550, 0.83, -0.035, 0.543, -0.122, 0.061, 0.061, -3.56, -56.728, -163.9, -23.720, -7.627, -13.713, 30.37, -0.10852, 0.47397, 0.0394, 0.87286,
 11:05:40.082,ed:35:33:d3:6c:f8, 2015-01-01 00:18:38.550, 0.83, -0.032, 0.544, 0, 0.061, -0.061, -3.56, -56.728, -163.9, -23.720, -7.627, -13.713, 30.37, -0.10852, 0.47397, 0.0394, 0.87286,
 11:05:40.086,e3:ca:2d:fd:e0:8c, 2015-01-01 00:18:35.760, 1.013, -0.12, -0.046, -0.061, -0.122, 0, -111.099, -82.683, -104.458, -25.273, -4.593, -4.853, 23.42, -0.17044, -0.67453, 0.2605, -0.66931,
 11:05:40.086,e3:ca:2d:fd:e0:8c, 2015-01-01 00:18:35.760, 1.013, -0.12, -0.046, 0, -0.244, 0, -111.11, -82.683, -104.447, -25.273, -4.593, -4.853, 23.42, -0.17044, -0.67453, 0.2605, -0.66931,
 11:05:40.086,ed:40:fe:65:30:6c, 2015-01-01 00:18:35.140, 0.887, 0.045, 0.466, -0.122, 0.122, 0.427, 5.521, -62.227, -115.087, -26.773, -6.987, 5.107, 25.17, 0.47971, -0.41342, -0.31177, -0.70825,
 11:05:40.086,ed:40:fe:65:30:6c, 2015-01-01 00:18:35.140, 0.887, 0.045, 0.467, -0.122, 0.122, 0.122, 5.51, -62.221, -115.076, -26.773, -6.987, 5.107, 25.17, 0.47971, -0.41342, -0.31177, -0.70825,
 11:05:40.108,ed:40:fe:65:30:6c, 2015-01-01 00:18:35.520, 0.886, 0.048, 0.468, -0.061, 0.122, 0, 5.504, -62.216, -115.071, -26.773, -6.987, 5.107, 25.17, 0.47971, -0.41342, -0.31177, -0.70825,
 11:05:40.108,ed:40:fe:65:30:6c, 2015-01-01 00:18:35.520, 0.887, 0.047, 0.467, 0.061, 0.122, 0, 5.51, -62.216, -115.071, -26.773, -6.987, 5.107, 25.17, 0.47971, -0.41342, -0.31177, -0.70825,
 11:05:40.126,ed:35:33:d3:6c:f8, 2015-01-01 00:18:38.550, 0.831, -0.032, 0.543, 0.061, 0.183, -0.061, -3.554, -56.722, -163.905, -23.720, -7.627, -13.713, 30.37, -0.10852, 0.47397, 0.0394, 0.87286,
 11:05:40.126,ed:35:33:d3:6c:f8, 2015-01-01 00:18:38.550, 0.832, -0.033, 0.544, 0.122, 0.244, -0.061, -3.549, -56.717, -163.905, -23.720, -7.627, -13.713, 30.37, -0.10852, 0.47397, 0.0394, 0.87286,
 11:05:40.128,f6:90:cc:01:6d:25, 2015-01-01 00:18:37.975, 0.983, -0.055, 0.029, -0.122, 0.122, -0.122, -59.881, -86.27, -92.708, -28.773, -6.120, 3.813, 29.27, 0.18933, -0.68011, -0.1452, -0.69308,
 11:05:40.128,f6:90:cc:01:6d:25, 2015-01-01 00:18:37.975, 0.984, -0.056, 0.027, 0.061, 0.061, -0.244, -59.859, -86.276, -92.714, -28.773, -6.120, 3.813, 29.27, 0.18933, -0.68011, -0.1452, -0.69308,
 11:05:40.129,ed:40:fe:65:30:6c, 2015-01-01 00:18:35.520, 0.889, 0.046, 0.467, 0.122, 0.061, 0, 5.515, -62.21, -115.071, -26.773, -6.987, 5.107, 25.17, 0.47971, -0.41342, -0.31177, -0.70825,
 11:05:40.129,ed:40:fe:65:30:6c, 2015-01-01 00:18:35.520, 0.888, 0.046, 0.469, 0.122, 0, 0, 5.521, -62.21, -115.071, -26.773, -6.987, 5.107, 25.17, 0.47971, -0.41342, -0.31177, -0.70825,
 11:05:40.130,e3:ca:2d:fd:e0:8c, 2015-01-01 00:18:35.760, 1.014, -0.122, -0.047, 0, -0.366, 0, -111.149, -82.683, -104.409, -25.273, -4.593, -4.853, 23.42, -0.17044, -0.67453, 0.2605, -0.66931,
 11:05:40.130,e3:ca:2d:fd:e0:8c, 2015-01-01 00:18:35.760, 1.015, -0.121, -0.046, 0, -0.427, 0, -111.198, -82.683, -104.359, -25.273, -4.593, -4.853, 23.42, -0.17044, -0.67453, 0.2605, -0.66931,
 11:05:40.150,f6:90:cc:01:6d:25, 2015-01-01 00:18:38.400, 0.985, -0.058, 0.028, 0.122, 0, -0.305, -59.843, -86.276, -92.719, -28.773, -6.120, 3.813, 29.27, 0.18933, -0.68011, -0.1452, -0.69308,
 11:05:40.150,f6:90:cc:01:6d:25, 2015-01-01 00:18:38.400, 0.984, -0.056, 0.026, 0.305, 0.061, -0.305, -59.826, -86.281, -92.725, -28.773, -6.120, 3.813, 29.27, 0.18933, -0.68011, -0.1452, -0.69308,
 11:05:40.173,ed:35:33:d3:6c:f8, 2015-01-01 00:18:38.930, 0.833, -0.032, 0.546, 0.122, 0.122, 0, -3.543, -56.717, -163.905, -23.720, -7.627, -13.713, 30.37, -0.10852, 0.47397, 0.0394, 0.87286,
 11:05:40.173,ed:35:33:d3:6c:f8, 2015-01-01 00:18:38.930, 0.831, -0.03, 0.545, 0, 0, 0, -3.543, -56.717, -163.905, -23.720, -7.627, -13.713, 30.37, -0.10852, 0.47397, 0.0394, 0.87286,
 11:05:40.173,f6:90:cc:01:6d:25, 2015-01-01 00:18:38.400, 0.985, -0.055, 0.027, 0.305, 0.061, -0.366, -59.793, -86.287, -92.747, -28.773, -6.120, 3.813, 29.27, 0.18933, -0.68011, -0.1452, -0.69308,
 11:05:40.173,f6:90:cc:01:6d:25, 2015-01-01 00:18:38.400, 0.985, -0.056, 0.029, 0.427, 0, -0.305, -59.76, -86.298, -92.769, -28.773, -6.120, 3.813, 29.27, 0.18933, -0.68011, -0.1452, -0.69308,
 11:05:40.175,e3:ca:2d:fd:e0:8c, 2015-01-01 00:18:35.760, 1.015, -0.122, -0.045, 0, -0.305, 0, -111.248, -82.678, -104.315, -25.273, -4.593, -4.853, 23.42, -0.17044, -0.67453, 0.2605, -0.66931,
 11:05:40.175,e3:ca:2d:fd:e0:8c, 2015-01-01 00:18:35.760, 1.013, -0.121, -0.046, 0.183, -0.122, 0, -111.27, -82.678, -104.293, -25.273, -4.593, -4.853, 23.42, -0.17044, -0.67453, 0.2605, -0.66931,
 11:05:40.175,ed:40:fe:65:30:6c, 2015-01-01 00:18:35.520, 0.887, 0.049, 0.468, 0, -0.061, 0.061, 5.521, -62.21, -115.071, -26.773, -6.987, 5.107, 25.17, 0.47971, -0.41342, -0.31177, -0.70825,
 11:05:40.175,ed:40:fe:65:30:6c, 2015-01-01 00:18:35.520, 0.887, 0.049, 0.467, 0, -0.061, 0.183, 5.521, -62.21, -115.065, -26.773, -6.987, 5.107, 25.17, 0.47971, -0.41342, -0.31177, -0.70825,
 11:05:40.218,f6:90:cc:01:6d:25, 2015-01-01 00:18:38.400, 0.985, -0.056, 0.031, 0.549, 0.122, -0.244, -59.738, -86.303, -92.78, -28.773, -6.120, 3.813, 29.27, 0.18933, -0.68011, -0.1452, -0.69308,
 11:05:40.218,f6:90:cc:01:6d:25, 2015-01-01 00:18:38.400, 0.984, -0.056, 0.027, 0.549, 0.244, -0.183, -59.689, -86.303, -92.812, -28.773, -6.120, 3.813, 29.27, 0.18933, -0.68011, -0.1452, -0.69308,
 11:05:40.219,ed:40:fe:65:30:6c, 2015-01-01 00:18:35.520, 0.889, 0.048, 0.467, -0.061, -0.061, 0.427, 5.51, -62.21, -115.049, -26.773, -6.987, 5.107, 25.17, 0.47971, -0.41342, -0.31177, -0.70825,
 11:05:40.219,ed:40:fe:65:30:6c, 2015-01-01 00:18:35.520, 0.888, 0.048, 0.466, 0, 0, 0.488, 5.499, -62.21, -115.032, -26.773, -6.987, 5.107, 25.17, 0.47971, -0.41342, -0.31177, -0.70825,
 11:05:40.220,e3:ca:2d:fd:e0:8c, 2015-01-01 00:18:35.760, 1.012, -0.122, -0.044, 0.183, 0, 0, -111.264, -82.678, -104.299, -25.273, -4.593, -4.853, 23.42, -0.17044, -0.67453, 0.2605, -0.66931,
 11:05:40.220,e3:ca:2d:fd:e0:8c, 2015-01-01 00:18:35.760, 1.012, -0.123, -0.044, 0.244, -0.183, 0, -111.264, -82.678, -104.293, -25.273, -4.593, -4.853, 23.42, -0.17044, -0.67453, 0.2605, -0.66931,
 11:05:40.240,ed:35:33:d3:6c:f8, 2015-01-01 00:18:38.930, 0.831, -0.029, 0.544, -0.183, -0.305, 0.061, -3.543, -56.722, -163.905, -23.720, -7.627, -13.713, 30.37, -0.10852, 0.47397, 0.0394, 0.87286,
 11:05:40.240,ed:35:33:d3:6c:f8, 2015-01-01 00:18:38.930, 0.832, -0.029, 0.543, -0.305, -0.305, 0.305, -3.56, -56.728, -163.894, -23.720, -7.627, -13.713, 30.37, -0.10852, 0.47397, 0.0394, 0.87286,
 11:05:40.242,e3:ca:2d:fd:e0:8c, 2015-01-01 00:18:35.760, 1.013, -0.122, -0.046, 0.183, -0.183, 0, -111.281, -82.678, -104.277, -25.327, -4.880, -4.220, 23.42, -0.17044, -0.67453, 0.2605, -0.66931,
 11:05:40.242,e3:ca:2d:fd:e0:8c, 2015-01-01 00:18:35.760, 1.013, -0.122, -0.046, 0.122, -0.183, 0, -111.292, -82.672, -104.255, -25.327, -4.880, -4.220, 23.42, -0.17044, -0.67453, 0.2605, -0.66931,
 11:05:40.262,f6:90:cc:01:6d:25, 2015-01-01 00:18:38.400, 0.985, -0.056, 0.029, 0.488, 0.366, -0.183, -59.612, -86.303, -92.867, -28.773, -6.120, 3.813, 29.27, 0.18933, -0.68011, -0.1452, -0.69308,
 11:05:40.262,f6:90:cc:01:6d:25, 2015-01-01 00:18:38.400, 0.984, -0.055, 0.026, 0.427, 0.488, -0.366, -59.502, -86.303, -92.966, -28.773, -6.120, 3.813, 29.27, 0.18933, -0.68011, -0.1452, -0.69308,
 11:05:40.263,ed:40:fe:65:30:6c, 2015-01-01 00:18:35.520, 0.887, 0.047, 0.465, 0, 0, 0.549, 5.482, -62.21, -115.01, -26.773, -6.987, 5.107, 25.17, 0.47971, -0.41342, -0.31177, -0.70825,
 11:05:40.263,ed:40:fe:65:30:6c, 2015-01-01 00:18:35.520, 0.889, 0.046, 0.466, 0, 0, 0.488, 5.466, -62.21, -114.988, -26.773, -6.987, 5.107, 25.17, 0.47971, -0.41342, -0.31177, -0.70825,
 11:05:40.283,ed:35:33:d3:6c:f8, 2015-01-01 00:18:38.930, 0.833, -0.03, 0.542, -0.244, -0.122, 0.427, -3.571, -56.728, -163.878, -23.720, -7.627, -13.713, 30.37, -0.10852, 0.47397, 0.0394, 0.87286,
 11:05:40.283,ed:35:33:d3:6c:f8, 2015-01-01 00:18:38.930, 0.831, -0.033, 0.542, -0.244, 0, 0.488, -3.587, -56.728, -163.861, -23.720, -7.627, -13.713, 30.37, -0.10852, 0.47397, 0.0394, 0.87286,
 11:05:40.288,e3:ca:2d:fd:e0:8c, 2015-01-01 00:18:35.760, 1.014, -0.121, -0.046, 0.122, -0.122, 0, -111.302, -82.672, -104.244, -25.327, -4.880, -4.220, 23.42, -0.17044, -0.67453, 0.2605, -0.66931,
 11:05:40.288,e3:ca:2d:fd:e0:8c, 2015-01-01 00:18:35.760, 1.013, -0.121, -0.046, 0.122, -0.122, 0, -111.313, -82.672, -104.233, -25.327, -4.880, -4.220, 23.42, -0.17044, -0.67453, 0.2605, -0.66931,
 11:05:40.307,ed:35:33:d3:6c:f8, 2015-01-01 00:18:38.930, 0.833, -0.034, 0.542, -0.122, 0, 0.488, -3.604, -56.728, -163.845, -23.720, -7.627, -13.713, 30.37, -0.10852, 0.47397, 0.0394, 0.87286,
 11:05:40.307,ed:35:33:d3:6c:f8, 2015-01-01 00:18:38.930, 0.832, -0.031, 0.546, 0, 0.183, 0.244, -3.609, -56.728, -163.834, -23.720, -7.627, -13.713, 30.37, -0.10852, 0.47397, 0.0394, 0.87286,
 11:05:40.309,ed:40:fe:65:30:6c, 2015-01-01 00:18:35.520, 0.888, 0.049, 0.469, 0.244, 0, 0.305, 5.46, -62.21, -114.966, -26.773, -6.987, 5.107, 25.17, 0.47971, -0.41342, -0.31177, -0.70825,
 11:05:40.309,ed:40:fe:65:30:6c, 2015-01-01 00:18:35.520, 0.886, 0.046, 0.466, 0.305, 0, 0.244, 5.46, -62.21, -114.955, -26.773, -6.987, 5.107, 25.17, 0.47971, -0.41342, -0.31177, -0.70825,
 11:05:40.330,f6:90:cc:01:6d:25, 2015-01-01 00:18:38.400, 0.997, -0.052, 0.03, 0.977, 0.977, -1.526, -59.266, -86.309, -93.203, -28.773, -6.120, 3.813, 29.27, 0.18933, -0.68011, -0.1452, -0.69308,
 11:05:40.330,f6:90:cc:01:6d:25, 2015-01-01 00:18:38.400, 0.962, -0.059, 0.029, 1.16, 1.526, -1.404, -58.755, -86.325, -93.719, -28.773, -6.120, 3.813, 29.27, 0.18933, -0.68011, -0.1452, -0.69308,
 11:05:40.331,ed:40:fe:65:30:6c, 2015-01-01 00:18:35.520, 0.888, 0.044, 0.466, 0.061, 0, 0.305, 5.455, -62.21, -114.944, -26.760, -7.327, 5.580, 25.17, 0.47971, -0.41342, -0.31177, -0.70825,
 11:05:40.331,ed:40:fe:65:30:6c, 2015-01-01 00:18:35.520, 0.891, 0.051, 0.469, 0, 0, -0.061, 5.455, -62.205, -114.939, -26.760, -7.327, 5.580, 25.17, 0.47971, -0.41342, -0.31177, -0.70825,
 11:05:40.332,e3:ca:2d:fd:e0:8c, 2015-01-01 00:18:35.760, 1.012, -0.12, -0.044, 0.183, 0, 0, -111.308, -82.672, -104.233, -25.327, -4.880, -4.220, 23.42, -0.17035, -0.67471, 0.2605, -0.66916,
 11:05:40.332,e3:ca:2d:fd:e0:8c, 2015-01-01 00:18:35.760, 1.014, -0.121, -0.045, 0.122, -0.183, 0, -111.313, -82.672, -104.233, -25.327, -4.880, -4.220, 23.42, -0.17035, -0.67471, 0.2605, -0.66916,
 11:05:40.351,ed:35:33:d3:6c:f8, 2015-01-01 00:18:38.930, 0.829, -0.033, 0.542, 0.183, 0, 0.305, -3.609, -56.728, -163.823, -23.720, -7.627, -13.713, 30.37, -0.10852, 0.47397, 0.0394, 0.87286,
 11:05:40.351,ed:35:33:d3:6c:f8, 2015-01-01 00:18:38.930, 0.833, -0.036, 0.543, 0.122, -0.061, 0.244, -3.615, -56.728, -163.817, -23.720, -7.627, -13.713, 30.37, -0.10852, 0.47397, 0.0394, 0.87286,
 11:05:40.353,f6:90:cc:01:6d:25, 2015-01-01 00:18:38.400, 0.988, -0.046, 0.031, 1.16, 1.587, -2.014, -58.118, -86.336, -94.384, -28.480, -6.440, 3.060, 29.27, 0.18933, -0.68011, -0.1452, -0.69308,
 11:05:40.353,f6:90:cc:01:6d:25, 2015-01-01 00:18:38.400, 0.987, -0.049, 0.031, 0.488, 0.061, -0.427, -57.557, -86.353, -94.944, -28.480, -6.440, 3.060, 29.27, 0.18933, -0.68011, -0.1452, -0.69308,
 11:05:40.376,ed:40:fe:65:30:6c, 2015-01-01 00:18:35.520, 0.89, 0.055, 0.467, 0.183, -0.061, 0, 5.466, -62.205, -114.939, -26.760, -7.327, 5.580, 25.17, 0.47971, -0.41342, -0.31177, -0.70825,
 11:05:40.376,ed:40:fe:65:30:6c, 2015-01-01 00:18:35.520, 0.889, 0.046, 0.468, -0.244, 0.061, 0.427, 5.46, -62.205, -114.933, -26.760, -7.327, 5.580, 25.17, 0.47971, -0.41342, -0.31177, -0.70825,
 11:05:40.378,e3:ca:2d:fd:e0:8c, 2015-01-01 00:18:36.075, 1.014, -0.121, -0.046, 0, -0.183, 0, -111.33, -82.672, -104.211, -25.327, -4.880, -4.220, 23.42, -0.17035, -0.67471, 0.2605, -0.66916,
 11:05:40.378,e3:ca:2d:fd:e0:8c, 2015-01-01 00:18:36.075, 1.014, -0.122, -0.048, 0, -0.122, 0, -111.346, -82.672, -104.2, -25.327, -4.880, -4.220, 23.42, -0.17035, -0.67471, 0.2605, -0.66916,
 11:05:40.396,ed:35:33:d3:6c:f8, 2015-01-01 00:18:38.930, 0.835, -0.028, 0.546, 0.244, 0, -0.183, -3.598, -56.728, -163.823, -23.300, -7.940, -13.127, 30.37, -0.10852, 0.47397, 0.0394, 0.87286,
 11:05:40.396,ed:35:33:d3:6c:f8, 2015-01-01 00:18:38.930, 0.833, -0.024, 0.544, 0.183, -0.061, 0, -3.593, -56.733, -163.823, -23.300, -7.940, -13.127, 30.37, -0.10852, 0.47397, 0.0394, 0.87286,
 11:05:40.397,f6:90:cc:01:6d:25, 2015-01-01 00:18:38.400, 0.985, -0.051, 0.028, 0.305, 0.061, -0.244, -57.519, -86.358, -94.977, -28.480, -6.440, 3.060, 29.27, 0.18933, -0.68011, -0.1452, -0.69308,
 11:05:40.397,f6:90:cc:01:6d:25, 2015-01-01 00:18:38.400, 0.985, -0.055, 0.027, 0.305, -0.061, -0.061, -57.524, -86.364, -94.949, -28.480, -6.440, 3.060, 29.27, 0.18933, -0.68011, -0.1452, -0.69308,
 11:05:40.420,f6:90:cc:01:6d:25, 2015-01-01 00:18:38.400, 0.983, -0.054, 0.028, 0.427, -0.122, -0.122, -57.574, -86.364, -94.911, -28.480, -6.440, 3.060, 29.27, 0.1893, -0.67926, -0.14682, -0.69363,
 11:05:40.420,f6:90:cc:01:6d:25, 2015-01-01 00:18:38.400, 0.983, -0.055, 0.028, 0.305, 0, -0.122, -57.607, -86.369, -94.889, -28.480, -6.440, 3.060, 29.27, 0.1893, -0.67926, -0.14682, -0.69363,
 11:05:40.422,e3:ca:2d:fd:e0:8c, 2015-01-01 00:18:36.075, 1.013, -0.124, -0.046, 0, -0.061, 0, -111.352, -82.672, -104.194, -25.327, -4.880, -4.220, 23.42, -0.17035, -0.67471, 0.2605, -0.66916,
 11:05:40.422,e3:ca:2d:fd:e0:8c, 2015-01-01 00:18:36.075, 1.012, -0.122, -0.046, 0.061, 0.061, 0, -111.341, -82.672, -104.2, -25.327, -4.880, -4.220, 23.42, -0.17035, -0.67471, 0.2605, -0.66916,
 11:05:40.442,ed:35:33:d3:6c:f8, 2015-01-01 00:18:38.930, 0.833, -0.033, 0.544, -0.427, 0.305, 0.366, -3.609, -56.722, -163.812, -23.300, -7.940, -13.127, 30.37, -0.10852, 0.47397, 0.0394, 0.87286,
 11:05:40.442,ed:35:33:d3:6c:f8, 2015-01-01 00:18:38.930, 0.831, -0.037, 0.544, -0.061, 0, 0.244, -3.615, -56.728, -163.801, -23.300, -7.940, -13.127, 30.37, -0.10852, 0.47397, 0.0394, 0.87286,
 11:05:40.445,e3:ca:2d:fd:e0:8c, 2015-01-01 00:18:36.075, 1.012, -0.122, -0.046, 0, 0.122, 0, -111.324, -82.672, -104.222, -25.327, -4.880, -4.220, 23.42, -0.17035, -0.67471, 0.2605, -0.66916,
 11:05:40.445,e3:ca:2d:fd:e0:8c, 2015-01-01 00:18:36.075, 1.012, -0.123, -0.046, 0, 0, 0, -111.308, -82.672, -104.238, -25.327, -4.880, -4.220, 23.42, -0.17035, -0.67471, 0.2605, -0.66916,
 11:05:40.465,ed:35:33:d3:6c:f8, 2015-01-01 00:18:38.930, 0.83, -0.034, 0.543, -0.122, 0, 0.305, -3.625, -56.728, -163.79, -23.300, -7.940, -13.127, 30.37, -0.10904, 0.474, 0.03937, 0.8728,
 11:05:40.465,ed:35:33:d3:6c:f8, 2015-01-01 00:18:38.930, 0.832, -0.036, 0.541, -0.061, -0.122, 0.427, -3.636, -56.728, -163.773, -23.300, -7.940, -13.127, 30.37, -0.10904, 0.474, 0.03937, 0.8728,
 11:05:40.465,f6:90:cc:01:6d:25, 2015-01-01 00:18:38.400, 0.983, -0.054, 0.031, 0.183, 0.122, -0.183, -57.612, -86.375, -94.9, -28.480, -6.440, 3.060, 29.27, 0.1893, -0.67926, -0.14682, -0.69363,
 11:05:40.465,f6:90:cc:01:6d:25, 2015-01-01 00:18:38.400, 0.983, -0.054, 0.029, 0.061, 0.244, -0.061, -57.585, -86.375, -94.949, -28.480, -6.440, 3.060, 29.27, 0.1893, -0.67926, -0.14682, -0.69363,
 11:05:40.466,ed:40:fe:65:30:6c, 2015-01-01 00:18:35.520, 0.888, 0.044, 0.466, -0.061, 0, 0.366, 5.449, -62.205, -114.911, -26.760, -7.327, 5.580, 25.17, 0.48065, -0.41306, -0.31189, -0.70776,
 11:05:40.466,ed:40:fe:65:30:6c, 2015-01-01 00:18:35.520, 0.886, 0.044, 0.466, 0, -0.061, 0.305, 5.444, -62.205, -114.901, -26.760, -7.327, 5.580, 25.17, 0.48065, -0.41306, -0.31189, -0.70776,
 11:05:40.490,ed:40:fe:65:30:6c, 2015-01-01 00:18:35.880, 0.886, 0.043, 0.464, 0, -0.061, 0.427, 5.433, -62.205, -114.884, -26.760, -7.327, 5.580, 25.17, 0.48065, -0.41306, -0.31189, -0.70776,
 11:05:40.490,ed:40:fe:65:30:6c, 2015-01-01 00:18:35.880, 0.888, 0.044, 0.464, 0.183, -0.122, 0.244, 5.427, -62.21, -114.868, -26.760, -7.327, 5.580, 25.17, 0.48065, -0.41306, -0.31189, -0.70776,
 11:05:40.490,e3:ca:2d:fd:e0:8c, 2015-01-01 00:18:36.075, 1.013, -0.125, -0.047, 0, 0, 0, -111.302, -82.672, -104.249, -25.327, -4.880, -4.220, 23.42, -0.17035, -0.67471, 0.2605, -0.66916,
 11:05:40.490,e3:ca:2d:fd:e0:8c, 2015-01-01 00:18:36.075, 1.014, -0.124, -0.046, 0.061, -0.061, 0, -111.297, -82.672, -104.255, -25.327, -4.880, -4.220, 23.42, -0.17035, -0.67471, 0.2605, -0.66916,
 11:05:40.509,f6:90:cc:01:6d:25, 2015-01-01 00:18:38.735, 0.984, -0.055, 0.03, 0.061, 0.244, -0.061, -57.557, -86.375, -94.988, -28.480, -6.440, 3.060, 29.27, 0.1893, -0.67926, -0.14682, -0.69363,
 11:05:40.509,f6:90:cc:01:6d:25, 2015-01-01 00:18:38.735, 0.986, -0.055, 0.03, 0.122, 0.183, 0, -57.541, -86.369, -95.01, -28.480, -6.440, 3.060, 29.27, 0.1893, -0.67926, -0.14682, -0.69363,
 11:05:40.509,ed:35:33:d3:6c:f8, 2015-01-01 00:18:38.930, 0.832, -0.037, 0.541, 0.183, -0.122, 0.305, -3.642, -56.733, -163.762, -23.300, -7.940, -13.127, 30.37, -0.10904, 0.474, 0.03937, 0.8728,
 11:05:40.509,ed:35:33:d3:6c:f8, 2015-01-01 00:18:38.930, 0.832, -0.035, 0.542, 0.122, 0.122, 0.183, -3.642, -56.728, -163.757, -23.300, -7.940, -13.127, 30.37, -0.10904, 0.474, 0.03937, 0.8728,
 11:05:40.511,ed:40:fe:65:30:6c, 2015-01-01 00:18:35.880, 0.888, 0.044, 0.465, 0.244, -0.061, 0.122, 5.427, -62.21, -114.862, -26.760, -7.327, 5.580, 25.17, 0.48065, -0.41306, -0.31189, -0.70776,
 11:05:40.511,ed:40:fe:65:30:6c, 2015-01-01 00:18:35.880, 0.889, 0.047, 0.468, 0, 0, 0.122, 5.427, -62.21, -114.857, -26.760, -7.327, 5.580, 25.17, 0.48065, -0.41306, -0.31189, -0.70776,
 11:05:40.534,f6:90:cc:01:6d:25, 2015-01-01 00:18:38.735, 0.985, -0.055, 0.031, 0.061, 0.122, 0, -57.541, -86.369, -95.01, -28.480, -6.440, 3.060, 29.27, 0.1893, -0.67926, -0.14682, -0.69363,
 11:05:40.534,f6:90:cc:01:6d:25, 2015-01-01 00:18:38.735, 0.986, -0.054, 0.03, 0.122, 0.122, 0, -57.552, -86.369, -94.999, -28.480, -6.440, 3.060, 29.27, 0.1893, -0.67926, -0.14682, -0.69363,
 11:05:40.534,ed:40:fe:65:30:6c, 2015-01-01 00:18:35.880, 0.887, 0.047, 0.469, 0, 0, 0.305, 5.416, -62.21, -114.846, -26.760, -7.327, 5.580, 25.17, 0.48065, -0.41306, -0.31189, -0.70776,
 11:05:40.534,ed:40:fe:65:30:6c, 2015-01-01 00:18:35.880, 0.889, 0.044, 0.466, -0.122, 0.061, 0.427, 5.405, -62.21, -114.829, -26.760, -7.327, 5.580, 25.17, 0.48065, -0.41306, -0.31189, -0.70776,
 11:05:40.535,e3:ca:2d:fd:e0:8c, 2015-01-01 00:18:36.075, 1.013, -0.123, -0.046, 0.122, -0.122, 0, -111.302, -82.672, -104.249, -25.327, -4.880, -4.220, 23.42, -0.17035, -0.67471, 0.2605, -0.66916,
 11:05:40.535,e3:ca:2d:fd:e0:8c, 2015-01-01 00:18:36.075, 1.013, -0.123, -0.045, 0.122, -0.061, 0, -111.308, -82.667, -104.244, -25.327, -4.880, -4.220, 23.42, -0.17035, -0.67471, 0.2605, -0.66916,
 11:05:40.553,ed:35:33:d3:6c:f8, 2015-01-01 00:18:39.310, 0.833, -0.032, 0.545, 0, 0.183, 0.122, -3.647, -56.728, -163.757, -23.300, -7.940, -13.127, 30.37, -0.10904, 0.474, 0.03937, 0.8728,
 11:05:40.553,ed:35:33:d3:6c:f8, 2015-01-01 00:18:39.310, 0.832, -0.032, 0.545, 0, 0, 0.305, -3.653, -56.728, -163.746, -23.300, -7.940, -13.127, 30.37, -0.10904, 0.474, 0.03937, 0.8728,
 11:05:40.576,ed:35:33:d3:6c:f8, 2015-01-01 00:18:39.310, 0.833, -0.037, 0.542, -0.244, -0.122, 0.427, -3.669, -56.728, -163.729, -23.300, -7.940, -13.127, 30.37, -0.10904, 0.474, 0.03937, 0.8728,
 11:05:40.576,ed:35:33:d3:6c:f8, 2015-01-01 00:18:39.310, 0.833, -0.036, 0.542, 0, -0.061, 0.305, -3.68, -56.733, -163.718, -23.300, -7.940, -13.127, 30.37, -0.10904, 0.474, 0.03937, 0.8728,
 11:05:40.577,f6:90:cc:01:6d:25, 2015-01-01 00:18:38.735, 0.986, -0.052, 0.031, 0.183, 0.122, 0, -57.563, -86.369, -94.988, -28.480, -6.440, 3.060, 29.27, 0.1893, -0.67926, -0.14682, -0.69363,
 11:05:40.577,f6:90:cc:01:6d:25, 2015-01-01 00:18:38.735, 0.984, -0.053, 0.031, 0.061, 0.305, -0.061, -57.535, -86.369, -95.004, -28.480, -6.440, 3.060, 29.27, 0.1893, -0.67926, -0.14682, -0.69363,
 11:05:40.580,e3:ca:2d:fd:e0:8c, 2015-01-01 00:18:36.075, 1.013, -0.122, -0.044, 0.061, -0.061, 0, -111.302, -82.667, -104.238, -24.887, -4.840, -4.580, 23.42, -0.17035, -0.67471, 0.2605, -0.66916,
 11:05:40.580,e3:ca:2d:fd:e0:8c, 2015-01-01 00:18:36.075, 1.012, -0.121, -0.043, 0.061, -0.061, 0, -111.302, -82.667, -104.238, -24.887, -4.840, -4.580, 23.42, -0.17035, -0.67471, 0.2605, -0.66916,
 11:05:40.602,ed:40:fe:65:30:6c, 2015-01-01 00:18:35.880, 0.89, 0.044, 0.466, 0, 0.122, 0.305, 5.394, -62.21, -114.813, -26.760, -7.327, 5.580, 25.17, 0.48065, -0.41306, -0.31189, -0.70776,
 11:05:40.602,ed:40:fe:65:30:6c, 2015-01-01 00:18:35.880, 0.888, 0.046, 0.467, 0.244, 0.122, 0.183, 5.389, -62.205, -114.802, -26.760, -7.327, 5.580, 25.17, 0.48065, -0.41306, -0.31189, -0.70776,
 11:05:40.621,ed:35:33:d3:6c:f8, 2015-01-01 00:18:39.310, 0.832, -0.034, 0.542, 0, 0.061, 0.244, -3.686, -56.733, -163.707, -23.300, -7.940, -13.127, 30.37, -0.10904, 0.474, 0.03937, 0.8728,
 11:05:40.621,ed:35:33:d3:6c:f8, 2015-01-01 00:18:39.310, 0.831, -0.039, 0.543, -0.122, 0.488, 0.305, -3.697, -56.722, -163.702, -23.300, -7.940, -13.127, 30.37, -0.10904, 0.474, 0.03937, 0.8728,
 11:05:40.622,f6:90:cc:01:6d:25, 2015-01-01 00:18:38.735, 0.984, -0.055, 0.029, -0.061, 0.305, -0.122, -57.475, -86.364, -95.048, -28.480, -6.440, 3.060, 29.27, 0.1893, -0.67926, -0.14682, -0.69363,
 11:05:40.622,f6:90:cc:01:6d:25, 2015-01-01 00:18:38.735, 0.984, -0.055, 0.028, 0, 0.244, -0.183, -57.415, -86.364, -95.087, -28.480, -6.440, 3.060, 29.27, 0.1893, -0.67926, -0.14682, -0.69363,
 11:05:40.624,ed:40:fe:65:30:6c, 2015-01-01 00:18:35.880, 0.888, 0.042, 0.467, 0, 0.305, 0.305, 5.383, -62.199, -114.791, -26.760, -7.327, 5.580, 25.17, 0.48065, -0.41306, -0.31189, -0.70776,
 11:05:40.624,ed:40:fe:65:30:6c, 2015-01-01 00:18:35.880, 0.887, 0.041, 0.466, 0.244, 0.244, 0.061, 5.383, -62.194, -114.785, -26.760, -7.327, 5.580, 25.17, 0.48065, -0.41306, -0.31189, -0.70776,
 11:05:40.644,ed:35:33:d3:6c:f8, 2015-01-01 00:18:39.310, 0.831, -0.039, 0.542, 0.244, 0.244, 0.122, -3.697, -56.717, -163.696, -23.300, -7.940, -13.127, 30.37, -0.10904, 0.474, 0.03937, 0.8728,
 11:05:40.644,ed:35:33:d3:6c:f8, 2015-01-01 00:18:39.310, 0.832, -0.034, 0.543, 0.366, 0.244, 0, -3.686, -56.717, -163.696, -23.300, -7.940, -13.127, 30.37, -0.10904, 0.474, 0.03937, 0.8728,
 11:05:40.647,e3:ca:2d:fd:e0:8c, 2015-01-01 00:18:36.075, 1.012, -0.122, -0.045, 0, -0.061, 0, -111.302, -82.667, -104.238, -24.887, -4.840, -4.580, 23.42, -0.17023, -0.67474, 0.2605, -0.66916,
 11:05:40.647,e3:ca:2d:fd:e0:8c, 2015-01-01 00:18:36.075, 1.012, -0.124, -0.046, 0, -0.061, 0, -111.297, -82.667, -104.238, -24.887, -4.840, -4.580, 23.42, -0.17023, -0.67474, 0.2605, -0.66916,
 11:05:40.650,e3:ca:2d:fd:e0:8c, 2015-01-01 00:18:36.365, 1.014, -0.123, -0.046, -0.061, 0, 0, -111.292, -82.667, -104.238, -24.887, -4.840, -4.580, 23.42, -0.17023, -0.67474, 0.2605, -0.66916,
 11:05:40.650,e3:ca:2d:fd:e0:8c, 2015-01-01 00:18:36.365, 1.014, -0.121, -0.047, -0.122, 0, 0, -111.286, -82.667, -104.244, -24.887, -4.840, -4.580, 23.42, -0.17023, -0.67474, 0.2605, -0.66916,
 11:05:40.668,ed:40:fe:65:30:6c, 2015-01-01 00:18:35.880, 0.886, 0.045, 0.466, 0.244, 0.122, 0, 5.383, -62.194, -114.78, -26.760, -7.327, 5.580, 25.17, 0.48065, -0.41306, -0.31189, -0.70776,
 11:05:40.668,ed:40:fe:65:30:6c, 2015-01-01 00:18:35.880, 0.887, 0.049, 0.466, 0.305, 0.061, -0.061, 5.394, -62.188, -114.785, -26.760, -7.327, 5.580, 25.17, 0.48065, -0.41306, -0.31189, -0.70776,
 11:05:40.690,f6:90:cc:01:6d:25, 2015-01-01 00:18:38.735, 0.984, -0.051, 0.029, 0, 0.244, -0.244, -57.36, -86.369, -95.136, -28.480, -6.440, 3.060, 29.27, 0.1893, -0.67926, -0.14682, -0.69363,
 11:05:40.690,f6:90:cc:01:6d:25, 2015-01-01 00:18:38.735, 0.985, -0.05, 0.029, 0, 0.244, -0.183, -57.299, -86.369, -95.169, -28.480, -6.440, 3.060, 29.27, 0.1893, -0.67926, -0.14682, -0.69363,
 11:05:40.711,ed:35:33:d3:6c:f8, 2015-01-01 00:18:39.310, 0.831, -0.03, 0.543, 0.366, 0.122, -0.061, -3.675, -56.711, -163.702, -23.300, -7.940, -13.127, 30.37, -0.10904, 0.474, 0.03937, 0.8728,
 11:05:40.711,ed:35:33:d3:6c:f8, 2015-01-01 00:18:39.310, 0.833, -0.03, 0.544, 0.122, 0.122, -0.061, -3.669, -56.711, -163.702, -23.300, -7.940, -13.127, 30.37, -0.10904, 0.474, 0.03937, 0.8728,
 11:05:40.712,f6:90:cc:01:6d:25, 2015-01-01 00:18:38.735, 0.985, -0.053, 0.029, -0.061, 0.183, -0.061, -57.266, -86.369, -95.186, -28.813, -6.580, 3.620, 29.27, 0.1893, -0.67926, -0.14682, -0.69363,
 11:05:40.712,f6:90:cc:01:6d:25, 2015-01-01 00:18:38.735, 0.986, -0.055, 0.029, 0.061, 0.122, -0.122, -57.25, -86.369, -95.213, -28.813, -6.580, 3.620, 29.27, 0.1893, -0.67926, -0.14682, -0.69363,
 11:05:40.713,ed:40:fe:65:30:6c, 2015-01-01 00:18:35.880, 0.888, 0.05, 0.467, 0.122, 0.122, -0.061, 5.4, -62.188, -114.785, -27.093, -7.393, 4.447, 25.17, 0.48065, -0.41306, -0.31189, -0.70776,
 11:05:40.713,ed:40:fe:65:30:6c, 2015-01-01 00:18:35.880, 0.889, 0.046, 0.469, 0, 0.183, 0.122, 5.4, -62.183, -114.78, -27.093, -7.393, 4.447, 25.17, 0.48065, -0.41306, -0.31189, -0.70776,
 11:05:40.715,e3:ca:2d:fd:e0:8c, 2015-01-01 00:18:36.365, 1.014, -0.122, -0.047, 0, -0.061, 0, -111.281, -82.661, -104.249, -24.887, -4.840, -4.580, 23.42, -0.17023, -0.67474, 0.2605, -0.66916,
 11:05:40.715,e3:ca:2d:fd:e0:8c, 2015-01-01 00:18:36.365, 1.014, -0.123, -0.048, 0, -0.061, 0, -111.286, -82.661, -104.249, -24.887, -4.840, -4.580, 23.42, -0.17023, -0.67474, 0.2605, -0.66916,
 11:05:40.734,ed:35:33:d3:6c:f8, 2015-01-01 00:18:39.310, 0.833, -0.033, 0.546, -0.122, 0.305, 0.122, -3.675, -56.706, -163.702, -23.793, -7.547, -12.833, 30.37, -0.10904, 0.474, 0.03937, 0.8728,
 11:05:40.734,ed:35:33:d3:6c:f8, 2015-01-01 00:18:39.310, 0.831, -0.036, 0.544, -0.061, 0.183, 0.183, -3.68, -56.706, -163.691, -23.793, -7.547, -12.833, 30.37, -0.10904, 0.474, 0.03937, 0.8728,
 11:05:40.738,e3:ca:2d:fd:e0:8c, 2015-01-01 00:18:36.365, 1.013, -0.123, -0.047, 0, -0.061, 0, -111.292, -82.661, -104.244, -24.887, -4.840, -4.580, 23.42, -0.17023, -0.67474, 0.2605, -0.66916,
 11:05:40.738,e3:ca:2d:fd:e0:8c, 2015-01-01 00:18:36.365, 1.013, -0.123, -0.047, -0.061, 0, 0, -111.286, -82.661, -104.249, -24.887, -4.840, -4.580, 23.42, -0.17023, -0.67474, 0.2605, -0.66916,
 11:05:40.760,f6:90:cc:01:6d:25, 2015-01-01 00:18:38.735, 0.984, -0.054, 0.029, 0.061, 0.183, -0.183, -57.228, -86.375, -95.246, -28.813, -6.580, 3.620, 29.27, 0.1893, -0.67926, -0.14682, -0.69363,
 11:05:40.760,f6:90:cc:01:6d:25, 2015-01-01 00:18:38.735, 0.984, -0.052, 0.03, -0.061, 0.122, -0.183, -57.206, -86.375, -95.262, -28.813, -6.580, 3.620, 29.27, 0.1893, -0.67926, -0.14682, -0.69363,
 11:05:40.778,ed:35:33:d3:6c:f8, 2015-01-01 00:18:39.310, 0.831, -0.038, 0.544, 0, 0.122, 0.061, -3.68, -56.7, -163.691, -23.793, -7.547, -12.833, 30.37, -0.10904, 0.474, 0.03937, 0.8728,
 11:05:40.778,ed:35:33:d3:6c:f8, 2015-01-01 00:18:39.310, 0.832, -0.039, 0.543, 0.122, 0, 0, -3.68, -56.7, -163.691, -23.793, -7.547, -12.833, 30.37, -0.10904, 0.474, 0.03937, 0.8728,
 11:05:40.779,f6:90:cc:01:6d:25, 2015-01-01 00:18:38.735, 0.985, -0.054, 0.03, -0.061, 0.122, -0.305, -57.167, -86.38, -95.317, -28.813, -6.580, 3.620, 29.27, 0.18924, -0.67914, -0.147, -0.69373,
 11:05:40.779,f6:90:cc:01:6d:25, 2015-01-01 00:18:38.735, 0.985, -0.052, 0.03, -0.122, 0.122, -0.305, -57.129, -86.385, -95.394, -28.813, -6.580, 3.620, 29.27, 0.18924, -0.67914, -0.147, -0.69373,
 11:05:40.780,ed:40:fe:65:30:6c, 2015-01-01 00:18:35.880, 0.888, 0.044, 0.468, 0.061, 0.122, 0.244, 5.4, -62.183, -114.774, -27.093, -7.393, 4.447, 25.17, 0.48065, -0.41306, -0.31189, -0.70776,
 11:05:40.780,ed:40:fe:65:30:6c, 2015-01-01 00:18:35.880, 0.887, 0.044, 0.467, 0.061, 0, 0.122, 5.394, -62.177, -114.763, -27.093, -7.393, 4.447, 25.17, 0.48065, -0.41306, -0.31189, -0.70776,
 11:05:40.782,e3:ca:2d:fd:e0:8c, 2015-01-01 00:18:36.365, 1.012, -0.122, -0.046, -0.061, 0, 0, -111.281, -82.661, -104.255, -24.887, -4.840, -4.580, 23.42, -0.17023, -0.67474, 0.2605, -0.66916,
 11:05:40.782,e3:ca:2d:fd:e0:8c, 2015-01-01 00:18:36.365, 1.013, -0.122, -0.045, -0.122, 0, 0, -111.281, -82.661, -104.266, -24.887, -4.840, -4.580, 23.42, -0.17023, -0.67474, 0.2605, -0.66916,
 11:05:40.804,ed:40:fe:65:30:6c, 2015-01-01 00:18:35.880, 0.888, 0.042, 0.467, 0.122, 0, -0.061, 5.4, -62.177, -114.763, -27.093, -7.393, 4.447, 25.17, 0.48151, -0.41272, -0.31198, -0.70737,
 11:05:40.804,ed:40:fe:65:30:6c, 2015-01-01 00:18:35.880, 0.887, 0.045, 0.467, 0.122, -0.061, -0.183, 5.411, -62.177, -114.774, -27.093, -7.393, 4.447, 25.17, 0.48151, -0.41272, -0.31198, -0.70737,
 11:05:40.825,f6:90:cc:01:6d:25, 2015-01-01 00:18:38.735, 0.984, -0.052, 0.031, -0.244, 0.244, -0.122, -57.09, -86.385, -95.482, -28.813, -6.580, 3.620, 29.27, 0.18924, -0.67914, -0.147, -0.69373,
 11:05:40.825,f6:90:cc:01:6d:25, 2015-01-01 00:18:38.735, 0.983, -0.054, 0.031, -0.122, 0.244, -0.122, -57.047, -86.385, -95.565, -28.813, -6.580, 3.620, 29.27, 0.18924, -0.67914, -0.147, -0.69373,
 11:05:40.827,e3:ca:2d:fd:e0:8c, 2015-01-01 00:18:36.365, 1.012, -0.122, -0.044, -0.061, 0, 0, -111.275, -82.661, -104.271, -24.887, -4.840, -4.580, 23.42, -0.17023, -0.67474, 0.2605, -0.66916,
 11:05:40.827,e3:ca:2d:fd:e0:8c, 2015-01-01 00:18:36.365, 1.012, -0.123, -0.045, -0.061, 0, 0, -111.27, -82.661, -104.277, -24.887, -4.840, -4.580, 23.42, -0.17023, -0.67474, 0.2605, -0.66916,
 11:05:40.846,ed:35:33:d3:6c:f8, 2015-01-01 00:18:39.310, 0.832, -0.033, 0.544, 0.244, 0, -0.122, -3.669, -56.706, -163.696, -23.793, -7.547, -12.833, 30.37, -0.10962, 0.47385, 0.03931, 0.87283,
 11:05:40.846,ed:35:33:d3:6c:f8, 2015-01-01 00:18:39.310, 0.832, -0.031, 0.544, 0.122, 0, -0.244, -3.664, -56.706, -163.707, -23.793, -7.547, -12.833, 30.37, -0.10962, 0.47385, 0.03931, 0.87283,
 11:05:40.849,ed:40:fe:65:30:6c, 2015-01-01 00:18:35.880, 0.886, 0.049, 0.468, 0.183, -0.061, -0.366, 5.427, -62.177, -114.785, -27.093, -7.393, 4.447, 25.17, 0.48151, -0.41272, -0.31198, -0.70737,
 11:05:40.849,ed:40:fe:65:30:6c, 2015-01-01 00:18:35.880, 0.887, 0.048, 0.468, 0, 0, -0.183, 5.438, -62.177, -114.796, -27.093, -7.393, 4.447, 25.17, 0.48151, -0.41272, -0.31198, -0.70737,
 11:05:40.850,e3:ca:2d:fd:e0:8c, 2015-01-01 00:18:36.365, 1.012, -0.124, -0.046, -0.061, 0, 0, -111.259, -82.661, -104.282, -25.253, -4.853, -4.073, 23.42, -0.17023, -0.67474, 0.2605, -0.66916,
 11:05:40.850,e3:ca:2d:fd:e0:8c, 2015-01-01 00:18:36.365, 1.013, -0.123, -0.045, 0, 0, 0, -111.253, -82.661, -104.288, -25.253, -4.853, -4.073, 23.42, -0.17023, -0.67474, 0.2605, -0.66916,
 11:05:40.869,f6:90:cc:01:6d:25, 2015-01-01 00:18:39.095, 0.984, -0.055, 0.03, -0.061, 0.305, -0.183, -56.981, -86.385, -95.641, -28.813, -6.580, 3.620, 29.27, 0.18924, -0.67914, -0.147, -0.69373,
 11:05:40.869,f6:90:cc:01:6d:25, 2015-01-01 00:18:39.095, 0.985, -0.051, 0.032, 0.122, 0.244, -0.061, -56.937, -86.385, -95.707, -28.813, -6.580, 3.620, 29.27, 0.18924, -0.67914, -0.147, -0.69373,
 11:05:40.869,ed:35:33:d3:6c:f8, 2015-01-01 00:18:39.645, 0.831, -0.03, 0.544, 0, 0.061, -0.061, -3.658, -56.706, -163.707, -23.793, -7.547, -12.833, 30.37, -0.10962, 0.47385, 0.03931, 0.87283,
 11:05:40.869,ed:35:33:d3:6c:f8, 2015-01-01 00:18:39.645, 0.831, -0.03, 0.543, -0.244, 0.061, 0.244, -3.669, -56.706, -163.702, -23.793, -7.547, -12.833, 30.37, -0.10962, 0.47385, 0.03931, 0.87283,
 11:05:40.871,ed:40:fe:65:30:6c, 2015-01-01 00:18:36.280, 0.887, 0.047, 0.466, -0.061, 0.061, 0.183, 5.438, -62.177, -114.791, -27.093, -7.393, 4.447, 25.17, 0.48151, -0.41272, -0.31198, -0.70737,
 11:05:40.871,ed:40:fe:65:30:6c, 2015-01-01 00:18:36.280, 0.888, 0.051, 0.471, -0.305, 0.122, 0.366, 5.422, -62.172, -114.774, -27.093, -7.393, 4.447, 25.17, 0.48151, -0.41272, -0.31198, -0.70737,
 11:05:40.892,ed:35:33:d3:6c:f8, 2015-01-01 00:18:39.645, 0.832, -0.031, 0.548, -0.61, 0.366, 0.305, -3.686, -56.695, -163.691, -23.793, -7.547, -12.833, 30.37, -0.10962, 0.47385, 0.03931, 0.87283,
 11:05:40.892,ed:35:33:d3:6c:f8, 2015-01-01 00:18:39.645, 0.829, -0.037, 0.544, -0.366, 0.183, 0.61, -3.708, -56.689, -163.669, -23.793, -7.547, -12.833, 30.37, -0.10962, 0.47385, 0.03931, 0.87283,
 11:05:40.894,ed:40:fe:65:30:6c, 2015-01-01 00:18:36.280, 0.886, 0.043, 0.468, -0.061, 0.183, 0.427, 5.411, -62.172, -114.758, -27.093, -7.393, 4.447, 25.17, 0.48151, -0.41272, -0.31198, -0.70737,
 11:05:40.894,ed:40:fe:65:30:6c, 2015-01-01 00:18:36.280, 0.886, 0.039, 0.467, 0, 0.244, 0.671, 5.389, -62.166, -114.73, -27.093, -7.393, 4.447, 25.17, 0.48151, -0.41272, -0.31198, -0.70737,
 11:05:40.896,e3:ca:2d:fd:e0:8c, 2015-01-01 00:18:36.365, 1.013, -0.122, -0.045, 0, -0.061, 0, -111.253, -82.661, -104.288, -25.253, -4.853, -4.073, 23.42, -0.17023, -0.67474, 0.2605, -0.66916,
 11:05:40.896,e3:ca:2d:fd:e0:8c, 2015-01-01 00:18:36.365, 1.011, -0.123, -0.045, 0.061, -0.122, 0, -111.253, -82.656, -104.282, -25.253, -4.853, -4.073, 23.42, -0.17023, -0.67474, 0.2605, -0.66916,
 11:05:40.915,f6:90:cc:01:6d:25, 2015-01-01 00:18:39.095, 0.983, -0.055, 0.031, 0.061, 0.244, -0.122, -56.893, -86.385, -95.79, -28.813, -6.580, 3.620, 29.27, 0.18924, -0.67914, -0.147, -0.69373,
 11:05:40.915,f6:90:cc:01:6d:25, 2015-01-01 00:18:39.095, 0.983, -0.055, 0.032, 0.366, 0.122, -0.305, -56.838, -86.385, -95.872, -28.813, -6.580, 3.620, 29.27, 0.18924, -0.67914, -0.147, -0.69373,
 11:05:40.936,ed:35:33:d3:6c:f8, 2015-01-01 00:18:39.645, 0.834, -0.042, 0.543, -0.122, 0.244, 0.671, -3.73, -56.684, -163.647, -23.793, -7.547, -12.833, 30.37, -0.10962, 0.47385, 0.03931, 0.87283,
 11:05:40.936,ed:35:33:d3:6c:f8, 2015-01-01 00:18:39.645, 0.833, -0.027, 0.544, 1.221, 0.061, 0.061, -3.719, -56.684, -163.63, -23.793, -7.547, -12.833, 30.37, -0.10962, 0.47385, 0.03931, 0.87283,
 11:05:40.938,f6:90:cc:01:6d:25, 2015-01-01 00:18:39.095, 0.987, -0.05, 0.03, 0.061, 0.061, -0.305, -56.799, -86.391, -95.883, -28.813, -6.580, 3.620, 29.27, 0.18924, -0.67914, -0.147, -0.69373,
 11:05:40.938,f6:90:cc:01:6d:25, 2015-01-01 00:18:39.095, 0.986, -0.05, 0.027, 0, 0.061, -0.305, -56.772, -86.396, -95.905, -28.813, -6.580, 3.620, 29.27, 0.18924, -0.67914, -0.147, -0.69373,
 11:05:40.939,ed:40:fe:65:30:6c, 2015-01-01 00:18:36.280, 0.89, 0.044, 0.469, 0.366, 0.122, 0.183, 5.383, -62.161, -114.719, -27.093, -7.393, 4.447, 25.17, 0.48151, -0.41272, -0.31198, -0.70737,
 11:05:40.939,ed:40:fe:65:30:6c, 2015-01-01 00:18:36.280, 0.89, 0.052, 0.466, 0.916, 0, 0, 5.4, -62.161, -114.714, -27.093, -7.393, 4.447, 25.17, 0.48151, -0.41272, -0.31198, -0.70737,
 11:05:40.940,e3:ca:2d:fd:e0:8c, 2015-01-01 00:18:36.365, 1.014, -0.122, -0.046, 0.122, -0.183, 0, -111.27, -82.656, -104.26, -25.253, -4.853, -4.073, 23.42, -0.1702, -0.67468, 0.26053, -0.66919,
 11:05:40.940,e3:ca:2d:fd:e0:8c, 2015-01-01 00:18:36.365, 1.015, -0.121, -0.045, 0, -0.183, 0, -111.286, -82.656, -104.244, -25.253, -4.853, -4.073, 23.42, -0.1702, -0.67468, 0.26053, -0.66919,
 11:05:40.981,ed:35:33:d3:6c:f8, 2015-01-01 00:18:39.645, 0.833, -0.035, 0.545, 0.61, 0.305, 0.244, -3.697, -56.684, -163.592, -23.793, -7.547, -12.833, 30.37, -0.10962, 0.47385, 0.03931, 0.87283,
 11:05:40.981,ed:35:33:d3:6c:f8, 2015-01-01 00:18:39.645, 0.831, -0.036, 0.544, 0.671, 0.122, 0.122, -3.686, -56.678, -163.581, -23.793, -7.547, -12.833, 30.37, -0.10962, 0.47385, 0.03931, 0.87283,
 11:05:40.982,f6:90:cc:01:6d:25, 2015-01-01 00:18:39.095, 0.986, -0.053, 0.029, 0.061, 0.061, -0.244, -56.744, -86.402, -95.916, -28.813, -6.580, 3.620, 29.27, 0.18924, -0.67914, -0.147, -0.69373,
 11:05:40.982,f6:90:cc:01:6d:25, 2015-01-01 00:18:39.095, 0.985, -0.052, 0.029, 0.122, 0, -0.244, -56.739, -86.407, -95.9, -28.813, -6.580, 3.620, 29.27, 0.18924, -0.67914, -0.147, -0.69373,
 11:05:40.983,ed:40:fe:65:30:6c, 2015-01-01 00:18:36.280, 0.889, 0.047, 0.468, 0.61, 0.061, 0.244, 5.405, -62.161, -114.708, -27.093, -7.393, 4.447, 25.17, 0.48151, -0.41272, -0.31198, -0.70737,
 11:05:40.983,ed:40:fe:65:30:6c, 2015-01-01 00:18:36.280, 0.888, 0.044, 0.467, 0.488, 0, 0.183, 5.411, -62.161, -114.697, -27.093, -7.393, 4.447, 25.17, 0.48151, -0.41272, -0.31198, -0.70737,
 11:05:40.984,e3:ca:2d:fd:e0:8c, 2015-01-01 00:18:36.680, 1.016, -0.121, -0.045, -0.183, 0, 0, -111.286, -82.656, -104.238, -25.253, -4.853, -4.073, 23.42, -0.1702, -0.67468, 0.26053, -0.66919,
 11:05:40.984,e3:ca:2d:fd:e0:8c, 2015-01-01 00:18:36.680, 1.014, -0.121, -0.047, -0.122, 0.061, 0, -111.275, -82.656, -104.255, -25.253, -4.853, -4.073, 23.42, -0.1702, -0.67468, 0.26053, -0.66919,
 11:05:41.003,ed:35:33:d3:6c:f8, 2015-01-01 00:18:39.645, 0.831, -0.034, 0.543, 0.183, 0.061, 0.183, -3.68, -56.673, -163.564, -23.793, -7.547, -12.833, 30.37, -0.10962, 0.47385, 0.03931, 0.87283,
 11:05:41.003,ed:35:33:d3:6c:f8, 2015-01-01 00:18:39.645, 0.831, -0.035, 0.542, -0.122, 0.183, 0.366, -3.686, -56.673, -163.564, -23.793, -7.547, -12.833, 30.37, -0.10962, 0.47385, 0.03931, 0.87283,
 11:05:41.027,f6:90:cc:01:6d:25, 2015-01-01 00:18:39.095, 0.984, -0.052, 0.031, 0.244, 0.122, -0.366, -56.695, -86.413, -95.938, -28.813, -6.580, 3.620, 29.27, 0.18924, -0.67914, -0.147, -0.69373,
 11:05:41.027,f6:90:cc:01:6d:25, 2015-01-01 00:18:39.095, 0.984, -0.051, 0.029, 0, 0.183, -0.366, -56.624, -86.418, -95.971, -28.813, -6.580, 3.620, 29.27, 0.18924, -0.67914, -0.147, -0.69373,
 11:05:41.029,e3:ca:2d:fd:e0:8c, 2015-01-01 00:18:36.680, 1.013, -0.122, -0.045, -0.122, 0.122, 0, -111.253, -82.656, -104.277, -25.253, -4.853, -4.073, 23.42, -0.1702, -0.67468, 0.26053, -0.66919,
 11:05:41.029,e3:ca:2d:fd:e0:8c, 2015-01-01 00:18:36.680, 1.014, -0.121, -0.046, -0.488, 0.122, 0, -111.237, -82.656, -104.299, -25.253, -4.853, -4.073, 23.42, -0.1702, -0.67468, 0.26053, -0.66919,
 11:05:41.051,ed:40:fe:65:30:6c, 2015-01-01 00:18:36.280, 0.886, 0.045, 0.467, 0.244, 0, 0.122, 5.416, -62.155, -114.692, -27.093, -7.393, 4.447, 25.17, 0.48151, -0.41272, -0.31198, -0.70737,
 11:05:41.051,ed:40:fe:65:30:6c, 2015-01-01 00:18:36.280, 0.887, 0.045, 0.467, 0, 0.061, 0.244, 5.411, -62.155, -114.681, -27.093, -7.393, 4.447, 25.17, 0.48151, -0.41272, -0.31198, -0.70737,
 11:05:41.052,e3:ca:2d:fd:e0:8c, 2015-01-01 00:18:36.680, 1.013, -0.122, -0.046, -0.793, 0.122, 0, -111.231, -82.656, -104.321, -25.253, -4.853, -4.073, 23.42, -0.1702, -0.67468, 0.26053, -0.66919,
 11:05:41.052,e3:ca:2d:fd:e0:8c, 2015-01-01 00:18:36.680, 1.012, -0.124, -0.048, -0.61, 0.061, 0, -111.226, -82.656, -104.337, -25.253, -4.853, -4.073, 23.42, -0.1702, -0.67468, 0.26053, -0.66919,
 11:05:41.072,ed:35:33:d3:6c:f8, 2015-01-01 00:18:39.645, 0.83, -0.036, 0.542, 0, 0.122, 0.305, -3.697, -56.673, -163.586, -23.793, -7.547, -12.833, 30.37, -0.10962, 0.47385, 0.03931, 0.87283,
 11:05:41.072,ed:35:33:d3:6c:f8, 2015-01-01 00:18:39.645, 0.831, -0.035, 0.543, 0, 0.305, 0.061, -3.702, -56.667, -163.581, -23.793, -7.547, -12.833, 30.37, -0.10962, 0.47385, 0.03931, 0.87283,
 11:05:41.074,ed:40:fe:65:30:6c, 2015-01-01 00:18:36.280, 0.887, 0.044, 0.465, 0.061, 0.061, 0.183, 5.405, -62.155, -114.675, -26.660, -7.113, 5.387, 25.17, 0.48151, -0.41272, -0.31198, -0.70737,
 11:05:41.074,ed:40:fe:65:30:6c, 2015-01-01 00:18:36.280, 0.886, 0.045, 0.467, 0.061, 0, 0, 5.411, -62.155, -114.67, -26.660, -7.113, 5.387, 25.17, 0.48151, -0.41272, -0.31198, -0.70737,
 11:05:41.094,ed:35:33:d3:6c:f8, 2015-01-01 00:18:39.645, 0.832, -0.033, 0.547, 0.122, 0.183, -0.122, -3.702, -56.662, -163.57, -23.787, -7.267, -13.233, 30.37, -0.10962, 0.47385, 0.03931, 0.87283,
 11:05:41.094,ed:35:33:d3:6c:f8, 2015-01-01 00:18:39.645, 0.831, -0.031, 0.545, 0.183, -0.061, -0.061, -3.691, -56.662, -163.57, -23.787, -7.267, -13.233, 30.37, -0.10962, 0.47385, 0.03931, 0.87283,
 11:05:41.095,f6:90:cc:01:6d:25, 2015-01-01 00:18:39.095, 0.982, -0.052, 0.028, -0.183, 0.244, -0.366, -56.541, -86.424, -96.037, -28.933, -6.487, 3.907, 29.27, 0.18924, -0.67914, -0.147, -0.69373,
 11:05:41.095,f6:90:cc:01:6d:25, 2015-01-01 00:18:39.095, 0.983, -0.054, 0.029, -0.244, 0.305, -0.366, -56.448, -86.424, -96.114, -28.933, -6.487, 3.907, 29.27, 0.18924, -0.67914, -0.147, -0.69373,
 11:05:41.097,e3:ca:2d:fd:e0:8c, 2015-01-01 00:18:36.680, 1.013, -0.124, -0.045, -0.244, 0, 0, -111.226, -82.656, -104.348, -25.253, -4.853, -4.073, 23.42, -0.1702, -0.67468, 0.26053, -0.66919,
 11:05:41.097,e3:ca:2d:fd:e0:8c, 2015-01-01 00:18:36.680, 1.014, -0.124, -0.045, -0.122, 0, 0, -111.22, -82.656, -104.354, -25.253, -4.853, -4.073, 23.42, -0.1702, -0.67468, 0.26053, -0.66919,
 11:05:41.117,f6:90:cc:01:6d:25, 2015-01-01 00:18:39.095, 0.986, -0.053, 0.031, -0.122, 0.305, -0.305, -56.36, -86.429, -96.174, -28.933, -6.487, 3.907, 29.27, 0.18842, -0.67905, -0.147, -0.69403,
 11:05:41.117,f6:90:cc:01:6d:25, 2015-01-01 00:18:39.095, 0.986, -0.052, 0.03, -0.061, 0.305, -0.183, -56.288, -86.429, -96.229, -28.933, -6.487, 3.907, 29.27, 0.18842, -0.67905, -0.147, -0.69403,
 11:05:41.119,ed:40:fe:65:30:6c, 2015-01-01 00:18:36.280, 0.888, 0.046, 0.468, 0, 0.061, -0.061, 5.411, -62.155, -114.675, -26.660, -7.113, 5.387, 25.17, 0.48151, -0.41272, -0.31198, -0.70737,
 11:05:41.119,ed:40:fe:65:30:6c, 2015-01-01 00:18:36.280, 0.887, 0.049, 0.469, 0, -0.061, 0, 5.416, -62.155, -114.675, -26.660, -7.113, 5.387, 25.17, 0.48151, -0.41272, -0.31198, -0.70737,
 11:05:41.139,ed:35:33:d3:6c:f8, 2015-01-01 00:18:39.645, 0.832, -0.036, 0.544, -0.122, 0.122, 0.061, -3.691, -56.662, -163.564, -23.787, -7.267, -13.233, 30.37, -0.10962, 0.47385, 0.03931, 0.87283,
 11:05:41.139,ed:35:33:d3:6c:f8, 2015-01-01 00:18:39.645, 0.832, -0.032, 0.545, 0.061, 0.183, 0.061, -3.691, -56.662, -163.581, -23.787, -7.267, -13.233, 30.37, -0.10962, 0.47385, 0.03931, 0.87283,
 11:05:41.141,ed:40:fe:65:30:6c, 2015-01-01 00:18:36.280, 0.889, 0.045, 0.467, -0.122, 0, 0.183, 5.411, -62.155, -114.67, -26.660, -7.113, 5.387, 25.17, 0.48221, -0.4122, -0.31232, -0.70703,
 11:05:41.141,ed:40:fe:65:30:6c, 2015-01-01 00:18:36.280, 0.889, 0.046, 0.469, 0, 0.061, 0.122, 5.411, -62.15, -114.664, -26.660, -7.113, 5.387, 25.17, 0.48221, -0.4122, -0.31232, -0.70703,
 11:05:41.143,e3:ca:2d:fd:e0:8c, 2015-01-01 00:18:36.680, 1.013, -0.122, -0.044, -0.122, 0, 0, -111.215, -82.656, -104.359, -25.253, -4.853, -4.073, 23.42, -0.1702, -0.67468, 0.26053, -0.66919,
 11:05:41.143,e3:ca:2d:fd:e0:8c, 2015-01-01 00:18:36.680, 1.013, -0.122, -0.045, -0.061, 0, 0, -111.209, -82.656, -104.365, -25.253, -4.853, -4.073, 23.42, -0.1702, -0.67468, 0.26053, -0.66919,
 11:05:41.162,f6:90:cc:01:6d:25, 2015-01-01 00:18:39.095, 0.986, -0.052, 0.032, -0.061, 0.427, -0.061, -56.212, -86.429, -96.323, -28.933, -6.487, 3.907, 29.27, 0.18842, -0.67905, -0.147, -0.69403,
 11:05:41.162,f6:90:cc:01:6d:25, 2015-01-01 00:18:39.095, 0.986, -0.052, 0.03, 0, 0.427, -0.183, -56.107, -86.424, -96.422, -28.933, -6.487, 3.907, 29.27, 0.18842, -0.67905, -0.147, -0.69403,
 11:05:41.185,f6:90:cc:01:6d:25, 2015-01-01 00:18:39.430, 0.985, -0.053, 0.032, 0.122, 0.488, -0.244, -55.975, -86.424, -96.548, -28.933, -6.487, 3.907, 29.27, 0.18842, -0.67905, -0.147, -0.69403,
 11:05:41.185,f6:90:cc:01:6d:25, 2015-01-01 00:18:39.430, 0.986, -0.052, 0.032, 0.183, 0.488, -0.305, -55.833, -86.424, -96.685, -28.933, -6.487, 3.907, 29.27, 0.18842, -0.67905, -0.147, -0.69403,
 11:05:41.186,ed:40:fe:65:30:6c, 2015-01-01 00:18:36.280, 0.888, 0.047, 0.469, 0.122, 0.061, 0.366, 5.4, -62.15, -114.648, -26.660, -7.113, 5.387, 25.17, 0.48221, -0.4122, -0.31232, -0.70703,
 11:05:41.186,ed:40:fe:65:30:6c, 2015-01-01 00:18:36.280, 0.888, 0.044, 0.468, -0.122, 0.061, 0.488, 5.383, -62.15, -114.626, -26.660, -7.113, 5.387, 25.17, 0.48221, -0.4122, -0.31232, -0.70703,
 11:05:41.188,e3:ca:2d:fd:e0:8c, 2015-01-01 00:18:36.680, 1.014, -0.121, -0.044, 0, 0.122, 0, -111.187, -82.656, -104.381, -25.387, -4.300, -4.080, 23.42, -0.1702, -0.67468, 0.26053, -0.66919,
 11:05:41.188,e3:ca:2d:fd:e0:8c, 2015-01-01 00:18:36.680, 1.014, -0.122, -0.044, -0.061, 0.122, 0, -111.16, -82.661, -104.403, -25.387, -4.300, -4.080, 23.42, -0.1702, -0.67468, 0.26053, -0.66919,
 11:05:41.210,e3:ca:2d:fd:e0:8c, 2015-01-01 00:18:36.680, 1.012, -0.121, -0.045, -0.244, 0.122, 0, -111.132, -82.661, -104.425, -25.387, -4.300, -4.080, 23.42, -0.17035, -0.67453, 0.26068, -0.66925,
 11:05:41.210,e3:ca:2d:fd:e0:8c, 2015-01-01 00:18:36.680, 1.012, -0.122, -0.046, -0.305, 0.122, 0, -111.116, -82.661, -104.453, -25.387, -4.300, -4.080, 23.42, -0.17035, -0.67453, 0.26068, -0.66925,
 11:05:41.228,ed:35:33:d3:6c:f8, 2015-01-01 00:18:39.645, 0.831, -0.032, 0.547, -0.061, 0.183, 0.366, -3.691, -56.656, -163.586, -23.787, -7.267, -13.233, 30.37, -0.11044, 0.47351, 0.03961, 0.87289,
 11:05:41.228,ed:35:33:d3:6c:f8, 2015-01-01 00:18:39.645, 0.831, -0.037, 0.545, -0.061, 0.244, 0.366, -3.702, -56.656, -163.603, -23.787, -7.267, -13.233, 30.37, -0.11044, 0.47351, 0.03961, 0.87289,
 11:05:41.229,f6:90:cc:01:6d:25, 2015-01-01 00:18:39.430, 0.983, -0.049, 0.031, 0, 0.488, -0.305, -55.69, -86.424, -96.795, -28.933, -6.487, 3.907, 29.27, 0.18842, -0.67905, -0.147, -0.69403,
 11:05:41.229,f6:90:cc:01:6d:25, 2015-01-01 00:18:39.430, 0.983, -0.049, 0.031, -0.183, 0.488, -0.305, -55.547, -86.424, -96.938, -28.933, -6.487, 3.907, 29.27, 0.18842, -0.67905, -0.147, -0.69403,
 11:05:41.251,ed:35:33:d3:6c:f8, 2015-01-01 00:18:40.005, 0.83, -0.037, 0.545, 0.183, 0.244, 0.122, -3.713, -56.651, -163.619, -23.787, -7.267, -13.233, 30.37, -0.11044, 0.47351, 0.03961, 0.87289,
 11:05:41.251,ed:35:33:d3:6c:f8, 2015-01-01 00:18:40.005, 0.829, -0.034, 0.545, 0.366, 0.366, 0, -3.708, -56.646, -163.647, -23.787, -7.267, -13.233, 30.37, -0.11044, 0.47351, 0.03961, 0.87289,
 11:05:41.253,ed:40:fe:65:30:6c, 2015-01-01 00:18:36.615, 0.886, 0.043, 0.468, 0, 0.061, 0.244, 5.378, -62.15, -114.615, -26.660, -7.113, 5.387, 25.17, 0.48221, -0.4122, -0.31232, -0.70703,
 11:05:41.253,ed:40:fe:65:30:6c, 2015-01-01 00:18:36.615, 0.885, 0.045, 0.469, 0.061, 0.061, 0, 5.378, -62.144, -114.615, -26.660, -7.113, 5.387, 25.17, 0.48221, -0.4122, -0.31232, -0.70703,
 11:05:41.255,e3:ca:2d:fd:e0:8c, 2015-01-01 00:18:36.680, 1.014, -0.121, -0.046, -0.305, 0.061, 0, -111.099, -82.661, -104.469, -25.387, -4.300, -4.080, 23.42, -0.17035, -0.67453, 0.26068, -0.66925,
 11:05:41.255,e3:ca:2d:fd:e0:8c, 2015-01-01 00:18:36.680, 1.013, -0.122, -0.046, -0.305, 0.122, 0, -111.083, -82.661, -104.485, -25.387, -4.300, -4.080, 23.42, -0.17035, -0.67453, 0.26068, -0.66925,
 11:05:41.274,ed:35:33:d3:6c:f8, 2015-01-01 00:18:40.005, 0.829, -0.033, 0.547, 0.427, 0.183, 0, -3.702, -56.64, -163.647, -23.787, -7.267, -13.233, 30.37, -0.11044, 0.47351, 0.03961, 0.87289,
 11:05:41.274,ed:35:33:d3:6c:f8, 2015-01-01 00:18:40.005, 0.83, -0.032, 0.546, 0.366, 0.061, -0.061, -3.691, -56.635, -163.614, -23.787, -7.267, -13.233, 30.37, -0.11044, 0.47351, 0.03961, 0.87289,
 11:05:41.275,f6:90:cc:01:6d:25, 2015-01-01 00:18:39.430, 0.984, -0.05, 0.031, -0.183, 0.488, -0.305, -55.404, -86.424, -97.059, -28.933, -6.487, 3.907, 29.27, 0.18842, -0.67905, -0.147, -0.69403,
 11:05:41.275,f6:90:cc:01:6d:25, 2015-01-01 00:18:39.430, 0.984, -0.051, 0.03, -0.305, 0.427, -0.183, -55.305, -86.424, -97.163, -28.933, -6.487, 3.907, 29.27, 0.18842, -0.67905, -0.147, -0.69403,
 11:05:41.276,ed:40:fe:65:30:6c, 2015-01-01 00:18:36.615, 0.886, 0.046, 0.469, 0.183, 0, -0.061, 5.389, -62.144, -114.615, -26.660, -7.113, 5.387, 25.17, 0.48221, -0.4122, -0.31232, -0.70703,
 11:05:41.276,ed:40:fe:65:30:6c, 2015-01-01 00:18:36.615, 0.887, 0.048, 0.468, 0.122, 0, -0.122, 5.4, -62.144, -114.62, -26.660, -7.113, 5.387, 25.17, 0.48221, -0.4122, -0.31232, -0.70703,
 11:05:41.296,ed:35:33:d3:6c:f8, 2015-01-01 00:18:40.005, 0.83, -0.032, 0.546, 0.244, 0.183, 0, -3.68, -56.635, -163.608, -23.787, -7.267, -13.233, 30.37, -0.11044, 0.47351, 0.03961, 0.87289,
 11:05:41.296,ed:35:33:d3:6c:f8, 2015-01-01 00:18:40.005, 0.831, -0.033, 0.545, 0, 0.122, 0, -3.675, -56.629, -163.625, -23.787, -7.267, -13.233, 30.37, -0.11044, 0.47351, 0.03961, 0.87289,
 11:05:41.297,f6:90:cc:01:6d:25, 2015-01-01 00:18:39.430, 0.985, -0.051, 0.033, -0.244, 0.366, -0.183, -55.223, -86.424, -97.278, -28.933, -6.487, 3.907, 29.27, 0.18842, -0.67905, -0.147, -0.69403,
 11:05:41.297,f6:90:cc:01:6d:25, 2015-01-01 00:18:39.430, 0.985, -0.05, 0.031, -0.244, 0.305, -0.122, -55.162, -86.424, -97.35, -28.933, -6.487, 3.907, 29.27, 0.18842, -0.67905, -0.147, -0.69403,
 11:05:41.299,ed:40:fe:65:30:6c, 2015-01-01 00:18:36.615, 0.886, 0.048, 0.469, 0.061, -0.061, 0, 5.4, -62.144, -114.62, -26.660, -7.113, 5.387, 25.17, 0.48221, -0.4122, -0.31232, -0.70703,
 11:05:41.299,ed:40:fe:65:30:6c, 2015-01-01 00:18:36.615, 0.887, 0.047, 0.469, 0, -0.122, 0, 5.405, -62.144, -114.62, -26.660, -7.113, 5.387, 25.17, 0.48221, -0.4122, -0.31232, -0.70703,
 11:05:41.300,e3:ca:2d:fd:e0:8c, 2015-01-01 00:18:36.970, 1.013, -0.122, -0.044, -0.305, 0.122, 0, -111.066, -82.667, -104.513, -25.387, -4.300, -4.080, 23.42, -0.17035, -0.67453, 0.26068, -0.66925,
 11:05:41.300,e3:ca:2d:fd:e0:8c, 2015-01-01 00:18:36.970, 1.014, -0.122, -0.045, -0.244, 0.122, 0, -111.05, -82.667, -104.535, -25.387, -4.300, -4.080, 23.42, -0.17035, -0.67453, 0.26068, -0.66925,
 11:05:41.341,ed:35:33:d3:6c:f8, 2015-01-01 00:18:40.005, 0.831, -0.031, 0.546, -0.061, 0.061, 0.122, -3.675, -56.629, -163.652, -23.787, -7.267, -13.233, 30.37, -0.11044, 0.47351, 0.03961, 0.87289,
 11:05:41.341,ed:35:33:d3:6c:f8, 2015-01-01 00:18:40.005, 0.831, -0.03, 0.546, -0.244, 0.061, 0.122, -3.68, -56.629, -163.674, -23.787, -7.267, -13.233, 30.37, -0.11044, 0.47351, 0.03961, 0.87289,
 11:05:41.343,ed:40:fe:65:30:6c, 2015-01-01 00:18:36.615, 0.887, 0.047, 0.468, -0.122, -0.122, 0.122, 5.405, -62.144, -114.615, -26.660, -7.113, 5.387, 25.17, 0.48221, -0.4122, -0.31232, -0.70703,
 11:05:41.343,ed:40:fe:65:30:6c, 2015-01-01 00:18:36.615, 0.887, 0.049, 0.469, -0.305, -0.183, 0.183, 5.394, -62.15, -114.609, -26.660, -7.113, 5.387, 25.17, 0.48221, -0.4122, -0.31232, -0.70703,
 11:05:41.345,e3:ca:2d:fd:e0:8c, 2015-01-01 00:18:36.970, 1.014, -0.122, -0.045, -0.183, 0.183, 0, -111.022, -82.667, -104.562, -25.387, -4.300, -4.080, 23.42, -0.17035, -0.67453, 0.26068, -0.66925,
 11:05:41.345,e3:ca:2d:fd:e0:8c, 2015-01-01 00:18:36.970, 1.013, -0.121, -0.044, -0.122, 0.122, 0, -110.995, -82.667, -104.59, -25.387, -4.300, -4.080, 23.42, -0.17035, -0.67453, 0.26068, -0.66925,
 11:05:41.365,f6:90:cc:01:6d:25, 2015-01-01 00:18:39.430, 0.986, -0.05, 0.032, -0.183, 0.305, -0.122, -55.102, -86.424, -97.421, -28.933, -6.487, 3.907, 29.27, 0.18842, -0.67905, -0.147, -0.69403,
 11:05:41.365,f6:90:cc:01:6d:25, 2015-01-01 00:18:39.430, 0.985, -0.05, 0.032, -0.183, 0.305, -0.122, -55.036, -86.424, -97.498, -28.933, -6.487, 3.907, 29.27, 0.18842, -0.67905, -0.147, -0.69403,
 11:05:41.386,ed:35:33:d3:6c:f8, 2015-01-01 00:18:40.005, 0.831, -0.033, 0.546, -0.305, 0, 0.061, -3.686, -56.629, -163.685, -23.787, -7.267, -13.233, 30.37, -0.11044, 0.47351, 0.03961, 0.87289,
 11:05:41.386,ed:35:33:d3:6c:f8, 2015-01-01 00:18:40.005, 0.831, -0.034, 0.545, -0.122, -0.183, 0, -3.686, -56.629, -163.669, -23.787, -7.267, -13.233, 30.37, -0.11044, 0.47351, 0.03961, 0.87289,
 11:05:41.388,f6:90:cc:01:6d:25, 2015-01-01 00:18:39.430, 0.986, -0.048, 0.029, -0.244, 0.305, -0.061, -54.987, -86.424, -97.564, -28.800, -6.980, 2.967, 29.27, 0.18842, -0.67905, -0.147, -0.69403,
 11:05:41.388,f6:90:cc:01:6d:25, 2015-01-01 00:18:39.430, 0.986, -0.049, 0.032, -0.183, 0.427, 0, -54.91, -86.418, -97.646, -28.800, -6.980, 2.967, 29.27, 0.18842, -0.67905, -0.147, -0.69403,
 11:05:41.389,ed:40:fe:65:30:6c, 2015-01-01 00:18:36.615, 0.887, 0.048, 0.469, -0.366, -0.183, 0.183, 5.389, -62.15, -114.604, -26.660, -7.113, 5.387, 25.17, 0.48221, -0.4122, -0.31232, -0.70703,
 11:05:41.389,ed:40:fe:65:30:6c, 2015-01-01 00:18:36.615, 0.888, 0.046, 0.468, -0.244, -0.305, 0.122, 5.383, -62.155, -114.598, -26.660, -7.113, 5.387, 25.17, 0.48221, -0.4122, -0.31232, -0.70703,
 11:05:41.389,e3:ca:2d:fd:e0:8c, 2015-01-01 00:18:36.970, 1.014, -0.12, -0.044, -0.122, 0.122, 0, -110.973, -82.667, -104.612, -25.387, -4.300, -4.080, 23.42, -0.17035, -0.67453, 0.26068, -0.66925,
 11:05:41.389,e3:ca:2d:fd:e0:8c, 2015-01-01 00:18:36.970, 1.013, -0.12, -0.044, -0.183, 0.305, 0, -110.929, -82.672, -104.661, -25.387, -4.300, -4.080, 23.42, -0.17035, -0.67453, 0.26068, -0.66925,
 11:05:41.412,e3:ca:2d:fd:e0:8c, 2015-01-01 00:18:36.970, 1.013, -0.122, -0.045, -0.183, 0.366, 0, -110.874, -82.678, -104.716, -25.387, -4.300, -4.080, 23.42, -0.17035, -0.67453, 0.26068, -0.66925,
 11:05:41.412,e3:ca:2d:fd:e0:8c, 2015-01-01 00:18:36.970, 1.012, -0.123, -0.045, -0.183, 0.427, 0, -110.808, -82.678, -104.788, -25.387, -4.300, -4.080, 23.42, -0.17035, -0.67453, 0.26068, -0.66925,
 11:05:41.431,ed:35:33:d3:6c:f8, 2015-01-01 00:18:40.005, 0.83, -0.034, 0.545, -0.122, -0.061, 0.061, -3.686, -56.629, -163.652, -23.787, -7.267, -13.233, 30.37, -0.11044, 0.47351, 0.03961, 0.87289,
 11:05:41.431,ed:35:33:d3:6c:f8, 2015-01-01 00:18:40.005, 0.829, -0.035, 0.544, -0.061, 0, 0.244, -3.691, -56.629, -163.614, -23.787, -7.267, -13.233, 30.37, -0.11044, 0.47351, 0.03961, 0.87289,
 11:05:41.454,ed:35:33:d3:6c:f8, 2015-01-01 00:18:40.005, 0.83, -0.035, 0.545, -0.061, 0.122, 0.244, -3.697, -56.629, -163.614, -23.640, -7.840, -13.180, 30.37, -0.11044, 0.47351, 0.03961, 0.87289,
 11:05:41.454,ed:35:33:d3:6c:f8, 2015-01-01 00:18:40.005, 0.831, -0.032, 0.548, 0.061, 0.244, 0, -3.702, -56.629, -163.597, -23.640, -7.840, -13.180, 30.37, -0.11044, 0.47351, 0.03961, 0.87289,
 11:05:41.454,f6:90:cc:01:6d:25, 2015-01-01 00:18:39.430, 0.984, -0.052, 0.032, -0.366, 0.488, 0, -54.827, -86.418, -97.751, -28.800, -6.980, 2.967, 29.27, 0.18842, -0.67905, -0.147, -0.69403,
 11:05:41.454,f6:90:cc:01:6d:25, 2015-01-01 00:18:39.430, 0.983, -0.052, 0.032, -0.305, 0.427, 0, -54.761, -86.413, -97.839, -28.800, -6.980, 2.967, 29.27, 0.18842, -0.67905, -0.147, -0.69403,
 11:05:41.456,ed:40:fe:65:30:6c, 2015-01-01 00:18:36.615, 0.887, 0.045, 0.468, 0, -0.366, 0.122, 5.383, -62.161, -114.593, -26.767, -7.227, 5.160, 25.17, 0.48221, -0.4122, -0.31232, -0.70703,
 11:05:41.458,ed:40:fe:65:30:6c, 2015-01-01 00:18:36.615, 0.887, 0.045, 0.467, -0.061, -0.305, 0.183, 5.378, -62.166, -114.587, -26.767, -7.227, 5.160, 25.17, 0.48221, -0.4122, -0.31232, -0.70703,
 11:05:41.460,e3:ca:2d:fd:e0:8c, 2015-01-01 00:18:36.970, 1.012, -0.122, -0.044, -0.183, 0.305, 0, -110.764, -82.683, -104.832, -25.387, -4.300, -4.080, 23.42, -0.17035, -0.67453, 0.26068, -0.66925,
 11:05:41.460,e3:ca:2d:fd:e0:8c, 2015-01-01 00:18:36.970, 1.013, -0.121, -0.044, -0.122, 0.183, 0, -110.731, -82.683, -104.865, -25.387, -4.300, -4.080, 23.42, -0.17035, -0.67453, 0.26068, -0.66925,
 11:05:41.477,f6:90:cc:01:6d:25, 2015-01-01 00:18:39.430, 0.983, -0.05, 0.033, -0.427, 0.366, 0, -54.712, -86.407, -97.91, -28.800, -6.980, 2.967, 29.27, 0.18793, -0.6785, -0.14679, -0.69473,
 11:05:41.477,f6:90:cc:01:6d:25, 2015-01-01 00:18:39.430, 0.984, -0.047, 0.033, -0.305, 0.244, 0, -54.684, -86.407, -97.949, -28.800, -6.980, 2.967, 29.27, 0.18793, -0.6785, -0.14679, -0.69473,
 11:05:41.478,ed:40:fe:65:30:6c, 2015-01-01 00:18:36.615, 0.885, 0.044, 0.466, -0.061, -0.366, 0.183, 5.378, -62.172, -114.582, -26.767, -7.227, 5.160, 25.17, 0.4826, -0.41226, -0.3125, -0.70667,
 11:05:41.478,ed:40:fe:65:30:6c, 2015-01-01 00:18:36.615, 0.887, 0.048, 0.47, -0.061, -0.305, 0, 5.378, -62.177, -114.582, -26.767, -7.227, 5.160, 25.17, 0.4826, -0.41226, -0.3125, -0.70667,
 11:05:41.499,ed:35:33:d3:6c:f8, 2015-01-01 00:18:40.005, 0.828, -0.035, 0.545, 0.122, -0.061, 0.061, -3.697, -56.624, -163.57, -23.640, -7.840, -13.180, 30.37, -0.11044, 0.47351, 0.03961, 0.87289,
 11:05:41.499,ed:35:33:d3:6c:f8, 2015-01-01 00:18:40.005, 0.833, -0.038, 0.545, 0, 0, 0, -3.697, -56.624, -163.548, -23.640, -7.840, -13.180, 30.37, -0.11044, 0.47351, 0.03961, 0.87289,
 11:05:41.503,e3:ca:2d:fd:e0:8c, 2015-01-01 00:18:36.970, 1.014, -0.119, -0.045, 0, 0.183, 0, -110.698, -82.683, -104.897, -25.427, -5.000, -4.447, 23.42, -0.17035, -0.67453, 0.26068, -0.66925,
 11:05:41.503,e3:ca:2d:fd:e0:8c, 2015-01-01 00:18:36.970, 1.011, -0.122, -0.042, 0, 0.244, 0, -110.66, -82.689, -104.936, -25.427, -5.000, -4.447, 23.42, -0.17035, -0.67453, 0.26068, -0.66925,
 11:05:41.522,f6:90:cc:01:6d:25, 2015-01-01 00:18:39.430, 0.984, -0.052, 0.033, -0.305, 0.366, -0.061, -54.63, -86.407, -98.02, -28.800, -6.980, 2.967, 29.27, 0.18793, -0.6785, -0.14679, -0.69473,
 11:05:41.522,f6:90:cc:01:6d:25, 2015-01-01 00:18:39.430, 0.988, -0.048, 0.034, -0.366, 0.305, -0.061, -54.569, -86.407, -98.097, -28.800, -6.980, 2.967, 29.27, 0.18793, -0.6785, -0.14679, -0.69473,
 11:05:41.524,ed:40:fe:65:30:6c, 2015-01-01 00:18:36.615, 0.887, 0.046, 0.467, 0.122, -0.305, 0, 5.389, -62.183, -114.582, -26.767, -7.227, 5.160, 25.17, 0.4826, -0.41226, -0.3125, -0.70667,
 11:05:41.524,ed:40:fe:65:30:6c, 2015-01-01 00:18:36.615, 0.887, 0.042, 0.468, -0.061, -0.244, 0.061, 5.389, -62.183, -114.582, -26.767, -7.227, 5.160, 25.17, 0.4826, -0.41226, -0.3125, -0.70667,
 11:05:41.545,f6:90:cc:01:6d:25, 2015-01-01 00:18:39.785, 0.989, -0.049, 0.032, -0.61, 0.244, 0, -54.525, -86.402, -98.157, -28.800, -6.980, 2.967, 29.27, 0.18793, -0.6785, -0.14679, -0.69473,
 11:05:41.545,f6:90:cc:01:6d:25, 2015-01-01 00:18:39.785, 0.985, -0.054, 0.03, -0.488, 0.183, 0, -54.503, -86.402, -98.196, -28.800, -6.980, 2.967, 29.27, 0.18793, -0.6785, -0.14679, -0.69473,
 11:05:41.546,ed:40:fe:65:30:6c, 2015-01-01 00:18:36.950, 0.891, 0.047, 0.467, -0.061, -0.244, -0.244, 5.4, -62.188, -114.593, -26.767, -7.227, 5.160, 25.17, 0.4826, -0.41226, -0.3125, -0.70667,
 11:05:41.546,ed:40:fe:65:30:6c, 2015-01-01 00:18:36.950, 0.893, 0.052, 0.467, 0.305, -0.244, -0.366, 5.422, -62.188, -114.609, -26.767, -7.227, 5.160, 25.17, 0.4826, -0.41226, -0.3125, -0.70667,
 11:05:41.548,e3:ca:2d:fd:e0:8c, 2015-01-01 00:18:36.970, 1.013, -0.122, -0.042, 0, 0.305, 0, -110.605, -82.689, -104.985, -25.427, -5.000, -4.447, 23.42, -0.17068, -0.67407, 0.26071, -0.66965,
 11:05:41.548,e3:ca:2d:fd:e0:8c, 2015-01-01 00:18:36.970, 1.016, -0.121, -0.043, -0.183, 0.244, 0, -110.566, -82.694, -105.029, -25.427, -5.000, -4.447, 23.42, -0.17068, -0.67407, 0.26071, -0.66965,
 11:05:41.588,ed:35:33:d3:6c:f8, 2015-01-01 00:18:40.005, 0.834, -0.031, 0.546, 0.427, -0.061, -0.488, -3.691, -56.624, -163.559, -23.640, -7.840, -13.180, 30.37, -0.11066, 0.47321, 0.03964, 0.87302,
 11:05:41.588,ed:35:33:d3:6c:f8, 2015-01-01 00:18:40.005, 0.834, -0.025, 0.547, 0.427, 0, -0.183, -3.669, -56.629, -163.586, -23.640, -7.840, -13.180, 30.37, -0.11066, 0.47321, 0.03964, 0.87302,
 11:05:41.590,f6:90:cc:01:6d:25, 2015-01-01 00:18:39.785, 0.984, -0.052, 0.033, -0.427, 0.122, 0, -54.509, -86.402, -98.218, -28.800, -6.980, 2.967, 29.27, 0.18793, -0.6785, -0.14679, -0.69473,
 11:05:41.590,f6:90:cc:01:6d:25, 2015-01-01 00:18:39.785, 0.981, -0.051, 0.032, -0.427, 0.122, -0.061, -54.52, -86.402, -98.229, -28.800, -6.980, 2.967, 29.27, 0.18793, -0.6785, -0.14679, -0.69473,
 11:05:41.592,ed:40:fe:65:30:6c, 2015-01-01 00:18:36.950, 0.889, 0.047, 0.471, 0, -0.244, 0.244, 5.416, -62.194, -114.598, -26.767, -7.227, 5.160, 25.17, 0.4826, -0.41226, -0.3125, -0.70667,
 11:05:41.592,ed:40:fe:65:30:6c, 2015-01-01 00:18:36.950, 0.886, 0.044, 0.467, -0.366, -0.244, 0.305, 5.405, -62.199, -114.587, -26.767, -7.227, 5.160, 25.17, 0.4826, -0.41226, -0.3125, -0.70667,
 11:05:41.593,e3:ca:2d:fd:e0:8c, 2015-01-01 00:18:37.280, 1.016, -0.122, -0.045, -0.244, 0.366, 0, -110.511, -82.694, -105.084, -25.427, -5.000, -4.447, 23.42, -0.17068, -0.67407, 0.26071, -0.66965,
 11:05:41.593,e3:ca:2d:fd:e0:8c, 2015-01-01 00:18:37.280, 1.013, -0.122, -0.044, -0.305, 0.427, 0, -110.451, -82.7, -105.15, -25.427, -5.000, -4.447, 23.42, -0.17068, -0.67407, 0.26071, -0.66965,
 11:05:41.611,ed:35:33:d3:6c:f8, 2015-01-01 00:18:40.360, 0.831, -0.034, 0.548, -0.427, 0.183, 0.183, -3.658, -56.629, -163.597, -23.640, -7.840, -13.180, 30.37, -0.11066, 0.47321, 0.03964, 0.87302,
 11:05:41.611,ed:35:33:d3:6c:f8, 2015-01-01 00:18:40.360, 0.827, -0.037, 0.544, -0.061, -0.122, 0, -3.664, -56.624, -163.581, -23.640, -7.840, -13.180, 30.37, -0.11066, 0.47321, 0.03964, 0.87302,
 11:05:41.615,e3:ca:2d:fd:e0:8c, 2015-01-01 00:18:37.280, 1.009, -0.122, -0.044, -0.122, 0.305, 0, -110.402, -82.7, -105.2, -25.427, -5.000, -4.447, 23.42, -0.17068, -0.67407, 0.26071, -0.66965,
 11:05:41.615,e3:ca:2d:fd:e0:8c, 2015-01-01 00:18:37.280, 1.009, -0.123, -0.042, -0.183, 0.305, 0, -110.358, -82.705, -105.249, -25.427, -5.000, -4.447, 23.42, -0.17068, -0.67407, 0.26071, -0.66965,
 11:05:41.635,f6:90:cc:01:6d:25, 2015-01-01 00:18:39.785, 0.981, -0.052, 0.033, -0.427, 0.183, -0.122, -54.52, -86.402, -98.256, -28.800, -6.980, 2.967, 29.27, 0.18793, -0.6785, -0.14679, -0.69473,
 11:05:41.635,f6:90:cc:01:6d:25, 2015-01-01 00:18:39.785, 0.982, -0.051, 0.033, -0.549, 0.244, 0, -54.498, -86.402, -98.3, -28.800, -6.980, 2.967, 29.27, 0.18793, -0.6785, -0.14679, -0.69473,
 11:05:41.635,ed:35:33:d3:6c:f8, 2015-01-01 00:18:40.360, 0.826, -0.035, 0.543, -0.305, -0.122, 0.061, -3.664, -56.629, -163.548, -23.640, -7.840, -13.180, 30.37, -0.11066, 0.47321, 0.03964, 0.87302,
 11:05:41.635,ed:35:33:d3:6c:f8, 2015-01-01 00:18:40.360, 0.827, -0.038, 0.542, -0.488, -0.183, 0.183, -3.675, -56.629, -163.542, -23.640, -7.840, -13.180, 30.37, -0.11066, 0.47321, 0.03964, 0.87302,
 11:05:41.637,ed:40:fe:65:30:6c, 2015-01-01 00:18:36.950, 0.884, 0.045, 0.467, -0.305, -0.305, 0.183, 5.394, -62.205, -114.582, -26.767, -7.227, 5.160, 25.17, 0.4826, -0.41226, -0.3125, -0.70667,
 11:05:41.637,ed:40:fe:65:30:6c, 2015-01-01 00:18:36.950, 0.883, 0.042, 0.465, -0.488, -0.305, 0.244, 5.383, -62.21, -114.571, -26.767, -7.227, 5.160, 25.17, 0.4826, -0.41226, -0.3125, -0.70667,
 11:05:41.658,ed:35:33:d3:6c:f8, 2015-01-01 00:18:40.360, 0.829, -0.037, 0.543, -0.305, -0.122, 0, -3.686, -56.635, -163.559, -23.640, -7.840, -13.180, 30.37, -0.11066, 0.47321, 0.03964, 0.87302,
 11:05:41.658,ed:35:33:d3:6c:f8, 2015-01-01 00:18:40.360, 0.832, -0.036, 0.545, -0.244, 0.122, 0, -3.691, -56.635, -163.592, -23.640, -7.840, -13.180, 30.37, -0.11066, 0.47321, 0.03964, 0.87302,
 11:05:41.659,ed:40:fe:65:30:6c, 2015-01-01 00:18:36.950, 0.885, 0.042, 0.465, -0.488, -0.366, 0.061, 5.372, -62.216, -114.571, -26.767, -7.227, 5.160, 25.17, 0.4826, -0.41226, -0.3125, -0.70667,
 11:05:41.659,ed:40:fe:65:30:6c, 2015-01-01 00:18:36.950, 0.888, 0.043, 0.466, -0.366, -0.366, -0.061, 5.372, -62.221, -114.576, -26.767, -7.227, 5.160, 25.17, 0.4826, -0.41226, -0.3125, -0.70667,
 11:05:41.660,e3:ca:2d:fd:e0:8c, 2015-01-01 00:18:37.280, 1.01, -0.123, -0.042, -0.305, 0.183, 0, -110.33, -82.705, -105.282, -25.427, -5.000, -4.447, 23.42, -0.17068, -0.67407, 0.26071, -0.66965,
 11:05:41.660,e3:ca:2d:fd:e0:8c, 2015-01-01 00:18:37.280, 1.013, -0.123, -0.043, -0.244, 0, 0, -110.325, -82.705, -105.287, -25.427, -5.000, -4.447, 23.42, -0.17068, -0.67407, 0.26071, -0.66965,
 11:05:41.701,ed:35:33:d3:6c:f8, 2015-01-01 00:18:40.360, 0.831, -0.034, 0.548, 0, 0.244, -0.183, -3.697, -56.635, -163.614, -23.640, -7.840, -13.180, 30.37, -0.11066, 0.47321, 0.03964, 0.87302,
 11:05:41.701,ed:35:33:d3:6c:f8, 2015-01-01 00:18:40.360, 0.832, -0.036, 0.546, 0.122, 0, 0, -3.691, -56.629, -163.614, -23.640, -7.840, -13.180, 30.37, -0.11066, 0.47321, 0.03964, 0.87302,
 11:05:41.703,f6:90:cc:01:6d:25, 2015-01-01 00:18:39.785, 0.984, -0.052, 0.034, -0.61, 0.305, 0, -54.481, -86.402, -98.35, -28.800, -6.980, 2.967, 29.27, 0.18793, -0.6785, -0.14679, -0.69473,
 11:05:41.703,f6:90:cc:01:6d:25, 2015-01-01 00:18:39.785, 0.987, -0.051, 0.032, -0.549, 0.244, 0, -54.454, -86.396, -98.399, -28.800, -6.980, 2.967, 29.27, 0.18793, -0.6785, -0.14679, -0.69473,
 11:05:41.704,ed:40:fe:65:30:6c, 2015-01-01 00:18:36.950, 0.89, 0.045, 0.468, -0.366, -0.305, -0.122, 5.372, -62.227, -114.582, -26.767, -7.227, 5.160, 25.17, 0.4826, -0.41226, -0.3125, -0.70667,
 11:05:41.704,ed:40:fe:65:30:6c, 2015-01-01 00:18:36.950, 0.888, 0.043, 0.468, 0, -0.366, -0.061, 5.372, -62.232, -114.587, -26.767, -7.227, 5.160, 25.17, 0.4826, -0.41226, -0.3125, -0.70667,
 11:05:41.706,e3:ca:2d:fd:e0:8c, 2015-01-01 00:18:37.280, 1.015, -0.122, -0.043, -0.183, 0, 0, -110.319, -82.705, -105.287, -25.427, -5.000, -4.447, 23.42, -0.17068, -0.67407, 0.26071, -0.66965,
 11:05:41.706,e3:ca:2d:fd:e0:8c, 2015-01-01 00:18:37.280, 1.014, -0.12, -0.042, -0.244, 0.061, 0, -110.308, -82.705, -105.304, -25.427, -5.000, -4.447, 23.42, -0.17068, -0.67407, 0.26071, -0.66965,
 11:05:41.748,f6:90:cc:01:6d:25, 2015-01-01 00:18:39.785, 0.985, -0.051, 0.034, -0.549, 0.183, -0.122, -54.437, -86.396, -98.443, -28.800, -6.980, 2.967, 29.27, 0.18793, -0.6785, -0.14679, -0.69473,
 11:05:41.748,f6:90:cc:01:6d:25, 2015-01-01 00:18:39.785, 0.988, -0.053, 0.033, -0.488, 0.183, -0.244, -54.41, -86.396, -98.498, -28.800, -6.980, 2.967, 29.27, 0.18793, -0.6785, -0.14679, -0.69473,
 11:05:41.749,ed:40:fe:65:30:6c, 2015-01-01 00:18:36.950, 0.892, 0.042, 0.468, -0.122, -0.183, 0, 5.372, -62.232, -114.587, -26.767, -7.227, 5.160, 25.17, 0.4826, -0.41226, -0.3125, -0.70667,
 11:05:41.749,ed:40:fe:65:30:6c, 2015-01-01 00:18:36.950, 0.89, 0.043, 0.466, 0.061, -0.183, -0.061, 5.378, -62.238, -114.587, -26.767, -7.227, 5.160, 25.17, 0.4826, -0.41226, -0.3125, -0.70667,
 11:05:41.750,e3:ca:2d:fd:e0:8c, 2015-01-01 00:18:37.280, 1.014, -0.12, -0.042, -0.244, 0.061, 0, -110.292, -82.705, -105.315, -25.427, -5.000, -4.447, 23.42, -0.17068, -0.67407, 0.26071, -0.66965,
 11:05:41.750,e3:ca:2d:fd:e0:8c, 2015-01-01 00:18:37.280, 1.014, -0.122, -0.041, -0.244, 0.061, 0, -110.275, -82.705, -105.326, -25.427, -5.000, -4.447, 23.42, -0.17068, -0.67407, 0.26071, -0.66965,
 11:05:41.772,f6:90:cc:01:6d:25, 2015-01-01 00:18:39.785, 0.987, -0.051, 0.033, -0.366, 0.183, -0.427, -54.355, -86.402, -98.58, -28.860, -6.840, 3.473, 29.27, 0.18793, -0.6785, -0.14679, -0.69473,
 11:05:41.772,f6:90:cc:01:6d:25, 2015-01-01 00:18:39.785, 0.985, -0.052, 0.032, -0.366, 0.244, -0.488, -54.267, -86.407, -98.696, -28.860, -6.840, 3.473, 29.27, 0.18793, -0.6785, -0.14679, -0.69473,
 11:05:41.791,ed:35:33:d3:6c:f8, 2015-01-01 00:18:40.360, 0.833, -0.038, 0.547, 0.061, 0, -0.061, -3.686, -56.629, -163.608, -23.640, -7.840, -13.180, 30.37, -0.11066, 0.47321, 0.03964, 0.87302,
 11:05:41.791,ed:35:33:d3:6c:f8, 2015-01-01 00:18:40.360, 0.832, -0.034, 0.545, 0.427, -0.122, 0, -3.686, -56.629, -163.592, -23.640, -7.840, -13.180, 30.37, -0.11066, 0.47321, 0.03964, 0.87302,
 11:05:41.795,e3:ca:2d:fd:e0:8c, 2015-01-01 00:18:37.280, 1.013, -0.122, -0.042, -0.122, 0.122, 0, -110.248, -82.705, -105.348, -25.560, -4.720, -4.573, 23.42, -0.17068, -0.67407, 0.26071, -0.66965,
 11:05:41.795,e3:ca:2d:fd:e0:8c, 2015-01-01 00:18:37.280, 1.012, -0.122, -0.042, -0.122, 0.183, 0, -110.215, -82.711, -105.381, -25.560, -4.720, -4.573, 23.42, -0.17068, -0.67407, 0.26071, -0.66965,
 11:05:41.814,f6:90:cc:01:6d:25, 2015-01-01 00:18:39.785, 0.985, -0.051, 0.032, -0.366, 0.366, -0.366, -54.157, -86.407, -98.828, -28.860, -6.840, 3.473, 29.27, 0.18793, -0.6785, -0.14679, -0.69473,
 11:05:41.814,f6:90:cc:01:6d:25, 2015-01-01 00:18:39.785, 0.983, -0.049, 0.03, -0.427, 0.366, -0.244, -54.047, -86.413, -98.965, -28.860, -6.840, 3.473, 29.27, 0.18793, -0.6785, -0.14679, -0.69473,
 11:05:41.817,ed:40:fe:65:30:6c, 2015-01-01 00:18:36.950, 0.889, 0.044, 0.465, -0.183, -0.183, 0, 5.378, -62.238, -114.587, -26.860, -7.267, 4.840, 25.17, 0.4826, -0.41226, -0.3125, -0.70667,
 11:05:41.817,ed:40:fe:65:30:6c, 2015-01-01 00:18:36.950, 0.887, 0.046, 0.464, -0.244, -0.183, -0.183, 5.378, -62.243, -114.593, -26.860, -7.267, 4.840, 25.17, 0.4826, -0.41226, -0.3125, -0.70667,
 11:05:41.818,e3:ca:2d:fd:e0:8c, 2015-01-01 00:18:37.280, 1.013, -0.122, -0.044, -0.122, 0.122, 0, -110.187, -82.711, -105.403, -25.560, -4.720, -4.573, 23.42, -0.17078, -0.67374, 0.26056, -0.67001,
 11:05:41.818,e3:ca:2d:fd:e0:8c, 2015-01-01 00:18:37.280, 1.013, -0.12, -0.044, 0, 0.122, 0, -110.16, -82.711, -105.425, -25.560, -4.720, -4.573, 23.42, -0.17078, -0.67374, 0.26056, -0.67001,
 11:05:41.836,ed:35:33:d3:6c:f8, 2015-01-01 00:18:40.360, 0.832, -0.034, 0.544, 0, 0.122, 0.122, -3.68, -56.629, -163.559, -23.640, -7.840, -13.180, 30.37, -0.11066, 0.47321, 0.03964, 0.87302,
 11:05:41.836,ed:35:33:d3:6c:f8, 2015-01-01 00:18:40.360, 0.831, -0.036, 0.543, 0, 0, -0.061, -3.68, -56.629, -163.537, -23.640, -7.840, -13.180, 30.37, -0.11066, 0.47321, 0.03964, 0.87302,
 11:05:41.839,f6:90:cc:01:6d:25, 2015-01-01 00:18:39.785, 0.983, -0.049, 0.031, -0.366, 0.305, -0.244, -53.965, -86.413, -99.086, -28.860, -6.840, 3.473, 29.27, 0.18512, -0.67877, -0.14426, -0.69574,
 11:05:41.839,f6:90:cc:01:6d:25, 2015-01-01 00:18:39.785, 0.984, -0.05, 0.03, -0.366, 0.183, -0.305, -53.893, -86.413, -99.185, -28.860, -6.840, 3.473, 29.27, 0.18512, -0.67877, -0.14426, -0.69574,
 11:05:41.839,ed:40:fe:65:30:6c, 2015-01-01 00:18:36.950, 0.887, 0.047, 0.465, -0.366, -0.305, -0.305, 5.383, -62.243, -114.604, -26.860, -7.267, 4.840, 25.17, 0.48233, -0.41275, -0.31274, -0.70645,
 11:05:41.839,ed:40:fe:65:30:6c, 2015-01-01 00:18:36.950, 0.888, 0.046, 0.465, -0.366, -0.244, -0.244, 5.389, -62.249, -114.615, -26.860, -7.267, 4.840, 25.17, 0.48233, -0.41275, -0.31274, -0.70645,
 11:05:41.859,ed:35:33:d3:6c:f8, 2015-01-01 00:18:40.360, 0.83, -0.033, 0.544, -0.122, 0.122, -0.305, -3.68, -56.629, -163.537, -24.160, -7.133, -13.380, 30.37, -0.11066, 0.47321, 0.03964, 0.87302,
 11:05:41.859,ed:35:33:d3:6c:f8, 2015-01-01 00:18:40.360, 0.831, -0.032, 0.544, -0.122, 0.061, -0.305, -3.669, -56.629, -163.564, -24.160, -7.133, -13.380, 30.37, -0.11066, 0.47321, 0.03964, 0.87302,
 11:05:41.862,e3:ca:2d:fd:e0:8c, 2015-01-01 00:18:37.280, 1.014, -0.12, -0.045, -0.061, 0.061, 0, -110.149, -82.711, -105.436, -25.560, -4.720, -4.573, 23.42, -0.17078, -0.67374, 0.26056, -0.67001,
 11:05:41.862,e3:ca:2d:fd:e0:8c, 2015-01-01 00:18:37.280, 1.014, -0.121, -0.045, -0.122, 0.061, 0, -110.138, -82.711, -105.452, -25.560, -4.720, -4.573, 23.42, -0.17078, -0.67374, 0.26056, -0.67001,
 11:05:41.884,ed:40:fe:65:30:6c, 2015-01-01 00:18:36.950, 0.89, 0.045, 0.464, -0.244, -0.305, -0.183, 5.394, -62.254, -114.626, -26.860, -7.267, 4.840, 25.17, 0.48233, -0.41275, -0.31274, -0.70645,
 11:05:41.884,ed:40:fe:65:30:6c, 2015-01-01 00:18:36.950, 0.891, 0.046, 0.464, -0.183, -0.305, -0.183, 5.4, -62.26, -114.637, -26.860, -7.267, 4.840, 25.17, 0.48233, -0.41275, -0.31274, -0.70645,
 11:05:41.904,ed:35:33:d3:6c:f8, 2015-01-01 00:18:40.360, 0.832, -0.033, 0.544, -0.061, 0, -0.244, -3.664, -56.629, -163.559, -24.160, -7.133, -13.380, 30.37, -0.11066, 0.47321, 0.03964, 0.87302,
 11:05:41.904,ed:35:33:d3:6c:f8, 2015-01-01 00:18:40.360, 0.833, -0.033, 0.543, 0, 0, -0.244, -3.658, -56.629, -163.581, -24.160, -7.133, -13.380, 30.37, -0.11066, 0.47321, 0.03964, 0.87302,
 11:05:41.905,f6:90:cc:01:6d:25, 2015-01-01 00:18:39.785, 0.986, -0.05, 0.03, -0.305, 0.122, -0.244, -53.86, -86.418, -99.256, -28.860, -6.840, 3.473, 29.27, 0.18512, -0.67877, -0.14426, -0.69574,
 11:05:41.905,f6:90:cc:01:6d:25, 2015-01-01 00:18:39.785, 0.987, -0.049, 0.032, -0.183, 0.122, -0.305, -53.828, -86.424, -99.322, -28.860, -6.840, 3.473, 29.27, 0.18512, -0.67877, -0.14426, -0.69574,
 11:05:41.907,ed:40:fe:65:30:6c, 2015-01-01 00:18:37.310, 0.89, 0.047, 0.464, -0.305, -0.183, -0.244, 5.405, -62.265, -114.642, -26.860, -7.267, 4.840, 25.17, 0.48233, -0.41275, -0.31274, -0.70645,
 11:05:41.907,ed:40:fe:65:30:6c, 2015-01-01 00:18:37.310, 0.889, 0.047, 0.465, -0.366, -0.122, -0.183, 5.411, -62.265, -114.653, -26.860, -7.267, 4.840, 25.17, 0.48233, -0.41275, -0.31274, -0.70645,
 11:05:41.907,e3:ca:2d:fd:e0:8c, 2015-01-01 00:18:37.570, 1.014, -0.12, -0.042, -0.061, 0.183, 0, -110.11, -82.716, -105.48, -25.560, -4.720, -4.573, 23.42, -0.17078, -0.67374, 0.26056, -0.67001,
 11:05:41.907,e3:ca:2d:fd:e0:8c, 2015-01-01 00:18:37.570, 1.013, -0.121, -0.042, -0.061, 0.183, 0, -110.083, -82.716, -105.513, -25.560, -4.720, -4.573, 23.42, -0.17078, -0.67374, 0.26056, -0.67001,
 11:05:41.928,f6:90:cc:01:6d:25, 2015-01-01 00:18:40.145, 0.986, -0.048, 0.032, -0.183, 0.183, -0.305, -53.784, -86.429, -99.404, -28.860, -6.840, 3.473, 29.27, 0.18512, -0.67877, -0.14426, -0.69574,
 11:05:41.928,f6:90:cc:01:6d:25, 2015-01-01 00:18:40.145, 0.985, -0.049, 0.034, -0.244, 0.305, -0.305, -53.707, -86.429, -99.503, -28.860, -6.840, 3.473, 29.27, 0.18512, -0.67877, -0.14426, -0.69574,
 11:05:41.950,f6:90:cc:01:6d:25, 2015-01-01 00:18:40.145, 0.985, -0.049, 0.033, -0.183, 0.305, -0.244, -53.619, -86.435, -99.619, -28.860, -6.840, 3.473, 29.27, 0.18512, -0.67877, -0.14426, -0.69574,
 11:05:41.950,f6:90:cc:01:6d:25, 2015-01-01 00:18:40.145, 0.984, -0.05, 0.031, -0.244, 0.305, -0.183, -53.542, -86.435, -99.723, -28.860, -6.840, 3.473, 29.27, 0.18512, -0.67877, -0.14426, -0.69574,
 11:05:41.951,ed:40:fe:65:30:6c, 2015-01-01 00:18:37.310, 0.888, 0.047, 0.467, -0.305, -0.061, -0.183, 5.416, -62.265, -114.664, -26.860, -7.267, 4.840, 25.17, 0.48233, -0.41275, -0.31274, -0.70645,
 11:05:41.951,ed:40:fe:65:30:6c, 2015-01-01 00:18:37.310, 0.889, 0.047, 0.466, -0.305, 0, -0.122, 5.416, -62.265, -114.67, -26.860, -7.267, 4.840, 25.17, 0.48233, -0.41275, -0.31274, -0.70645,
 11:05:41.953,e3:ca:2d:fd:e0:8c, 2015-01-01 00:18:37.570, 1.013, -0.12, -0.041, -0.061, 0.122, 0, -110.061, -82.716, -105.535, -25.560, -4.720, -4.573, 23.42, -0.17078, -0.67374, 0.26056, -0.67001,
 11:05:41.953,e3:ca:2d:fd:e0:8c, 2015-01-01 00:18:37.570, 1.013, -0.121, -0.042, -0.122, 0, 0, -110.056, -82.722, -105.535, -25.560, -4.720, -4.573, 23.42, -0.17078, -0.67374, 0.26056, -0.67001,
 11:05:41.976,e3:ca:2d:fd:e0:8c, 2015-01-01 00:18:37.570, 1.013, -0.122, -0.042, -0.122, 0.061, 0, -110.039, -82.722, -105.551, -25.560, -4.720, -4.573, 23.42, -0.17078, -0.67374, 0.26056, -0.67001,
 11:05:41.976,e3:ca:2d:fd:e0:8c, 2015-01-01 00:18:37.570, 1.014, -0.122, -0.04, -0.183, 0.366, 0, -109.99, -82.722, -105.601, -25.560, -4.720, -4.573, 23.42, -0.17078, -0.67374, 0.26056, -0.67001,
 11:05:41.994,ed:35:33:d3:6c:f8, 2015-01-01 00:18:40.360, 0.833, -0.033, 0.542, -0.061, 0, -0.244, -3.647, -56.629, -163.603, -24.160, -7.133, -13.380, 30.37, -0.11066, 0.47321, 0.03964, 0.87302,
 11:05:41.994,ed:35:33:d3:6c:f8, 2015-01-01 00:18:40.360, 0.832, -0.032, 0.543, -0.061, 0.061, -0.305, -3.642, -56.635, -163.619, -24.160, -7.133, -13.380, 30.37, -0.11066, 0.47321, 0.03964, 0.87302,
 11:05:41.995,f6:90:cc:01:6d:25, 2015-01-01 00:18:40.145, 0.985, -0.049, 0.032, -0.244, 0.366, -0.183, -53.465, -86.435, -99.827, -28.860, -6.840, 3.473, 29.27, 0.18512, -0.67877, -0.14426, -0.69574,
 11:05:41.995,f6:90:cc:01:6d:25, 2015-01-01 00:18:40.145, 0.986, -0.05, 0.036, -0.183, 0.427, -0.183, -53.377, -86.435, -99.948, -28.860, -6.840, 3.473, 29.27, 0.18512, -0.67877, -0.14426, -0.69574,
 11:05:41.997,ed:40:fe:65:30:6c, 2015-01-01 00:18:37.310, 0.889, 0.046, 0.465, -0.244, 0, -0.122, 5.422, -62.265, -114.675, -26.860, -7.267, 4.840, 25.17, 0.48233, -0.41275, -0.31274, -0.70645,
 11:05:41.997,ed:40:fe:65:30:6c, 2015-01-01 00:18:37.310, 0.888, 0.045, 0.464, -0.183, 0, -0.183, 5.422, -62.265, -114.681, -26.860, -7.267, 4.840, 25.17, 0.48233, -0.41275, -0.31274, -0.70645,
 11:05:42.016,ed:35:33:d3:6c:f8, 2015-01-01 00:18:40.360, 0.831, -0.032, 0.545, -0.183, 0.244, -0.244, -3.636, -56.635, -163.647, -24.160, -7.133, -13.380, 30.37, -0.11041, 0.47324, 0.03983, 0.87302,
 11:05:42.016,ed:35:33:d3:6c:f8, 2015-01-01 00:18:40.360, 0.832, -0.032, 0.547, -0.122, 0.305, -0.122, -3.631, -56.629, -163.674, -24.160, -7.133, -13.380, 30.37, -0.11041, 0.47324, 0.03983, 0.87302,
 11:05:42.019,ed:40:fe:65:30:6c, 2015-01-01 00:18:37.310, 0.888, 0.045, 0.463, -0.122, 0.122, -0.122, 5.433, -62.265, -114.686, -26.860, -7.267, 4.840, 25.17, 0.48233, -0.41275, -0.31274, -0.70645,
 11:05:42.019,ed:40:fe:65:30:6c, 2015-01-01 00:18:37.310, 0.887, 0.048, 0.466, 0, 0.183, 0, 5.433, -62.26, -114.692, -26.860, -7.267, 4.840, 25.17, 0.48233, -0.41275, -0.31274, -0.70645,
 11:05:42.020,e3:ca:2d:fd:e0:8c, 2015-01-01 00:18:37.570, 1.013, -0.121, -0.042, 0, 0.244, 0, -109.935, -82.727, -105.65, -25.560, -4.720, -4.573, 23.42, -0.17078, -0.67374, 0.26056, -0.67001,
 11:05:42.020,e3:ca:2d:fd:e0:8c, 2015-01-01 00:18:37.570, 1.012, -0.121, -0.042, 0.061, 0.122, 0, -109.896, -82.727, -105.688, -25.560, -4.720, -4.573, 23.42, -0.17078, -0.67374, 0.26056, -0.67001,
 11:05:42.041,f6:90:cc:01:6d:25, 2015-01-01 00:18:40.145, 0.984, -0.05, 0.033, -0.183, 0.488, -0.122, -53.267, -86.435, -100.074, -28.860, -6.840, 3.473, 29.27, 0.18512, -0.67877, -0.14426, -0.69574,
 11:05:42.041,f6:90:cc:01:6d:25, 2015-01-01 00:18:40.145, 0.984, -0.049, 0.033, 0, 0.366, -0.061, -53.179, -86.429, -100.19, -28.860, -6.840, 3.473, 29.27, 0.18512, -0.67877, -0.14426, -0.69574,
 11:05:42.062,f6:90:cc:01:6d:25, 2015-01-01 00:18:40.145, 0.982, -0.05, 0.033, 0.122, 0.305, -0.244, -53.102, -86.429, -100.289, -28.860, -6.840, 3.473, 29.27, 0.18512, -0.67877, -0.14426, -0.69574,
 11:05:42.062,f6:90:cc:01:6d:25, 2015-01-01 00:18:40.145, 0.984, -0.051, 0.033, 0, 0.305, -0.305, -53.009, -86.429, -100.404, -28.860, -6.840, 3.473, 29.27, 0.18512, -0.67877, -0.14426, -0.69574,
 11:05:42.065,ed:40:fe:65:30:6c, 2015-01-01 00:18:37.310, 0.885, 0.045, 0.465, 0.183, 0.305, 0.305, 5.433, -62.26, -114.686, -26.860, -7.267, 4.840, 25.17, 0.48233, -0.41275, -0.31274, -0.70645,
 11:05:42.065,ed:40:fe:65:30:6c, 2015-01-01 00:18:37.310, 0.887, 0.044, 0.467, -0.061, 0.305, 0.549, 5.427, -62.254, -114.67, -26.860, -7.267, 4.840, 25.17, 0.48233, -0.41275, -0.31274, -0.70645,
 11:05:42.065,e3:ca:2d:fd:e0:8c, 2015-01-01 00:18:37.570, 1.012, -0.119, -0.042, 0, 0.122, 0, -109.869, -82.727, -105.71, -25.560, -4.720, -4.573, 23.42, -0.17078, -0.67374, 0.26056, -0.67001,
 11:05:42.065,e3:ca:2d:fd:e0:8c, 2015-01-01 00:18:37.570, 1.012, -0.12, -0.041, -0.122, 0.244, 0, -109.836, -82.733, -105.732, -25.560, -4.720, -4.573, 23.42, -0.17078, -0.67374, 0.26056, -0.67001,
 11:05:42.085,ed:35:33:d3:6c:f8, 2015-01-01 00:18:40.360, 0.831, -0.032, 0.545, 0, 0.122, -0.122, -3.625, -56.624, -163.696, -24.160, -7.133, -13.380, 30.37, -0.11041, 0.47324, 0.03983, 0.87302,
 11:05:42.085,ed:35:33:d3:6c:f8, 2015-01-01 00:18:40.360, 0.831, -0.034, 0.544, 0.122, 0, -0.183, -3.62, -56.624, -163.718, -24.160, -7.133, -13.380, 30.37, -0.11041, 0.47324, 0.03983, 0.87302,
 11:05:42.108,ed:35:33:d3:6c:f8, 2015-01-01 00:18:40.360, 0.831, -0.033, 0.542, 0.183, 0.061, -0.244, -3.609, -56.624, -163.751, -24.160, -7.133, -13.380, 30.37, -0.11041, 0.47324, 0.03983, 0.87302,
 11:05:42.108,ed:35:33:d3:6c:f8, 2015-01-01 00:18:40.360, 0.83, -0.031, 0.542, 0.122, 0.366, -0.061, -3.598, -56.624, -163.779, -24.160, -7.133, -13.380, 30.37, -0.11041, 0.47324, 0.03983, 0.87302,
 11:05:42.110,ed:40:fe:65:30:6c, 2015-01-01 00:18:37.310, 0.894, 0.05, 0.464, -0.244, 0.244, 0.244, 5.411, -62.249, -114.648, -26.860, -7.267, 4.840, 25.17, 0.48233, -0.41275, -0.31274, -0.70645,
 11:05:42.110,ed:40:fe:65:30:6c, 2015-01-01 00:18:37.310, 0.892, 0.053, 0.47, 0.244, 0.183, 0.061, 5.4, -62.243, -114.637, -26.860, -7.267, 4.840, 25.17, 0.48233, -0.41275, -0.31274, -0.70645,
 11:05:42.110,e3:ca:2d:fd:e0:8c, 2015-01-01 00:18:37.570, 1.016, -0.121, -0.042, -0.122, 0.122, 0, -109.803, -82.733, -105.771, -25.480, -4.547, -4.247, 23.42, -0.17078, -0.67374, 0.26056, -0.67001,
 11:05:42.110,e3:ca:2d:fd:e0:8c, 2015-01-01 00:18:37.570, 1.019, -0.121, -0.042, 0, 0, 0, -109.781, -82.738, -105.787, -25.480, -4.547, -4.247, 23.42, -0.17078, -0.67374, 0.26056, -0.67001,
 11:05:42.157,e3:ca:2d:fd:e0:8c, 2015-01-01 00:18:37.570, 1.015, -0.12, -0.042, 0.122, 0.244, 0, -109.764, -82.738, -105.798, -25.480, -4.547, -4.247, 23.42, -0.17078, -0.67349, 0.26025, -0.67038,
 11:05:42.157,e3:ca:2d:fd:e0:8c, 2015-01-01 00:18:37.570, 1.013, -0.12, -0.042, 0.061, 0.366, 0, -109.715, -82.738, -105.842, -25.480, -4.547, -4.247, 23.42, -0.17078, -0.67349, 0.26025, -0.67038,
 11:05:42.174,ed:35:33:d3:6c:f8, 2015-01-01 00:18:40.360, 0.829, -0.029, 0.546, 0.122, 0.61, 0.122, -3.593, -56.618, -163.801, -24.160, -7.133, -13.380, 30.37, -0.11041, 0.47324, 0.03983, 0.87302,
 11:05:42.174,ed:35:33:d3:6c:f8, 2015-01-01 00:18:40.360, 0.827, -0.035, 0.546, -0.061, 0.427, 0.61, -3.593, -56.607, -163.812, -24.160, -7.133, -13.380, 30.37, -0.11041, 0.47324, 0.03983, 0.87302,
 11:05:42.174,f6:90:cc:01:6d:25, 2015-01-01 00:18:40.145, 0.99, -0.047, 0.033, -0.061, 0.305, -0.183, -52.927, -86.435, -100.514, -28.860, -6.840, 3.473, 29.27, 0.18512, -0.67877, -0.14426, -0.69574,
 11:05:42.174,f6:90:cc:01:6d:25, 2015-01-01 00:18:40.145, 0.99, -0.046, 0.034, 0, 0.244, 0, -52.877, -86.429, -100.585, -28.860, -6.840, 3.473, 29.27, 0.18512, -0.67877, -0.14426, -0.69574,
 11:05:42.176,ed:40:fe:65:30:6c, 2015-01-01 00:18:37.310, 0.888, 0.047, 0.47, 0.122, 0.061, 0.671, 5.405, -62.238, -114.631, -26.840, -7.593, 4.833, 25.17, 0.48233, -0.41275, -0.31274, -0.70645,
 11:05:42.176,ed:40:fe:65:30:6c, 2015-01-01 00:18:37.310, 0.886, 0.045, 0.466, 0.183, 0, 0.549, 5.389, -62.238, -114.604, -26.840, -7.593, 4.833, 25.17, 0.48233, -0.41275, -0.31274, -0.70645,
 11:05:42.178,e3:ca:2d:fd:e0:8c, 2015-01-01 00:18:37.885, 1.01, -0.12, -0.042, 0.061, 0.305, 0, -109.66, -82.744, -105.897, -25.480, -4.547, -4.247, 23.42, -0.17078, -0.67349, 0.26025, -0.67038,
 11:05:42.178,e3:ca:2d:fd:e0:8c, 2015-01-01 00:18:37.885, 1.011, -0.119, -0.041, 0, 0.305, 0, -109.611, -82.744, -105.947, -25.480, -4.547, -4.247, 23.42, -0.17078, -0.67349, 0.26025, -0.67038,
 11:05:42.196,ed:35:33:d3:6c:f8, 2015-01-01 00:18:40.855, 0.834, -0.034, 0.545, 0, 0.244, 0.488, -3.609, -56.602, -163.812, -24.160, -7.133, -13.380, 30.37, -0.11041, 0.47324, 0.03983, 0.87302,
 11:05:42.196,ed:35:33:d3:6c:f8, 2015-01-01 00:18:40.855, 0.835, -0.027, 0.549, 0.244, 0.122, 0, -3.62, -56.596, -163.817, -24.160, -7.133, -13.380, 30.37, -0.11041, 0.47324, 0.03983, 0.87302,
 11:05:42.199,ed:40:fe:65:30:6c, 2015-01-01 00:18:37.310, 0.883, 0.046, 0.465, 0.366, -0.183, 0.427, 5.378, -62.238, -114.582, -26.840, -7.593, 4.833, 25.17, 0.48245, -0.41266, -0.31274, -0.70639,
 11:05:42.199,ed:40:fe:65:30:6c, 2015-01-01 00:18:37.310, 0.884, 0.046, 0.465, 0.183, -0.183, 0.549, 5.372, -62.243, -114.56, -26.840, -7.593, 4.833, 25.17, 0.48245, -0.41266, -0.31274, -0.70639,
 11:05:42.219,f6:90:cc:01:6d:25, 2015-01-01 00:18:40.145, 0.985, -0.05, 0.03, 0.061, 0.244, 0, -52.85, -86.429, -100.629, -28.573, -6.480, 3.720, 29.27, 0.18512, -0.67877, -0.14426, -0.69574,
 11:05:42.219,f6:90:cc:01:6d:25, 2015-01-01 00:18:40.145, 0.983, -0.048, 0.031, 0.183, 0.244, 0, -52.822, -86.429, -100.679, -28.573, -6.480, 3.720, 29.27, 0.18512, -0.67877, -0.14426, -0.69574,
 11:05:42.221,ed:35:33:d3:6c:f8, 2015-01-01 00:18:40.855, 0.832, -0.027, 0.552, 0.244, 0.305, 0.366, -3.615, -56.596, -163.834, -24.160, -7.133, -13.380, 30.37, -0.11041, 0.47324, 0.03983, 0.87302,
 11:05:42.221,ed:35:33:d3:6c:f8, 2015-01-01 00:18:40.855, 0.828, -0.034, 0.547, 0, 0.122, 0.61, -3.615, -56.591, -163.839, -24.160, -7.133, -13.380, 30.37, -0.11041, 0.47324, 0.03983, 0.87302,
 11:05:42.242,f6:90:cc:01:6d:25, 2015-01-01 00:18:40.145, 0.982, -0.047, 0.033, 0.244, 0.244, 0, -52.795, -86.429, -100.728, -28.573, -6.480, 3.720, 29.27, 0.18512, -0.67877, -0.14426, -0.69574,
 11:05:42.242,f6:90:cc:01:6d:25, 2015-01-01 00:18:40.145, 0.981, -0.049, 0.034, 0, 0.244, 0, -52.767, -86.429, -100.778, -28.573, -6.480, 3.720, 29.27, 0.18512, -0.67877, -0.14426, -0.69574,
 11:05:42.243,ed:40:fe:65:30:6c, 2015-01-01 00:18:37.310, 0.886, 0.045, 0.465, 0.061, -0.244, 0.488, 5.361, -62.249, -114.538, -26.840, -7.593, 4.833, 25.17, 0.48245, -0.41266, -0.31274, -0.70639,
 11:05:42.243,ed:40:fe:65:30:6c, 2015-01-01 00:18:37.310, 0.887, 0.046, 0.467, 0.122, -0.244, 0.366, 5.35, -62.249, -114.521, -26.840, -7.593, 4.833, 25.17, 0.48245, -0.41266, -0.31274, -0.70639,
 11:05:42.245,e3:ca:2d:fd:e0:8c, 2015-01-01 00:18:37.885, 1.011, -0.12, -0.04, -0.061, 0.061, 0, -109.567, -82.749, -105.985, -25.480, -4.547, -4.247, 23.42, -0.17078, -0.67349, 0.26025, -0.67038,
 11:05:42.245,e3:ca:2d:fd:e0:8c, 2015-01-01 00:18:37.885, 1.012, -0.121, -0.041, 0, 0, 0, -109.556, -82.749, -105.996, -25.480, -4.547, -4.247, 23.42, -0.17078, -0.67349, 0.26025, -0.67038,
 11:05:42.264,ed:35:33:d3:6c:f8, 2015-01-01 00:18:40.855, 0.827, -0.034, 0.545, 0.366, -0.244, 0.366, -3.625, -56.585, -163.834, -24.160, -7.133, -13.380, 30.37, -0.11041, 0.47324, 0.03983, 0.87302,
 11:05:42.264,ed:35:33:d3:6c:f8, 2015-01-01 00:18:40.855, 0.825, -0.031, 0.544, 0.183, -0.244, 0.549, -3.631, -56.591, -163.839, -24.160, -7.133, -13.380, 30.37, -0.11041, 0.47324, 0.03983, 0.87302,
 11:05:42.268,e3:ca:2d:fd:e0:8c, 2015-01-01 00:18:37.885, 1.014, -0.122, -0.04, 0, 0, 0, -109.55, -82.749, -105.996, -25.480, -4.547, -4.247, 23.42, -0.17078, -0.67349, 0.26025, -0.67038,
 11:05:42.268,e3:ca:2d:fd:e0:8c, 2015-01-01 00:18:37.885, 1.012, -0.121, -0.039, 0, 0, 0, -109.539, -82.749, -106.002, -25.480, -4.547, -4.247, 23.42, -0.17078, -0.67349, 0.26025, -0.67038,
 11:05:42.286,ed:35:33:d3:6c:f8, 2015-01-01 00:18:40.855, 0.827, -0.034, 0.545, -0.061, 0, 0.671, -3.642, -56.596, -163.834, -24.160, -7.133, -13.380, 30.37, -0.11041, 0.47324, 0.03983, 0.87302,
 11:05:42.286,ed:35:33:d3:6c:f8, 2015-01-01 00:18:40.855, 0.828, -0.034, 0.545, 0, 0, 0.549, -3.658, -56.596, -163.834, -24.160, -7.133, -13.380, 30.37, -0.11041, 0.47324, 0.03983, 0.87302,
 11:05:42.287,f6:90:cc:01:6d:25, 2015-01-01 00:18:40.145, 0.982, -0.048, 0.036, -0.122, 0.305, 0.061, -52.745, -86.424, -100.827, -28.573, -6.480, 3.720, 29.27, 0.18512, -0.67877, -0.14426, -0.69574,
 11:05:42.287,f6:90:cc:01:6d:25, 2015-01-01 00:18:40.145, 0.983, -0.049, 0.035, 0, 0.244, 0.061, -52.723, -86.424, -100.865, -28.573, -6.480, 3.720, 29.27, 0.18512, -0.67877, -0.14426, -0.69574,
 11:05:42.289,ed:40:fe:65:30:6c, 2015-01-01 00:18:37.665, 0.887, 0.046, 0.469, -0.061, -0.244, 0.366, 5.345, -62.254, -114.505, -26.840, -7.593, 4.833, 25.17, 0.48245, -0.41266, -0.31274, -0.70639,
 11:05:42.289,ed:40:fe:65:30:6c, 2015-01-01 00:18:37.665, 0.888, 0.045, 0.468, -0.061, -0.305, 0.427, 5.334, -62.26, -114.489, -26.840, -7.593, 4.833, 25.17, 0.48245, -0.41266, -0.31274, -0.70639,
 11:05:42.309,ed:35:33:d3:6c:f8, 2015-01-01 00:18:40.855, 0.829, -0.033, 0.548, -0.122, 0, 0.427, -3.675, -56.596, -163.828, -24.160, -7.133, -13.380, 30.37, -0.11041, 0.47324, 0.03983, 0.87302,
 11:05:42.309,ed:35:33:d3:6c:f8, 2015-01-01 00:18:40.855, 0.829, -0.033, 0.55, -0.122, 0, 0.427, -3.686, -56.591, -163.834, -24.160, -7.133, -13.380, 30.37, -0.11041, 0.47324, 0.03983, 0.87302,
 11:05:42.310,f6:90:cc:01:6d:25, 2015-01-01 00:18:40.145, 0.985, -0.049, 0.035, 0, 0.122, 0.061, -52.723, -86.424, -100.876, -28.573, -6.480, 3.720, 29.27, 0.18155, -0.67905, -0.1413, -0.69702,
 11:05:42.310,f6:90:cc:01:6d:25, 2015-01-01 00:18:40.145, 0.984, -0.049, 0.036, 0, 0.061, 0.061, -52.745, -86.418, -100.871, -28.573, -6.480, 3.720, 29.27, 0.18155, -0.67905, -0.1413, -0.69702,
 11:05:42.310,ed:40:fe:65:30:6c, 2015-01-01 00:18:37.665, 0.891, 0.047, 0.468, -0.183, -0.244, 0.305, 5.323, -62.265, -114.472, -26.840, -7.593, 4.833, 25.17, 0.48245, -0.41266, -0.31274, -0.70639,
 11:05:42.310,ed:40:fe:65:30:6c, 2015-01-01 00:18:37.665, 0.889, 0.044, 0.468, 0, -0.244, 0.244, 5.312, -62.265, -114.461, -26.840, -7.593, 4.833, 25.17, 0.48245, -0.41266, -0.31274, -0.70639,
 11:05:42.312,e3:ca:2d:fd:e0:8c, 2015-01-01 00:18:37.885, 1.013, -0.122, -0.039, -0.122, -0.122, 0, -109.539, -82.755, -106.002, -25.480, -4.547, -4.247, 23.42, -0.17078, -0.67349, 0.26025, -0.67038,
 11:05:42.312,e3:ca:2d:fd:e0:8c, 2015-01-01 00:18:37.885, 1.015, -0.121, -0.04, -0.061, -0.305, 0, -109.55, -82.755, -105.98, -25.480, -4.547, -4.247, 23.42, -0.17078, -0.67349, 0.26025, -0.67038,
 11:05:42.330,ed:35:33:d3:6c:f8, 2015-01-01 00:18:40.855, 0.831, -0.034, 0.546, -0.122, -0.244, 0.488, -3.697, -56.596, -163.834, -24.160, -7.133, -13.380, 30.37, -0.11041, 0.47324, 0.03983, 0.87302,
 11:05:42.330,ed:35:33:d3:6c:f8, 2015-01-01 00:18:40.855, 0.832, -0.034, 0.549, 0, -0.122, 0.183, -3.708, -56.596, -163.834, -24.160, -7.133, -13.380, 30.37, -0.11041, 0.47324, 0.03983, 0.87302,
 11:05:42.333,f6:90:cc:01:6d:25, 2015-01-01 00:18:40.145, 0.986, -0.05, 0.036, -0.244, 0.122, 0.244, -52.784, -86.418, -100.849, -28.573, -6.480, 3.720, 29.27, 0.18155, -0.67905, -0.1413, -0.69702,
 11:05:42.333,f6:90:cc:01:6d:25, 2015-01-01 00:18:40.145, 0.986, -0.049, 0.036, -0.061, 0, 0.183, -52.839, -86.413, -100.8, -28.573, -6.480, 3.720, 29.27, 0.18155, -0.67905, -0.1413, -0.69702,
 11:05:42.353,ed:35:33:d3:6c:f8, 2015-01-01 00:18:40.855, 0.832, -0.034, 0.547, 0, -0.122, 0.427, -3.719, -56.596, -163.839, -24.160, -7.133, -13.380, 30.37, -0.11041, 0.47324, 0.03983, 0.87302,
 11:05:42.353,ed:35:33:d3:6c:f8, 2015-01-01 00:18:40.855, 0.831, -0.037, 0.543, 0, -0.183, 0.244, -3.724, -56.602, -163.845, -24.160, -7.133, -13.380, 30.37, -0.11041, 0.47324, 0.03983, 0.87302,
 11:05:42.357,e3:ca:2d:fd:e0:8c, 2015-01-01 00:18:37.885, 1.013, -0.12, -0.04, 0, -0.305, 0, -109.583, -82.749, -105.936, -25.480, -4.547, -4.247, 23.42, -0.17078, -0.67349, 0.26025, -0.67038,
 11:05:42.357,e3:ca:2d:fd:e0:8c, 2015-01-01 00:18:37.885, 1.012, -0.121, -0.042, 0, -0.122, 0, -109.611, -82.749, -105.897, -25.480, -4.547, -4.247, 23.42, -0.17078, -0.67349, 0.26025, -0.67038,
 11:05:42.377,f6:90:cc:01:6d:25, 2015-01-01 00:18:40.145, 0.985, -0.049, 0.032, 0, -0.061, 0.183, -52.905, -86.413, -100.739, -28.573, -6.480, 3.720, 29.27, 0.18155, -0.67905, -0.1413, -0.69702,
 11:05:42.377,f6:90:cc:01:6d:25, 2015-01-01 00:18:40.145, 0.984, -0.049, 0.031, 0, 0, 0.122, -52.965, -86.413, -100.695, -28.573, -6.480, 3.720, 29.27, 0.18155, -0.67905, -0.1413, -0.69702,
 11:05:42.379,ed:40:fe:65:30:6c, 2015-01-01 00:18:37.665, 0.89, 0.045, 0.466, -0.183, -0.183, 0.366, 5.306, -62.271, -114.45, -26.840, -7.593, 4.833, 25.17, 0.48245, -0.41266, -0.31274, -0.70639,
 11:05:42.379,ed:40:fe:65:30:6c, 2015-01-01 00:18:37.665, 0.889, 0.042, 0.463, -0.061, -0.183, 0.244, 5.295, -62.271, -114.439, -26.840, -7.593, 4.833, 25.17, 0.48245, -0.41266, -0.31274, -0.70639,
 11:05:42.380,e3:ca:2d:fd:e0:8c, 2015-01-01 00:18:37.885, 1.014, -0.122, -0.042, -0.061, 0, 0, -109.611, -82.749, -105.886, -25.433, -4.820, -4.800, 23.42, -0.17078, -0.67349, 0.26025, -0.67038,
 11:05:42.380,e3:ca:2d:fd:e0:8c, 2015-01-01 00:18:37.885, 1.014, -0.122, -0.043, -0.061, -0.122, 0, -109.605, -82.749, -105.886, -25.433, -4.820, -4.800, 23.42, -0.17078, -0.67349, 0.26025, -0.67038,
 11:05:42.400,ed:35:33:d3:6c:f8, 2015-01-01 00:18:40.855, 0.831, -0.037, 0.544, -0.061, -0.183, 0.244, -3.73, -56.602, -163.856, -24.160, -7.133, -13.380, 30.37, -0.11041, 0.47324, 0.03983, 0.87302,
 11:05:42.400,ed:35:33:d3:6c:f8, 2015-01-01 00:18:40.855, 0.829, -0.035, 0.543, 0, -0.305, 0.122, -3.735, -56.607, -163.861, -24.160, -7.133, -13.380, 30.37, -0.11041, 0.47324, 0.03983, 0.87302,
 11:05:42.401,ed:40:fe:65:30:6c, 2015-01-01 00:18:37.665, 0.888, 0.043, 0.463, 0, -0.305, 0.183, 5.29, -62.276, -114.428, -26.840, -7.593, 4.833, 25.17, 0.48245, -0.41266, -0.31274, -0.70639,
 11:05:42.401,ed:40:fe:65:30:6c, 2015-01-01 00:18:37.665, 0.888, 0.045, 0.463, 0, -0.244, 0.122, 5.284, -62.281, -114.423, -26.840, -7.593, 4.833, 25.17, 0.48245, -0.41266, -0.31274, -0.70639,
 11:05:42.422,ed:35:33:d3:6c:f8, 2015-01-01 00:18:40.855, 0.83, -0.034, 0.542, 0, -0.122, 0.183, -3.741, -56.613, -163.872, -23.387, -7.573, -12.960, 30.37, -0.11041, 0.47324, 0.03983, 0.87302,
 11:05:42.422,ed:35:33:d3:6c:f8, 2015-01-01 00:18:40.855, 0.831, -0.035, 0.544, 0.061, 0, 0.183, -3.746, -56.613, -163.883, -23.387, -7.573, -12.960, 30.37, -0.11041, 0.47324, 0.03983, 0.87302,
 11:05:42.424,f6:90:cc:01:6d:25, 2015-01-01 00:18:40.615, 0.984, -0.051, 0.031, 0, 0.122, 0.061, -52.987, -86.413, -100.695, -28.573, -6.480, 3.720, 29.27, 0.18155, -0.67905, -0.1413, -0.69702,
 11:05:42.424,f6:90:cc:01:6d:25, 2015-01-01 00:18:40.615, 0.984, -0.05, 0.032, -0.061, 0.122, 0.122, -53.015, -86.413, -100.69, -28.573, -6.480, 3.720, 29.27, 0.18155, -0.67905, -0.1413, -0.69702,
 11:05:42.425,e3:ca:2d:fd:e0:8c, 2015-01-01 00:18:37.885, 1.013, -0.122, -0.042, -0.061, -0.183, 0, -109.616, -82.749, -105.87, -25.433, -4.820, -4.800, 23.42, -0.17078, -0.67349, 0.26025, -0.67038,
 11:05:42.425,e3:ca:2d:fd:e0:8c, 2015-01-01 00:18:37.885, 1.013, -0.121, -0.043, 0, -0.366, 0, -109.644, -82.749, -105.837, -25.433, -4.820, -4.800, 23.42, -0.17078, -0.67349, 0.26025, -0.67038,
 11:05:42.447,ed:40:fe:65:30:6c, 2015-01-01 00:18:37.665, 0.888, 0.044, 0.464, 0.122, -0.305, 0.122, 5.29, -62.287, -114.417, -26.840, -7.593, 4.833, 25.17, 0.48245, -0.41266, -0.31274, -0.70639,
 11:05:42.447,ed:40:fe:65:30:6c, 2015-01-01 00:18:37.665, 0.888, 0.044, 0.466, 0.122, -0.122, 0.122, 5.29, -62.292, -114.417, -26.840, -7.593, 4.833, 25.17, 0.48245, -0.41266, -0.31274, -0.70639,
 11:05:42.467,f6:90:cc:01:6d:25, 2015-01-01 00:18:40.615, 0.984, -0.049, 0.033, 0, 0.122, 0.183, -53.053, -86.407, -100.679, -28.573, -6.480, 3.720, 29.27, 0.18155, -0.67905, -0.1413, -0.69702,
 11:05:42.467,f6:90:cc:01:6d:25, 2015-01-01 00:18:40.615, 0.984, -0.051, 0.033, 0, 0.122, 0.122, -53.086, -86.407, -100.668, -28.573, -6.480, 3.720, 29.27, 0.18155, -0.67905, -0.1413, -0.69702,
 11:05:42.469,ed:35:33:d3:6c:f8, 2015-01-01 00:18:40.855, 0.831, -0.037, 0.545, 0, 0.061, 0.183, -3.752, -56.613, -163.889, -23.387, -7.573, -12.960, 30.37, -0.11041, 0.47324, 0.03983, 0.87302,
 11:05:42.469,ed:35:33:d3:6c:f8, 2015-01-01 00:18:40.855, 0.831, -0.037, 0.545, 0, 0, 0.122, -3.752, -56.613, -163.9, -23.387, -7.573, -12.960, 30.37, -0.11041, 0.47324, 0.03983, 0.87302,
 11:05:42.470,e3:ca:2d:fd:e0:8c, 2015-01-01 00:18:37.885, 1.014, -0.122, -0.042, -0.061, -0.366, 0, -109.688, -82.749, -105.782, -25.433, -4.820, -4.800, 23.42, -0.17038, -0.67355, 0.2597, -0.67062,
 11:05:42.470,e3:ca:2d:fd:e0:8c, 2015-01-01 00:18:37.885, 1.014, -0.121, -0.042, -0.061, -0.427, 0, -109.742, -82.744, -105.727, -25.433, -4.820, -4.800, 23.42, -0.17038, -0.67355, 0.2597, -0.67062,
 11:05:42.470,ed:40:fe:65:30:6c, 2015-01-01 00:18:37.665, 0.889, 0.042, 0.465, 0, -0.122, 0.122, 5.29, -62.292, -114.412, -26.320, -7.067, 5.167, 25.17, 0.48245, -0.41266, -0.31274, -0.70639,
 11:05:42.470,ed:40:fe:65:30:6c, 2015-01-01 00:18:37.665, 0.889, 0.042, 0.465, 0, -0.061, 0.122, 5.284, -62.292, -114.406, -26.320, -7.067, 5.167, 25.17, 0.48245, -0.41266, -0.31274, -0.70639,
 11:05:42.490,f6:90:cc:01:6d:25, 2015-01-01 00:18:40.615, 0.984, -0.051, 0.033, 0, 0.061, 0, -53.113, -86.407, -100.673, -28.573, -6.480, 3.720, 29.27, 0.18155, -0.67905, -0.1413, -0.69702,
 11:05:42.490,f6:90:cc:01:6d:25, 2015-01-01 00:18:40.615, 0.985, -0.051, 0.034, 0.061, -0.061, 0, -53.163, -86.407, -100.651, -28.573, -6.480, 3.720, 29.27, 0.18155, -0.67905, -0.1413, -0.69702,
 11:05:42.512,f6:90:cc:01:6d:25, 2015-01-01 00:18:40.615, 0.985, -0.051, 0.032, 0.061, -0.061, 0, -53.218, -86.407, -100.624, -28.573, -6.480, 3.720, 29.27, 0.18155, -0.67905, -0.1413, -0.69702,
 11:05:42.512,f6:90:cc:01:6d:25, 2015-01-01 00:18:40.615, 0.986, -0.052, 0.032, 0.244, -0.061, -0.061, -53.262, -86.413, -100.602, -28.573, -6.480, 3.720, 29.27, 0.18155, -0.67905, -0.1413, -0.69702,
 11:05:42.514,ed:40:fe:65:30:6c, 2015-01-01 00:18:37.665, 0.891, 0.042, 0.465, 0, 0, 0.061, 5.284, -62.292, -114.401, -26.320, -7.067, 5.167, 25.17, 0.48245, -0.41266, -0.31274, -0.70639,
 11:05:42.514,ed:40:fe:65:30:6c, 2015-01-01 00:18:37.665, 0.891, 0.043, 0.463, 0.061, -0.061, 0.061, 5.284, -62.292, -114.401, -26.320, -7.067, 5.167, 25.17, 0.48245, -0.41266, -0.31274, -0.70639,
 11:05:42.515,e3:ca:2d:fd:e0:8c, 2015-01-01 00:18:38.200, 1.014, -0.122, -0.041, 0, -0.305, 0, -109.792, -82.744, -105.672, -25.433, -4.820, -4.800, 23.42, -0.17038, -0.67355, 0.2597, -0.67062,
 11:05:42.515,e3:ca:2d:fd:e0:8c, 2015-01-01 00:18:38.200, 1.013, -0.122, -0.04, 0, -0.183, 0, -109.819, -82.744, -105.634, -25.433, -4.820, -4.800, 23.42, -0.17038, -0.67355, 0.2597, -0.67062,
 11:05:42.534,ed:35:33:d3:6c:f8, 2015-01-01 00:18:40.855, 0.832, -0.037, 0.545, 0, -0.061, 0.122, -3.757, -56.613, -163.911, -23.387, -7.573, -12.960, 30.37, -0.10782, 0.4733, 0.03778, 0.87341,
 11:05:42.534,ed:35:33:d3:6c:f8, 2015-01-01 00:18:40.855, 0.832, -0.037, 0.545, 0, -0.183, 0.061, -3.763, -56.618, -163.922, -23.387, -7.573, -12.960, 30.37, -0.10782, 0.4733, 0.03778, 0.87341,
 11:05:42.557,ed:35:33:d3:6c:f8, 2015-01-01 00:18:41.325, 0.833, -0.034, 0.544, 0.122, -0.244, 0.061, -3.763, -56.624, -163.938, -23.387, -7.573, -12.960, 30.37, -0.10782, 0.4733, 0.03778, 0.87341,
 11:05:42.559,ed:35:33:d3:6c:f8, 2015-01-01 00:18:41.325, 0.83, -0.035, 0.543, 0, -0.061, 0.183, -3.763, -56.624, -163.949, -23.387, -7.573, -12.960, 30.37, -0.10782, 0.4733, 0.03778, 0.87341,
 11:05:42.559,f6:90:cc:01:6d:25, 2015-01-01 00:18:40.615, 0.986, -0.052, 0.035, 0.244, 0.122, -0.183, -53.256, -86.413, -100.64, -28.573, -6.480, 3.720, 29.27, 0.18155, -0.67905, -0.1413, -0.69702,
 11:05:42.560,f6:90:cc:01:6d:25, 2015-01-01 00:18:40.615, 0.984, -0.052, 0.034, 0.244, 0.183, -0.122, -53.223, -86.413, -100.695, -28.573, -6.480, 3.720, 29.27, 0.18155, -0.67905, -0.1413, -0.69702,
 11:05:42.561,e3:ca:2d:fd:e0:8c, 2015-01-01 00:18:38.200, 1.013, -0.122, -0.039, 0, -0.061, 0, -109.83, -82.744, -105.612, -25.433, -4.820, -4.800, 23.42, -0.17038, -0.67355, 0.2597, -0.67062,
 11:05:42.561,e3:ca:2d:fd:e0:8c, 2015-01-01 00:18:38.200, 1.013, -0.122, -0.041, 0, -0.061, 0, -109.825, -82.744, -105.606, -25.433, -4.820, -4.800, 23.42, -0.17038, -0.67355, 0.2597, -0.67062,
 11:05:42.578,ed:35:33:d3:6c:f8, 2015-01-01 00:18:41.325, 0.831, -0.037, 0.543, -0.122, 0.061, 0.244, -3.774, -56.629, -163.954, -23.387, -7.573, -12.960, 30.37, -0.10782, 0.4733, 0.03778, 0.87341,
 11:05:42.578,ed:35:33:d3:6c:f8, 2015-01-01 00:18:41.325, 0.83, -0.036, 0.544, -0.061, 0.122, 0.183, -3.779, -56.624, -163.96, -23.387, -7.573, -12.960, 30.37, -0.10782, 0.4733, 0.03778, 0.87341,
 11:05:42.582,e3:ca:2d:fd:e0:8c, 2015-01-01 00:18:38.200, 1.012, -0.122, -0.043, 0, -0.183, 0, -109.825, -82.738, -105.595, -25.433, -4.820, -4.800, 23.42, -0.17038, -0.67355, 0.2597, -0.67062,
 11:05:42.582,e3:ca:2d:fd:e0:8c, 2015-01-01 00:18:38.200, 1.013, -0.123, -0.043, 0, -0.305, 0, -109.847, -82.738, -105.568, -25.433, -4.820, -4.800, 23.42, -0.17038, -0.67355, 0.2597, -0.67062,
 11:05:42.603,f6:90:cc:01:6d:25, 2015-01-01 00:18:40.615, 0.983, -0.051, 0.033, 0.305, 0.244, -0.061, -53.19, -86.413, -100.761, -28.573, -6.480, 3.720, 29.27, 0.18155, -0.67905, -0.1413, -0.69702,
 11:05:42.603,f6:90:cc:01:6d:25, 2015-01-01 00:18:40.615, 0.983, -0.051, 0.033, 0.183, 0.244, 0, -53.163, -86.413, -100.811, -28.573, -6.480, 3.720, 29.27, 0.18155, -0.67905, -0.1413, -0.69702,
 11:05:42.604,ed:40:fe:65:30:6c, 2015-01-01 00:18:37.665, 0.889, 0.044, 0.464, 0.061, -0.061, 0.122, 5.284, -62.292, -114.395, -26.320, -7.067, 5.167, 25.17, 0.48312, -0.41293, -0.31305, -0.70566,
 11:05:42.604,ed:40:fe:65:30:6c, 2015-01-01 00:18:37.665, 0.888, 0.043, 0.464, 0, 0, 0.244, 5.279, -62.298, -114.39, -26.320, -7.067, 5.167, 25.17, 0.48312, -0.41293, -0.31305, -0.70566,
 11:05:42.624,ed:35:33:d3:6c:f8, 2015-01-01 00:18:41.325, 0.831, -0.035, 0.545, 0, 0.183, 0.183, -3.785, -56.624, -163.971, -23.387, -7.573, -12.960, 30.37, -0.10782, 0.4733, 0.03778, 0.87341,
 11:05:42.624,ed:35:33:d3:6c:f8, 2015-01-01 00:18:41.325, 0.828, -0.038, 0.544, 0.122, 0.061, 0.366, -3.796, -56.624, -163.971, -23.387, -7.573, -12.960, 30.37, -0.10782, 0.4733, 0.03778, 0.87341,
 11:05:42.626,ed:40:fe:65:30:6c, 2015-01-01 00:18:38.000, 0.888, 0.043, 0.465, -0.061, 0.061, 0.183, 5.268, -62.298, -114.379, -26.320, -7.067, 5.167, 25.17, 0.48312, -0.41293, -0.31305, -0.70566,
 11:05:42.626,ed:40:fe:65:30:6c, 2015-01-01 00:18:38.000, 0.888, 0.043, 0.466, 0, 0.244, 0.122, 5.262, -62.292, -114.373, -26.320, -7.067, 5.167, 25.17, 0.48312, -0.41293, -0.31305, -0.70566,
 11:05:42.629,e3:ca:2d:fd:e0:8c, 2015-01-01 00:18:38.200, 1.015, -0.122, -0.042, 0.061, -0.183, 0, -109.874, -82.738, -105.529, -25.433, -4.820, -4.800, 23.42, -0.17038, -0.67355, 0.2597, -0.67062,
 11:05:42.629,e3:ca:2d:fd:e0:8c, 2015-01-01 00:18:38.200, 1.013, -0.122, -0.041, 0, -0.183, 0, -109.891, -82.738, -105.502, -25.433, -4.820, -4.800, 23.42, -0.17038, -0.67355, 0.2597, -0.67062,
 11:05:42.649,ed:40:fe:65:30:6c, 2015-01-01 00:18:38.000, 0.888, 0.044, 0.465, 0.244, 0.305, 0.183, 5.262, -62.287, -114.362, -26.320, -7.067, 5.167, 25.17, 0.48312, -0.41293, -0.31305, -0.70566,
 11:05:42.649,ed:40:fe:65:30:6c, 2015-01-01 00:18:38.000, 0.886, 0.039, 0.464, 0.183, 0.305, 0.427, 5.251, -62.281, -114.351, -26.320, -7.067, 5.167, 25.17, 0.48312, -0.41293, -0.31305, -0.70566,
 11:05:42.669,ed:35:33:d3:6c:f8, 2015-01-01 00:18:41.325, 0.832, -0.041, 0.545, 0, 0.183, 0.427, -3.801, -56.618, -163.971, -23.387, -7.573, -12.960, 30.37, -0.10782, 0.4733, 0.03778, 0.87341,
 11:05:42.669,ed:35:33:d3:6c:f8, 2015-01-01 00:18:41.325, 0.835, -0.034, 0.544, 0.488, 0, -0.061, -3.807, -56.618, -163.982, -23.387, -7.573, -12.960, 30.37, -0.10782, 0.4733, 0.03778, 0.87341,
 11:05:42.670,ed:40:fe:65:30:6c, 2015-01-01 00:18:38.000, 0.892, 0.043, 0.465, 0, 0.305, 0.183, 5.24, -62.276, -114.335, -26.320, -7.067, 5.167, 25.17, 0.48312, -0.41293, -0.31305, -0.70566,
 11:05:42.670,ed:40:fe:65:30:6c, 2015-01-01 00:18:38.000, 0.893, 0.052, 0.467, 0.305, 0.305, -0.183, 5.246, -62.271, -114.335, -26.320, -7.067, 5.167, 25.17, 0.48312, -0.41293, -0.31305, -0.70566,
 11:05:42.672,e3:ca:2d:fd:e0:8c, 2015-01-01 00:18:38.200, 1.012, -0.121, -0.042, 0, -0.244, 0, -109.907, -82.733, -105.474, -25.433, -4.820, -4.800, 23.42, -0.17038, -0.67355, 0.2597, -0.67062,
 11:05:42.672,e3:ca:2d:fd:e0:8c, 2015-01-01 00:18:38.200, 1.017, -0.121, -0.043, 0, -0.366, 0, -109.94, -82.733, -105.43, -25.433, -4.820, -4.800, 23.42, -0.17038, -0.67355, 0.2597, -0.67062,
 11:05:42.691,f6:90:cc:01:6d:25, 2015-01-01 00:18:40.615, 0.985, -0.05, 0.031, 0.305, 0.061, 0, -53.185, -86.413, -100.816, -28.713, -6.733, 3.687, 29.27, 0.18155, -0.67905, -0.1413, -0.69702,
 11:05:42.691,f6:90:cc:01:6d:25, 2015-01-01 00:18:40.615, 0.983, -0.054, 0.035, 0.366, 0.183, 0, -53.174, -86.407, -100.849, -28.713, -6.733, 3.687, 29.27, 0.18155, -0.67905, -0.1413, -0.69702,
 11:05:42.713,ed:35:33:d3:6c:f8, 2015-01-01 00:18:41.325, 0.833, -0.025, 0.549, 0.61, 0.061, -0.061, -3.79, -56.618, -163.998, -23.387, -7.573, -12.960, 30.37, -0.10782, 0.4733, 0.03778, 0.87341,
 11:05:42.713,ed:35:33:d3:6c:f8, 2015-01-01 00:18:41.325, 0.831, -0.035, 0.548, -0.061, 0.183, 0.366, -3.79, -56.618, -164.004, -23.387, -7.573, -12.960, 30.37, -0.10782, 0.4733, 0.03778, 0.87341,
 11:05:42.715,f6:90:cc:01:6d:25, 2015-01-01 00:18:40.615, 0.985, -0.05, 0.035, 0.366, 0.183, -0.366, -53.097, -86.413, -100.959, -28.713, -6.733, 3.687, 29.27, 0.1788, -0.67972, -0.13837, -0.69766,
 11:05:42.715,f6:90:cc:01:6d:25, 2015-01-01 00:18:40.615, 0.99, -0.045, 0.032, 0.122, 0.244, -0.183, -53.031, -86.413, -101.041, -28.713, -6.733, 3.687, 29.27, 0.1788, -0.67972, -0.13837, -0.69766,
 11:05:42.716,ed:40:fe:65:30:6c, 2015-01-01 00:18:38.000, 0.89, 0.049, 0.469, 0.427, 0.183, 0.244, 5.251, -62.265, -114.329, -26.320, -7.067, 5.167, 25.17, 0.48312, -0.41293, -0.31305, -0.70566,
 11:05:42.716,ed:40:fe:65:30:6c, 2015-01-01 00:18:38.000, 0.888, 0.043, 0.466, 0, 0.122, 0.427, 5.246, -62.26, -114.318, -26.320, -7.067, 5.167, 25.17, 0.48312, -0.41293, -0.31305, -0.70566,
 11:05:42.718,e3:ca:2d:fd:e0:8c, 2015-01-01 00:18:38.200, 1.016, -0.121, -0.042, -0.122, -0.183, 0, -109.973, -82.733, -105.392, -25.480, -5.093, -5.267, 23.42, -0.17038, -0.67355, 0.2597, -0.67062,
 11:05:42.718,e3:ca:2d:fd:e0:8c, 2015-01-01 00:18:38.200, 1.015, -0.122, -0.043, -0.183, 0.061, 0, -109.973, -82.733, -105.386, -25.480, -5.093, -5.267, 23.42, -0.17038, -0.67355, 0.2597, -0.67062,
 11:05:42.738,f6:90:cc:01:6d:25, 2015-01-01 00:18:40.615, 0.987, -0.049, 0.033, 0, 0.061, -0.183, -53.02, -86.418, -101.085, -28.713, -6.733, 3.687, 29.27, 0.1788, -0.67972, -0.13837, -0.69766,
 11:05:42.738,f6:90:cc:01:6d:25, 2015-01-01 00:18:40.615, 0.985, -0.05, 0.029, 0.061, 0.183, -0.122, -52.993, -86.418, -101.146, -28.713, -6.733, 3.687, 29.27, 0.1788, -0.67972, -0.13837, -0.69766,
 11:05:42.740,e3:ca:2d:fd:e0:8c, 2015-01-01 00:18:38.200, 1.012, -0.12, -0.044, -0.122, 0, 0, -109.962, -82.733, -105.392, -25.480, -5.093, -5.267, 23.42, -0.16953, -0.6741, 0.25903, -0.67053,
 11:05:42.740,e3:ca:2d:fd:e0:8c, 2015-01-01 00:18:38.200, 1.01, -0.119, -0.043, 0, -0.122, 0, -109.962, -82.733, -105.386, -25.480, -5.093, -5.267, 23.42, -0.16953, -0.6741, 0.25903, -0.67053,
 11:05:42.760,ed:35:33:d3:6c:f8, 2015-01-01 00:18:41.325, 0.829, -0.039, 0.544, 0.183, -0.244, 0.061, -3.79, -56.618, -164.009, -23.387, -7.573, -12.960, 30.37, -0.10782, 0.4733, 0.03778, 0.87341,
 11:05:42.760,ed:35:33:d3:6c:f8, 2015-01-01 00:18:41.325, 0.827, -0.036, 0.543, 0.061, -0.305, 0.061, -3.79, -56.624, -164.02, -23.387, -7.573, -12.960, 30.37, -0.10782, 0.4733, 0.03778, 0.87341,
 11:05:42.761,ed:40:fe:65:30:6c, 2015-01-01 00:18:38.000, 0.886, 0.042, 0.465, 0.244, 0, 0.061, 5.246, -62.26, -114.307, -26.320, -7.067, 5.167, 25.17, 0.48312, -0.41293, -0.31305, -0.70566,
 11:05:42.761,ed:40:fe:65:30:6c, 2015-01-01 00:18:38.000, 0.885, 0.043, 0.466, 0, 0.061, 0.122, 5.246, -62.26, -114.302, -26.320, -7.067, 5.167, 25.17, 0.48312, -0.41293, -0.31305, -0.70566,
 11:05:42.782,ed:35:33:d3:6c:f8, 2015-01-01 00:18:41.325, 0.829, -0.035, 0.544, -0.305, -0.061, 0.183, -3.796, -56.629, -164.031, -23.453, -7.740, -12.713, 30.37, -0.10782, 0.4733, 0.03778, 0.87341,
 11:05:42.782,ed:35:33:d3:6c:f8, 2015-01-01 00:18:41.325, 0.829, -0.035, 0.544, -0.061, -0.122, 0.061, -3.801, -56.629, -164.037, -23.453, -7.740, -12.713, 30.37, -0.10782, 0.4733, 0.03778, 0.87341,
 11:05:42.784,f6:90:cc:01:6d:25, 2015-01-01 00:18:40.615, 0.984, -0.047, 0.033, 0.366, 0.183, -0.061, -52.965, -86.418, -101.19, -28.713, -6.733, 3.687, 29.27, 0.1788, -0.67972, -0.13837, -0.69766,
 11:05:42.784,f6:90:cc:01:6d:25, 2015-01-01 00:18:40.615, 0.981, -0.048, 0.035, 0.427, 0.061, -0.183, -52.949, -86.418, -101.234, -28.713, -6.733, 3.687, 29.27, 0.1788, -0.67972, -0.13837, -0.69766,
 11:05:42.785,e3:ca:2d:fd:e0:8c, 2015-01-01 00:18:38.200, 1.011, -0.121, -0.042, 0, -0.244, 0, -109.984, -82.733, -105.359, -25.480, -5.093, -5.267, 23.42, -0.16953, -0.6741, 0.25903, -0.67053,
 11:05:42.785,e3:ca:2d:fd:e0:8c, 2015-01-01 00:18:38.200, 1.013, -0.122, -0.04, -0.122, -0.183, 0, -110.012, -82.733, -105.331, -25.480, -5.093, -5.267, 23.42, -0.16953, -0.6741, 0.25903, -0.67053,
 11:05:42.807,ed:40:fe:65:30:6c, 2015-01-01 00:18:38.000, 0.887, 0.044, 0.465, -0.061, 0, 0.061, 5.246, -62.26, -114.296, -26.320, -7.067, 5.167, 25.17, 0.48312, -0.41293, -0.31305, -0.70566,
 11:05:42.807,ed:40:fe:65:30:6c, 2015-01-01 00:18:38.000, 0.887, 0.045, 0.465, 0.061, -0.061, 0.061, 5.246, -62.26, -114.296, -26.320, -7.067, 5.167, 25.17, 0.48312, -0.41293, -0.31305, -0.70566,
 11:05:42.807,f6:90:cc:01:6d:25, 2015-01-01 00:18:41.015, 0.982, -0.05, 0.031, 0.244, 0.061, -0.244, -52.916, -86.424, -101.288, -28.713, -6.733, 3.687, 29.27, 0.1788, -0.67972, -0.13837, -0.69766,
 11:05:42.807,f6:90:cc:01:6d:25, 2015-01-01 00:18:41.015, 0.984, -0.049, 0.034, 0.244, 0.122, -0.183, -52.883, -86.429, -101.343, -28.713, -6.733, 3.687, 29.27, 0.1788, -0.67972, -0.13837, -0.69766,
 11:05:42.827,ed:35:33:d3:6c:f8, 2015-01-01 00:18:41.325, 0.831, -0.035, 0.544, 0, -0.183, 0.061, -3.807, -56.635, -164.048, -23.453, -7.740, -12.713, 30.37, -0.10782, 0.4733, 0.03778, 0.87341,
 11:05:42.827,ed:35:33:d3:6c:f8, 2015-01-01 00:18:41.325, 0.832, -0.035, 0.547, 0.122, 0, 0, -3.801, -56.635, -164.059, -23.453, -7.740, -12.713, 30.37, -0.10782, 0.4733, 0.03778, 0.87341,
 11:05:42.829,ed:40:fe:65:30:6c, 2015-01-01 00:18:38.000, 0.889, 0.044, 0.466, 0.183, -0.061, 0.061, 5.246, -62.26, -114.291, -26.507, -7.527, 5.107, 25.17, 0.48312, -0.41293, -0.31305, -0.70566,
 11:05:42.829,ed:40:fe:65:30:6c, 2015-01-01 00:18:38.000, 0.888, 0.045, 0.468, 0.183, -0.122, 0, 5.251, -62.26, -114.291, -26.507, -7.527, 5.107, 25.17, 0.48312, -0.41293, -0.31305, -0.70566,
 11:05:42.830,e3:ca:2d:fd:e0:8c, 2015-01-01 00:18:38.490, 1.015, -0.122, -0.042, -0.183, -0.122, 0, -110.028, -82.733, -105.309, -25.480, -5.093, -5.267, 23.42, -0.16953, -0.6741, 0.25903, -0.67053,
 11:05:42.830,e3:ca:2d:fd:e0:8c, 2015-01-01 00:18:38.490, 1.015, -0.121, -0.042, -0.061, -0.244, 0, -110.05, -82.733, -105.282, -25.480, -5.093, -5.267, 23.42, -0.16953, -0.6741, 0.25903, -0.67053,
 11:05:42.850,f6:90:cc:01:6d:25, 2015-01-01 00:18:41.015, 0.985, -0.049, 0.034, 0.122, 0.244, -0.122, -52.833, -86.429, -101.42, -28.713, -6.733, 3.687, 29.27, 0.1788, -0.67972, -0.13837, -0.69766,
 11:05:42.850,f6:90:cc:01:6d:25, 2015-01-01 00:18:41.015, 0.986, -0.05, 0.036, 0.305, 0.244, -0.061, -52.789, -86.429, -101.486, -28.713, -6.733, 3.687, 29.27, 0.1788, -0.67972, -0.13837, -0.69766,
 11:05:42.874,ed:40:fe:65:30:6c, 2015-01-01 00:18:38.000, 0.888, 0.047, 0.469, 0.122, 0, 0.061, 5.257, -62.26, -114.291, -26.507, -7.527, 5.107, 25.17, 0.48312, -0.41293, -0.31305, -0.70566,
 11:05:42.874,ed:40:fe:65:30:6c, 2015-01-01 00:18:38.000, 0.89, 0.047, 0.469, -0.244, 0.122, 0.122, 5.257, -62.26, -114.285, -26.507, -7.527, 5.107, 25.17, 0.48312, -0.41293, -0.31305, -0.70566,
 11:05:42.874,f6:90:cc:01:6d:25, 2015-01-01 00:18:41.015, 0.984, -0.049, 0.036, 0.183, 0.122, -0.061, -52.773, -86.429, -101.519, -28.713, -6.733, 3.687, 29.27, 0.1788, -0.67972, -0.13837, -0.69766,
 11:05:42.874,f6:90:cc:01:6d:25, 2015-01-01 00:18:41.015, 0.985, -0.049, 0.034, 0, 0.122, 0, -52.773, -86.429, -101.541, -28.713, -6.733, 3.687, 29.27, 0.1788, -0.67972, -0.13837, -0.69766,
 11:05:42.875,e3:ca:2d:fd:e0:8c, 2015-01-01 00:18:38.490, 1.012, -0.122, -0.041, 0.061, -0.305, 0, -110.078, -82.727, -105.244, -25.480, -5.093, -5.267, 23.42, -0.16953, -0.6741, 0.25903, -0.67053,
 11:05:42.875,e3:ca:2d:fd:e0:8c, 2015-01-01 00:18:38.490, 1.014, -0.121, -0.042, 0.061, -0.244, 0, -110.105, -82.727, -105.205, -25.480, -5.093, -5.267, 23.42, -0.16953, -0.6741, 0.25903, -0.67053,
 11:05:42.894,ed:35:33:d3:6c:f8, 2015-01-01 00:18:41.325, 0.83, -0.032, 0.547, 0.244, 0, 0, -3.796, -56.635, -164.07, -23.453, -7.740, -12.713, 30.37, -0.10638, 0.47357, 0.03677, 0.87347,
 11:05:42.894,ed:35:33:d3:6c:f8, 2015-01-01 00:18:41.325, 0.832, -0.032, 0.548, -0.244, 0, 0.122, -3.796, -56.635, -164.081, -23.453, -7.740, -12.713, 30.37, -0.10638, 0.47357, 0.03677, 0.87347,
 11:05:42.917,f6:90:cc:01:6d:25, 2015-01-01 00:18:41.015, 0.987, -0.049, 0.034, 0, 0, 0.061, -52.811, -86.429, -101.519, -28.713, -6.733, 3.687, 29.27, 0.1788, -0.67972, -0.13837, -0.69766,
 11:05:42.917,f6:90:cc:01:6d:25, 2015-01-01 00:18:41.015, 0.984, -0.051, 0.034, 0.183, 0.122, 0, -52.806, -86.429, -101.541, -28.713, -6.733, 3.687, 29.27, 0.1788, -0.67972, -0.13837, -0.69766,
 11:05:42.917,ed:35:33:d3:6c:f8, 2015-01-01 00:18:41.680, 0.831, -0.032, 0.548, 0, -0.244, 0.122, -3.801, -56.635, -164.092, -23.453, -7.740, -12.713, 30.37, -0.10638, 0.47357, 0.03677, 0.87347,
 11:05:42.917,ed:35:33:d3:6c:f8, 2015-01-01 00:18:41.680, 0.83, -0.035, 0.545, -0.122, -0.122, 0.549, -3.812, -56.64, -164.092, -23.453, -7.740, -12.713, 30.37, -0.10638, 0.47357, 0.03677, 0.87347,
 11:05:42.919,e3:ca:2d:fd:e0:8c, 2015-01-01 00:18:38.490, 1.015, -0.121, -0.041, 0, -0.244, 0, -110.132, -82.727, -105.172, -25.480, -5.093, -5.267, 23.42, -0.16953, -0.6741, 0.25903, -0.67053,
 11:05:42.919,e3:ca:2d:fd:e0:8c, 2015-01-01 00:18:38.490, 1.013, -0.121, -0.041, -0.061, -0.122, 0, -110.143, -82.727, -105.145, -25.480, -5.093, -5.267, 23.42, -0.16953, -0.6741, 0.25903, -0.67053,
 11:05:42.940,ed:35:33:d3:6c:f8, 2015-01-01 00:18:41.680, 0.83, -0.038, 0.542, -0.122, 0, 0.61, -3.829, -56.64, -164.081, -23.453, -7.740, -12.713, 30.37, -0.10638, 0.47357, 0.03677, 0.87347,
 11:05:42.940,ed:35:33:d3:6c:f8, 2015-01-01 00:18:41.680, 0.829, -0.039, 0.543, 0.183, 0, 0.366, -3.84, -56.64, -164.075, -23.453, -7.740, -12.713, 30.37, -0.10638, 0.47357, 0.03677, 0.87347,
 11:05:42.944,e3:ca:2d:fd:e0:8c, 2015-01-01 00:18:38.490, 1.012, -0.121, -0.043, 0, -0.061, 0, -110.143, -82.727, -105.134, -25.480, -5.093, -5.267, 23.42, -0.16953, -0.6741, 0.25903, -0.67053,
 11:05:42.945,e3:ca:2d:fd:e0:8c, 2015-01-01 00:18:38.490, 1.013, -0.121, -0.043, 0, -0.122, 0, -110.149, -82.727, -105.123, -25.480, -5.093, -5.267, 23.42, -0.16953, -0.6741, 0.25903, -0.67053,
 11:05:42.945,ed:40:fe:65:30:6c, 2015-01-01 00:18:38.000, 0.889, 0.045, 0.467, 0.061, 0.061, 0.244, 5.251, -62.254, -114.28, -26.507, -7.527, 5.107, 25.17, 0.4838, -0.41251, -0.31314, -0.70541,
 11:05:42.945,ed:40:fe:65:30:6c, 2015-01-01 00:18:38.000, 0.888, 0.042, 0.466, 0.061, 0.061, 0.61, 5.24, -62.254, -114.258, -26.507, -7.527, 5.107, 25.17, 0.4838, -0.41251, -0.31314, -0.70541,
 11:05:42.964,ed:40:fe:65:30:6c, 2015-01-01 00:18:38.360, 0.886, 0.042, 0.464, 0.305, 0, 0.488, 5.224, -62.254, -114.236, -26.507, -7.527, 5.107, 25.17, 0.4838, -0.41251, -0.31314, -0.70541,
 11:05:42.964,ed:40:fe:65:30:6c, 2015-01-01 00:18:38.360, 0.886, 0.044, 0.465, 0.305, 0, 0.183, 5.219, -62.254, -114.219, -26.507, -7.527, 5.107, 25.17, 0.4838, -0.41251, -0.31314, -0.70541,
 11:05:42.964,f6:90:cc:01:6d:25, 2015-01-01 00:18:41.015, 0.982, -0.05, 0.031, 0.122, 0.244, 0, -52.778, -86.424, -101.591, -28.713, -6.733, 3.687, 29.27, 0.1788, -0.67972, -0.13837, -0.69766,
 11:05:42.964,f6:90:cc:01:6d:25, 2015-01-01 00:18:41.015, 0.984, -0.049, 0.033, 0.122, 0.183, 0.061, -52.778, -86.424, -101.618, -28.713, -6.733, 3.687, 29.27, 0.1788, -0.67972, -0.13837, -0.69766,
 11:05:42.984,ed:35:33:d3:6c:f8, 2015-01-01 00:18:41.680, 0.83, -0.035, 0.546, 0.183, 0.122, 0.183, -3.845, -56.64, -164.075, -23.453, -7.740, -12.713, 30.37, -0.10638, 0.47357, 0.03677, 0.87347,
 11:05:42.984,ed:35:33:d3:6c:f8, 2015-01-01 00:18:41.680, 0.832, -0.032, 0.547, 0.244, 0, 0.122, -3.84, -56.635, -164.081, -23.453, -7.740, -12.713, 30.37, -0.10638, 0.47357, 0.03677, 0.87347,
 11:05:42.986,ed:40:fe:65:30:6c, 2015-01-01 00:18:38.360, 0.888, 0.046, 0.467, 0.183, -0.061, 0, 5.224, -62.254, -114.219, -26.507, -7.527, 5.107, 25.17, 0.4838, -0.41251, -0.31314, -0.70541,
 11:05:42.986,ed:40:fe:65:30:6c, 2015-01-01 00:18:38.360, 0.889, 0.047, 0.468, 0.122, 0, 0, 5.229, -62.254, -114.219, -26.507, -7.527, 5.107, 25.17, 0.4838, -0.41251, -0.31314, -0.70541,
 11:05:42.987,e3:ca:2d:fd:e0:8c, 2015-01-01 00:18:38.490, 1.014, -0.12, -0.044, -0.061, -0.183, 0, -110.16, -82.727, -105.101, -25.480, -5.093, -5.267, 23.42, -0.16953, -0.6741, 0.25903, -0.67053,
 11:05:42.987,e3:ca:2d:fd:e0:8c, 2015-01-01 00:18:38.490, 1.015, -0.121, -0.044, -0.122, -0.366, 0, -110.193, -82.727, -105.062, -25.480, -5.093, -5.267, 23.42, -0.16953, -0.6741, 0.25903, -0.67053,
 11:05:43.008,f6:90:cc:01:6d:25, 2015-01-01 00:18:41.015, 0.985, -0.047, 0.033, 0, 0.122, 0, -52.767, -86.424, -101.651, -28.713, -6.733, 3.687, 29.27, 0.1788, -0.67972, -0.13837, -0.69766,
 11:05:43.008,f6:90:cc:01:6d:25, 2015-01-01 00:18:41.015, 0.985, -0.049, 0.034, -0.122, 0.061, 0.061, -52.778, -86.424, -101.667, -28.713, -6.733, 3.687, 29.27, 0.1788, -0.67972, -0.13837, -0.69766,
 11:05:43.029,ed:35:33:d3:6c:f8, 2015-01-01 00:18:41.680, 0.832, -0.034, 0.547, 0.122, 0, 0.183, -3.84, -56.635, -164.086, -23.453, -7.740, -12.713, 30.37, -0.10638, 0.47357, 0.03677, 0.87347,
 11:05:43.029,ed:35:33:d3:6c:f8, 2015-01-01 00:18:41.680, 0.831, -0.036, 0.545, 0, 0, 0.366, -3.845, -56.635, -164.086, -23.453, -7.740, -12.713, 30.37, -0.10638, 0.47357, 0.03677, 0.87347,
 11:05:43.030,f6:90:cc:01:6d:25, 2015-01-01 00:18:41.015, 0.984, -0.052, 0.031, -0.122, 0, 0.122, -52.817, -86.424, -101.656, -29.040, -6.600, 3.460, 29.27, 0.1788, -0.67972, -0.13837, -0.69766,
 11:05:43.030,f6:90:cc:01:6d:25, 2015-01-01 00:18:41.015, 0.984, -0.051, 0.033, 0.061, 0, 0, -52.877, -86.424, -101.629, -29.040, -6.600, 3.460, 29.27, 0.1788, -0.67972, -0.13837, -0.69766,
 11:05:43.031,ed:40:fe:65:30:6c, 2015-01-01 00:18:38.360, 0.889, 0.045, 0.467, 0.122, 0, 0.244, 5.235, -62.254, -114.214, -26.507, -7.527, 5.107, 25.17, 0.4838, -0.41251, -0.31314, -0.70541,
 11:05:43.031,ed:40:fe:65:30:6c, 2015-01-01 00:18:38.360, 0.888, 0.043, 0.467, 0.061, 0, 0.305, 5.229, -62.254, -114.197, -26.507, -7.527, 5.107, 25.17, 0.4838, -0.41251, -0.31314, -0.70541,
 11:05:43.032,e3:ca:2d:fd:e0:8c, 2015-01-01 00:18:38.490, 1.014, -0.122, -0.044, -0.244, -0.488, 0, -110.253, -82.722, -105.002, -25.360, -5.013, -4.120, 23.42, -0.16953, -0.6741, 0.25903, -0.67053,
 11:05:43.032,e3:ca:2d:fd:e0:8c, 2015-01-01 00:18:38.490, 1.013, -0.122, -0.043, -0.183, -0.366, 0, -110.308, -82.722, -104.941, -25.360, -5.013, -4.120, 23.42, -0.16953, -0.6741, 0.25903, -0.67053,
 11:05:43.075,f6:90:cc:01:6d:25, 2015-01-01 00:18:41.015, 0.986, -0.049, 0.032, 0.183, 0, -0.122, -52.91, -86.424, -101.629, -29.040, -6.600, 3.460, 29.27, 0.1788, -0.67972, -0.13837, -0.69766,
 11:05:43.075,f6:90:cc:01:6d:25, 2015-01-01 00:18:41.015, 0.985, -0.048, 0.037, 0.183, 0, -0.122, -52.921, -86.424, -101.646, -29.040, -6.600, 3.460, 29.27, 0.1788, -0.67972, -0.13837, -0.69766,
 11:05:43.076,ed:40:fe:65:30:6c, 2015-01-01 00:18:38.360, 0.888, 0.042, 0.467, 0, -0.061, 0.427, 5.213, -62.254, -114.181, -26.507, -7.527, 5.107, 25.17, 0.4838, -0.41251, -0.31314, -0.70541,
 11:05:43.076,ed:40:fe:65:30:6c, 2015-01-01 00:18:38.360, 0.889, 0.043, 0.465, 0, -0.122, 0.427, 5.202, -62.254, -114.164, -26.507, -7.527, 5.107, 25.17, 0.4838, -0.41251, -0.31314, -0.70541,
 11:05:43.078,e3:ca:2d:fd:e0:8c, 2015-01-01 00:18:38.490, 1.013, -0.12, -0.042, -0.244, -0.244, 0, -110.352, -82.716, -104.897, -25.360, -5.013, -4.120, 23.42, -0.16882, -0.67465, 0.25851, -0.67038,
 11:05:43.078,e3:ca:2d:fd:e0:8c, 2015-01-01 00:18:38.490, 1.013, -0.119, -0.042, -0.305, -0.061, 0, -110.369, -82.716, -104.875, -25.360, -5.013, -4.120, 23.42, -0.16882, -0.67465, 0.25851, -0.67038,
 11:05:43.097,ed:35:33:d3:6c:f8, 2015-01-01 00:18:41.680, 0.831, -0.037, 0.544, -0.061, -0.122, 0.488, -3.856, -56.635, -164.086, -23.453, -7.740, -12.713, 30.37, -0.10638, 0.47357, 0.03677, 0.87347,
 11:05:43.097,ed:35:33:d3:6c:f8, 2015-01-01 00:18:41.680, 0.831, -0.038, 0.544, -0.183, -0.183, 0.488, -3.873, -56.64, -164.075, -23.453, -7.740, -12.713, 30.37, -0.10638, 0.47357, 0.03677, 0.87347,
 11:05:43.119,ed:35:33:d3:6c:f8, 2015-01-01 00:18:41.680, 0.831, -0.036, 0.545, 0, -0.244, 0.366, -3.884, -56.646, -164.07, -23.973, -7.893, -12.300, 30.37, -0.10638, 0.47357, 0.03677, 0.87347,
 11:05:43.119,ed:35:33:d3:6c:f8, 2015-01-01 00:18:41.680, 0.831, -0.036, 0.546, -0.061, 0.061, 0.305, -3.895, -56.646, -164.07, -23.973, -7.893, -12.300, 30.37, -0.10638, 0.47357, 0.03677, 0.87347,
 11:05:43.121,ed:40:fe:65:30:6c, 2015-01-01 00:18:38.360, 0.888, 0.045, 0.467, 0.122, -0.061, 0.244, 5.197, -62.254, -114.153, -26.507, -7.527, 5.107, 25.17, 0.4838, -0.41251, -0.31314, -0.70541,
 11:05:43.121,ed:40:fe:65:30:6c, 2015-01-01 00:18:38.360, 0.888, 0.043, 0.467, 0.061, 0, 0.305, 5.191, -62.254, -114.142, -26.507, -7.527, 5.107, 25.17, 0.4838, -0.41251, -0.31314, -0.70541,
 11:05:43.123,e3:ca:2d:fd:e0:8c, 2015-01-01 00:18:38.800, 1.013, -0.121, -0.042, -0.244, -0.122, 0, -110.38, -82.716, -104.865, -25.360, -5.013, -4.120, 23.42, -0.16882, -0.67465, 0.25851, -0.67038,
 11:05:43.123,e3:ca:2d:fd:e0:8c, 2015-01-01 00:18:38.800, 1.012, -0.124, -0.042, -0.061, -0.244, 0, -110.396, -82.716, -104.837, -25.360, -5.013, -4.120, 23.42, -0.16882, -0.67465, 0.25851, -0.67038,
 11:05:43.145,e3:ca:2d:fd:e0:8c, 2015-01-01 00:18:38.800, 1.011, -0.124, -0.043, 0, -0.366, 0, -110.435, -82.716, -104.793, -25.360, -5.013, -4.120, 23.42, -0.16882, -0.67465, 0.25851, -0.67038,
 11:05:43.145,e3:ca:2d:fd:e0:8c, 2015-01-01 00:18:38.800, 1.012, -0.123, -0.044, 0, -0.366, 0, -110.473, -82.716, -104.744, -25.360, -5.013, -4.120, 23.42, -0.16882, -0.67465, 0.25851, -0.67038,
 11:05:43.165,f6:90:cc:01:6d:25, 2015-01-01 00:18:41.015, 0.984, -0.052, 0.033, 0, 0.061, -0.061, -52.927, -86.429, -101.662, -29.040, -6.600, 3.460, 29.27, 0.17569, -0.6803, -0.13553, -0.69846,
 11:05:43.165,f6:90:cc:01:6d:25, 2015-01-01 00:18:41.015, 0.983, -0.052, 0.035, 0.183, -0.061, 0, -52.949, -86.429, -101.667, -29.040, -6.600, 3.460, 29.27, 0.17569, -0.6803, -0.13553, -0.69846,
 11:05:43.166,ed:40:fe:65:30:6c, 2015-01-01 00:18:38.360, 0.887, 0.043, 0.468, 0, 0.061, 0.305, 5.18, -62.254, -114.126, -26.507, -7.527, 5.107, 25.17, 0.4838, -0.41251, -0.31314, -0.70541,
 11:05:43.166,ed:40:fe:65:30:6c, 2015-01-01 00:18:38.360, 0.887, 0.043, 0.465, -0.061, 0.122, 0.244, 5.175, -62.249, -114.115, -26.507, -7.527, 5.107, 25.17, 0.4838, -0.41251, -0.31314, -0.70541,
 11:05:43.188,ed:40:fe:65:30:6c, 2015-01-01 00:18:38.360, 0.889, 0.045, 0.468, 0.122, 0.122, 0.183, 5.169, -62.249, -114.104, -26.640, -7.473, 4.973, 25.17, 0.4838, -0.41251, -0.31314, -0.70541,
 11:05:43.188,ed:40:fe:65:30:6c, 2015-01-01 00:18:38.360, 0.887, 0.04, 0.463, 0.122, 0.122, 0.427, 5.158, -62.243, -114.088, -26.640, -7.473, 4.973, 25.17, 0.4838, -0.41251, -0.31314, -0.70541,
 11:05:43.188,f6:90:cc:01:6d:25, 2015-01-01 00:18:41.395, 0.983, -0.05, 0.032, 0.122, -0.061, 0.061, -53.004, -86.429, -101.64, -29.040, -6.600, 3.460, 29.27, 0.17569, -0.6803, -0.13553, -0.69846,
 11:05:43.188,f6:90:cc:01:6d:25, 2015-01-01 00:18:41.395, 0.985, -0.048, 0.033, 0, 0, 0, -53.058, -86.429, -101.613, -29.040, -6.600, 3.460, 29.27, 0.17569, -0.6803, -0.13553, -0.69846,
 11:05:43.190,e3:ca:2d:fd:e0:8c, 2015-01-01 00:18:38.800, 1.014, -0.12, -0.043, 0, -0.366, 0, -110.517, -82.711, -104.689, -25.360, -5.013, -4.120, 23.42, -0.16882, -0.67465, 0.25851, -0.67038,
 11:05:43.190,e3:ca:2d:fd:e0:8c, 2015-01-01 00:18:38.800, 1.014, -0.122, -0.043, 0, -0.366, 0, -110.555, -82.711, -104.634, -25.360, -5.013, -4.120, 23.42, -0.16882, -0.67465, 0.25851, -0.67038,
 11:05:43.209,ed:35:33:d3:6c:f8, 2015-01-01 00:18:41.680, 0.829, -0.037, 0.545, 0, 0.122, 0.244, -3.9, -56.64, -164.07, -23.973, -7.893, -12.300, 30.37, -0.10638, 0.47357, 0.03677, 0.87347,
 11:05:43.209,ed:35:33:d3:6c:f8, 2015-01-01 00:18:41.680, 0.829, -0.037, 0.543, -0.061, 0.061, 0.244, -3.911, -56.64, -164.075, -23.973, -7.893, -12.300, 30.37, -0.10638, 0.47357, 0.03677, 0.87347,
 11:05:43.211,f6:90:cc:01:6d:25, 2015-01-01 00:18:41.395, 0.985, -0.052, 0.032, 0, -0.061, 0, -53.097, -86.435, -101.602, -29.040, -6.600, 3.460, 29.27, 0.17569, -0.6803, -0.13553, -0.69846,
 11:05:43.211,f6:90:cc:01:6d:25, 2015-01-01 00:18:41.395, 0.985, -0.054, 0.035, 0.183, 0.061, 0, -53.146, -86.435, -101.585, -29.040, -6.600, 3.460, 29.27, 0.17569, -0.6803, -0.13553, -0.69846,
 11:05:43.231,ed:35:33:d3:6c:f8, 2015-01-01 00:18:41.680, 0.831, -0.035, 0.545, 0, 0, 0.122, -3.911, -56.64, -164.075, -23.973, -7.893, -12.300, 30.37, -0.1058, 0.47369, 0.03589, 0.8735,
 11:05:43.231,ed:35:33:d3:6c:f8, 2015-01-01 00:18:41.680, 0.83, -0.037, 0.543, 0, 0, 0.366, -3.922, -56.64, -164.075, -23.973, -7.893, -12.300, 30.37, -0.1058, 0.47369, 0.03589, 0.8735,
 11:05:43.233,f6:90:cc:01:6d:25, 2015-01-01 00:18:41.395, 0.989, -0.048, 0.033, 0.244, 0.122, 0, -53.163, -86.435, -101.596, -29.040, -6.600, 3.460, 29.27, 0.17569, -0.6803, -0.13553, -0.69846,
 11:05:43.233,f6:90:cc:01:6d:25, 2015-01-01 00:18:41.395, 0.988, -0.046, 0.031, 0, 0.061, 0, -53.174, -86.429, -101.618, -29.040, -6.600, 3.460, 29.27, 0.17569, -0.6803, -0.13553, -0.69846,
 11:05:43.234,ed:40:fe:65:30:6c, 2015-01-01 00:18:38.360, 0.891, 0.04, 0.467, -0.061, 0.183, 0.549, 5.142, -62.243, -114.066, -26.640, -7.473, 4.973, 25.17, 0.4838, -0.41251, -0.31314, -0.70541,
 11:05:43.234,ed:40:fe:65:30:6c, 2015-01-01 00:18:38.360, 0.893, 0.048, 0.468, -0.061, 0.305, 0.061, 5.136, -62.238, -114.06, -26.640, -7.473, 4.973, 25.17, 0.4838, -0.41251, -0.31314, -0.70541,
 11:05:43.235,e3:ca:2d:fd:e0:8c, 2015-01-01 00:18:38.800, 1.014, -0.122, -0.043, 0.061, -0.305, 0, -110.594, -82.705, -104.59, -25.360, -5.013, -4.120, 23.42, -0.16882, -0.67465, 0.25851, -0.67038,
 11:05:43.235,e3:ca:2d:fd:e0:8c, 2015-01-01 00:18:38.800, 1.016, -0.12, -0.044, 0, -0.305, 0, -110.627, -82.705, -104.546, -25.360, -5.013, -4.120, 23.42, -0.16882, -0.67465, 0.25851, -0.67038,
 11:05:43.255,ed:35:33:d3:6c:f8, 2015-01-01 00:18:41.680, 0.832, -0.042, 0.544, -0.183, 0.061, 0.61, -3.933, -56.64, -164.07, -23.973, -7.893, -12.300, 30.37, -0.1058, 0.47369, 0.03589, 0.8735,
 11:05:43.255,ed:35:33:d3:6c:f8, 2015-01-01 00:18:41.680, 0.835, -0.037, 0.547, 0, 0.366, 0.122, -3.95, -56.635, -164.07, -23.973, -7.893, -12.300, 30.37, -0.1058, 0.47369, 0.03589, 0.8735,
 11:05:43.277,f6:90:cc:01:6d:25, 2015-01-01 00:18:41.395, 0.986, -0.051, 0.03, -0.122, 0.122, 0, -53.196, -86.435, -101.629, -29.040, -6.600, 3.460, 29.27, 0.17569, -0.6803, -0.13553, -0.69846,
 11:05:43.277,f6:90:cc:01:6d:25, 2015-01-01 00:18:41.395, 0.984, -0.05, 0.032, 0.122, 0.061, 0, -53.212, -86.429, -101.651, -29.040, -6.600, 3.460, 29.27, 0.17569, -0.6803, -0.13553, -0.69846,
 11:05:43.280,e3:ca:2d:fd:e0:8c, 2015-01-01 00:18:38.800, 1.016, -0.122, -0.044, -0.183, -0.244, 0, -110.654, -82.705, -104.507, -25.360, -5.013, -4.120, 23.42, -0.16882, -0.67465, 0.25851, -0.67038,
 11:05:43.280,e3:ca:2d:fd:e0:8c, 2015-01-01 00:18:38.800, 1.015, -0.121, -0.046, -0.244, -0.122, 0, -110.671, -82.705, -104.485, -25.360, -5.013, -4.120, 23.42, -0.16882, -0.67465, 0.25851, -0.67038,
 11:05:43.302,ed:40:fe:65:30:6c, 2015-01-01 00:18:38.360, 0.89, 0.049, 0.467, 0.305, 0.122, 0.305, 5.131, -62.232, -114.049, -26.640, -7.473, 4.973, 25.17, 0.4848, -0.41226, -0.31314, -0.70486,
 11:05:43.302,ed:40:fe:65:30:6c, 2015-01-01 00:18:38.360, 0.889, 0.041, 0.468, -0.061, 0.244, 0.61, 5.114, -62.227, -114.022, -26.640, -7.473, 4.973, 25.17, 0.4848, -0.41226, -0.31314, -0.70486,
 11:05:43.322,f6:90:cc:01:6d:25, 2015-01-01 00:18:41.395, 0.982, -0.049, 0.03, 0.122, 0, 0, -53.245, -86.435, -101.656, -29.040, -6.600, 3.460, 29.27, 0.17569, -0.6803, -0.13553, -0.69846,
 11:05:43.322,f6:90:cc:01:6d:25, 2015-01-01 00:18:41.395, 0.982, -0.051, 0.033, 0.183, 0.061, 0, -53.284, -86.435, -101.651, -29.040, -6.600, 3.460, 29.27, 0.17569, -0.6803, -0.13553, -0.69846,
 11:05:43.326,ed:40:fe:65:30:6c, 2015-01-01 00:18:38.715, 0.886, 0.041, 0.466, 0.061, 0, 0.366, 5.103, -62.227, -114.005, -26.640, -7.473, 4.973, 25.17, 0.4848, -0.41226, -0.31314, -0.70486,
 11:05:43.326,ed:40:fe:65:30:6c, 2015-01-01 00:18:38.715, 0.885, 0.042, 0.465, 0.122, 0, 0.305, 5.098, -62.227, -113.994, -26.640, -7.473, 4.973, 25.17, 0.4848, -0.41226, -0.31314, -0.70486,
 11:05:43.326,e3:ca:2d:fd:e0:8c, 2015-01-01 00:18:38.800, 1.014, -0.122, -0.045, -0.183, -0.183, 0, -110.693, -82.7, -104.464, -25.380, -4.700, -4.820, 23.42, -0.16882, -0.67465, 0.25851, -0.67038,
 11:05:43.326,e3:ca:2d:fd:e0:8c, 2015-01-01 00:18:38.800, 1.011, -0.12, -0.045, 0, -0.061, 0, -110.698, -82.7, -104.453, -25.380, -4.700, -4.820, 23.42, -0.16882, -0.67465, 0.25851, -0.67038,
 11:05:43.344,ed:35:33:d3:6c:f8, 2015-01-01 00:18:41.680, 0.833, -0.028, 0.546, 0.305, 0.122, 0.122, -3.944, -56.629, -164.075, -23.973, -7.893, -12.300, 30.37, -0.1058, 0.47369, 0.03589, 0.8735,
 11:05:43.344,ed:35:33:d3:6c:f8, 2015-01-01 00:18:41.680, 0.832, -0.038, 0.548, -0.244, 0.366, 0.488, -3.95, -56.624, -164.075, -23.973, -7.893, -12.300, 30.37, -0.1058, 0.47369, 0.03589, 0.8735,
 11:05:43.347,e3:ca:2d:fd:e0:8c, 2015-01-01 00:18:38.800, 1.011, -0.122, -0.044, 0, -0.122, 0, -110.709, -82.7, -104.436, -25.380, -4.700, -4.820, 23.42, -0.16815, -0.67517, 0.258, -0.67023,
 11:05:43.347,e3:ca:2d:fd:e0:8c, 2015-01-01 00:18:38.800, 1.011, -0.122, -0.044, 0, -0.183, 0, -110.726, -82.7, -104.414, -25.380, -4.700, -4.820, 23.42, -0.16815, -0.67517, 0.258, -0.67023,
 11:05:43.366,ed:35:33:d3:6c:f8, 2015-01-01 00:18:42.060, 0.829, -0.041, 0.545, 0.061, -0.061, 0.305, -3.961, -56.624, -164.07, -23.973, -7.893, -12.300, 30.37, -0.1058, 0.47369, 0.03589, 0.8735,
 11:05:43.366,ed:35:33:d3:6c:f8, 2015-01-01 00:18:42.060, 0.828, -0.038, 0.544, 0.061, -0.183, 0.244, -3.972, -56.624, -164.07, -23.973, -7.893, -12.300, 30.37, -0.1058, 0.47369, 0.03589, 0.8735,
 11:05:43.368,f6:90:cc:01:6d:25, 2015-01-01 00:18:41.395, 0.982, -0.05, 0.033, 0.183, 0.061, 0, -53.311, -86.435, -101.662, -29.040, -6.600, 3.460, 29.27, 0.17569, -0.6803, -0.13553, -0.69846,
 11:05:43.368,f6:90:cc:01:6d:25, 2015-01-01 00:18:41.395, 0.983, -0.051, 0.032, 0.183, 0.061, 0, -53.339, -86.435, -101.667, -29.040, -6.600, 3.460, 29.27, 0.17569, -0.6803, -0.13553, -0.69846,
 11:05:43.369,ed:40:fe:65:30:6c, 2015-01-01 00:18:38.715, 0.885, 0.042, 0.465, 0.122, 0, 0.427, 5.087, -62.227, -113.972, -26.640, -7.473, 4.973, 25.17, 0.4848, -0.41226, -0.31314, -0.70486,
 11:05:43.369,ed:40:fe:65:30:6c, 2015-01-01 00:18:38.715, 0.886, 0.042, 0.464, 0.427, 0, 0.366, 5.081, -62.227, -113.956, -26.640, -7.473, 4.973, 25.17, 0.4848, -0.41226, -0.31314, -0.70486,
 11:05:43.388,ed:35:33:d3:6c:f8, 2015-01-01 00:18:42.060, 0.828, -0.039, 0.542, 0, -0.183, 0.427, -3.977, -56.629, -164.064, -23.973, -7.893, -12.300, 30.37, -0.1058, 0.47369, 0.03589, 0.8735,
 11:05:43.388,ed:35:33:d3:6c:f8, 2015-01-01 00:18:42.060, 0.828, -0.038, 0.542, 0.122, 0, 0.488, -3.988, -56.629, -164.059, -23.973, -7.893, -12.300, 30.37, -0.1058, 0.47369, 0.03589, 0.8735,
 11:05:43.391,ed:40:fe:65:30:6c, 2015-01-01 00:18:38.715, 0.888, 0.043, 0.467, 0.366, 0, 0.244, 5.081, -62.227, -113.945, -26.640, -7.473, 4.973, 25.17, 0.4848, -0.41226, -0.31314, -0.70486,
 11:05:43.391,ed:40:fe:65:30:6c, 2015-01-01 00:18:38.715, 0.891, 0.044, 0.468, 0.244, 0.061, 0.244, 5.076, -62.227, -113.934, -26.640, -7.473, 4.973, 25.17, 0.4848, -0.41226, -0.31314, -0.70486,
 11:05:43.394,e3:ca:2d:fd:e0:8c, 2015-01-01 00:18:38.800, 1.013, -0.121, -0.044, 0, -0.183, 0, -110.748, -82.7, -104.387, -25.380, -4.700, -4.820, 23.42, -0.16815, -0.67517, 0.258, -0.67023,
 11:05:43.394,e3:ca:2d:fd:e0:8c, 2015-01-01 00:18:38.800, 1.015, -0.122, -0.043, 0, -0.183, 0, -110.764, -82.7, -104.365, -25.380, -4.700, -4.820, 23.42, -0.16815, -0.67517, 0.258, -0.67023,
 11:05:43.412,ed:35:33:d3:6c:f8, 2015-01-01 00:18:42.060, 0.83, -0.038, 0.544, 0.183, 0.122, 0.427, -3.999, -56.629, -164.048, -23.973, -7.893, -12.300, 30.37, -0.1058, 0.47369, 0.03589, 0.8735,
 11:05:43.412,ed:35:33:d3:6c:f8, 2015-01-01 00:18:42.060, 0.833, -0.037, 0.546, 0.305, 0.122, 0.366, -4.005, -56.629, -164.042, -23.973, -7.893, -12.300, 30.37, -0.1058, 0.47369, 0.03589, 0.8735,
 11:05:43.434,ed:35:33:d3:6c:f8, 2015-01-01 00:18:42.060, 0.832, -0.035, 0.548, 0.244, 0.061, 0.305, -4.01, -56.624, -164.042, -23.973, -7.893, -12.300, 30.37, -0.1058, 0.47369, 0.03589, 0.8735,
 11:05:43.434,ed:35:33:d3:6c:f8, 2015-01-01 00:18:42.060, 0.833, -0.037, 0.547, 0.061, 0, 0.427, -4.016, -56.624, -164.037, -23.973, -7.893, -12.300, 30.37, -0.1058, 0.47369, 0.03589, 0.8735,
 11:05:43.436,ed:40:fe:65:30:6c, 2015-01-01 00:18:38.715, 0.888, 0.044, 0.469, 0.244, 0, 0.305, 5.076, -62.227, -113.923, -26.640, -7.473, 4.973, 25.17, 0.4848, -0.41226, -0.31314, -0.70486,
 11:05:43.436,ed:40:fe:65:30:6c, 2015-01-01 00:18:38.715, 0.89, 0.042, 0.469, 0.061, 0, 0.366, 5.065, -62.227, -113.906, -26.640, -7.473, 4.973, 25.17, 0.4848, -0.41226, -0.31314, -0.70486,
 11:05:43.438,e3:ca:2d:fd:e0:8c, 2015-01-01 00:18:38.800, 1.015, -0.122, -0.043, 0, -0.244, 0, -110.786, -82.694, -104.332, -25.380, -4.700, -4.820, 23.42, -0.16815, -0.67517, 0.258, -0.67023,
 11:05:43.438,e3:ca:2d:fd:e0:8c, 2015-01-01 00:18:38.800, 1.014, -0.121, -0.043, -0.061, -0.183, 0, -110.808, -82.694, -104.304, -25.380, -4.700, -4.820, 23.42, -0.16815, -0.67517, 0.258, -0.67023,
 11:05:43.457,f6:90:cc:01:6d:25, 2015-01-01 00:18:41.395, 0.986, -0.051, 0.034, 0.183, 0, 0, -53.377, -86.435, -101.667, -28.787, -6.527, 2.820, 29.27, 0.17569, -0.6803, -0.13553, -0.69846,
 11:05:43.457,f6:90:cc:01:6d:25, 2015-01-01 00:18:41.395, 0.988, -0.05, 0.033, 0, 0, 0, -53.421, -86.435, -101.662, -28.787, -6.527, 2.820, 29.27, 0.17569, -0.6803, -0.13553, -0.69846,
 11:05:43.479,ed:35:33:d3:6c:f8, 2015-01-01 00:18:42.060, 0.832, -0.04, 0.545, 0, -0.061, 0.244, -4.026, -56.624, -164.031, -23.973, -7.893, -12.300, 30.37, -0.1058, 0.47369, 0.03589, 0.8735,
 11:05:43.479,ed:35:33:d3:6c:f8, 2015-01-01 00:18:42.060, 0.831, -0.033, 0.543, 0.244, -0.061, 0.183, -4.026, -56.624, -164.037, -23.973, -7.893, -12.300, 30.37, -0.1058, 0.47369, 0.03589, 0.8735,
 11:05:43.480,f6:90:cc:01:6d:25, 2015-01-01 00:18:41.395, 0.986, -0.049, 0.035, 0, 0.122, 0, -53.443, -86.435, -101.673, -28.787, -6.527, 2.820, 29.27, 0.17224, -0.68118, -0.13211, -0.69913,
 11:05:43.480,f6:90:cc:01:6d:25, 2015-01-01 00:18:41.395, 0.985, -0.049, 0.033, -0.061, 0.061, 0, -53.459, -86.435, -101.689, -28.787, -6.527, 2.820, 29.27, 0.17224, -0.68118, -0.13211, -0.69913,
 11:05:43.483,ed:40:fe:65:30:6c, 2015-01-01 00:18:38.715, 0.889, 0.043, 0.466, 0, 0, 0.244, 5.059, -62.227, -113.895, -26.640, -7.473, 4.973, 25.17, 0.4848, -0.41226, -0.31314, -0.70486,
 11:05:43.483,ed:40:fe:65:30:6c, 2015-01-01 00:18:38.715, 0.888, 0.045, 0.466, 0.244, 0, 0.183, 5.059, -62.227, -113.89, -26.640, -7.473, 4.973, 25.17, 0.4848, -0.41226, -0.31314, -0.70486,
 11:05:43.484,e3:ca:2d:fd:e0:8c, 2015-01-01 00:18:38.800, 1.013, -0.121, -0.043, 0, -0.122, 0, -110.819, -82.694, -104.282, -25.380, -4.700, -4.820, 23.53, -0.16815, -0.67517, 0.258, -0.67023,
 11:05:43.484,e3:ca:2d:fd:e0:8c, 2015-01-01 00:18:38.800, 1.013, -0.12, -0.044, 0, 0, 0, -110.808, -82.694, -104.282, -25.380, -4.700, -4.820, 23.53, -0.16815, -0.67517, 0.258, -0.67023,
 11:05:43.501,ed:35:33:d3:6c:f8, 2015-01-01 00:18:42.060, 0.83, -0.038, 0.543, -0.122, 0.183, 0.488, -4.037, -56.624, -164.031, -23.973, -7.893, -12.300, 30.37, -0.1058, 0.47369, 0.03589, 0.8735,
 11:05:43.501,ed:35:33:d3:6c:f8, 2015-01-01 00:18:42.060, 0.83, -0.042, 0.543, 0.061, 0.183, 0.183, -4.043, -56.618, -164.026, -23.973, -7.893, -12.300, 30.37, -0.1058, 0.47369, 0.03589, 0.8735,
 11:05:43.503,f6:90:cc:01:6d:25, 2015-01-01 00:18:41.395, 0.984, -0.049, 0.031, -0.061, 0.122, 0, -53.47, -86.435, -101.706, -28.787, -6.527, 2.820, 29.27, 0.17224, -0.68118, -0.13211, -0.69913,
 11:05:43.503,f6:90:cc:01:6d:25, 2015-01-01 00:18:41.395, 0.984, -0.05, 0.034, 0, 0.183, 0, -53.465, -86.435, -101.739, -28.787, -6.527, 2.820, 29.27, 0.17224, -0.68118, -0.13211, -0.69913,
 11:05:43.505,e3:ca:2d:fd:e0:8c, 2015-01-01 00:18:39.205, 1.013, -0.12, -0.044, -0.122, 0, 0, -110.803, -82.694, -104.282, -25.380, -4.700, -4.820, 23.53, -0.16815, -0.67517, 0.258, -0.67023,
 11:05:43.505,e3:ca:2d:fd:e0:8c, 2015-01-01 00:18:39.205, 1.014, -0.121, -0.046, -0.183, -0.061, 0, -110.803, -82.694, -104.277, -25.380, -4.700, -4.820, 23.53, -0.16815, -0.67517, 0.258, -0.67023,
 11:05:43.526,ed:40:fe:65:30:6c, 2015-01-01 00:18:38.715, 0.887, 0.042, 0.466, 0, 0.183, 0.427, 5.048, -62.221, -113.873, -26.640, -7.473, 4.973, 25.17, 0.4848, -0.41226, -0.31314, -0.70486,
 11:05:43.526,ed:40:fe:65:30:6c, 2015-01-01 00:18:38.715, 0.888, 0.041, 0.466, 0.122, 0.122, 0.122, 5.043, -62.221, -113.862, -26.640, -7.473, 4.973, 25.17, 0.4848, -0.41226, -0.31314, -0.70486,
 11:05:43.547,f6:90:cc:01:6d:25, 2015-01-01 00:18:41.395, 0.983, -0.048, 0.03, 0, 0.122, 0, -53.465, -86.435, -101.772, -28.787, -6.527, 2.820, 29.27, 0.17224, -0.68118, -0.13211, -0.69913,
 11:05:43.547,f6:90:cc:01:6d:25, 2015-01-01 00:18:41.395, 0.983, -0.049, 0.032, 0, 0.183, 0, -53.459, -86.435, -101.805, -28.787, -6.527, 2.820, 29.27, 0.17224, -0.68118, -0.13211, -0.69913,
 11:05:43.547,ed:35:33:d3:6c:f8, 2015-01-01 00:18:42.060, 0.83, -0.038, 0.545, 0.061, 0.122, -0.061, -4.043, -56.618, -164.031, -23.973, -7.893, -12.300, 30.37, -0.1058, 0.47369, 0.03589, 0.8735,
 11:05:43.547,ed:35:33:d3:6c:f8, 2015-01-01 00:18:42.060, 0.831, -0.037, 0.545, 0, 0, 0, -4.043, -56.618, -164.042, -23.973, -7.893, -12.300, 30.37, -0.1058, 0.47369, 0.03589, 0.8735,
 11:05:43.548,ed:40:fe:65:30:6c, 2015-01-01 00:18:38.715, 0.887, 0.043, 0.468, 0.061, 0.061, -0.061, 5.048, -62.216, -113.862, -26.673, -7.073, 5.347, 25.17, 0.4848, -0.41226, -0.31314, -0.70486,
 11:05:43.548,ed:40:fe:65:30:6c, 2015-01-01 00:18:38.715, 0.888, 0.043, 0.466, 0.122, 0.061, 0, 5.054, -62.216, -113.862, -26.673, -7.073, 5.347, 25.17, 0.4848, -0.41226, -0.31314, -0.70486,
 11:05:43.550,e3:ca:2d:fd:e0:8c, 2015-01-01 00:18:39.205, 1.013, -0.122, -0.046, -0.122, -0.122, 0, -110.814, -82.694, -104.26, -25.380, -4.700, -4.820, 23.53, -0.16815, -0.67517, 0.258, -0.67023,
 11:05:43.550,e3:ca:2d:fd:e0:8c, 2015-01-01 00:18:39.205, 1.013, -0.122, -0.045, 0, -0.122, 0, -110.825, -82.694, -104.244, -25.380, -4.700, -4.820, 23.53, -0.16815, -0.67517, 0.258, -0.67023,
 11:05:43.570,f6:90:cc:01:6d:25, 2015-01-01 00:18:41.775, 0.984, -0.051, 0.031, -0.183, 0.183, 0, -53.454, -86.435, -101.849, -28.787, -6.527, 2.820, 29.27, 0.17224, -0.68118, -0.13211, -0.69913,
 11:05:43.570,f6:90:cc:01:6d:25, 2015-01-01 00:18:41.775, 0.985, -0.051, 0.032, -0.061, 0.061, 0, -53.47, -86.435, -101.871, -28.787, -6.527, 2.820, 29.27, 0.17224, -0.68118, -0.13211, -0.69913,
 11:05:43.595,e3:ca:2d:fd:e0:8c, 2015-01-01 00:18:39.205, 1.014, -0.122, -0.045, -0.061, -0.183, 0, -110.847, -82.694, -104.222, -25.380, -4.700, -4.820, 23.53, -0.16815, -0.67517, 0.258, -0.67023,
 11:05:43.595,e3:ca:2d:fd:e0:8c, 2015-01-01 00:18:39.205, 1.014, -0.121, -0.045, -0.061, -0.183, 0, -110.869, -82.694, -104.194, -25.380, -4.700, -4.820, 23.53, -0.16815, -0.67517, 0.258, -0.67023,
 11:05:43.614,ed:35:33:d3:6c:f8, 2015-01-01 00:18:42.060, 0.832, -0.037, 0.544, 0.122, -0.061, 0.122, -4.043, -56.618, -164.048, -23.173, -7.733, -13.067, 30.37, -0.1058, 0.47369, 0.03589, 0.8735,
 11:05:43.614,ed:35:33:d3:6c:f8, 2015-01-01 00:18:42.060, 0.833, -0.037, 0.544, 0.122, 0, 0, -4.037, -56.618, -164.053, -23.173, -7.733, -13.067, 30.37, -0.1058, 0.47369, 0.03589, 0.8735,
 11:05:43.615,f6:90:cc:01:6d:25, 2015-01-01 00:18:41.775, 0.986, -0.049, 0.032, -0.061, 0.061, 0, -53.498, -86.435, -101.882, -28.787, -6.527, 2.820, 29.27, 0.17224, -0.68118, -0.13211, -0.69913,
 11:05:43.615,f6:90:cc:01:6d:25, 2015-01-01 00:18:41.775, 0.986, -0.049, 0.031, 0, 0.061, 0, -53.525, -86.435, -101.893, -28.787, -6.527, 2.820, 29.27, 0.17224, -0.68118, -0.13211, -0.69913,
 11:05:43.615,ed:40:fe:65:30:6c, 2015-01-01 00:18:38.715, 0.889, 0.043, 0.467, 0.122, 0.061, 0.122, 5.054, -62.216, -113.857, -26.673, -7.073, 5.347, 25.17, 0.4848, -0.41226, -0.31314, -0.70486,
 11:05:43.615,ed:40:fe:65:30:6c, 2015-01-01 00:18:38.715, 0.889, 0.043, 0.466, 0.122, 0.122, 0.061, 5.059, -62.21, -113.857, -26.673, -7.073, 5.347, 25.17, 0.4848, -0.41226, -0.31314, -0.70486,
 11:05:43.636,ed:35:33:d3:6c:f8, 2015-01-01 00:18:42.060, 0.833, -0.037, 0.544, 0, 0.122, 0, -4.037, -56.618, -164.064, -23.173, -7.733, -13.067, 30.37, -0.10538, 0.47366, 0.03494, 0.87363,
 11:05:43.636,ed:35:33:d3:6c:f8, 2015-01-01 00:18:42.060, 0.831, -0.038, 0.545, 0, 0.183, 0.122, -4.037, -56.618, -164.07, -23.173, -7.733, -13.067, 30.37, -0.10538, 0.47366, 0.03494, 0.87363,
 11:05:43.640,ed:40:fe:65:30:6c, 2015-01-01 00:18:38.715, 0.889, 0.043, 0.467, 0, 0.183, 0.061, 5.059, -62.21, -113.851, -26.673, -7.073, 5.347, 25.17, 0.48581, -0.4119, -0.31329, -0.70432,
 11:05:43.640,ed:40:fe:65:30:6c, 2015-01-01 00:18:38.715, 0.888, 0.042, 0.467, 0, 0.244, 0.244, 5.054, -62.205, -113.84, -26.673, -7.073, 5.347, 25.17, 0.48581, -0.4119, -0.31329, -0.70432,
 11:05:43.640,e3:ca:2d:fd:e0:8c, 2015-01-01 00:18:39.205, 1.014, -0.121, -0.043, 0, -0.122, 0, -110.88, -82.694, -104.178, -25.380, -4.700, -4.820, 23.53, -0.16815, -0.67517, 0.258, -0.67023,
 11:05:43.640,e3:ca:2d:fd:e0:8c, 2015-01-01 00:18:39.205, 1.013, -0.122, -0.044, 0, -0.061, 0, -110.885, -82.694, -104.167, -25.380, -4.700, -4.820, 23.53, -0.16815, -0.67517, 0.258, -0.67023,
 11:05:43.661,f6:90:cc:01:6d:25, 2015-01-01 00:18:41.775, 0.985, -0.053, 0.032, 0, 0.183, 0, -53.542, -86.435, -101.92, -28.787, -6.527, 2.820, 29.27, 0.17224, -0.68118, -0.13211, -0.69913,
 11:05:43.661,f6:90:cc:01:6d:25, 2015-01-01 00:18:41.775, 0.985, -0.052, 0.032, 0.061, 0.244, 0, -53.531, -86.429, -101.97, -28.787, -6.527, 2.820, 29.27, 0.17224, -0.68118, -0.13211, -0.69913,
 11:05:43.682,ed:35:33:d3:6c:f8, 2015-01-01 00:18:42.060, 0.831, -0.039, 0.546, 0, 0.183, 0.244, -4.043, -56.613, -164.07, -23.173, -7.733, -13.067, 30.37, -0.10538, 0.47366, 0.03494, 0.87363,
 11:05:43.682,ed:35:33:d3:6c:f8, 2015-01-01 00:18:42.060, 0.83, -0.04, 0.544, 0.061, 0.122, 0.183, -4.048, -56.613, -164.07, -23.173, -7.733, -13.067, 30.37, -0.10538, 0.47366, 0.03494, 0.87363,
 11:05:43.683,ed:40:fe:65:30:6c, 2015-01-01 00:18:38.715, 0.887, 0.041, 0.468, 0.061, 0.244, 0.305, 5.043, -62.199, -113.829, -26.673, -7.073, 5.347, 25.17, 0.48581, -0.4119, -0.31329, -0.70432,
 11:05:43.683,ed:40:fe:65:30:6c, 2015-01-01 00:18:38.715, 0.887, 0.041, 0.467, 0.122, 0.244, 0.244, 5.037, -62.194, -113.818, -26.673, -7.073, 5.347, 25.17, 0.48581, -0.4119, -0.31329, -0.70432,
 11:05:43.685,e3:ca:2d:fd:e0:8c, 2015-01-01 00:18:39.205, 1.013, -0.122, -0.044, 0, -0.061, 0, -110.885, -82.694, -104.156, -25.380, -4.700, -4.820, 23.53, -0.16815, -0.67517, 0.258, -0.67023,
 11:05:43.685,e3:ca:2d:fd:e0:8c, 2015-01-01 00:18:39.205, 1.013, -0.122, -0.044, -0.061, 0, 0, -110.88, -82.694, -104.156, -25.380, -4.700, -4.820, 23.53, -0.16815, -0.67517, 0.258, -0.67023,
 11:05:43.704,ed:35:33:d3:6c:f8, 2015-01-01 00:18:42.465, 0.829, -0.039, 0.545, 0, 0.122, 0.061, -4.048, -56.613, -164.075, -23.173, -7.733, -13.067, 30.37, -0.10538, 0.47366, 0.03494, 0.87363,
 11:05:43.704,ed:35:33:d3:6c:f8, 2015-01-01 00:18:42.465, 0.83, -0.039, 0.542, 0.061, 0.061, 0.122, -4.048, -56.613, -164.075, -23.173, -7.733, -13.067, 30.37, -0.10538, 0.47366, 0.03494, 0.87363,
 11:05:43.705,f6:90:cc:01:6d:25, 2015-01-01 00:18:41.775, 0.984, -0.051, 0.032, 0.183, 0.183, 0, -53.525, -86.429, -102.019, -28.787, -6.527, 2.820, 29.27, 0.17224, -0.68118, -0.13211, -0.69913,
 11:05:43.705,f6:90:cc:01:6d:25, 2015-01-01 00:18:41.775, 0.984, -0.051, 0.032, 0.061, 0.183, 0, -53.525, -86.429, -102.063, -28.787, -6.527, 2.820, 29.27, 0.17224, -0.68118, -0.13211, -0.69913,
 11:05:43.708,e3:ca:2d:fd:e0:8c, 2015-01-01 00:18:39.205, 1.012, -0.122, -0.045, -0.061, 0, 0, -110.874, -82.694, -104.156, -24.920, -4.940, -4.173, 23.53, -0.16815, -0.67517, 0.258, -0.67023,
 11:05:43.708,e3:ca:2d:fd:e0:8c, 2015-01-01 00:18:39.205, 1.012, -0.123, -0.045, 0, -0.061, 0, -110.874, -82.694, -104.15, -24.920, -4.940, -4.173, 23.53, -0.16815, -0.67517, 0.258, -0.67023,
 11:05:43.729,ed:40:fe:65:30:6c, 2015-01-01 00:18:39.095, 0.886, 0.042, 0.467, 0.061, 0.244, 0.061, 5.037, -62.188, -113.813, -26.673, -7.073, 5.347, 25.17, 0.48581, -0.4119, -0.31329, -0.70432,
 11:05:43.729,ed:40:fe:65:30:6c, 2015-01-01 00:18:39.095, 0.887, 0.042, 0.466, 0, 0.305, 0.122, 5.032, -62.183, -113.807, -26.673, -7.073, 5.347, 25.17, 0.48581, -0.4119, -0.31329, -0.70432,
 11:05:43.729,f6:90:cc:01:6d:25, 2015-01-01 00:18:41.775, 0.983, -0.05, 0.034, 0.061, 0.122, 0, -53.531, -86.429, -102.096, -28.787, -6.527, 2.820, 29.27, 0.17224, -0.68118, -0.13211, -0.69913,
 11:05:43.729,f6:90:cc:01:6d:25, 2015-01-01 00:18:41.775, 0.985, -0.05, 0.033, 0, 0.183, 0, -53.536, -86.429, -102.134, -28.787, -6.527, 2.820, 29.27, 0.17224, -0.68118, -0.13211, -0.69913,
 11:05:43.750,ed:35:33:d3:6c:f8, 2015-01-01 00:18:42.465, 0.831, -0.036, 0.547, 0.061, 0.427, 0.061, -4.048, -56.602, -164.081, -23.173, -7.733, -13.067, 30.37, -0.10538, 0.47366, 0.03494, 0.87363,
 11:05:43.750,ed:35:33:d3:6c:f8, 2015-01-01 00:18:42.465, 0.828, -0.038, 0.545, 0.305, 0.427, 0.183, -4.048, -56.596, -164.086, -23.173, -7.733, -13.067, 30.37, -0.10538, 0.47366, 0.03494, 0.87363,
 11:05:43.752,ed:40:fe:65:30:6c, 2015-01-01 00:18:39.095, 0.887, 0.044, 0.47, 0.366, 0.366, 0.061, 5.037, -62.172, -113.802, -26.673, -7.073, 5.347, 25.17, 0.48581, -0.4119, -0.31329, -0.70432,
 11:05:43.752,ed:40:fe:65:30:6c, 2015-01-01 00:18:39.095, 0.885, 0.041, 0.467, 0.427, 0.427, 0.183, 5.043, -62.166, -113.796, -26.673, -7.073, 5.347, 25.17, 0.48581, -0.4119, -0.31329, -0.70432,
 11:05:43.753,e3:ca:2d:fd:e0:8c, 2015-01-01 00:18:39.205, 1.014, -0.122, -0.045, 0.122, -0.244, 0, -110.891, -82.689, -104.123, -24.920, -4.940, -4.173, 23.53, -0.16815, -0.67517, 0.258, -0.67023,
 11:05:43.753,e3:ca:2d:fd:e0:8c, 2015-01-01 00:18:39.205, 1.012, -0.122, -0.043, 0.061, -0.244, 0, -110.918, -82.689, -104.09, -24.920, -4.940, -4.173, 23.53, -0.16815, -0.67517, 0.258, -0.67023,
 11:05:43.773,f6:90:cc:01:6d:25, 2015-01-01 00:18:41.775, 0.984, -0.051, 0.034, 0.183, 0.183, 0, -53.531, -86.424, -102.173, -28.787, -6.527, 2.820, 29.27, 0.17224, -0.68118, -0.13211, -0.69913,
 11:05:43.773,f6:90:cc:01:6d:25, 2015-01-01 00:18:41.775, 0.982, -0.052, 0.033, 0.244, 0.183, 0, -53.52, -86.424, -102.217, -28.787, -6.527, 2.820, 29.27, 0.17224, -0.68118, -0.13211, -0.69913,
 11:05:43.794,ed:35:33:d3:6c:f8, 2015-01-01 00:18:42.465, 0.829, -0.041, 0.545, 0.244, 0.305, 0.366, -4.054, -56.591, -164.081, -23.173, -7.733, -13.067, 30.37, -0.10538, 0.47366, 0.03494, 0.87363,
 11:05:43.794,ed:35:33:d3:6c:f8, 2015-01-01 00:18:42.465, 0.834, -0.037, 0.549, 0.061, 0.183, -0.122, -4.048, -56.585, -164.092, -23.173, -7.733, -13.067, 30.37, -0.10538, 0.47366, 0.03494, 0.87363,
 11:05:43.795,f6:90:cc:01:6d:25, 2015-01-01 00:18:41.775, 0.986, -0.05, 0.032, 0.183, 0.183, 0, -53.514, -86.424, -102.261, -28.727, -6.747, 3.293, 29.27, 0.17224, -0.68118, -0.13211, -0.69913,
 11:05:43.795,f6:90:cc:01:6d:25, 2015-01-01 00:18:41.775, 0.988, -0.048, 0.034, 0, 0.122, 0, -53.525, -86.424, -102.288, -28.727, -6.747, 3.293, 29.27, 0.17224, -0.68118, -0.13211, -0.69913,
 11:05:43.797,ed:40:fe:65:30:6c, 2015-01-01 00:18:39.095, 0.886, 0.04, 0.468, 0.305, 0.427, 0.366, 5.032, -62.155, -113.774, -26.673, -7.073, 5.347, 25.17, 0.48581, -0.4119, -0.31329, -0.70432,
 11:05:43.797,ed:40:fe:65:30:6c, 2015-01-01 00:18:39.095, 0.891, 0.046, 0.471, 0, 0.366, 0, 5.032, -62.15, -113.774, -26.673, -7.073, 5.347, 25.17, 0.48581, -0.4119, -0.31329, -0.70432,
 11:05:43.798,e3:ca:2d:fd:e0:8c, 2015-01-01 00:18:39.205, 1.011, -0.122, -0.044, 0, -0.061, 0, -110.923, -82.689, -104.073, -24.920, -4.940, -4.173, 23.53, -0.1673, -0.6756, 0.25726, -0.67026,
 11:05:43.798,e3:ca:2d:fd:e0:8c, 2015-01-01 00:18:39.205, 1.015, -0.121, -0.044, 0, -0.061, 0, -110.923, -82.689, -104.068, -24.920, -4.940, -4.173, 23.53, -0.1673, -0.6756, 0.25726, -0.67026,
 11:05:43.838,ed:35:33:d3:6c:f8, 2015-01-01 00:18:42.465, 0.832, -0.029, 0.547, 0.305, -0.061, -0.122, -4.037, -56.585, -164.103, -23.173, -7.733, -13.067, 30.37, -0.10538, 0.47366, 0.03494, 0.87363,
 11:05:43.838,ed:35:33:d3:6c:f8, 2015-01-01 00:18:42.465, 0.831, -0.037, 0.549, -0.244, 0.305, 0.366, -4.043, -56.58, -164.103, -23.173, -7.733, -13.067, 30.37, -0.10538, 0.47366, 0.03494, 0.87363,
 11:05:43.839,f6:90:cc:01:6d:25, 2015-01-01 00:18:41.775, 0.987, -0.049, 0.029, 0, 0.122, 0, -53.536, -86.418, -102.316, -28.727, -6.747, 3.293, 29.27, 0.17224, -0.68118, -0.13211, -0.69913,
 11:05:43.839,f6:90:cc:01:6d:25, 2015-01-01 00:18:41.775, 0.985, -0.052, 0.033, 0.061, 0.061, 0, -53.558, -86.424, -102.332, -28.727, -6.747, 3.293, 29.27, 0.17224, -0.68118, -0.13211, -0.69913,
 11:05:43.841,ed:40:fe:65:30:6c, 2015-01-01 00:18:39.095, 0.89, 0.049, 0.469, 0.305, 0.183, 0.061, 5.043, -62.144, -113.774, -26.673, -7.073, 5.347, 25.17, 0.48581, -0.4119, -0.31329, -0.70432,
 11:05:43.841,ed:40:fe:65:30:6c, 2015-01-01 00:18:39.095, 0.888, 0.042, 0.471, 0, 0.244, 0.549, 5.021, -62.139, -113.747, -26.673, -7.073, 5.347, 25.17, 0.48581, -0.4119, -0.31329, -0.70432,
 11:05:43.843,e3:ca:2d:fd:e0:8c, 2015-01-01 00:18:39.515, 1.016, -0.121, -0.046, 0, -0.061, 0, -110.923, -82.689, -104.057, -24.920, -4.940, -4.173, 23.53, -0.1673, -0.6756, 0.25726, -0.67026,
 11:05:43.843,e3:ca:2d:fd:e0:8c, 2015-01-01 00:18:39.515, 1.015, -0.121, -0.046, -0.061, 0, 0, -110.918, -82.689, -104.057, -24.920, -4.940, -4.173, 23.53, -0.1673, -0.6756, 0.25726, -0.67026,
 11:05:43.888,e3:ca:2d:fd:e0:8c, 2015-01-01 00:18:39.515, 1.013, -0.122, -0.046, 0, 0, 0, -110.912, -82.689, -104.057, -24.920, -4.940, -4.173, 23.53, -0.1673, -0.6756, 0.25726, -0.67026,
 11:05:43.888,e3:ca:2d:fd:e0:8c, 2015-01-01 00:18:39.515, 1.011, -0.121, -0.046, 0.061, -0.122, 0, -110.918, -82.689, -104.046, -24.920, -4.940, -4.173, 23.53, -0.1673, -0.6756, 0.25726, -0.67026,
 11:05:43.906,ed:35:33:d3:6c:f8, 2015-01-01 00:18:42.465, 0.829, -0.04, 0.547, -0.122, 0.061, 0.244, -4.054, -56.58, -164.097, -23.173, -7.733, -13.067, 30.37, -0.10538, 0.47366, 0.03494, 0.87363,
 11:05:43.906,ed:35:33:d3:6c:f8, 2015-01-01 00:18:42.465, 0.826, -0.039, 0.546, 0, 0, 0.122, -4.059, -56.58, -164.097, -23.173, -7.733, -13.067, 30.37, -0.10538, 0.47366, 0.03494, 0.87363,
 11:05:43.908,f6:90:cc:01:6d:25, 2015-01-01 00:18:41.775, 0.982, -0.05, 0.034, 0.183, 0, 0, -53.597, -86.424, -102.332, -28.727, -6.747, 3.293, 29.27, 0.16776, -0.68201, -0.12756, -0.70023,
 11:05:43.908,f6:90:cc:01:6d:25, 2015-01-01 00:18:41.775, 0.981, -0.052, 0.031, 0.122, -0.061, 0, -53.646, -86.424, -102.316, -28.727, -6.747, 3.293, 29.27, 0.16776, -0.68201, -0.12756, -0.70023,
 11:05:43.908,ed:40:fe:65:30:6c, 2015-01-01 00:18:39.095, 0.885, 0.042, 0.469, -0.061, 0.122, 0.427, 5.01, -62.139, -113.73, -26.673, -7.073, 5.347, 25.17, 0.48581, -0.4119, -0.31329, -0.70432,
 11:05:43.908,ed:40:fe:65:30:6c, 2015-01-01 00:18:39.095, 0.883, 0.042, 0.47, 0.061, 0, 0.244, 5.004, -62.139, -113.719, -26.673, -7.073, 5.347, 25.17, 0.48581, -0.4119, -0.31329, -0.70432,
 11:05:43.910,e3:ca:2d:fd:e0:8c, 2015-01-01 00:18:39.515, 1.012, -0.121, -0.045, 0, -0.122, 0, -110.934, -82.689, -104.03, -24.920, -4.940, -4.173, 23.53, -0.1673, -0.6756, 0.25726, -0.67026,
 11:05:43.910,e3:ca:2d:fd:e0:8c, 2015-01-01 00:18:39.515, 1.01, -0.122, -0.046, -0.061, -0.183, 0, -110.956, -82.683, -104.002, -24.920, -4.940, -4.173, 23.53, -0.1673, -0.6756, 0.25726, -0.67026,
 11:05:43.929,ed:35:33:d3:6c:f8, 2015-01-01 00:18:42.465, 0.827, -0.041, 0.544, 0, 0, 0.244, -4.065, -56.58, -164.097, -23.367, -7.507, -13.193, 30.37, -0.10538, 0.47366, 0.03494, 0.87363,
 11:05:43.929,ed:35:33:d3:6c:f8, 2015-01-01 00:18:42.465, 0.828, -0.042, 0.544, 0.183, 0, 0.183, -4.065, -56.58, -164.097, -23.367, -7.507, -13.193, 30.37, -0.10538, 0.47366, 0.03494, 0.87363,
 11:05:43.930,f6:90:cc:01:6d:25, 2015-01-01 00:18:42.155, 0.982, -0.051, 0.032, 0.061, 0, 0, -53.696, -86.424, -102.305, -28.727, -6.747, 3.293, 29.27, 0.16776, -0.68201, -0.12756, -0.70023,
 11:05:43.930,f6:90:cc:01:6d:25, 2015-01-01 00:18:42.155, 0.983, -0.05, 0.031, 0, -0.061, 0, -53.751, -86.424, -102.294, -28.727, -6.747, 3.293, 29.27, 0.16776, -0.68201, -0.12756, -0.70023,
 11:05:43.933,ed:40:fe:65:30:6c, 2015-01-01 00:18:39.095, 0.884, 0.038, 0.468, 0, 0, 0.305, 4.993, -62.133, -113.708, -26.467, -7.687, 5.267, 25.17, 0.48581, -0.4119, -0.31329, -0.70432,
 11:05:43.933,ed:40:fe:65:30:6c, 2015-01-01 00:18:39.095, 0.884, 0.04, 0.467, 0.244, -0.061, 0.122, 4.999, -62.133, -113.703, -26.467, -7.687, 5.267, 25.17, 0.48581, -0.4119, -0.31329, -0.70432,
 11:05:43.955,e3:ca:2d:fd:e0:8c, 2015-01-01 00:18:39.515, 1.012, -0.122, -0.043, -0.061, -0.122, 0, -110.967, -82.683, -103.986, -24.920, -4.940, -4.173, 23.53, -0.1673, -0.6756, 0.25726, -0.67026,
 11:05:43.955,e3:ca:2d:fd:e0:8c, 2015-01-01 00:18:39.515, 1.014, -0.123, -0.043, -0.061, -0.122, 0, -110.978, -82.683, -103.969, -24.920, -4.940, -4.173, 23.53, -0.1673, -0.6756, 0.25726, -0.67026,
 11:05:43.975,f6:90:cc:01:6d:25, 2015-01-01 00:18:42.155, 0.985, -0.052, 0.033, -0.061, 0, 0, -53.8, -86.429, -102.283, -28.727, -6.747, 3.293, 29.27, 0.16776, -0.68201, -0.12756, -0.70023,
 11:05:43.975,f6:90:cc:01:6d:25, 2015-01-01 00:18:42.155, 0.987, -0.052, 0.035, -0.061, 0, 0, -53.839, -86.429, -102.277, -28.727, -6.747, 3.293, 29.27, 0.16776, -0.68201, -0.12756, -0.70023,
 11:05:43.975,ed:35:33:d3:6c:f8, 2015-01-01 00:18:42.465, 0.829, -0.041, 0.544, 0.427, 0, 0, -4.059, -56.58, -164.103, -23.367, -7.507, -13.193, 30.37, -0.10538, 0.47366, 0.03494, 0.87363,
 11:05:43.975,ed:35:33:d3:6c:f8, 2015-01-01 00:18:42.465, 0.832, -0.038, 0.546, 0.305, 0.061, -0.061, -4.054, -56.58, -164.108, -23.367, -7.507, -13.193, 30.37, -0.10538, 0.47366, 0.03494, 0.87363,
 11:05:43.976,ed:40:fe:65:30:6c, 2015-01-01 00:18:39.095, 0.886, 0.04, 0.468, 0.305, -0.061, 0, 5.004, -62.133, -113.703, -26.467, -7.687, 5.267, 25.17, 0.48581, -0.4119, -0.31329, -0.70432,
 11:05:43.976,ed:40:fe:65:30:6c, 2015-01-01 00:18:39.095, 0.888, 0.043, 0.47, 0.244, 0, -0.061, 5.01, -62.133, -113.703, -26.467, -7.687, 5.267, 25.17, 0.48581, -0.4119, -0.31329, -0.70432,
 11:05:43.997,f6:90:cc:01:6d:25, 2015-01-01 00:18:42.155, 0.987, -0.052, 0.033, -0.122, -0.122, 0, -53.904, -86.429, -102.25, -28.727, -6.747, 3.293, 29.27, 0.16776, -0.68201, -0.12756, -0.70023,
 11:05:43.997,f6:90:cc:01:6d:25, 2015-01-01 00:18:42.155, 0.986, -0.052, 0.031, -0.183, 0, 0, -53.959, -86.429, -102.239, -28.727, -6.747, 3.293, 29.27, 0.16776, -0.68201, -0.12756, -0.70023,
 11:05:43.997,ed:35:33:d3:6c:f8, 2015-01-01 00:18:42.465, 0.832, -0.035, 0.548, 0.244, 0.061, -0.061, -4.048, -56.574, -164.119, -23.367, -7.507, -13.193, 30.37, -0.10495, 0.47336, 0.03458, 0.87384,
 11:05:43.997,ed:35:33:d3:6c:f8, 2015-01-01 00:18:42.465, 0.832, -0.037, 0.545, 0, 0, 0.122, -4.048, -56.574, -164.125, -23.367, -7.507, -13.193, 30.37, -0.10495, 0.47336, 0.03458, 0.87384,
 11:05:43.998,ed:40:fe:65:30:6c, 2015-01-01 00:18:39.095, 0.889, 0.044, 0.471, 0.183, -0.061, 0, 5.015, -62.133, -113.703, -26.467, -7.687, 5.267, 25.17, 0.48679, -0.41113, -0.31326, -0.7041,
 11:05:43.998,ed:40:fe:65:30:6c, 2015-01-01 00:18:39.095, 0.889, 0.043, 0.468, 0.061, 0, 0.183, 5.015, -62.133, -113.698, -26.467, -7.687, 5.267, 25.17, 0.48679, -0.41113, -0.31326, -0.7041,
 11:05:44.000,e3:ca:2d:fd:e0:8c, 2015-01-01 00:18:39.515, 1.015, -0.123, -0.045, 0, -0.244, 0, -111.006, -82.683, -103.936, -24.920, -4.940, -4.173, 23.53, -0.1673, -0.6756, 0.25726, -0.67026,
 11:05:44.000,e3:ca:2d:fd:e0:8c, 2015-01-01 00:18:39.515, 1.014, -0.122, -0.043, 0, -0.122, 0, -111.011, -82.683, -103.92, -24.920, -4.940, -4.173, 23.53, -0.1673, -0.6756, 0.25726, -0.67026,
 11:05:44.041,ed:35:33:d3:6c:f8, 2015-01-01 00:18:42.465, 0.831, -0.039, 0.546, -0.061, 0, 0.122, -4.048, -56.574, -164.125, -23.367, -7.507, -13.193, 30.37, -0.10495, 0.47336, 0.03458, 0.87384,
 11:05:44.041,ed:35:33:d3:6c:f8, 2015-01-01 00:18:42.465, 0.831, -0.035, 0.545, 0.061, 0, 0.122, -4.054, -56.574, -164.125, -23.367, -7.507, -13.193, 30.37, -0.10495, 0.47336, 0.03458, 0.87384,
 11:05:44.044,ed:40:fe:65:30:6c, 2015-01-01 00:18:39.095, 0.888, 0.042, 0.469, 0, 0.061, 0.122, 5.01, -62.128, -113.692, -26.467, -7.687, 5.267, 25.17, 0.48679, -0.41113, -0.31326, -0.7041,
 11:05:44.044,ed:40:fe:65:30:6c, 2015-01-01 00:18:39.095, 0.887, 0.045, 0.468, 0.122, 0, 0.183, 5.01, -62.128, -113.681, -26.467, -7.687, 5.267, 25.17, 0.48679, -0.41113, -0.31326, -0.7041,
 11:05:44.046,e3:ca:2d:fd:e0:8c, 2015-01-01 00:18:39.515, 1.013, -0.122, -0.044, 0, 0, 0, -111, -82.683, -103.92, -25.200, -4.833, -4.213, 23.53, -0.1673, -0.6756, 0.25726, -0.67026,
 11:05:44.046,e3:ca:2d:fd:e0:8c, 2015-01-01 00:18:39.515, 1.013, -0.121, -0.044, 0.122, 0, 0, -110.989, -82.683, -103.92, -25.200, -4.833, -4.213, 23.53, -0.1673, -0.6756, 0.25726, -0.67026,
 11:05:44.087,ed:35:33:d3:6c:f8, 2015-01-01 00:18:42.820, 0.83, -0.039, 0.545, -0.244, 0.061, 0.305, -4.065, -56.574, -164.125, -23.367, -7.507, -13.193, 30.37, -0.10495, 0.47336, 0.03458, 0.87384,
 11:05:44.087,ed:35:33:d3:6c:f8, 2015-01-01 00:18:42.820, 0.831, -0.042, 0.545, -0.122, 0, 0.122, -4.07, -56.574, -164.125, -23.367, -7.507, -13.193, 30.37, -0.10495, 0.47336, 0.03458, 0.87384,
 11:05:44.087,f6:90:cc:01:6d:25, 2015-01-01 00:18:42.155, 0.985, -0.05, 0.033, 0, 0.061, 0, -53.987, -86.429, -102.244, -28.727, -6.747, 3.293, 29.27, 0.16776, -0.68201, -0.12756, -0.70023,
 11:05:44.087,f6:90:cc:01:6d:25, 2015-01-01 00:18:42.155, 0.984, -0.05, 0.031, 0, 0.244, 0, -53.981, -86.429, -102.294, -28.727, -6.747, 3.293, 29.27, 0.16776, -0.68201, -0.12756, -0.70023,
 11:05:44.109,ed:35:33:d3:6c:f8, 2015-01-01 00:18:42.820, 0.83, -0.04, 0.546, -0.061, 0.061, 0, -4.07, -56.574, -164.13, -23.367, -7.507, -13.193, 30.37, -0.10495, 0.47336, 0.03458, 0.87384,
 11:05:44.109,ed:35:33:d3:6c:f8, 2015-01-01 00:18:42.820, 0.829, -0.037, 0.546, 0, 0, 0, -4.07, -56.574, -164.136, -23.367, -7.507, -13.193, 30.37, -0.10495, 0.47336, 0.03458, 0.87384,
 11:05:44.110,f6:90:cc:01:6d:25, 2015-01-01 00:18:42.155, 0.985, -0.052, 0.031, -0.061, 0.305, 0, -53.948, -86.424, -102.365, -28.727, -6.747, 3.293, 29.27, 0.16776, -0.68201, -0.12756, -0.70023,
 11:05:44.110,f6:90:cc:01:6d:25, 2015-01-01 00:18:42.155, 0.985, -0.05, 0.03, 0, 0.183, 0, -53.943, -86.424, -102.415, -28.727, -6.747, 3.293, 29.27, 0.16776, -0.68201, -0.12756, -0.70023,
 11:05:44.112,ed:40:fe:65:30:6c, 2015-01-01 00:18:39.455, 0.887, 0.041, 0.468, 0, 0, 0.366, 4.999, -62.128, -113.665, -26.467, -7.687, 5.267, 25.17, 0.48679, -0.41113, -0.31326, -0.7041,
 11:05:44.112,ed:40:fe:65:30:6c, 2015-01-01 00:18:39.455, 0.888, 0.04, 0.467, 0, 0, 0.183, 4.993, -62.128, -113.659, -26.467, -7.687, 5.267, 25.17, 0.48679, -0.41113, -0.31326, -0.7041,
 11:05:44.113,e3:ca:2d:fd:e0:8c, 2015-01-01 00:18:39.515, 1.013, -0.121, -0.045, 0, 0, 0, -110.978, -82.683, -103.92, -25.200, -4.833, -4.213, 23.53, -0.1666, -0.67593, 0.25665, -0.67038,
 11:05:44.113,e3:ca:2d:fd:e0:8c, 2015-01-01 00:18:39.515, 1.013, -0.122, -0.047, -0.122, -0.061, 0, -110.984, -82.683, -103.914, -25.200, -4.833, -4.213, 23.53, -0.1666, -0.67593, 0.25665, -0.67038,
 11:05:44.113,e3:ca:2d:fd:e0:8c, 2015-01-01 00:18:39.515, 1.015, -0.122, -0.047, -0.122, 0, 0, -110.978, -82.683, -103.914, -25.200, -4.833, -4.213, 23.53, -0.1666, -0.67593, 0.25665, -0.67038,
 11:05:44.113,e3:ca:2d:fd:e0:8c, 2015-01-01 00:18:39.515, 1.014, -0.121, -0.046, -0.061, 0, 0, -110.978, -82.683, -103.914, -25.200, -4.833, -4.213, 23.53, -0.1666, -0.67593, 0.25665, -0.67038,
 11:05:44.134,ed:40:fe:65:30:6c, 2015-01-01 00:18:39.455, 0.886, 0.042, 0.468, 0, -0.061, 0, 4.993, -62.128, -113.659, -26.467, -7.687, 5.267, 25.17, 0.48679, -0.41113, -0.31326, -0.7041,
 11:05:44.134,ed:40:fe:65:30:6c, 2015-01-01 00:18:39.455, 0.886, 0.043, 0.468, 0, -0.122, 0, 4.993, -62.133, -113.659, -26.467, -7.687, 5.267, 25.17, 0.48679, -0.41113, -0.31326, -0.7041,
 11:05:44.153,ed:35:33:d3:6c:f8, 2015-01-01 00:18:42.820, 0.83, -0.037, 0.545, 0, -0.061, 0, -4.07, -56.574, -164.141, -23.367, -7.507, -13.193, 30.37, -0.10495, 0.47336, 0.03458, 0.87384,
 11:05:44.153,ed:35:33:d3:6c:f8, 2015-01-01 00:18:42.820, 0.831, -0.037, 0.545, 0, 0, 0.183, -4.076, -56.574, -164.141, -23.367, -7.507, -13.193, 30.37, -0.10495, 0.47336, 0.03458, 0.87384,
 11:05:44.156,ed:40:fe:65:30:6c, 2015-01-01 00:18:39.455, 0.887, 0.043, 0.468, 0.061, -0.122, 0.061, 4.999, -62.133, -113.659, -26.467, -7.687, 5.267, 25.17, 0.48679, -0.41113, -0.31326, -0.7041,
 11:05:44.156,ed:40:fe:65:30:6c, 2015-01-01 00:18:39.455, 0.888, 0.043, 0.468, 0, -0.122, 0.183, 4.993, -62.133, -113.648, -26.467, -7.687, 5.267, 25.17, 0.48679, -0.41113, -0.31326, -0.7041,
 11:05:44.157,e3:ca:2d:fd:e0:8c, 2015-01-01 00:18:39.805, 1.013, -0.121, -0.047, 0, -0.122, 0, -110.995, -82.683, -103.898, -25.200, -4.833, -4.213, 23.53, -0.1666, -0.67593, 0.25665, -0.67038,
 11:05:44.157,e3:ca:2d:fd:e0:8c, 2015-01-01 00:18:39.805, 1.014, -0.122, -0.046, 0, -0.122, 0, -111.006, -82.678, -103.881, -25.200, -4.833, -4.213, 23.53, -0.1666, -0.67593, 0.25665, -0.67038,
 11:05:44.177,f6:90:cc:01:6d:25, 2015-01-01 00:18:42.155, 0.984, -0.049, 0.031, -0.122, 0.122, 0, -53.959, -86.424, -102.442, -28.727, -6.747, 3.293, 29.27, 0.16776, -0.68201, -0.12756, -0.70023,
 11:05:44.177,f6:90:cc:01:6d:25, 2015-01-01 00:18:42.155, 0.984, -0.05, 0.032, -0.122, 0.122, 0, -53.981, -86.424, -102.469, -28.727, -6.747, 3.293, 29.27, 0.16776, -0.68201, -0.12756, -0.70023,
 11:05:44.198,ed:35:33:d3:6c:f8, 2015-01-01 00:18:42.820, 0.831, -0.038, 0.545, -0.061, -0.061, 0.122, -4.081, -56.58, -164.141, -23.367, -7.507, -13.193, 30.37, -0.10495, 0.47336, 0.03458, 0.87384,
 11:05:44.198,ed:35:33:d3:6c:f8, 2015-01-01 00:18:42.820, 0.831, -0.038, 0.546, -0.122, 0, 0.122, -4.087, -56.58, -164.141, -23.367, -7.507, -13.193, 30.37, -0.10495, 0.47336, 0.03458, 0.87384,
 11:05:44.200,ed:40:fe:65:30:6c, 2015-01-01 00:18:39.455, 0.888, 0.043, 0.468, 0.061, -0.061, 0.183, 4.988, -62.133, -113.643, -26.467, -7.687, 5.267, 25.17, 0.48679, -0.41113, -0.31326, -0.7041,
 11:05:44.200,ed:40:fe:65:30:6c, 2015-01-01 00:18:39.455, 0.888, 0.043, 0.469, 0, -0.061, 0.183, 4.988, -62.133, -113.637, -26.467, -7.687, 5.267, 25.17, 0.48679, -0.41113, -0.31326, -0.7041,
 11:05:44.202,e3:ca:2d:fd:e0:8c, 2015-01-01 00:18:39.805, 1.013, -0.121, -0.044, 0, -0.061, 0, -111.011, -82.678, -103.87, -25.200, -4.833, -4.213, 23.53, -0.1666, -0.67593, 0.25665, -0.67038,
 11:05:44.202,e3:ca:2d:fd:e0:8c, 2015-01-01 00:18:39.805, 1.014, -0.121, -0.044, 0, 0, 0, -111.006, -82.678, -103.87, -25.200, -4.833, -4.213, 23.53, -0.1666, -0.67593, 0.25665, -0.67038,
 11:05:44.223,f6:90:cc:01:6d:25, 2015-01-01 00:18:42.155, 0.984, -0.052, 0.031, 0, 0, 0, -54.025, -86.424, -102.469, -29.087, -6.593, 2.893, 29.27, 0.16776, -0.68201, -0.12756, -0.70023,
 11:05:44.223,f6:90:cc:01:6d:25, 2015-01-01 00:18:42.155, 0.986, -0.051, 0.032, 0, -0.061, 0, -54.086, -86.424, -102.448, -29.087, -6.593, 2.893, 29.27, 0.16776, -0.68201, -0.12756, -0.70023,
 11:05:44.244,ed:35:33:d3:6c:f8, 2015-01-01 00:18:42.820, 0.83, -0.038, 0.545, -0.122, 0, 0.183, -4.092, -56.58, -164.141, -23.367, -7.507, -13.193, 30.37, -0.10495, 0.47336, 0.03458, 0.87384,
 11:05:44.244,ed:35:33:d3:6c:f8, 2015-01-01 00:18:42.820, 0.831, -0.039, 0.546, -0.122, 0.061, 0.244, -4.098, -56.58, -164.141, -23.367, -7.507, -13.193, 30.37, -0.10495, 0.47336, 0.03458, 0.87384,
 11:05:44.244,f6:90:cc:01:6d:25, 2015-01-01 00:18:42.155, 0.985, -0.049, 0.032, 0.122, 0.061, 0, -54.113, -86.424, -102.464, -29.087, -6.593, 2.893, 29.27, 0.16776, -0.68201, -0.12756, -0.70023,
 11:05:44.244,f6:90:cc:01:6d:25, 2015-01-01 00:18:42.155, 0.985, -0.05, 0.033, 0, 0.122, 0, -54.124, -86.424, -102.491, -29.087, -6.593, 2.893, 29.27, 0.16776, -0.68201, -0.12756, -0.70023,
 11:05:44.247,e3:ca:2d:fd:e0:8c, 2015-01-01 00:18:39.805, 1.013, -0.122, -0.044, 0, 0, 0, -111, -82.683, -103.876, -25.200, -4.833, -4.213, 23.53, -0.1666, -0.67593, 0.25665, -0.67038,
 11:05:44.247,e3:ca:2d:fd:e0:8c, 2015-01-01 00:18:39.805, 1.012, -0.121, -0.044, 0.061, 0, 0, -110.995, -82.683, -103.876, -25.200, -4.833, -4.213, 23.53, -0.1666, -0.67593, 0.25665, -0.67038,
 11:05:44.268,ed:35:33:d3:6c:f8, 2015-01-01 00:18:42.820, 0.829, -0.039, 0.545, 0, 0, 0.244, -4.103, -56.58, -164.136, -23.320, -7.287, -10.547, 30.37, -0.10495, 0.47336, 0.03458, 0.87384,
 11:05:44.268,ed:35:33:d3:6c:f8, 2015-01-01 00:18:42.820, 0.831, -0.038, 0.545, 0, 0.061, 0.122, -4.109, -56.58, -164.136, -23.320, -7.287, -10.547, 30.37, -0.10495, 0.47336, 0.03458, 0.87384,
 11:05:44.269,ed:40:fe:65:30:6c, 2015-01-01 00:18:39.455, 0.888, 0.042, 0.468, 0, -0.061, 0.183, 4.982, -62.139, -113.626, -26.467, -7.687, 5.267, 25.17, 0.48679, -0.41113, -0.31326, -0.7041,
 11:05:44.269,ed:40:fe:65:30:6c, 2015-01-01 00:18:39.455, 0.888, 0.042, 0.469, -0.061, 0, 0.183, 4.977, -62.133, -113.621, -26.467, -7.687, 5.267, 25.17, 0.48679, -0.41113, -0.31326, -0.7041,
 11:05:44.271,e3:ca:2d:fd:e0:8c, 2015-01-01 00:18:39.805, 1.013, -0.121, -0.044, 0, 0, 0, -110.984, -82.683, -103.876, -25.200, -4.833, -4.213, 23.53, -0.1666, -0.67593, 0.25665, -0.67038,
 11:05:44.271,e3:ca:2d:fd:e0:8c, 2015-01-01 00:18:39.805, 1.013, -0.122, -0.046, 0, -0.061, 0, -110.984, -82.683, -103.865, -25.200, -4.833, -4.213, 23.53, -0.1666, -0.67593, 0.25665, -0.67038,
 11:05:44.290,f6:90:cc:01:6d:25, 2015-01-01 00:18:42.155, 0.985, -0.052, 0.033, 0, 0.122, 0, -54.13, -86.424, -102.519, -29.087, -6.593, 2.893, 29.27, 0.16776, -0.68201, -0.12756, -0.70023,
 11:05:44.290,f6:90:cc:01:6d:25, 2015-01-01 00:18:42.155, 0.984, -0.05, 0.032, 0.061, 0.183, 0, -54.124, -86.424, -102.563, -29.087, -6.593, 2.893, 29.27, 0.16776, -0.68201, -0.12756, -0.70023,
 11:05:44.292,ed:40:fe:65:30:6c, 2015-01-01 00:18:39.455, 0.886, 0.042, 0.469, 0, 0, 0.122, 4.977, -62.133, -113.615, -27.120, -7.760, 4.913, 25.17, 0.48679, -0.41113, -0.31326, -0.7041,
 11:05:44.292,ed:40:fe:65:30:6c, 2015-01-01 00:18:39.455, 0.886, 0.042, 0.467, 0.061, 0.061, 0.122, 4.977, -62.133, -113.61, -27.120, -7.760, 4.913, 25.17, 0.48679, -0.41113, -0.31326, -0.7041,
 11:05:44.313,f6:90:cc:01:6d:25, 2015-01-01 00:18:42.155, 0.984, -0.05, 0.034, 0.061, 0.244, 0, -54.097, -86.424, -102.623, -29.087, -6.593, 2.893, 29.27, 0.16296, -0.68311, -0.12277, -0.70117,
 11:05:44.313,f6:90:cc:01:6d:25, 2015-01-01 00:18:42.155, 0.983, -0.051, 0.031, 0, 0.122, 0, -54.102, -86.424, -102.651, -29.087, -6.593, 2.893, 29.27, 0.16296, -0.68311, -0.12277, -0.70117,
 11:05:44.315,e3:ca:2d:fd:e0:8c, 2015-01-01 00:18:39.805, 1.012, -0.123, -0.046, 0.061, 0, 0, -110.978, -82.683, -103.865, -25.200, -4.833, -4.213, 23.53, -0.1666, -0.67593, 0.25665, -0.67038,
 11:05:44.315,e3:ca:2d:fd:e0:8c, 2015-01-01 00:18:39.805, 1.014, -0.122, -0.045, 0, 0, 0, -110.973, -82.683, -103.87, -25.200, -4.833, -4.213, 23.53, -0.1666, -0.67593, 0.25665, -0.67038,
 11:05:44.334,ed:35:33:d3:6c:f8, 2015-01-01 00:18:42.820, 0.829, -0.038, 0.543, 0.061, 0.061, 0.183, -4.114, -56.574, -164.136, -23.320, -7.287, -10.547, 30.37, -0.10495, 0.47336, 0.03458, 0.87384,
 11:05:44.334,ed:35:33:d3:6c:f8, 2015-01-01 00:18:42.820, 0.832, -0.037, 0.545, 0, 0.061, 0.183, -4.114, -56.574, -164.136, -23.320, -7.287, -10.547, 30.37, -0.10495, 0.47336, 0.03458, 0.87384,
 11:05:44.336,ed:40:fe:65:30:6c, 2015-01-01 00:18:39.455, 0.889, 0.043, 0.468, 0, 0.122, 0.183, 4.971, -62.133, -113.604, -27.120, -7.760, 4.913, 25.17, 0.48679, -0.41113, -0.31326, -0.7041,
 11:05:44.336,ed:40:fe:65:30:6c, 2015-01-01 00:18:39.455, 0.887, 0.044, 0.47, 0.183, 0.244, 0.183, 4.971, -62.128, -113.593, -27.120, -7.760, 4.913, 25.17, 0.48679, -0.41113, -0.31326, -0.7041,
 11:05:44.357,ed:35:33:d3:6c:f8, 2015-01-01 00:18:42.820, 0.831, -0.037, 0.546, 0, 0.305, 0.183, -4.12, -56.569, -164.13, -23.320, -7.287, -10.547, 30.37, -0.10455, 0.47342, 0.03403, 0.87387,
 11:05:44.357,ed:35:33:d3:6c:f8, 2015-01-01 00:18:42.820, 0.829, -0.042, 0.545, 0, 0.305, 0.366, -4.125, -56.563, -164.125, -23.320, -7.287, -10.547, 30.37, -0.10455, 0.47342, 0.03403, 0.87387,
 11:05:44.357,f6:90:cc:01:6d:25, 2015-01-01 00:18:42.155, 0.984, -0.052, 0.03, -0.061, 0.122, 0, -54.113, -86.424, -102.678, -29.087, -6.593, 2.893, 29.27, 0.16296, -0.68311, -0.12277, -0.70117,
 11:05:44.357,f6:90:cc:01:6d:25, 2015-01-01 00:18:42.155, 0.987, -0.049, 0.032, -0.061, 0, 0, -54.157, -86.424, -102.678, -29.087, -6.593, 2.893, 29.27, 0.16296, -0.68311, -0.12277, -0.70117,
 11:05:44.359,ed:40:fe:65:30:6c, 2015-01-01 00:18:39.455, 0.886, 0.039, 0.468, 0.061, 0.305, 0.305, 4.966, -62.122, -113.582, -27.120, -7.760, 4.913, 25.17, 0.4873, -0.41098, -0.31335, -0.70377,
 11:05:44.359,ed:40:fe:65:30:6c, 2015-01-01 00:18:39.455, 0.889, 0.041, 0.469, -0.061, 0.305, 0.061, 4.96, -62.117, -113.571, -27.120, -7.760, 4.913, 25.17, 0.4873, -0.41098, -0.31335, -0.70377,
 11:05:44.361,e3:ca:2d:fd:e0:8c, 2015-01-01 00:18:39.805, 1.014, -0.12, -0.044, -0.061, -0.061, 0, -110.978, -82.683, -103.859, -25.260, -4.793, -4.327, 23.53, -0.1666, -0.67593, 0.25665, -0.67038,
 11:05:44.361,e3:ca:2d:fd:e0:8c, 2015-01-01 00:18:39.805, 1.012, -0.122, -0.044, -0.061, -0.061, 0, -110.978, -82.683, -103.854, -25.260, -4.793, -4.327, 23.53, -0.1666, -0.67593, 0.25665, -0.67038,
 11:05:44.380,f6:90:cc:01:6d:25, 2015-01-01 00:18:42.600, 0.984, -0.049, 0.032, -0.122, 0.183, 0, -54.152, -86.424, -102.722, -29.087, -6.593, 2.893, 29.27, 0.16296, -0.68311, -0.12277, -0.70117,
 11:05:44.380,f6:90:cc:01:6d:25, 2015-01-01 00:18:42.600, 0.983, -0.053, 0.032, -0.061, 0.244, 0, -54.13, -86.418, -102.783, -29.087, -6.593, 2.893, 29.27, 0.16296, -0.68311, -0.12277, -0.70117,
 11:05:44.401,ed:35:33:d3:6c:f8, 2015-01-01 00:18:42.820, 0.832, -0.042, 0.546, 0, 0.305, 0.061, -4.131, -56.558, -164.125, -23.320, -7.287, -10.547, 30.37, -0.10455, 0.47342, 0.03403, 0.87387,
 11:05:44.401,ed:35:33:d3:6c:f8, 2015-01-01 00:18:42.820, 0.833, -0.032, 0.547, 0.427, 0.061, -0.122, -4.12, -56.558, -164.136, -23.320, -7.287, -10.547, 30.37, -0.10455, 0.47342, 0.03403, 0.87387,
 11:05:44.402,f6:90:cc:01:6d:25, 2015-01-01 00:18:42.600, 0.988, -0.05, 0.033, 0, 0.183, 0, -54.124, -86.418, -102.827, -29.087, -6.593, 2.893, 29.27, 0.16296, -0.68311, -0.12277, -0.70117,
 11:05:44.402,f6:90:cc:01:6d:25, 2015-01-01 00:18:42.600, 0.987, -0.047, 0.029, -0.122, 0.122, 0, -54.135, -86.418, -102.854, -29.087, -6.593, 2.893, 29.27, 0.16296, -0.68311, -0.12277, -0.70117,
 11:05:44.404,ed:40:fe:65:30:6c, 2015-01-01 00:18:39.455, 0.891, 0.048, 0.469, 0.061, 0.183, -0.061, 4.96, -62.111, -113.571, -27.120, -7.760, 4.913, 25.17, 0.4873, -0.41098, -0.31335, -0.70377,
 11:05:44.404,ed:40:fe:65:30:6c, 2015-01-01 00:18:39.455, 0.889, 0.046, 0.469, 0.244, 0.122, 0.244, 4.96, -62.106, -113.571, -27.120, -7.760, 4.913, 25.17, 0.4873, -0.41098, -0.31335, -0.70377,
 11:05:44.405,e3:ca:2d:fd:e0:8c, 2015-01-01 00:18:39.805, 1.013, -0.122, -0.045, 0.061, -0.061, 0, -110.978, -82.683, -103.843, -25.260, -4.793, -4.327, 23.53, -0.16617, -0.67609, 0.2562, -0.67047,
 11:05:44.405,e3:ca:2d:fd:e0:8c, 2015-01-01 00:18:39.805, 1.015, -0.122, -0.045, 0, -0.061, 0, -110.984, -82.683, -103.837, -25.260, -4.793, -4.327, 23.53, -0.16617, -0.67609, 0.2562, -0.67047,
 11:05:44.447,ed:35:33:d3:6c:f8, 2015-01-01 00:18:43.175, 0.832, -0.033, 0.547, 0.122, 0.122, 0.183, -4.114, -56.558, -164.136, -23.320, -7.287, -10.547, 30.37, -0.10455, 0.47342, 0.03403, 0.87387,
 11:05:44.447,ed:35:33:d3:6c:f8, 2015-01-01 00:18:43.175, 0.829, -0.04, 0.546, -0.122, 0.183, 0.244, -4.12, -56.552, -164.136, -23.320, -7.287, -10.547, 30.37, -0.10455, 0.47342, 0.03403, 0.87387,
 11:05:44.447,f6:90:cc:01:6d:25, 2015-01-01 00:18:42.600, 0.986, -0.051, 0.03, 0, 0.183, 0, -54.135, -86.418, -102.898, -29.087, -6.593, 2.893, 29.27, 0.16296, -0.68311, -0.12277, -0.70117,
 11:05:44.447,f6:90:cc:01:6d:25, 2015-01-01 00:18:42.600, 0.982, -0.052, 0.031, 0, 0.061, 0, -54.163, -86.418, -102.914, -29.087, -6.593, 2.893, 29.27, 0.16296, -0.68311, -0.12277, -0.70117,
 11:05:44.449,ed:40:fe:65:30:6c, 2015-01-01 00:18:39.810, 0.886, 0.042, 0.469, -0.061, 0.122, 0.427, 4.96, -62.106, -113.555, -27.120, -7.760, 4.913, 25.17, 0.4873, -0.41098, -0.31335, -0.70377,
 11:05:44.449,ed:40:fe:65:30:6c, 2015-01-01 00:18:39.810, 0.884, 0.041, 0.47, 0, 0.061, 0.244, 4.949, -62.1, -113.538, -27.120, -7.760, 4.913, 25.17, 0.4873, -0.41098, -0.31335, -0.70377,
 11:05:44.450,e3:ca:2d:fd:e0:8c, 2015-01-01 00:18:40.120, 1.017, -0.12, -0.046, -0.122, 0.122, 0, -110.962, -82.683, -103.854, -25.260, -4.793, -4.327, 23.53, -0.16617, -0.67609, 0.2562, -0.67047,
 11:05:44.450,e3:ca:2d:fd:e0:8c, 2015-01-01 00:18:40.120, 1.015, -0.122, -0.047, -0.183, 0.061, 0, -110.951, -82.683, -103.865, -25.260, -4.793, -4.327, 23.53, -0.16617, -0.67609, 0.2562, -0.67047,
 11:05:44.469,ed:35:33:d3:6c:f8, 2015-01-01 00:18:43.175, 0.826, -0.04, 0.546, -0.061, 0.183, 0.183, -4.125, -56.552, -164.13, -23.320, -7.287, -10.547, 30.37, -0.10455, 0.47342, 0.03403, 0.87387,
 11:05:44.469,ed:35:33:d3:6c:f8, 2015-01-01 00:18:43.175, 0.826, -0.041, 0.546, -0.305, 0.183, 0.305, -4.136, -56.547, -164.125, -23.320, -7.287, -10.547, 30.37, -0.10455, 0.47342, 0.03403, 0.87387,
 11:05:44.473,e3:ca:2d:fd:e0:8c, 2015-01-01 00:18:40.120, 1.011, -0.122, -0.046, 0.061, 0, 0, -110.945, -82.683, -103.865, -25.260, -4.793, -4.327, 23.53, -0.16617, -0.67609, 0.2562, -0.67047,
 11:05:44.473,e3:ca:2d:fd:e0:8c, 2015-01-01 00:18:40.120, 1.011, -0.121, -0.045, 0.122, 0, 0, -110.94, -82.683, -103.865, -25.260, -4.793, -4.327, 23.53, -0.16617, -0.67609, 0.2562, -0.67047,
 11:05:44.492,f6:90:cc:01:6d:25, 2015-01-01 00:18:42.600, 0.982, -0.051, 0.032, 0.183, 0.061, 0, -54.201, -86.418, -102.914, -29.087, -6.593, 2.893, 29.27, 0.16296, -0.68311, -0.12277, -0.70117,
 11:05:44.492,f6:90:cc:01:6d:25, 2015-01-01 00:18:42.600, 0.981, -0.051, 0.031, 0.122, 0.122, 0, -54.223, -86.418, -102.931, -29.087, -6.593, 2.893, 29.27, 0.16296, -0.68311, -0.12277, -0.70117,
 11:05:44.493,ed:40:fe:65:30:6c, 2015-01-01 00:18:39.810, 0.883, 0.04, 0.47, -0.122, 0.061, 0.305, 4.938, -62.1, -113.527, -27.120, -7.760, 4.913, 25.17, 0.4873, -0.41098, -0.31335, -0.70377,
 11:05:44.493,ed:40:fe:65:30:6c, 2015-01-01 00:18:39.810, 0.884, 0.039, 0.468, 0, 0, 0.244, 4.927, -62.1, -113.516, -27.120, -7.760, 4.913, 25.17, 0.4873, -0.41098, -0.31335, -0.70377,
 11:05:44.514,ed:35:33:d3:6c:f8, 2015-01-01 00:18:43.175, 0.826, -0.043, 0.545, 0, 0, 0.305, -4.147, -56.547, -164.119, -23.320, -7.287, -10.547, 30.37, -0.10455, 0.47342, 0.03403, 0.87387,
 11:05:44.514,ed:35:33:d3:6c:f8, 2015-01-01 00:18:43.175, 0.828, -0.043, 0.545, 0.122, 0, 0.183, -4.153, -56.547, -164.119, -23.320, -7.287, -10.547, 30.37, -0.10455, 0.47342, 0.03403, 0.87387,
 11:05:44.518,e3:ca:2d:fd:e0:8c, 2015-01-01 00:18:40.120, 1.011, -0.121, -0.045, 0, -0.061, 0, -110.945, -82.683, -103.859, -25.260, -4.793, -4.327, 23.53, -0.16617, -0.67609, 0.2562, -0.67047,
 11:05:44.518,e3:ca:2d:fd:e0:8c, 2015-01-01 00:18:40.120, 1.013, -0.123, -0.043, 0, -0.061, 0, -110.951, -82.683, -103.848, -25.260, -4.793, -4.327, 23.53, -0.16617, -0.67609, 0.2562, -0.67047,
 11:05:44.518,ed:40:fe:65:30:6c, 2015-01-01 00:18:39.810, 0.885, 0.039, 0.469, 0.122, 0, 0.061, 4.927, -62.1, -113.505, -27.120, -7.760, 4.913, 25.17, 0.4873, -0.41098, -0.31335, -0.70377,
 11:05:44.518,ed:40:fe:65:30:6c, 2015-01-01 00:18:39.810, 0.887, 0.041, 0.47, 0.244, -0.061, 0, 4.927, -62.1, -113.505, -27.120, -7.760, 4.913, 25.17, 0.4873, -0.41098, -0.31335, -0.70377,
 11:05:44.559,ed:35:33:d3:6c:f8, 2015-01-01 00:18:43.175, 0.83, -0.04, 0.547, 0.305, 0, 0, -4.147, -56.547, -164.119, -23.320, -7.287, -10.547, 30.37, -0.10455, 0.47342, 0.03403, 0.87387,
 11:05:44.559,ed:35:33:d3:6c:f8, 2015-01-01 00:18:43.175, 0.83, -0.038, 0.55, 0.305, 0.061, -0.061, -4.142, -56.547, -164.125, -23.320, -7.287, -10.547, 30.37, -0.10455, 0.47342, 0.03403, 0.87387,
 11:05:44.559,f6:90:cc:01:6d:25, 2015-01-01 00:18:42.600, 0.982, -0.052, 0.032, 0.061, 0.122, 0, -54.234, -86.418, -102.964, -29.087, -6.593, 2.893, 29.27, 0.16296, -0.68311, -0.12277, -0.70117,
 11:05:44.559,f6:90:cc:01:6d:25, 2015-01-01 00:18:42.600, 0.985, -0.053, 0.035, 0.061, 0.061, 0, -54.256, -86.418, -102.986, -29.087, -6.593, 2.893, 29.27, 0.16296, -0.68311, -0.12277, -0.70117,
 11:05:44.561,ed:40:fe:65:30:6c, 2015-01-01 00:18:39.810, 0.888, 0.043, 0.473, 0.183, -0.061, -0.061, 4.933, -62.1, -113.505, -27.120, -7.760, 4.913, 25.17, 0.4873, -0.41098, -0.31335, -0.70377,
 11:05:44.561,ed:40:fe:65:30:6c, 2015-01-01 00:18:39.810, 0.888, 0.042, 0.47, 0.122, -0.061, 0, 4.938, -62.1, -113.511, -27.120, -7.760, 4.913, 25.17, 0.4873, -0.41098, -0.31335, -0.70377,
 11:05:44.563,e3:ca:2d:fd:e0:8c, 2015-01-01 00:18:40.120, 1.015, -0.122, -0.044, 0, -0.183, 0, -110.956, -82.683, -103.837, -25.260, -4.793, -4.327, 23.53, -0.16617, -0.67609, 0.2562, -0.67047,
 11:05:44.563,e3:ca:2d:fd:e0:8c, 2015-01-01 00:18:40.120, 1.013, -0.122, -0.043, -0.061, -0.183, 0, -110.973, -82.683, -103.81, -25.260, -4.793, -4.327, 23.53, -0.16617, -0.67609, 0.2562, -0.67047,
 11:05:44.583,f6:90:cc:01:6d:25, 2015-01-01 00:18:42.600, 0.986, -0.051, 0.033, 0, 0, 0, -54.283, -86.418, -102.997, -28.753, -6.607, 3.567, 29.27, 0.16296, -0.68311, -0.12277, -0.70117,
 11:05:44.583,f6:90:cc:01:6d:25, 2015-01-01 00:18:42.600, 0.986, -0.051, 0.033, -0.061, 0.061, 0, -54.322, -86.418, -102.997, -28.753, -6.607, 3.567, 29.27, 0.16296, -0.68311, -0.12277, -0.70117,
 11:05:44.604,ed:35:33:d3:6c:f8, 2015-01-01 00:18:43.175, 0.831, -0.039, 0.546, 0.244, -0.122, 0.061, -4.136, -56.547, -164.13, -23.320, -7.287, -10.547, 30.37, -0.10455, 0.47342, 0.03403, 0.87387,
 11:05:44.604,ed:35:33:d3:6c:f8, 2015-01-01 00:18:43.175, 0.832, -0.04, 0.547, 0, 0, 0.061, -4.136, -56.547, -164.13, -23.320, -7.287, -10.547, 30.37, -0.10455, 0.47342, 0.03403, 0.87387,
 11:05:44.608,e3:ca:2d:fd:e0:8c, 2015-01-01 00:18:40.120, 1.013, -0.123, -0.043, -0.061, -0.122, 0, -110.989, -82.678, -103.788, -25.260, -4.793, -4.327, 23.53, -0.16617, -0.67609, 0.2562, -0.67047,
 11:05:44.608,e3:ca:2d:fd:e0:8c, 2015-01-01 00:18:40.120, 1.013, -0.123, -0.044, 0, -0.122, 0, -111, -82.678, -103.766, -25.260, -4.793, -4.327, 23.53, -0.16617, -0.67609, 0.2562, -0.67047,
 11:05:44.608,ed:40:fe:65:30:6c, 2015-01-01 00:18:39.810, 0.889, 0.041, 0.47, 0, 0, 0.061, 4.944, -62.1, -113.511, -27.120, -7.760, 4.913, 25.17, 0.4873, -0.41098, -0.31335, -0.70377,
 11:05:44.608,ed:40:fe:65:30:6c, 2015-01-01 00:18:39.810, 0.887, 0.043, 0.469, 0.061, 0, 0.061, 4.944, -62.095, -113.505, -27.120, -7.760, 4.913, 25.17, 0.4873, -0.41098, -0.31335, -0.70377,
 11:05:44.650,f6:90:cc:01:6d:25, 2015-01-01 00:18:42.600, 0.986, -0.052, 0.033, -0.061, 0.122, 0, -54.338, -86.418, -103.013, -28.753, -6.607, 3.567, 29.27, 0.16296, -0.68311, -0.12277, -0.70117,
 11:05:44.650,f6:90:cc:01:6d:25, 2015-01-01 00:18:42.600, 0.985, -0.052, 0.031, 0, 0.122, 0, -54.349, -86.418, -103.046, -28.753, -6.607, 3.567, 29.27, 0.16296, -0.68311, -0.12277, -0.70117,
 11:05:44.653,e3:ca:2d:fd:e0:8c, 2015-01-01 00:18:40.120, 1.013, -0.121, -0.045, 0, 0, 0, -111, -82.678, -103.755, -25.273, -4.967, -4.527, 23.53, -0.16617, -0.67609, 0.2562, -0.67047,
 11:05:44.653,e3:ca:2d:fd:e0:8c, 2015-01-01 00:18:40.120, 1.014, -0.123, -0.046, -0.061, 0, 0, -110.989, -82.678, -103.755, -25.273, -4.967, -4.527, 23.53, -0.16617, -0.67609, 0.2562, -0.67047,
 11:05:44.673,ed:40:fe:65:30:6c, 2015-01-01 00:18:39.810, 0.887, 0.041, 0.469, -0.122, 0.061, 0.305, 4.938, -62.095, -113.5, -26.287, -7.513, 5.427, 25.17, 0.4873, -0.41098, -0.31335, -0.70377,
 11:05:44.673,ed:40:fe:65:30:6c, 2015-01-01 00:18:39.810, 0.888, 0.039, 0.468, -0.061, 0, 0.244, 4.927, -62.095, -113.489, -26.287, -7.513, 5.427, 25.17, 0.4873, -0.41098, -0.31335, -0.70377,
 11:05:44.673,ed:35:33:d3:6c:f8, 2015-01-01 00:18:43.175, 0.83, -0.037, 0.546, 0.122, 0, 0, -4.136, -56.547, -164.136, -23.520, -8.107, -13.580, 30.37, -0.10455, 0.47342, 0.03403, 0.87387,
 11:05:44.673,ed:35:33:d3:6c:f8, 2015-01-01 00:18:43.175, 0.831, -0.04, 0.546, -0.244, 0.183, 0.305, -4.147, -56.541, -164.13, -23.520, -8.107, -13.580, 30.37, -0.10455, 0.47342, 0.03403, 0.87387,
 11:05:44.674,f6:90:cc:01:6d:25, 2015-01-01 00:18:42.600, 0.985, -0.052, 0.031, 0.061, 0.061, 0, -54.36, -86.418, -103.068, -28.753, -6.607, 3.567, 29.27, 0.15848, -0.68393, -0.11826, -0.70215,
 11:05:44.674,f6:90:cc:01:6d:25, 2015-01-01 00:18:42.600, 0.985, -0.05, 0.03, 0, 0.122, 0, -54.382, -86.418, -103.085, -28.753, -6.607, 3.567, 29.27, 0.15848, -0.68393, -0.11826, -0.70215,
 11:05:44.677,e3:ca:2d:fd:e0:8c, 2015-01-01 00:18:40.120, 1.014, -0.121, -0.047, 0, 0, 0, -110.984, -82.678, -103.755, -25.273, -4.967, -4.527, 23.53, -0.16562, -0.6763, 0.25571, -0.67059,
 11:05:44.677,e3:ca:2d:fd:e0:8c, 2015-01-01 00:18:40.120, 1.014, -0.121, -0.047, 0, -0.061, 0, -110.978, -82.678, -103.755, -25.273, -4.967, -4.527, 23.53, -0.16562, -0.6763, 0.25571, -0.67059,
 11:05:44.694,ed:35:33:d3:6c:f8, 2015-01-01 00:18:43.175, 0.831, -0.043, 0.545, -0.061, 0, 0.183, -4.153, -56.541, -164.13, -23.520, -8.107, -13.580, 30.37, -0.10446, 0.47321, 0.03366, 0.87402,
 11:05:44.694,ed:35:33:d3:6c:f8, 2015-01-01 00:18:43.175, 0.83, -0.042, 0.545, 0, 0, 0, -4.158, -56.541, -164.13, -23.520, -8.107, -13.580, 30.37, -0.10446, 0.47321, 0.03366, 0.87402,
 11:05:44.696,ed:40:fe:65:30:6c, 2015-01-01 00:18:39.810, 0.887, 0.039, 0.468, 0, 0, 0, 4.922, -62.095, -113.478, -26.287, -7.513, 5.427, 25.17, 0.48792, -0.41068, -0.31332, -0.70355,
 11:05:44.696,ed:40:fe:65:30:6c, 2015-01-01 00:18:39.810, 0.886, 0.042, 0.469, 0, -0.061, -0.061, 4.922, -62.095, -113.483, -26.287, -7.513, 5.427, 25.17, 0.48792, -0.41068, -0.31332, -0.70355,
 11:05:44.717,f6:90:cc:01:6d:25, 2015-01-01 00:18:42.600, 0.984, -0.05, 0.031, 0.061, 0.183, 0, -54.393, -86.418, -103.118, -28.753, -6.607, 3.567, 29.27, 0.15848, -0.68393, -0.11826, -0.70215,
 11:05:44.717,f6:90:cc:01:6d:25, 2015-01-01 00:18:42.600, 0.984, -0.05, 0.03, 0, 0.122, 0, -54.388, -86.413, -103.162, -28.753, -6.607, 3.567, 29.27, 0.15848, -0.68393, -0.11826, -0.70215,
 11:05:44.720,e3:ca:2d:fd:e0:8c, 2015-01-01 00:18:40.120, 1.014, -0.121, -0.047, 0, -0.061, 0, -110.984, -82.678, -103.744, -25.273, -4.967, -4.527, 23.53, -0.16562, -0.6763, 0.25571, -0.67059,
 11:05:44.720,e3:ca:2d:fd:e0:8c, 2015-01-01 00:18:40.120, 1.013, -0.122, -0.046, 0, 0, 0, -110.989, -82.678, -103.738, -25.273, -4.967, -4.527, 23.53, -0.16562, -0.6763, 0.25571, -0.67059,
 11:05:44.740,ed:35:33:d3:6c:f8, 2015-01-01 00:18:43.175, 0.83, -0.039, 0.546, 0, 0.061, -0.061, -4.158, -56.541, -164.136, -23.520, -8.107, -13.580, 30.37, -0.10446, 0.47321, 0.03366, 0.87402,
 11:05:44.740,ed:35:33:d3:6c:f8, 2015-01-01 00:18:43.175, 0.83, -0.038, 0.545, 0.122, 0, 0, -4.153, -56.541, -164.141, -23.520, -8.107, -13.580, 30.37, -0.10446, 0.47321, 0.03366, 0.87402,
 11:05:44.740,f6:90:cc:01:6d:25, 2015-01-01 00:18:42.960, 0.985, -0.05, 0.029, -0.061, 0.183, 0, -54.399, -86.413, -103.195, -28.753, -6.607, 3.567, 29.27, 0.15848, -0.68393, -0.11826, -0.70215,
 11:05:44.741,f6:90:cc:01:6d:25, 2015-01-01 00:18:42.960, 0.985, -0.049, 0.031, 0.061, 0.122, -0.305, -54.393, -86.413, -103.25, -28.753, -6.607, 3.567, 29.27, 0.15848, -0.68393, -0.11826, -0.70215,
 11:05:44.742,ed:40:fe:65:30:6c, 2015-01-01 00:18:39.810, 0.887, 0.042, 0.468, 0.061, -0.061, 0, 4.927, -62.095, -113.483, -26.287, -7.513, 5.427, 25.17, 0.48792, -0.41068, -0.31332, -0.70355,
 11:05:44.742,ed:40:fe:65:30:6c, 2015-01-01 00:18:39.810, 0.887, 0.043, 0.468, 0.061, -0.122, 0, 4.927, -62.095, -113.483, -26.287, -7.513, 5.427, 25.17, 0.48792, -0.41068, -0.31332, -0.70355,
 11:05:44.761,ed:35:33:d3:6c:f8, 2015-01-01 00:18:43.515, 0.831, -0.038, 0.546, 0.122, -0.122, 0, -4.153, -56.547, -164.147, -23.520, -8.107, -13.580, 30.37, -0.10446, 0.47321, 0.03366, 0.87402,
 11:05:44.761,ed:35:33:d3:6c:f8, 2015-01-01 00:18:43.515, 0.831, -0.037, 0.546, 0.061, 0, 0, -4.153, -56.547, -164.152, -23.520, -8.107, -13.580, 30.37, -0.10446, 0.47321, 0.03366, 0.87402,
 11:05:44.762,f6:90:cc:01:6d:25, 2015-01-01 00:18:42.960, 0.985, -0.048, 0.033, 0.061, 0.244, -0.244, -54.344, -86.418, -103.343, -28.753, -6.607, 3.567, 29.27, 0.15848, -0.68393, -0.11826, -0.70215,
 11:05:44.762,f6:90:cc:01:6d:25, 2015-01-01 00:18:42.960, 0.985, -0.05, 0.031, -0.061, 0.244, -0.122, -54.283, -86.424, -103.447, -28.753, -6.607, 3.567, 29.27, 0.15848, -0.68393, -0.11826, -0.70215,
 11:05:44.763,ed:40:fe:65:30:6c, 2015-01-01 00:18:40.145, 0.888, 0.043, 0.468, 0.122, -0.061, 0, 4.933, -62.095, -113.483, -26.287, -7.513, 5.427, 25.17, 0.48792, -0.41068, -0.31332, -0.70355,
 11:05:44.763,ed:40:fe:65:30:6c, 2015-01-01 00:18:40.145, 0.888, 0.044, 0.469, 0.061, -0.061, 0, 4.938, -62.095, -113.483, -26.287, -7.513, 5.427, 25.17, 0.48792, -0.41068, -0.31332, -0.70355,
 11:05:44.765,e3:ca:2d:fd:e0:8c, 2015-01-01 00:18:40.410, 1.014, -0.121, -0.045, 0, 0, 0, -110.984, -82.678, -103.738, -25.273, -4.967, -4.527, 23.53, -0.16562, -0.6763, 0.25571, -0.67059,
 11:05:44.765,e3:ca:2d:fd:e0:8c, 2015-01-01 00:18:40.410, 1.013, -0.121, -0.045, 0, 0, 0, -110.984, -82.678, -103.744, -25.273, -4.967, -4.527, 23.53, -0.16562, -0.6763, 0.25571, -0.67059,
 11:05:44.808,ed:35:33:d3:6c:f8, 2015-01-01 00:18:43.515, 0.831, -0.037, 0.546, 0, 0.061, -0.061, -4.147, -56.547, -164.158, -23.520, -8.107, -13.580, 30.37, -0.10446, 0.47321, 0.03366, 0.87402,
 11:05:44.808,ed:35:33:d3:6c:f8, 2015-01-01 00:18:43.515, 0.83, -0.038, 0.546, -0.061, 0, -0.061, -4.147, -56.547, -164.163, -23.520, -8.107, -13.580, 30.37, -0.10446, 0.47321, 0.03366, 0.87402,
 11:05:44.808,f6:90:cc:01:6d:25, 2015-01-01 00:18:42.960, 0.984, -0.05, 0.033, 0, 0.305, -0.122, -54.24, -86.424, -103.535, -28.753, -6.607, 3.567, 29.27, 0.15848, -0.68393, -0.11826, -0.70215,
 11:05:44.808,f6:90:cc:01:6d:25, 2015-01-01 00:18:42.960, 0.984, -0.049, 0.031, 0, 0.244, -0.122, -54.179, -86.424, -103.629, -28.753, -6.607, 3.567, 29.27, 0.15848, -0.68393, -0.11826, -0.70215,
 11:05:44.810,e3:ca:2d:fd:e0:8c, 2015-01-01 00:18:40.410, 1.012, -0.122, -0.044, 0, 0, 0, -110.978, -82.678, -103.744, -25.273, -4.967, -4.527, 23.53, -0.16562, -0.6763, 0.25571, -0.67059,
 11:05:44.810,e3:ca:2d:fd:e0:8c, 2015-01-01 00:18:40.410, 1.013, -0.12, -0.044, 0, 0.061, 0, -110.973, -82.678, -103.744, -25.273, -4.967, -4.527, 23.53, -0.16562, -0.6763, 0.25571, -0.67059,
 11:05:44.810,ed:40:fe:65:30:6c, 2015-01-01 00:18:40.145, 0.887, 0.042, 0.469, -0.061, 0, 0, 4.938, -62.095, -113.483, -26.287, -7.513, 5.427, 25.17, 0.48792, -0.41068, -0.31332, -0.70355,
 11:05:44.810,ed:40:fe:65:30:6c, 2015-01-01 00:18:40.145, 0.887, 0.042, 0.469, -0.061, 0, 0, 4.944, -62.095, -113.483, -26.287, -7.513, 5.427, 25.17, 0.48792, -0.41068, -0.31332, -0.70355,
 11:05:44.852,ed:35:33:d3:6c:f8, 2015-01-01 00:18:43.515, 0.83, -0.038, 0.545, -0.122, 0.061, -0.061, -4.147, -56.547, -164.169, -23.520, -8.107, -13.580, 30.37, -0.10446, 0.47321, 0.03366, 0.87402,
 11:05:44.852,ed:35:33:d3:6c:f8, 2015-01-01 00:18:43.515, 0.831, -0.04, 0.545, -0.061, 0.061, -0.061, -4.142, -56.547, -164.174, -23.520, -8.107, -13.580, 30.37, -0.10446, 0.47321, 0.03366, 0.87402,
 11:05:44.854,f6:90:cc:01:6d:25, 2015-01-01 00:18:42.960, 0.985, -0.049, 0.033, 0, 0.244, -0.183, -54.13, -86.424, -103.722, -28.753, -6.607, 3.567, 29.27, 0.15848, -0.68393, -0.11826, -0.70215,
 11:05:44.854,f6:90:cc:01:6d:25, 2015-01-01 00:18:42.960, 0.984, -0.05, 0.033, -0.061, 0.305, -0.122, -54.069, -86.424, -103.821, -28.753, -6.607, 3.567, 29.27, 0.15848, -0.68393, -0.11826, -0.70215,
 11:05:44.854,ed:40:fe:65:30:6c, 2015-01-01 00:18:40.145, 0.887, 0.042, 0.469, -0.122, 0.061, -0.061, 4.944, -62.095, -113.483, -26.287, -7.513, 5.427, 25.17, 0.48792, -0.41068, -0.31332, -0.70355,
 11:05:44.854,ed:40:fe:65:30:6c, 2015-01-01 00:18:40.145, 0.886, 0.042, 0.469, -0.061, 0.061, -0.122, 4.949, -62.095, -113.489, -26.287, -7.513, 5.427, 25.17, 0.48792, -0.41068, -0.31332, -0.70355,
 11:05:44.855,e3:ca:2d:fd:e0:8c, 2015-01-01 00:18:40.410, 1.014, -0.12, -0.043, -0.061, 0.061, 0, -110.956, -82.678, -103.755, -25.273, -4.967, -4.527, 23.53, -0.16562, -0.6763, 0.25571, -0.67059,
 11:05:44.855,e3:ca:2d:fd:e0:8c, 2015-01-01 00:18:40.410, 1.013, -0.121, -0.044, -0.061, 0, 0, -110.945, -82.683, -103.76, -25.273, -4.967, -4.527, 23.53, -0.16562, -0.6763, 0.25571, -0.67059,
 11:05:44.874,ed:35:33:d3:6c:f8, 2015-01-01 00:18:43.515, 0.83, -0.039, 0.547, 0, 0.122, -0.122, -4.142, -56.547, -164.18, -23.520, -8.107, -13.580, 30.37, -0.10446, 0.47321, 0.03366, 0.87402,
 11:05:44.874,ed:35:33:d3:6c:f8, 2015-01-01 00:18:43.515, 0.828, -0.037, 0.546, 0.122, 0.122, -0.183, -4.131, -56.541, -164.191, -23.520, -8.107, -13.580, 30.37, -0.10446, 0.47321, 0.03366, 0.87402,
 11:05:44.878,e3:ca:2d:fd:e0:8c, 2015-01-01 00:18:40.410, 1.012, -0.122, -0.044, -0.061, 0, 0, -110.94, -82.683, -103.76, -25.273, -4.967, -4.527, 23.53, -0.16562, -0.6763, 0.25571, -0.67059,
 11:05:44.878,e3:ca:2d:fd:e0:8c, 2015-01-01 00:18:40.410, 1.012, -0.122, -0.044, -0.183, 0.061, 0, -110.934, -82.683, -103.766, -25.273, -4.967, -4.527, 23.53, -0.16562, -0.6763, 0.25571, -0.67059,
 11:05:44.899,ed:40:fe:65:30:6c, 2015-01-01 00:18:40.145, 0.885, 0.044, 0.47, 0, 0.061, -0.183, 4.955, -62.089, -113.494, -26.287, -7.513, 5.427, 25.17, 0.48792, -0.41068, -0.31332, -0.70355,
 11:05:44.899,ed:40:fe:65:30:6c, 2015-01-01 00:18:40.145, 0.886, 0.042, 0.47, 0, 0.183, -0.244, 4.966, -62.089, -113.5, -26.287, -7.513, 5.427, 25.17, 0.48792, -0.41068, -0.31332, -0.70355,
 11:05:44.920,f6:90:cc:01:6d:25, 2015-01-01 00:18:42.960, 0.983, -0.05, 0.033, -0.183, 0.305, -0.122, -54.009, -86.424, -103.92, -28.753, -6.607, 3.567, 29.27, 0.15848, -0.68393, -0.11826, -0.70215,
 11:05:44.920,f6:90:cc:01:6d:25, 2015-01-01 00:18:42.960, 0.983, -0.05, 0.033, -0.183, 0.244, -0.061, -53.959, -86.424, -104.008, -28.753, -6.607, 3.567, 29.27, 0.15848, -0.68393, -0.11826, -0.70215,
 11:05:44.920,ed:35:33:d3:6c:f8, 2015-01-01 00:18:43.515, 0.829, -0.038, 0.547, 0, 0.244, -0.183, -4.125, -56.541, -164.202, -23.520, -8.107, -13.580, 30.37, -0.10446, 0.47321, 0.03366, 0.87402,
 11:05:44.920,ed:35:33:d3:6c:f8, 2015-01-01 00:18:43.515, 0.829, -0.04, 0.546, 0.061, 0.061, -0.122, -4.114, -56.536, -164.213, -23.520, -8.107, -13.580, 30.37, -0.10446, 0.47321, 0.03366, 0.87402,
 11:05:44.922,e3:ca:2d:fd:e0:8c, 2015-01-01 00:18:40.410, 1.013, -0.121, -0.045, -0.305, 0, 0, -110.923, -82.683, -103.771, -25.273, -4.967, -4.527, 23.53, -0.16562, -0.6763, 0.25571, -0.67059,
 11:05:44.922,e3:ca:2d:fd:e0:8c, 2015-01-01 00:18:40.410, 1.012, -0.122, -0.046, -0.305, -0.061, 0, -110.923, -82.683, -103.771, -25.273, -4.967, -4.527, 23.53, -0.16562, -0.6763, 0.25571, -0.67059,
 11:05:44.943,f6:90:cc:01:6d:25, 2015-01-01 00:18:42.960, 0.984, -0.051, 0.032, -0.183, 0.183, -0.183, -53.921, -86.424, -104.084, -29.187, -6.127, 3.660, 29.27, 0.15848, -0.68393, -0.11826, -0.70215,
 11:05:44.943,f6:90:cc:01:6d:25, 2015-01-01 00:18:42.960, 0.984, -0.051, 0.031, -0.244, 0.061, -0.183, -53.899, -86.429, -104.15, -29.187, -6.127, 3.660, 29.27, 0.15848, -0.68393, -0.11826, -0.70215,
 11:05:44.945,ed:40:fe:65:30:6c, 2015-01-01 00:18:40.145, 0.887, 0.041, 0.469, -0.122, 0.122, -0.122, 4.971, -62.084, -113.511, -26.287, -7.513, 5.427, 25.17, 0.48792, -0.41068, -0.31332, -0.70355,
 11:05:44.945,ed:40:fe:65:30:6c, 2015-01-01 00:18:40.145, 0.886, 0.041, 0.468, -0.061, 0.122, -0.122, 4.977, -62.078, -113.516, -26.287, -7.513, 5.427, 25.17, 0.48792, -0.41068, -0.31332, -0.70355,
 11:05:44.965,ed:35:33:d3:6c:f8, 2015-01-01 00:18:43.515, 0.83, -0.04, 0.543, 0, 0, -0.122, -4.114, -56.541, -164.218, -23.520, -8.107, -13.580, 30.37, -0.10446, 0.47321, 0.03366, 0.87402,
 11:05:44.965,ed:35:33:d3:6c:f8, 2015-01-01 00:18:43.515, 0.831, -0.038, 0.546, 0.061, 0.183, -0.183, -4.103, -56.536, -164.229, -23.520, -8.107, -13.580, 30.37, -0.10446, 0.47321, 0.03366, 0.87402,
 11:05:44.966,ed:40:fe:65:30:6c, 2015-01-01 00:18:40.145, 0.887, 0.042, 0.468, 0, 0.183, -0.122, 4.982, -62.078, -113.516, -26.680, -7.467, 5.153, 25.17, 0.48792, -0.41068, -0.31332, -0.70355,
 11:05:44.966,ed:40:fe:65:30:6c, 2015-01-01 00:18:40.145, 0.887, 0.042, 0.47, 0.183, 0.244, -0.183, 4.988, -62.073, -113.522, -26.680, -7.467, 5.153, 25.17, 0.48792, -0.41068, -0.31332, -0.70355,
 11:05:44.968,e3:ca:2d:fd:e0:8c, 2015-01-01 00:18:40.410, 1.014, -0.123, -0.043, -0.244, -0.061, 0, -110.934, -82.683, -103.76, -25.640, -4.853, -4.673, 23.53, -0.16562, -0.6763, 0.25571, -0.67059,
 11:05:44.968,e3:ca:2d:fd:e0:8c, 2015-01-01 00:18:40.410, 1.014, -0.121, -0.045, -0.183, -0.122, 0, -110.94, -82.683, -103.749, -25.640, -4.853, -4.673, 23.53, -0.16562, -0.6763, 0.25571, -0.67059,
 11:05:44.988,f6:90:cc:01:6d:25, 2015-01-01 00:18:42.960, 0.987, -0.05, 0.034, -0.183, 0.122, -0.183, -53.888, -86.429, -104.205, -29.187, -6.127, 3.660, 29.27, 0.15848, -0.68393, -0.11826, -0.70215,
 11:05:44.988,f6:90:cc:01:6d:25, 2015-01-01 00:18:42.960, 0.984, -0.051, 0.033, -0.183, 0.183, -0.183, -53.86, -86.435, -104.282, -29.187, -6.127, 3.660, 29.27, 0.15848, -0.68393, -0.11826, -0.70215,
 11:05:45.010,f6:90:cc:01:6d:25, 2015-01-01 00:18:42.960, 0.983, -0.052, 0.033, -0.061, 0.244, -0.244, -53.806, -86.435, -104.376, -29.187, -6.127, 3.660, 29.27, 0.15372, -0.68457, -0.11395, -0.70331,
 11:05:45.010,f6:90:cc:01:6d:25, 2015-01-01 00:18:42.960, 0.988, -0.05, 0.03, -0.061, 0.244, -0.305, -53.734, -86.435, -104.491, -29.187, -6.127, 3.660, 29.27, 0.15372, -0.68457, -0.11395, -0.70331,
 11:05:45.012,ed:40:fe:65:30:6c, 2015-01-01 00:18:40.145, 0.885, 0.038, 0.469, 0.122, 0.305, 0, 4.999, -62.062, -113.527, -26.680, -7.467, 5.153, 25.17, 0.48792, -0.41068, -0.31332, -0.70355,
 11:05:45.012,ed:40:fe:65:30:6c, 2015-01-01 00:18:40.145, 0.889, 0.042, 0.471, 0.122, 0.305, -0.244, 5.004, -62.056, -113.533, -26.680, -7.467, 5.153, 25.17, 0.48792, -0.41068, -0.31332, -0.70355,
 11:05:45.013,e3:ca:2d:fd:e0:8c, 2015-01-01 00:18:40.410, 1.012, -0.122, -0.044, -0.061, -0.122, 0, -110.951, -82.683, -103.733, -25.640, -4.853, -4.673, 23.53, -0.16534, -0.67639, 0.25537, -0.67068,
 11:05:45.013,e3:ca:2d:fd:e0:8c, 2015-01-01 00:18:40.410, 1.014, -0.122, -0.044, 0, -0.061, 0, -110.962, -82.683, -103.716, -25.640, -4.853, -4.673, 23.53, -0.16534, -0.67639, 0.25537, -0.67068,
 11:05:45.033,ed:35:33:d3:6c:f8, 2015-01-01 00:18:43.515, 0.83, -0.038, 0.546, 0.061, 0.488, -0.061, -4.098, -56.53, -164.24, -23.727, -7.620, -12.653, 30.37, -0.10446, 0.47321, 0.03366, 0.87402,
 11:05:45.034,ed:35:33:d3:6c:f8, 2015-01-01 00:18:43.515, 0.829, -0.042, 0.546, 0.122, 0.366, 0.061, -4.098, -56.525, -164.24, -23.727, -7.620, -12.653, 30.37, -0.10446, 0.47321, 0.03366, 0.87402,
 11:05:45.054,ed:35:33:d3:6c:f8, 2015-01-01 00:18:43.515, 0.833, -0.039, 0.549, 0.305, 0.366, -0.305, -4.087, -56.514, -164.251, -23.727, -7.620, -12.653, 30.37, -0.10379, 0.47296, 0.03369, 0.87424,
 11:05:45.054,ed:35:33:d3:6c:f8, 2015-01-01 00:18:43.515, 0.833, -0.03, 0.547, 0.671, -0.061, -0.488, -4.059, -56.514, -164.273, -23.727, -7.620, -12.653, 30.37, -0.10379, 0.47296, 0.03369, 0.87424,
 11:05:45.056,f6:90:cc:01:6d:25, 2015-01-01 00:18:42.960, 0.988, -0.047, 0.031, -0.244, 0.183, -0.183, -53.679, -86.44, -104.59, -29.187, -6.127, 3.660, 29.27, 0.15372, -0.68457, -0.11395, -0.70331,
 11:05:45.056,f6:90:cc:01:6d:25, 2015-01-01 00:18:42.960, 0.987, -0.05, 0.029, -0.122, 0.244, -0.183, -53.641, -86.44, -104.678, -29.187, -6.127, 3.660, 29.27, 0.15372, -0.68457, -0.11395, -0.70331,
 11:05:45.057,e3:ca:2d:fd:e0:8c, 2015-01-01 00:18:40.725, 1.017, -0.121, -0.044, -0.244, 0, 0, -110.962, -82.683, -103.711, -25.640, -4.853, -4.673, 23.53, -0.16534, -0.67639, 0.25537, -0.67068,
 11:05:45.057,e3:ca:2d:fd:e0:8c, 2015-01-01 00:18:40.725, 1.015, -0.12, -0.045, -0.366, 0.122, 0, -110.951, -82.683, -103.716, -25.640, -4.853, -4.673, 23.53, -0.16534, -0.67639, 0.25537, -0.67068,
 11:05:45.079,ed:40:fe:65:30:6c, 2015-01-01 00:18:40.145, 0.89, 0.049, 0.47, 0.305, 0.122, -0.427, 5.021, -62.051, -113.544, -26.680, -7.467, 5.153, 25.17, 0.48798, -0.41025, -0.31354, -0.70367,
 11:05:45.079,ed:40:fe:65:30:6c, 2015-01-01 00:18:40.145, 0.888, 0.044, 0.471, 0.427, 0.183, 0, 5.037, -62.045, -113.555, -26.680, -7.467, 5.153, 25.17, 0.48798, -0.41025, -0.31354, -0.70367,
 11:05:45.080,e3:ca:2d:fd:e0:8c, 2015-01-01 00:18:40.725, 1.014, -0.122, -0.046, -0.183, 0.122, 0, -110.934, -82.683, -103.733, -25.640, -4.853, -4.673, 23.53, -0.16534, -0.67639, 0.25537, -0.67068,
 11:05:45.080,e3:ca:2d:fd:e0:8c, 2015-01-01 00:18:40.725, 1.013, -0.121, -0.046, 0, 0.122, 0, -110.912, -82.683, -103.755, -25.640, -4.853, -4.673, 23.53, -0.16534, -0.67639, 0.25537, -0.67068,
 11:05:45.100,f6:90:cc:01:6d:25, 2015-01-01 00:18:43.295, 0.985, -0.051, 0.031, 0.183, 0.244, -0.244, -53.586, -86.44, -104.782, -29.187, -6.127, 3.660, 29.27, 0.15372, -0.68457, -0.11395, -0.70331,
 11:05:45.100,f6:90:cc:01:6d:25, 2015-01-01 00:18:43.295, 0.983, -0.049, 0.031, 0.244, 0.366, -0.305, -53.503, -86.446, -104.914, -29.187, -6.127, 3.660, 29.27, 0.15372, -0.68457, -0.11395, -0.70331,
 11:05:45.103,ed:40:fe:65:30:6c, 2015-01-01 00:18:40.480, 0.886, 0.041, 0.469, -0.061, 0.061, 0.244, 5.037, -62.045, -113.549, -26.680, -7.467, 5.153, 25.17, 0.48798, -0.41025, -0.31354, -0.70367,
 11:05:45.103,ed:40:fe:65:30:6c, 2015-01-01 00:18:40.480, 0.883, 0.042, 0.47, 0, 0, 0, 5.037, -62.045, -113.544, -26.680, -7.467, 5.153, 25.17, 0.48798, -0.41025, -0.31354, -0.70367,
 11:05:45.121,ed:35:33:d3:6c:f8, 2015-01-01 00:18:43.515, 0.831, -0.035, 0.548, 0.122, 0.183, 0, -4.048, -56.514, -164.279, -23.727, -7.620, -12.653, 30.37, -0.10379, 0.47296, 0.03369, 0.87424,
 11:05:45.121,ed:35:33:d3:6c:f8, 2015-01-01 00:18:43.515, 0.828, -0.041, 0.547, -0.061, 0.183, 0.061, -4.048, -56.514, -164.284, -23.727, -7.620, -12.653, 30.37, -0.10379, 0.47296, 0.03369, 0.87424,
 11:05:45.124,ed:40:fe:65:30:6c, 2015-01-01 00:18:40.480, 0.883, 0.041, 0.47, -0.122, 0, 0.061, 5.037, -62.045, -113.538, -26.680, -7.467, 5.153, 25.17, 0.48798, -0.41025, -0.31354, -0.70367,
 11:05:45.124,ed:40:fe:65:30:6c, 2015-01-01 00:18:40.480, 0.884, 0.042, 0.469, 0, 0, 0, 5.037, -62.04, -113.538, -26.680, -7.467, 5.153, 25.17, 0.48798, -0.41025, -0.31354, -0.70367,
 11:05:45.125,e3:ca:2d:fd:e0:8c, 2015-01-01 00:18:40.725, 1.013, -0.121, -0.044, -0.061, 0.061, 0, -110.896, -82.683, -103.771, -25.640, -4.853, -4.673, 23.53, -0.16534, -0.67639, 0.25537, -0.67068,
 11:05:45.125,e3:ca:2d:fd:e0:8c, 2015-01-01 00:18:40.725, 1.011, -0.121, -0.046, -0.183, -0.061, 0, -110.885, -82.689, -103.777, -25.640, -4.853, -4.673, 23.53, -0.16534, -0.67639, 0.25537, -0.67068,
 11:05:45.144,ed:35:33:d3:6c:f8, 2015-01-01 00:18:43.870, 0.827, -0.039, 0.547, -0.061, 0.061, 0, -4.048, -56.514, -164.284, -23.727, -7.620, -12.653, 30.37, -0.10379, 0.47296, 0.03369, 0.87424,
 11:05:45.144,ed:35:33:d3:6c:f8, 2015-01-01 00:18:43.870, 0.826, -0.039, 0.546, -0.122, 0, 0.061, -4.054, -56.514, -164.29, -23.727, -7.620, -12.653, 30.37, -0.10379, 0.47296, 0.03369, 0.87424,
 11:05:45.145,f6:90:cc:01:6d:25, 2015-01-01 00:18:43.295, 0.982, -0.049, 0.034, 0.122, 0.427, -0.427, -53.377, -86.446, -105.084, -29.187, -6.127, 3.660, 29.27, 0.15372, -0.68457, -0.11395, -0.70331,
 11:05:45.145,f6:90:cc:01:6d:25, 2015-01-01 00:18:43.295, 0.981, -0.049, 0.031, 0, 0.366, -0.305, -53.256, -86.451, -105.26, -29.187, -6.127, 3.660, 29.27, 0.15372, -0.68457, -0.11395, -0.70331,
 11:05:45.168,ed:35:33:d3:6c:f8, 2015-01-01 00:18:43.870, 0.827, -0.04, 0.546, 0.061, 0, 0, -4.054, -56.514, -164.29, -23.727, -7.620, -12.653, 30.37, -0.10379, 0.47296, 0.03369, 0.87424,
 11:05:45.168,ed:35:33:d3:6c:f8, 2015-01-01 00:18:43.870, 0.828, -0.04, 0.547, 0.244, 0, -0.061, -4.043, -56.514, -164.295, -23.727, -7.620, -12.653, 30.37, -0.10379, 0.47296, 0.03369, 0.87424,
 11:05:45.168,f6:90:cc:01:6d:25, 2015-01-01 00:18:43.295, 0.983, -0.051, 0.032, 0.061, 0.305, -0.366, -53.152, -86.451, -105.408, -29.187, -6.127, 3.660, 29.27, 0.15372, -0.68457, -0.11395, -0.70331,
 11:05:45.168,f6:90:cc:01:6d:25, 2015-01-01 00:18:43.295, 0.986, -0.05, 0.032, 0, 0.305, -0.244, -53.064, -86.457, -105.546, -29.187, -6.127, 3.660, 29.27, 0.15372, -0.68457, -0.11395, -0.70331,
 11:05:45.169,ed:40:fe:65:30:6c, 2015-01-01 00:18:40.480, 0.884, 0.041, 0.47, 0.183, -0.061, -0.061, 5.037, -62.04, -113.538, -26.680, -7.467, 5.153, 25.17, 0.48798, -0.41025, -0.31354, -0.70367,
 11:05:45.169,ed:40:fe:65:30:6c, 2015-01-01 00:18:40.480, 0.888, 0.044, 0.47, 0.122, -0.122, -0.183, 5.048, -62.045, -113.544, -26.680, -7.467, 5.153, 25.17, 0.48798, -0.41025, -0.31354, -0.70367,
 11:05:45.171,e3:ca:2d:fd:e0:8c, 2015-01-01 00:18:40.725, 1.011, -0.123, -0.044, -0.122, -0.061, 0, -110.896, -82.689, -103.766, -25.640, -4.853, -4.673, 23.53, -0.16534, -0.67639, 0.25537, -0.67068,
 11:05:45.171,e3:ca:2d:fd:e0:8c, 2015-01-01 00:18:40.725, 1.014, -0.122, -0.044, -0.122, 0, 0, -110.896, -82.689, -103.76, -25.640, -4.853, -4.673, 23.53, -0.16534, -0.67639, 0.25537, -0.67068,
 11:05:45.212,ed:35:33:d3:6c:f8, 2015-01-01 00:18:43.870, 0.832, -0.036, 0.548, 0.305, 0, -0.244, -4.032, -56.514, -164.306, -23.727, -7.620, -12.653, 30.37, -0.10379, 0.47296, 0.03369, 0.87424,
 11:05:45.212,ed:35:33:d3:6c:f8, 2015-01-01 00:18:43.870, 0.83, -0.034, 0.548, 0.305, 0, -0.183, -4.021, -56.514, -164.317, -23.727, -7.620, -12.653, 30.37, -0.10379, 0.47296, 0.03369, 0.87424,
 11:05:45.213,f6:90:cc:01:6d:25, 2015-01-01 00:18:43.295, 0.988, -0.048, 0.034, 0.061, 0.366, -0.244, -52.982, -86.457, -105.677, -29.187, -6.127, 3.660, 29.27, 0.15372, -0.68457, -0.11395, -0.70331,
 11:05:45.213,f6:90:cc:01:6d:25, 2015-01-01 00:18:43.295, 0.986, -0.05, 0.036, 0.061, 0.427, -0.305, -52.866, -86.457, -105.842, -29.187, -6.127, 3.660, 29.27, 0.15372, -0.68457, -0.11395, -0.70331,
 11:05:45.215,ed:40:fe:65:30:6c, 2015-01-01 00:18:40.480, 0.887, 0.046, 0.471, 0.122, -0.305, -0.122, 5.059, -62.045, -113.555, -26.680, -7.467, 5.153, 25.17, 0.48798, -0.41025, -0.31354, -0.70367,
 11:05:45.215,ed:40:fe:65:30:6c, 2015-01-01 00:18:40.480, 0.889, 0.043, 0.47, 0.061, -0.183, 0.061, 5.065, -62.051, -113.555, -26.680, -7.467, 5.153, 25.17, 0.48798, -0.41025, -0.31354, -0.70367,
 11:05:45.215,e3:ca:2d:fd:e0:8c, 2015-01-01 00:18:40.725, 1.016, -0.121, -0.043, -0.122, 0, 0, -110.891, -82.689, -103.76, -25.640, -4.853, -4.673, 23.53, -0.16534, -0.67639, 0.25537, -0.67068,
 11:05:45.215,e3:ca:2d:fd:e0:8c, 2015-01-01 00:18:40.725, 1.015, -0.12, -0.043, -0.122, 0, 0, -110.885, -82.689, -103.76, -25.640, -4.853, -4.673, 23.53, -0.16534, -0.67639, 0.25537, -0.67068,
 11:05:45.235,ed:35:33:d3:6c:f8, 2015-01-01 00:18:43.870, 0.831, -0.037, 0.546, 0.061, 0, 0.061, -4.016, -56.514, -164.317, -23.727, -7.620, -12.653, 30.37, -0.10379, 0.47296, 0.03369, 0.87424,
 11:05:45.235,ed:35:33:d3:6c:f8, 2015-01-01 00:18:43.870, 0.831, -0.038, 0.548, 0, 0.122, 0, -4.016, -56.508, -164.323, -23.727, -7.620, -12.653, 30.37, -0.10379, 0.47296, 0.03369, 0.87424,
 11:05:45.238,e3:ca:2d:fd:e0:8c, 2015-01-01 00:18:40.725, 1.014, -0.121, -0.043, 0, -0.061, 0, -110.88, -82.689, -103.76, -25.720, -4.780, -3.967, 23.53, -0.16534, -0.67639, 0.25537, -0.67068,
 11:05:45.238,e3:ca:2d:fd:e0:8c, 2015-01-01 00:18:40.725, 1.012, -0.12, -0.044, 0, -0.061, 0, -110.88, -82.689, -103.749, -25.720, -4.780, -3.967, 23.53, -0.16534, -0.67639, 0.25537, -0.67068,
 11:05:45.279,ed:35:33:d3:6c:f8, 2015-01-01 00:18:43.870, 0.83, -0.034, 0.548, 0.122, 0.183, 0, -4.01, -56.508, -164.323, -23.727, -7.620, -12.653, 30.37, -0.10379, 0.47296, 0.03369, 0.87424,
 11:05:45.279,ed:35:33:d3:6c:f8, 2015-01-01 00:18:43.870, 0.83, -0.035, 0.548, -0.183, 0.244, 0.122, -4.016, -56.503, -164.323, -23.727, -7.620, -12.653, 30.37, -0.10379, 0.47296, 0.03369, 0.87424,
 11:05:45.280,f6:90:cc:01:6d:25, 2015-01-01 00:18:43.295, 0.987, -0.048, 0.035, 0, 0.488, -0.244, -52.734, -86.457, -106.013, -29.187, -6.127, 3.660, 29.27, 0.15372, -0.68457, -0.11395, -0.70331,
 11:05:45.280,f6:90:cc:01:6d:25, 2015-01-01 00:18:43.295, 0.985, -0.047, 0.033, 0.183, 0.427, -0.366, -52.597, -86.457, -106.194, -29.187, -6.127, 3.660, 29.27, 0.15372, -0.68457, -0.11395, -0.70331,
 11:05:45.281,ed:40:fe:65:30:6c, 2015-01-01 00:18:40.480, 0.888, 0.043, 0.471, -0.061, 0, 0.061, 5.065, -62.051, -113.555, -26.680, -7.467, 5.153, 25.17, 0.48798, -0.41025, -0.31354, -0.70367,
 11:05:45.281,ed:40:fe:65:30:6c, 2015-01-01 00:18:40.480, 0.887, 0.046, 0.47, 0.183, 0, 0, 5.065, -62.051, -113.555, -26.680, -7.467, 5.153, 25.17, 0.48798, -0.41025, -0.31354, -0.70367,
 11:05:45.283,e3:ca:2d:fd:e0:8c, 2015-01-01 00:18:40.725, 1.013, -0.12, -0.044, -0.122, 0, 0, -110.88, -82.689, -103.744, -25.720, -4.780, -3.967, 23.53, -0.16534, -0.67639, 0.25537, -0.67068,
 11:05:45.283,e3:ca:2d:fd:e0:8c, 2015-01-01 00:18:40.725, 1.015, -0.121, -0.046, -0.305, 0.061, 0, -110.869, -82.689, -103.749, -25.720, -4.780, -3.967, 23.53, -0.16534, -0.67639, 0.25537, -0.67068,
 11:05:45.324,ed:35:33:d3:6c:f8, 2015-01-01 00:18:43.870, 0.829, -0.037, 0.547, -0.061, 0.061, 0, -4.016, -56.497, -164.328, -23.727, -7.620, -12.653, 30.37, -0.10379, 0.47296, 0.03369, 0.87424,
 11:05:45.324,ed:35:33:d3:6c:f8, 2015-01-01 00:18:43.870, 0.828, -0.034, 0.546, -0.122, 0, -0.122, -4.01, -56.503, -164.333, -23.727, -7.620, -12.653, 30.37, -0.10379, 0.47296, 0.03369, 0.87424,
 11:05:45.326,ed:40:fe:65:30:6c, 2015-01-01 00:18:40.480, 0.886, 0.045, 0.471, -0.122, 0, 0.183, 5.065, -62.045, -113.549, -26.867, -7.087, 4.833, 25.17, 0.48798, -0.41025, -0.31354, -0.70367,
 11:05:45.326,ed:40:fe:65:30:6c, 2015-01-01 00:18:40.480, 0.886, 0.044, 0.469, -0.244, -0.061, 0.122, 5.059, -62.045, -113.544, -26.867, -7.087, 4.833, 25.17, 0.48798, -0.41025, -0.31354, -0.70367,
 11:05:45.326,f6:90:cc:01:6d:25, 2015-01-01 00:18:43.295, 0.984, -0.049, 0.032, 0, 0.488, -0.305, -52.449, -86.457, -106.375, -29.060, -6.760, 3.147, 29.27, 0.15372, -0.68457, -0.11395, -0.70331,
 11:05:45.326,f6:90:cc:01:6d:25, 2015-01-01 00:18:43.295, 0.985, -0.047, 0.031, 0, 0.427, -0.183, -52.339, -86.457, -106.534, -29.060, -6.760, 3.147, 29.27, 0.15372, -0.68457, -0.11395, -0.70331,
 11:05:45.327,e3:ca:2d:fd:e0:8c, 2015-01-01 00:18:40.725, 1.014, -0.121, -0.046, -0.244, 0.183, 0, -110.852, -82.689, -103.771, -25.720, -4.780, -3.967, 23.53, -0.16501, -0.67645, 0.25497, -0.67087,
 11:05:45.327,e3:ca:2d:fd:e0:8c, 2015-01-01 00:18:40.725, 1.014, -0.12, -0.046, -0.122, 0.183, 0, -110.825, -82.694, -103.799, -25.720, -4.780, -3.967, 23.53, -0.16501, -0.67645, 0.25497, -0.67087,
 11:05:45.370,f6:90:cc:01:6d:25, 2015-01-01 00:18:43.295, 0.984, -0.046, 0.032, -0.122, 0.427, -0.122, -52.251, -86.451, -106.666, -29.060, -6.760, 3.147, 29.27, 0.15372, -0.68457, -0.11395, -0.70331,
 11:05:45.370,f6:90:cc:01:6d:25, 2015-01-01 00:18:43.295, 0.984, -0.048, 0.034, -0.244, 0.427, -0.061, -52.174, -86.451, -106.793, -29.060, -6.760, 3.147, 29.27, 0.15372, -0.68457, -0.11395, -0.70331,
 11:05:45.371,ed:40:fe:65:30:6c, 2015-01-01 00:18:40.480, 0.885, 0.045, 0.468, -0.244, -0.183, 0, 5.059, -62.051, -113.538, -26.867, -7.087, 4.833, 25.17, 0.48798, -0.41025, -0.31354, -0.70367,
 11:05:45.371,ed:40:fe:65:30:6c, 2015-01-01 00:18:40.480, 0.885, 0.046, 0.469, -0.244, -0.183, 0.061, 5.054, -62.051, -113.538, -26.867, -7.087, 4.833, 25.17, 0.48798, -0.41025, -0.31354, -0.70367,
 11:05:45.372,e3:ca:2d:fd:e0:8c, 2015-01-01 00:18:41.035, 1.012, -0.121, -0.045, -0.244, 0.061, 0, -110.808, -82.694, -103.815, -25.720, -4.780, -3.967, 23.53, -0.16501, -0.67645, 0.25497, -0.67087,
 11:05:45.372,e3:ca:2d:fd:e0:8c, 2015-01-01 00:18:41.035, 1.012, -0.122, -0.045, -0.244, 0, 0, -110.803, -82.694, -103.821, -25.720, -4.780, -3.967, 23.53, -0.16501, -0.67645, 0.25497, -0.67087,
 11:05:45.391,ed:35:33:d3:6c:f8, 2015-01-01 00:18:43.870, 0.829, -0.033, 0.546, -0.183, 0.183, 0, -4.01, -56.497, -164.339, -23.367, -7.880, -13.320, 30.37, -0.10379, 0.47296, 0.03369, 0.87424,
 11:05:45.391,ed:35:33:d3:6c:f8, 2015-01-01 00:18:43.870, 0.828, -0.035, 0.547, -0.183, 0.122, 0.183, -4.016, -56.497, -164.333, -23.367, -7.880, -13.320, 30.37, -0.10379, 0.47296, 0.03369, 0.87424,
 11:05:45.392,f6:90:cc:01:6d:25, 2015-01-01 00:18:43.295, 0.984, -0.048, 0.034, -0.244, 0.366, 0, -52.119, -86.451, -106.891, -29.060, -6.760, 3.147, 29.27, 0.14832, -0.68484, -0.10944, -0.70493,
 11:05:45.392,f6:90:cc:01:6d:25, 2015-01-01 00:18:43.295, 0.985, -0.048, 0.031, -0.305, 0.366, 0.061, -52.081, -86.446, -106.979, -29.060, -6.760, 3.147, 29.27, 0.14832, -0.68484, -0.10944, -0.70493,
 11:05:45.393,ed:40:fe:65:30:6c, 2015-01-01 00:18:40.480, 0.885, 0.045, 0.469, -0.305, -0.122, 0.244, 5.048, -62.051, -113.533, -26.867, -7.087, 4.833, 25.17, 0.48813, -0.41, -0.31378, -0.70361,
 11:05:45.393,ed:40:fe:65:30:6c, 2015-01-01 00:18:40.480, 0.887, 0.045, 0.469, -0.183, -0.183, 0.183, 5.043, -62.056, -113.527, -26.867, -7.087, 4.833, 25.17, 0.48813, -0.41, -0.31378, -0.70361,
 11:05:45.414,ed:35:33:d3:6c:f8, 2015-01-01 00:18:43.870, 0.83, -0.036, 0.547, -0.183, 0.122, 0.122, -4.021, -56.492, -164.333, -23.367, -7.880, -13.320, 30.37, -0.10349, 0.47275, 0.03381, 0.87439,
 11:05:45.414,ed:35:33:d3:6c:f8, 2015-01-01 00:18:43.870, 0.83, -0.036, 0.547, -0.244, 0, 0.244, -4.032, -56.492, -164.328, -23.367, -7.880, -13.320, 30.37, -0.10349, 0.47275, 0.03381, 0.87439,
 11:05:45.418,e3:ca:2d:fd:e0:8c, 2015-01-01 00:18:41.035, 1.014, -0.121, -0.044, -0.244, 0.122, 0, -110.797, -82.694, -103.826, -25.720, -4.780, -3.967, 23.53, -0.16501, -0.67645, 0.25497, -0.67087,
 11:05:45.418,e3:ca:2d:fd:e0:8c, 2015-01-01 00:18:41.035, 1.015, -0.119, -0.042, -0.183, 0.244, 0, -110.77, -82.7, -103.854, -25.720, -4.780, -3.967, 23.53, -0.16501, -0.67645, 0.25497, -0.67087,
 11:05:45.438,f6:90:cc:01:6d:25, 2015-01-01 00:18:43.295, 0.985, -0.048, 0.032, -0.244, 0.366, 0.061, -52.053, -86.44, -107.056, -29.060, -6.760, 3.147, 29.27, 0.14832, -0.68484, -0.10944, -0.70493,
 11:05:45.438,f6:90:cc:01:6d:25, 2015-01-01 00:18:43.295, 0.986, -0.048, 0.034, -0.244, 0.427, 0.061, -52.009, -86.44, -107.15, -29.060, -6.760, 3.147, 29.27, 0.14832, -0.68484, -0.10944, -0.70493,
 11:05:45.440,ed:40:fe:65:30:6c, 2015-01-01 00:18:40.480, 0.886, 0.043, 0.469, -0.366, -0.183, 0.305, 5.032, -62.056, -113.516, -26.867, -7.087, 4.833, 25.17, 0.48813, -0.41, -0.31378, -0.70361,
 11:05:45.440,ed:40:fe:65:30:6c, 2015-01-01 00:18:40.480, 0.888, 0.044, 0.467, -0.549, -0.183, 0.366, 5.015, -62.062, -113.5, -26.867, -7.087, 4.833, 25.17, 0.48813, -0.41, -0.31378, -0.70361,
 11:05:45.440,e3:ca:2d:fd:e0:8c, 2015-01-01 00:18:41.035, 1.014, -0.12, -0.043, -0.122, 0.305, 0, -110.726, -82.7, -103.898, -25.720, -4.780, -3.967, 23.53, -0.16501, -0.67645, 0.25497, -0.67087,
 11:05:45.440,e3:ca:2d:fd:e0:8c, 2015-01-01 00:18:41.035, 1.013, -0.121, -0.045, -0.061, 0.244, 0, -110.682, -82.705, -103.936, -25.720, -4.780, -3.967, 23.53, -0.16501, -0.67645, 0.25497, -0.67087,
 11:05:45.459,ed:35:33:d3:6c:f8, 2015-01-01 00:18:43.870, 0.831, -0.036, 0.546, -0.427, 0, 0.305, -4.043, -56.492, -164.317, -23.367, -7.880, -13.320, 30.37, -0.10349, 0.47275, 0.03381, 0.87439,
 11:05:45.459,ed:35:33:d3:6c:f8, 2015-01-01 00:18:43.870, 0.83, -0.037, 0.548, -0.488, 0.122, 0.488, -4.065, -56.492, -164.306, -23.367, -7.880, -13.320, 30.37, -0.10349, 0.47275, 0.03381, 0.87439,
 11:05:45.460,f6:90:cc:01:6d:25, 2015-01-01 00:18:43.675, 0.985, -0.047, 0.035, -0.122, 0.549, 0, -51.927, -86.435, -107.281, -29.060, -6.760, 3.147, 29.27, 0.14832, -0.68484, -0.10944, -0.70493,
 11:05:45.460,f6:90:cc:01:6d:25, 2015-01-01 00:18:43.675, 0.985, -0.048, 0.033, -0.122, 0.488, 0, -51.839, -86.429, -107.408, -29.060, -6.760, 3.147, 29.27, 0.14832, -0.68484, -0.10944, -0.70493,
 11:05:45.462,ed:40:fe:65:30:6c, 2015-01-01 00:18:40.840, 0.887, 0.043, 0.47, -0.427, -0.122, 0.488, 4.999, -62.067, -113.483, -26.867, -7.087, 4.833, 25.17, 0.48813, -0.41, -0.31378, -0.70361,
 11:05:45.462,ed:40:fe:65:30:6c, 2015-01-01 00:18:40.840, 0.887, 0.043, 0.47, -0.305, -0.122, 0.549, 4.977, -62.067, -113.461, -26.867, -7.087, 4.833, 25.17, 0.48813, -0.41, -0.31378, -0.70361,
 11:05:45.482,ed:35:33:d3:6c:f8, 2015-01-01 00:18:44.230, 0.829, -0.038, 0.548, -0.366, 0.244, 0.61, -4.087, -56.486, -164.284, -23.367, -7.880, -13.320, 30.37, -0.10349, 0.47275, 0.03381, 0.87439,
 11:05:45.482,ed:35:33:d3:6c:f8, 2015-01-01 00:18:44.230, 0.828, -0.038, 0.548, -0.061, 0, 0.549, -4.098, -56.486, -164.268, -23.367, -7.880, -13.320, 30.37, -0.10349, 0.47275, 0.03381, 0.87439,
 11:05:45.484,ed:40:fe:65:30:6c, 2015-01-01 00:18:40.840, 0.886, 0.043, 0.47, -0.122, -0.183, 0.549, 4.955, -62.073, -113.439, -26.867, -7.087, 4.833, 25.17, 0.48813, -0.41, -0.31378, -0.70361,
 11:05:45.484,ed:40:fe:65:30:6c, 2015-01-01 00:18:40.840, 0.886, 0.043, 0.47, 0, -0.244, 0.427, 4.944, -62.073, -113.417, -26.867, -7.087, 4.833, 25.17, 0.48813, -0.41, -0.31378, -0.70361,
 11:05:45.486,e3:ca:2d:fd:e0:8c, 2015-01-01 00:18:41.035, 1.013, -0.122, -0.043, -0.061, 0.366, 0, -110.632, -82.705, -103.986, -25.720, -4.780, -3.967, 23.53, -0.16501, -0.67645, 0.25497, -0.67087,
 11:05:45.486,e3:ca:2d:fd:e0:8c, 2015-01-01 00:18:41.035, 1.012, -0.12, -0.043, 0, 0.366, 0, -110.577, -82.711, -104.035, -25.720, -4.780, -3.967, 23.53, -0.16501, -0.67645, 0.25497, -0.67087,
 11:05:45.505,f6:90:cc:01:6d:25, 2015-01-01 00:18:43.675, 0.985, -0.048, 0.036, 0, 0.488, 0.061, -51.768, -86.424, -107.523, -29.060, -6.760, 3.147, 29.27, 0.14832, -0.68484, -0.10944, -0.70493,
 11:05:45.505,f6:90:cc:01:6d:25, 2015-01-01 00:18:43.675, 0.984, -0.048, 0.033, -0.122, 0.427, 0.183, -51.729, -86.418, -107.606, -29.060, -6.760, 3.147, 29.27, 0.14832, -0.68484, -0.10944, -0.70493,
 11:05:45.526,ed:35:33:d3:6c:f8, 2015-01-01 00:18:44.230, 0.828, -0.037, 0.549, 0, -0.061, 0.488, -4.114, -56.486, -164.251, -23.367, -7.880, -13.320, 30.37, -0.10349, 0.47275, 0.03381, 0.87439,
 11:05:45.526,ed:35:33:d3:6c:f8, 2015-01-01 00:18:44.230, 0.828, -0.038, 0.549, 0.122, -0.122, 0.488, -4.12, -56.486, -164.235, -23.367, -7.880, -13.320, 30.37, -0.10349, 0.47275, 0.03381, 0.87439,
 11:05:45.527,f6:90:cc:01:6d:25, 2015-01-01 00:18:43.675, 0.984, -0.049, 0.034, -0.183, 0.488, 0.122, -51.68, -86.413, -107.699, -29.060, -6.760, 3.147, 29.27, 0.14832, -0.68484, -0.10944, -0.70493,
 11:05:45.527,f6:90:cc:01:6d:25, 2015-01-01 00:18:43.675, 0.983, -0.048, 0.037, -0.122, 0.488, 0.061, -51.614, -86.407, -107.803, -29.060, -6.760, 3.147, 29.27, 0.14832, -0.68484, -0.10944, -0.70493,
 11:05:45.530,ed:40:fe:65:30:6c, 2015-01-01 00:18:40.840, 0.885, 0.042, 0.471, 0.122, -0.305, 0.488, 4.933, -62.078, -113.401, -26.867, -7.087, 4.833, 25.17, 0.48813, -0.41, -0.31378, -0.70361,
 11:05:45.530,ed:40:fe:65:30:6c, 2015-01-01 00:18:40.840, 0.885, 0.042, 0.471, 0.061, -0.305, 0.488, 4.922, -62.084, -113.379, -26.867, -7.087, 4.833, 25.17, 0.48813, -0.41, -0.31378, -0.70361,
 11:05:45.530,e3:ca:2d:fd:e0:8c, 2015-01-01 00:18:41.035, 1.014, -0.119, -0.044, -0.061, 0.366, 0, -110.517, -82.711, -104.09, -25.720, -4.780, -3.967, 23.53, -0.16501, -0.67645, 0.25497, -0.67087,
 11:05:45.530,e3:ca:2d:fd:e0:8c, 2015-01-01 00:18:41.035, 1.012, -0.12, -0.043, -0.061, 0.244, 0, -110.473, -82.716, -104.139, -25.720, -4.780, -3.967, 23.53, -0.16501, -0.67645, 0.25497, -0.67087,
 11:05:45.573,f6:90:cc:01:6d:25, 2015-01-01 00:18:43.675, 0.984, -0.047, 0.035, -0.061, 0.427, 0.122, -51.559, -86.402, -107.897, -29.060, -6.760, 3.147, 29.27, 0.14832, -0.68484, -0.10944, -0.70493,
 11:05:45.573,f6:90:cc:01:6d:25, 2015-01-01 00:18:43.675, 0.984, -0.048, 0.035, -0.061, 0.305, 0.122, -51.531, -86.396, -107.957, -29.060, -6.760, 3.147, 29.27, 0.14832, -0.68484, -0.10944, -0.70493,
 11:05:45.573,ed:35:33:d3:6c:f8, 2015-01-01 00:18:44.230, 0.828, -0.038, 0.548, 0.183, -0.122, 0.427, -4.125, -56.486, -164.224, -23.367, -7.880, -13.320, 30.37, -0.10349, 0.47275, 0.03381, 0.87439,
 11:05:45.573,ed:35:33:d3:6c:f8, 2015-01-01 00:18:44.230, 0.828, -0.039, 0.546, 0.244, -0.122, 0.366, -4.131, -56.492, -164.213, -23.367, -7.880, -13.320, 30.37, -0.10349, 0.47275, 0.03381, 0.87439,
 11:05:45.574,ed:40:fe:65:30:6c, 2015-01-01 00:18:40.840, 0.886, 0.042, 0.47, 0.122, -0.366, 0.427, 4.911, -62.089, -113.362, -26.867, -7.087, 4.833, 25.17, 0.48813, -0.41, -0.31378, -0.70361,
 11:05:45.574,ed:40:fe:65:30:6c, 2015-01-01 00:18:40.840, 0.886, 0.042, 0.47, 0, -0.305, 0.305, 4.905, -62.095, -113.351, -26.867, -7.087, 4.833, 25.17, 0.48813, -0.41, -0.31378, -0.70361,
 11:05:45.575,e3:ca:2d:fd:e0:8c, 2015-01-01 00:18:41.035, 1.011, -0.12, -0.043, 0, 0.183, 0, -110.435, -82.716, -104.167, -25.413, -5.113, -4.547, 23.53, -0.16501, -0.67645, 0.25497, -0.67087,
 11:05:45.575,e3:ca:2d:fd:e0:8c, 2015-01-01 00:18:41.035, 1.012, -0.121, -0.043, 0, 0.122, 0, -110.407, -82.722, -104.194, -25.413, -5.113, -4.547, 23.53, -0.16501, -0.67645, 0.25497, -0.67087,
 11:05:45.616,ed:35:33:d3:6c:f8, 2015-01-01 00:18:44.230, 0.829, -0.038, 0.547, 0.061, -0.061, 0.244, -4.136, -56.492, -164.207, -23.367, -7.880, -13.320, 30.37, -0.10349, 0.47275, 0.03381, 0.87439,
 11:05:45.616,ed:35:33:d3:6c:f8, 2015-01-01 00:18:44.230, 0.829, -0.039, 0.545, -0.061, -0.061, 0.244, -4.142, -56.492, -164.202, -23.367, -7.880, -13.320, 30.37, -0.10349, 0.47275, 0.03381, 0.87439,
 11:05:45.619,ed:40:fe:65:30:6c, 2015-01-01 00:18:40.840, 0.887, 0.042, 0.468, -0.122, -0.366, 0.244, 4.9, -62.1, -113.34, -26.867, -7.087, 4.833, 25.17, 0.48813, -0.41, -0.31378, -0.70361,
 11:05:45.619,ed:40:fe:65:30:6c, 2015-01-01 00:18:40.840, 0.889, 0.044, 0.47, -0.183, -0.305, 0.183, 4.889, -62.106, -113.335, -26.867, -7.087, 4.833, 25.17, 0.48813, -0.41, -0.31378, -0.70361,
 11:05:45.620,e3:ca:2d:fd:e0:8c, 2015-01-01 00:18:41.035, 1.013, -0.12, -0.043, -0.061, 0.061, 0, -110.391, -82.722, -104.205, -25.413, -5.113, -4.547, 23.53, -0.16504, -0.67615, 0.25464, -0.6713,
 11:05:45.620,e3:ca:2d:fd:e0:8c, 2015-01-01 00:18:41.035, 1.014, -0.121, -0.042, -0.122, 0.061, 0, -110.38, -82.722, -104.216, -25.413, -5.113, -4.547, 23.53, -0.16504, -0.67615, 0.25464, -0.6713,
 11:05:45.640,f6:90:cc:01:6d:25, 2015-01-01 00:18:43.675, 0.984, -0.049, 0.034, -0.122, 0.244, 0.122, -51.531, -86.391, -107.996, -29.060, -6.760, 3.147, 29.27, 0.14832, -0.68484, -0.10944, -0.70493,
 11:05:45.640,f6:90:cc:01:6d:25, 2015-01-01 00:18:43.675, 0.987, -0.049, 0.037, -0.244, 0.183, 0.183, -51.559, -86.391, -108.007, -29.060, -6.760, 3.147, 29.27, 0.14832, -0.68484, -0.10944, -0.70493,
 11:05:45.643,e3:ca:2d:fd:e0:8c, 2015-01-01 00:18:41.325, 1.013, -0.121, -0.042, -0.061, 0, 0, -110.369, -82.722, -104.222, -25.413, -5.113, -4.547, 23.53, -0.16504, -0.67615, 0.25464, -0.6713,
 11:05:45.643,e3:ca:2d:fd:e0:8c, 2015-01-01 00:18:41.325, 1.012, -0.123, -0.042, -0.122, 0, 0, -110.363, -82.727, -104.222, -25.413, -5.113, -4.547, 23.53, -0.16504, -0.67615, 0.25464, -0.6713,
 11:05:45.662,ed:35:33:d3:6c:f8, 2015-01-01 00:18:44.230, 0.831, -0.036, 0.549, -0.122, 0, 0.244, -4.147, -56.492, -164.191, -23.367, -7.880, -13.320, 30.37, -0.10349, 0.47275, 0.03381, 0.87439,
 11:05:45.662,ed:35:33:d3:6c:f8, 2015-01-01 00:18:44.230, 0.829, -0.039, 0.547, -0.183, 0.183, 0.366, -4.158, -56.486, -164.18, -23.367, -7.880, -13.320, 30.37, -0.10349, 0.47275, 0.03381, 0.87439,
 11:05:45.664,ed:40:fe:65:30:6c, 2015-01-01 00:18:40.840, 0.887, 0.042, 0.469, 0, -0.183, 0.305, 4.883, -62.111, -113.324, -26.867, -7.087, 4.833, 25.17, 0.48813, -0.41, -0.31378, -0.70361,
 11:05:45.664,ed:40:fe:65:30:6c, 2015-01-01 00:18:40.840, 0.886, 0.038, 0.469, -0.244, -0.122, 0.488, 4.867, -62.111, -113.302, -26.867, -7.087, 4.833, 25.17, 0.48813, -0.41, -0.31378, -0.70361,
 11:05:45.685,ed:35:33:d3:6c:f8, 2015-01-01 00:18:44.230, 0.829, -0.043, 0.547, -0.244, 0.122, 0.427, -4.175, -56.481, -164.169, -23.507, -7.433, -13.253, 30.37, -0.10349, 0.47275, 0.03381, 0.87439,
 11:05:45.685,ed:35:33:d3:6c:f8, 2015-01-01 00:18:44.230, 0.833, -0.04, 0.547, 0, 0.061, 0, -4.175, -56.481, -164.174, -23.507, -7.433, -13.253, 30.37, -0.10349, 0.47275, 0.03381, 0.87439,
 11:05:45.685,f6:90:cc:01:6d:25, 2015-01-01 00:18:43.675, 0.985, -0.049, 0.036, -0.244, 0.244, 0.183, -51.57, -86.385, -108.029, -29.060, -6.760, 3.147, 29.27, 0.14832, -0.68484, -0.10944, -0.70493,
 11:05:45.685,f6:90:cc:01:6d:25, 2015-01-01 00:18:43.675, 0.983, -0.05, 0.035, -0.305, 0.305, 0.122, -51.559, -86.38, -108.083, -29.060, -6.760, 3.147, 29.27, 0.14832, -0.68484, -0.10944, -0.70493,
 11:05:45.686,ed:40:fe:65:30:6c, 2015-01-01 00:18:40.840, 0.891, 0.04, 0.468, -0.305, -0.061, 0.122, 4.856, -62.111, -113.297, -26.833, -7.260, 5.247, 25.17, 0.48813, -0.41, -0.31378, -0.70361,
 11:05:45.686,ed:40:fe:65:30:6c, 2015-01-01 00:18:40.840, 0.892, 0.044, 0.467, -0.061, -0.061, -0.061, 4.861, -62.111, -113.297, -26.833, -7.260, 5.247, 25.17, 0.48813, -0.41, -0.31378, -0.70361,
 11:05:45.687,e3:ca:2d:fd:e0:8c, 2015-01-01 00:18:41.325, 1.013, -0.122, -0.042, -0.122, 0.122, 0, -110.347, -82.727, -104.233, -25.413, -5.113, -4.547, 23.53, -0.16504, -0.67615, 0.25464, -0.6713,
 11:05:45.687,e3:ca:2d:fd:e0:8c, 2015-01-01 00:18:41.325, 1.017, -0.122, -0.043, -0.183, 0.122, 0, -110.325, -82.727, -104.249, -25.413, -5.113, -4.547, 23.53, -0.16504, -0.67615, 0.25464, -0.6713,
 11:05:45.710,f6:90:cc:01:6d:25, 2015-01-01 00:18:43.675, 0.986, -0.05, 0.034, -0.427, 0.366, 0.122, -51.531, -86.375, -108.155, -28.860, -6.520, 3.433, 29.27, 0.14832, -0.68484, -0.10944, -0.70493,
 11:05:45.710,f6:90:cc:01:6d:25, 2015-01-01 00:18:43.675, 0.99, -0.048, 0.035, -0.61, 0.366, 0.122, -51.515, -86.369, -108.221, -28.860, -6.520, 3.433, 29.27, 0.14832, -0.68484, -0.10944, -0.70493,
 11:05:45.729,ed:35:33:d3:6c:f8, 2015-01-01 00:18:44.230, 0.833, -0.034, 0.548, 0.427, -0.183, -0.122, -4.164, -56.486, -164.18, -23.507, -7.433, -13.253, 30.37, -0.10349, 0.47275, 0.03381, 0.87439,
 11:05:45.729,ed:35:33:d3:6c:f8, 2015-01-01 00:18:44.230, 0.83, -0.038, 0.549, -0.244, 0.244, 0.488, -4.18, -56.481, -164.163, -23.507, -7.433, -13.253, 30.37, -0.10349, 0.47275, 0.03381, 0.87439,
 11:05:45.732,e3:ca:2d:fd:e0:8c, 2015-01-01 00:18:41.325, 1.016, -0.121, -0.045, -0.183, 0.244, 0, -110.292, -82.727, -104.277, -25.413, -5.113, -4.547, 23.53, -0.16504, -0.67615, 0.25464, -0.6713,
 11:05:45.732,e3:ca:2d:fd:e0:8c, 2015-01-01 00:18:41.325, 1.014, -0.122, -0.045, -0.183, 0.244, 0, -110.253, -82.733, -104.315, -25.413, -5.113, -4.547, 23.53, -0.16504, -0.67615, 0.25464, -0.6713,
 11:05:45.732,ed:40:fe:65:30:6c, 2015-01-01 00:18:40.840, 0.889, 0.042, 0.47, 0.061, -0.122, 0.427, 4.85, -62.117, -113.286, -26.833, -7.260, 5.247, 25.17, 0.48813, -0.41, -0.31378, -0.70361,
 11:05:45.732,ed:40:fe:65:30:6c, 2015-01-01 00:18:40.840, 0.886, 0.039, 0.469, -0.305, -0.122, 0.671, 4.828, -62.117, -113.258, -26.833, -7.260, 5.247, 25.17, 0.48813, -0.41, -0.31378, -0.70361,
 11:05:45.753,f6:90:cc:01:6d:25, 2015-01-01 00:18:43.675, 0.985, -0.051, 0.033, -0.549, 0.366, 0.122, -51.498, -86.364, -108.287, -28.860, -6.520, 3.433, 29.27, 0.14832, -0.68484, -0.10944, -0.70493,
 11:05:45.753,f6:90:cc:01:6d:25, 2015-01-01 00:18:43.675, 0.983, -0.052, 0.032, -0.366, 0.305, 0.183, -51.515, -86.364, -108.331, -28.860, -6.520, 3.433, 29.27, 0.14832, -0.68484, -0.10944, -0.70493,
 11:05:45.775,f6:90:cc:01:6d:25, 2015-01-01 00:18:43.675, 0.982, -0.049, 0.032, -0.061, 0.305, 0.061, -51.504, -86.358, -108.397, -28.860, -6.520, 3.433, 29.27, 0.14328, -0.68515, -0.10379, -0.70651,
 11:05:45.775,f6:90:cc:01:6d:25, 2015-01-01 00:18:43.675, 0.981, -0.051, 0.036, 0, 0.244, -0.061, -51.482, -86.358, -108.468, -28.860, -6.520, 3.433, 29.27, 0.14328, -0.68515, -0.10379, -0.70651,
 11:05:45.777,e3:ca:2d:fd:e0:8c, 2015-01-01 00:18:41.325, 1.011, -0.121, -0.044, -0.122, 0.427, 0, -110.204, -82.733, -104.365, -25.413, -5.113, -4.547, 23.53, -0.16504, -0.67615, 0.25464, -0.6713,
 11:05:45.777,e3:ca:2d:fd:e0:8c, 2015-01-01 00:18:41.325, 1.011, -0.121, -0.044, 0, 0.427, 0, -110.138, -82.738, -104.425, -25.413, -5.113, -4.547, 23.53, -0.16504, -0.67615, 0.25464, -0.6713,
 11:05:45.799,ed:40:fe:65:30:6c, 2015-01-01 00:18:40.840, 0.884, 0.038, 0.466, -0.061, -0.366, 0.427, 4.812, -62.122, -113.236, -26.833, -7.260, 5.247, 25.17, 0.48886, -0.41058, -0.31369, -0.70279,
 11:05:45.799,ed:40:fe:65:30:6c, 2015-01-01 00:18:40.840, 0.884, 0.039, 0.467, -0.183, -0.366, 0.427, 4.796, -62.133, -113.22, -26.833, -7.260, 5.247, 25.17, 0.48886, -0.41058, -0.31369, -0.70279,
 11:05:45.820,ed:35:33:d3:6c:f8, 2015-01-01 00:18:44.230, 0.828, -0.043, 0.548, -0.183, 0.061, 0.427, -4.191, -56.481, -164.152, -23.507, -7.433, -13.253, 30.37, -0.10413, 0.47278, 0.03329, 0.8743,
 11:05:45.820,ed:35:33:d3:6c:f8, 2015-01-01 00:18:44.230, 0.825, -0.042, 0.545, 0.061, -0.244, 0.305, -4.202, -56.486, -164.141, -23.507, -7.433, -13.253, 30.37, -0.10413, 0.47278, 0.03329, 0.8743,
 11:05:45.820,f6:90:cc:01:6d:25, 2015-01-01 00:18:43.675, 0.982, -0.052, 0.036, -0.122, 0.244, 0, -51.476, -86.358, -108.534, -28.860, -6.520, 3.433, 29.27, 0.14328, -0.68515, -0.10379, -0.70651,
 11:05:45.820,f6:90:cc:01:6d:25, 2015-01-01 00:18:43.675, 0.983, -0.051, 0.035, 0, 0.122, 0, -51.493, -86.353, -108.561, -28.860, -6.520, 3.433, 29.27, 0.14328, -0.68515, -0.10379, -0.70651,
 11:05:45.821,ed:40:fe:65:30:6c, 2015-01-01 00:18:41.195, 0.886, 0.037, 0.466, -0.122, -0.366, 0.549, 4.774, -62.139, -113.203, -26.833, -7.260, 5.247, 25.17, 0.48886, -0.41058, -0.31369, -0.70279,
 11:05:45.821,ed:40:fe:65:30:6c, 2015-01-01 00:18:41.195, 0.887, 0.037, 0.468, 0, -0.366, 0.549, 4.757, -62.15, -113.181, -26.833, -7.260, 5.247, 25.17, 0.48886, -0.41058, -0.31369, -0.70279,
 11:05:45.824,e3:ca:2d:fd:e0:8c, 2015-01-01 00:18:41.325, 1.012, -0.122, -0.042, -0.122, 0.122, 0, -110.11, -82.738, -104.458, -25.413, -5.113, -4.547, 23.53, -0.16504, -0.67615, 0.25464, -0.6713,
 11:05:45.824,e3:ca:2d:fd:e0:8c, 2015-01-01 00:18:41.325, 1.011, -0.123, -0.043, -0.122, -0.061, 0, -110.11, -82.738, -104.453, -25.413, -5.113, -4.547, 23.53, -0.16504, -0.67615, 0.25464, -0.6713,
 11:05:45.842,ed:35:33:d3:6c:f8, 2015-01-01 00:18:44.565, 0.827, -0.041, 0.544, -0.183, -0.244, 0.488, -4.219, -56.492, -164.125, -23.507, -7.433, -13.253, 30.37, -0.10413, 0.47278, 0.03329, 0.8743,
 11:05:45.842,ed:35:33:d3:6c:f8, 2015-01-01 00:18:44.565, 0.828, -0.042, 0.544, -0.122, -0.122, 0.61, -4.241, -56.492, -164.103, -23.507, -7.433, -13.253, 30.37, -0.10413, 0.47278, 0.03329, 0.8743,
 11:05:45.846,e3:ca:2d:fd:e0:8c, 2015-01-01 00:18:41.325, 1.012, -0.123, -0.041, -0.061, 0, 0, -110.11, -82.738, -104.453, -24.933, -4.933, -4.220, 23.53, -0.16504, -0.67615, 0.25464, -0.6713,
 11:05:45.846,e3:ca:2d:fd:e0:8c, 2015-01-01 00:18:41.325, 1.014, -0.122, -0.04, 0, 0.061, 0, -110.094, -82.738, -104.458, -24.933, -4.933, -4.220, 23.53, -0.16504, -0.67615, 0.25464, -0.6713,
 11:05:45.864,ed:35:33:d3:6c:f8, 2015-01-01 00:18:44.565, 0.83, -0.042, 0.546, 0, 0.122, 0.61, -4.257, -56.486, -164.086, -23.507, -7.433, -13.253, 30.37, -0.10413, 0.47278, 0.03329, 0.8743,
 11:05:45.864,ed:35:33:d3:6c:f8, 2015-01-01 00:18:44.565, 0.831, -0.041, 0.548, 0.122, 0.122, 0.488, -4.274, -56.486, -164.07, -23.507, -7.433, -13.253, 30.37, -0.10413, 0.47278, 0.03329, 0.8743,
 11:05:45.865,f6:90:cc:01:6d:25, 2015-01-01 00:18:44.055, 0.985, -0.051, 0.037, 0, 0.061, 0, -51.526, -86.353, -108.578, -28.860, -6.520, 3.433, 29.27, 0.14328, -0.68515, -0.10379, -0.70651,
 11:05:45.865,f6:90:cc:01:6d:25, 2015-01-01 00:18:44.055, 0.986, -0.05, 0.035, -0.122, 0.061, 0, -51.559, -86.353, -108.594, -28.860, -6.520, 3.433, 29.27, 0.14328, -0.68515, -0.10379, -0.70651,
 11:05:45.866,ed:40:fe:65:30:6c, 2015-01-01 00:18:41.195, 0.889, 0.039, 0.468, 0, -0.305, 0.488, 4.741, -62.155, -113.159, -26.833, -7.260, 5.247, 25.17, 0.48886, -0.41058, -0.31369, -0.70279,
 11:05:45.866,ed:40:fe:65:30:6c, 2015-01-01 00:18:41.195, 0.888, 0.041, 0.47, 0, -0.366, 0.366, 4.724, -62.161, -113.143, -26.833, -7.260, 5.247, 25.17, 0.48886, -0.41058, -0.31369, -0.70279,
 11:05:45.887,ed:35:33:d3:6c:f8, 2015-01-01 00:18:44.565, 0.828, -0.039, 0.548, 0.122, 0, 0.427, -4.279, -56.486, -164.059, -23.507, -7.433, -13.253, 30.37, -0.10413, 0.47278, 0.03329, 0.8743,
 11:05:45.887,ed:35:33:d3:6c:f8, 2015-01-01 00:18:44.565, 0.831, -0.042, 0.547, -0.061, 0, 0.549, -4.301, -56.486, -164.037, -23.507, -7.433, -13.253, 30.37, -0.10413, 0.47278, 0.03329, 0.8743,
 11:05:45.890,e3:ca:2d:fd:e0:8c, 2015-01-01 00:18:41.325, 1.013, -0.122, -0.039, -0.061, 0.061, 0, -110.072, -82.738, -104.469, -24.933, -4.933, -4.220, 23.53, -0.16504, -0.67615, 0.25464, -0.6713,
 11:05:45.890,e3:ca:2d:fd:e0:8c, 2015-01-01 00:18:41.325, 1.013, -0.121, -0.042, 0, -0.061, 0, -110.067, -82.738, -104.464, -24.933, -4.933, -4.220, 23.53, -0.16504, -0.67615, 0.25464, -0.6713,
 11:05:45.890,ed:40:fe:65:30:6c, 2015-01-01 00:18:41.195, 0.889, 0.038, 0.468, -0.061, -0.244, 0.549, 4.708, -62.166, -113.121, -26.833, -7.260, 5.247, 25.17, 0.48886, -0.41058, -0.31369, -0.70279,
 11:05:45.890,ed:40:fe:65:30:6c, 2015-01-01 00:18:41.195, 0.89, 0.042, 0.47, -0.183, -0.061, 0.366, 4.691, -62.166, -113.104, -26.833, -7.260, 5.247, 25.17, 0.48886, -0.41058, -0.31369, -0.70279,
 11:05:45.910,f6:90:cc:01:6d:25, 2015-01-01 00:18:44.055, 0.986, -0.051, 0.039, -0.183, 0.183, 0, -51.559, -86.353, -108.644, -28.860, -6.520, 3.433, 29.27, 0.14328, -0.68515, -0.10379, -0.70651,
 11:05:45.910,f6:90:cc:01:6d:25, 2015-01-01 00:18:44.055, 0.987, -0.049, 0.036, -0.122, 0.244, 0, -51.537, -86.353, -108.704, -28.860, -6.520, 3.433, 29.27, 0.14328, -0.68515, -0.10379, -0.70651,
 11:05:45.932,ed:35:33:d3:6c:f8, 2015-01-01 00:18:44.565, 0.831, -0.039, 0.549, 0.061, 0.122, 0.244, -4.301, -56.481, -164.031, -23.507, -7.433, -13.253, 30.37, -0.10413, 0.47278, 0.03329, 0.8743,
 11:05:45.932,ed:35:33:d3:6c:f8, 2015-01-01 00:18:44.565, 0.829, -0.038, 0.549, 0.061, 0.122, 0.366, -4.312, -56.481, -164.02, -23.507, -7.433, -13.253, 30.37, -0.10413, 0.47278, 0.03329, 0.8743,
 11:05:45.933,f6:90:cc:01:6d:25, 2015-01-01 00:18:44.055, 0.985, -0.048, 0.035, 0, 0.183, 0, -51.526, -86.347, -108.754, -28.860, -6.520, 3.433, 29.27, 0.14328, -0.68515, -0.10379, -0.70651,
 11:05:45.933,f6:90:cc:01:6d:25, 2015-01-01 00:18:44.055, 0.984, -0.049, 0.035, 0, 0.183, 0, -51.515, -86.347, -108.798, -28.860, -6.520, 3.433, 29.27, 0.14328, -0.68515, -0.10379, -0.70651,
 11:05:45.933,ed:40:fe:65:30:6c, 2015-01-01 00:18:41.195, 0.888, 0.042, 0.469, 0.122, -0.061, 0.305, 4.686, -62.166, -113.093, -26.833, -7.260, 5.247, 25.17, 0.48886, -0.41058, -0.31369, -0.70279,
 11:05:45.933,ed:40:fe:65:30:6c, 2015-01-01 00:18:41.195, 0.888, 0.04, 0.468, -0.122, -0.061, 0.488, 4.669, -62.172, -113.071, -26.833, -7.260, 5.247, 25.17, 0.48886, -0.41058, -0.31369, -0.70279,
 11:05:45.934,e3:ca:2d:fd:e0:8c, 2015-01-01 00:18:41.325, 1.014, -0.121, -0.041, 0, 0, 0, -110.056, -82.738, -104.464, -24.933, -4.933, -4.220, 23.53, -0.16479, -0.67603, 0.25421, -0.67163,
 11:05:45.934,e3:ca:2d:fd:e0:8c, 2015-01-01 00:18:41.325, 1.013, -0.119, -0.041, -0.061, 0.061, 0, -110.039, -82.738, -104.469, -24.933, -4.933, -4.220, 23.53, -0.16479, -0.67603, 0.25421, -0.67163,
 11:05:45.975,ed:35:33:d3:6c:f8, 2015-01-01 00:18:44.565, 0.83, -0.041, 0.548, -0.122, 0.122, 0.427, -4.323, -56.475, -164.009, -23.507, -7.433, -13.253, 30.37, -0.10413, 0.47278, 0.03329, 0.8743,
 11:05:45.976,ed:35:33:d3:6c:f8, 2015-01-01 00:18:44.565, 0.829, -0.042, 0.546, 0, 0, 0.183, -4.329, -56.475, -164.004, -23.507, -7.433, -13.253, 30.37, -0.10413, 0.47278, 0.03329, 0.8743,
 11:05:45.977,f6:90:cc:01:6d:25, 2015-01-01 00:18:44.055, 0.983, -0.049, 0.034, -0.183, 0.122, 0, -51.52, -86.347, -108.831, -28.860, -6.520, 3.433, 29.27, 0.14328, -0.68515, -0.10379, -0.70651,
 11:05:45.977,f6:90:cc:01:6d:25, 2015-01-01 00:18:44.055, 0.983, -0.049, 0.033, -0.183, 0.122, 0, -51.531, -86.347, -108.864, -28.860, -6.520, 3.433, 29.27, 0.14328, -0.68515, -0.10379, -0.70651,
 11:05:45.978,ed:40:fe:65:30:6c, 2015-01-01 00:18:41.195, 0.889, 0.039, 0.468, -0.183, -0.122, 0.366, 4.653, -62.172, -113.055, -26.833, -7.260, 5.247, 25.17, 0.48886, -0.41058, -0.31369, -0.70279,
 11:05:45.978,ed:40:fe:65:30:6c, 2015-01-01 00:18:41.195, 0.886, 0.04, 0.467, -0.366, -0.183, 0.122, 4.642, -62.172, -113.049, -26.833, -7.260, 5.247, 25.17, 0.48886, -0.41058, -0.31369, -0.70279,
 11:05:45.980,e3:ca:2d:fd:e0:8c, 2015-01-01 00:18:41.640, 1.014, -0.121, -0.043, -0.122, 0, 0, -110.028, -82.738, -104.474, -24.933, -4.933, -4.220, 23.53, -0.16479, -0.67603, 0.25421, -0.67163,
 11:05:45.980,e3:ca:2d:fd:e0:8c, 2015-01-01 00:18:41.640, 1.013, -0.122, -0.045, -0.122, 0, 0, -110.017, -82.738, -104.474, -24.933, -4.933, -4.220, 23.53, -0.16479, -0.67603, 0.25421, -0.67163,
 11:05:45.998,ed:35:33:d3:6c:f8, 2015-01-01 00:18:44.565, 0.826, -0.04, 0.546, -0.061, 0, 0, -4.329, -56.475, -164.004, -23.507, -7.433, -13.253, 30.37, -0.10413, 0.47278, 0.03329, 0.8743,
 11:05:45.998,ed:35:33:d3:6c:f8, 2015-01-01 00:18:44.565, 0.829, -0.039, 0.546, -0.122, 0, 0, -4.329, -56.475, -164.009, -23.507, -7.433, -13.253, 30.37, -0.10413, 0.47278, 0.03329, 0.8743,
 11:05:46.002,e3:ca:2d:fd:e0:8c, 2015-01-01 00:18:41.640, 1.013, -0.121, -0.043, -0.183, 0, 0, -110.012, -82.738, -104.474, -24.933, -4.933, -4.220, 23.53, -0.16479, -0.67603, 0.25421, -0.67163,
 11:05:46.002,e3:ca:2d:fd:e0:8c, 2015-01-01 00:18:41.640, 1.014, -0.121, -0.043, -0.183, -0.061, 0, -110.017, -82.738, -104.469, -24.933, -4.933, -4.220, 23.53, -0.16479, -0.67603, 0.25421, -0.67163,
 11:05:46.043,ed:35:33:d3:6c:f8, 2015-01-01 00:18:44.565, 0.83, -0.039, 0.545, -0.122, 0, 0, -4.334, -56.475, -164.009, -23.507, -7.433, -13.253, 30.37, -0.10413, 0.47278, 0.03329, 0.8743,
 11:05:46.043,ed:35:33:d3:6c:f8, 2015-01-01 00:18:44.565, 0.831, -0.04, 0.547, -0.244, 0, 0.061, -4.334, -56.475, -164.009, -23.507, -7.433, -13.253, 30.37, -0.10413, 0.47278, 0.03329, 0.8743,
 11:05:46.044,f6:90:cc:01:6d:25, 2015-01-01 00:18:44.055, 0.984, -0.05, 0.035, -0.122, 0.122, 0, -51.537, -86.347, -108.891, -28.860, -6.520, 3.433, 29.27, 0.14328, -0.68515, -0.10379, -0.70651,
 11:05:46.044,f6:90:cc:01:6d:25, 2015-01-01 00:18:44.055, 0.985, -0.05, 0.033, -0.122, 0.061, 0, -51.553, -86.347, -108.924, -28.860, -6.520, 3.433, 29.27, 0.14328, -0.68515, -0.10379, -0.70651,
 11:05:46.047,ed:40:fe:65:30:6c, 2015-01-01 00:18:41.195, 0.886, 0.041, 0.467, -0.305, -0.183, 0, 4.636, -62.177, -113.049, -26.833, -7.260, 5.247, 25.17, 0.48886, -0.41058, -0.31369, -0.70279,
 11:05:46.047,ed:40:fe:65:30:6c, 2015-01-01 00:18:41.195, 0.888, 0.04, 0.466, -0.366, -0.244, 0.122, 4.631, -62.183, -113.044, -26.833, -7.260, 5.247, 25.17, 0.48886, -0.41058, -0.31369, -0.70279,
 11:05:46.049,e3:ca:2d:fd:e0:8c, 2015-01-01 00:18:41.640, 1.015, -0.12, -0.044, -0.122, -0.305, 0, -110.05, -82.738, -104.431, -24.933, -4.933, -4.220, 23.53, -0.16479, -0.67603, 0.25421, -0.67163,
 11:05:46.049,e3:ca:2d:fd:e0:8c, 2015-01-01 00:18:41.640, 1.015, -0.12, -0.043, 0, -0.366, 0, -110.099, -82.738, -104.381, -24.933, -4.933, -4.220, 23.53, -0.16479, -0.67603, 0.25421, -0.67163,
 11:05:46.071,ed:40:fe:65:30:6c, 2015-01-01 00:18:41.195, 0.89, 0.04, 0.467, -0.305, -0.305, 0.244, 4.62, -62.188, -113.038, -27.080, -6.713, 4.600, 25.17, 0.48886, -0.41058, -0.31369, -0.70279,
 11:05:46.071,ed:40:fe:65:30:6c, 2015-01-01 00:18:41.195, 0.889, 0.039, 0.467, -0.366, -0.244, 0.305, 4.609, -62.188, -113.027, -27.080, -6.713, 4.600, 25.17, 0.48886, -0.41058, -0.31369, -0.70279,
 11:05:46.090,f6:90:cc:01:6d:25, 2015-01-01 00:18:44.055, 0.986, -0.049, 0.035, 0.122, -0.061, 0, -51.586, -86.347, -108.929, -28.700, -7.187, 3.427, 29.27, 0.14328, -0.68515, -0.10379, -0.70651,
 11:05:46.090,f6:90:cc:01:6d:25, 2015-01-01 00:18:44.055, 0.985, -0.049, 0.035, 0.061, -0.061, 0, -51.641, -86.353, -108.918, -28.700, -7.187, 3.427, 29.27, 0.14328, -0.68515, -0.10379, -0.70651,
 11:05:46.092,e3:ca:2d:fd:e0:8c, 2015-01-01 00:18:41.640, 1.013, -0.121, -0.041, 0, -0.244, 0, -110.132, -82.733, -104.337, -24.933, -4.933, -4.220, 23.53, -0.16479, -0.67603, 0.25421, -0.67163,
 11:05:46.092,e3:ca:2d:fd:e0:8c, 2015-01-01 00:18:41.640, 1.012, -0.122, -0.04, 0, 0, 0, -110.132, -82.733, -104.332, -24.933, -4.933, -4.220, 23.53, -0.16479, -0.67603, 0.25421, -0.67163,
 11:05:46.112,ed:35:33:d3:6c:f8, 2015-01-01 00:18:44.565, 0.83, -0.041, 0.546, -0.366, 0.061, 0.122, -4.345, -56.475, -164.004, -23.047, -7.587, -13.480, 30.37, -0.10413, 0.47278, 0.03329, 0.8743,
 11:05:46.112,ed:35:33:d3:6c:f8, 2015-01-01 00:18:44.565, 0.83, -0.041, 0.547, -0.427, 0.122, 0.183, -4.356, -56.475, -164.004, -23.047, -7.587, -13.480, 30.37, -0.10413, 0.47278, 0.03329, 0.8743,
 11:05:46.114,ed:40:fe:65:30:6c, 2015-01-01 00:18:41.195, 0.888, 0.039, 0.467, -0.366, -0.244, 0.244, 4.592, -62.194, -113.016, -27.080, -6.713, 4.600, 25.17, 0.48886, -0.41058, -0.31369, -0.70279,
 11:05:46.114,ed:40:fe:65:30:6c, 2015-01-01 00:18:41.195, 0.887, 0.038, 0.466, -0.305, -0.183, 0.244, 4.581, -62.199, -113.005, -27.080, -6.713, 4.600, 25.17, 0.48886, -0.41058, -0.31369, -0.70279,
 11:05:46.134,ed:35:33:d3:6c:f8, 2015-01-01 00:18:44.565, 0.827, -0.042, 0.546, -0.244, -0.061, 0.122, -4.367, -56.475, -163.998, -23.047, -7.587, -13.480, 30.37, -0.10464, 0.47284, 0.03253, 0.87424,
 11:05:46.134,ed:35:33:d3:6c:f8, 2015-01-01 00:18:44.565, 0.827, -0.043, 0.546, -0.122, -0.061, 0.122, -4.373, -56.475, -163.998, -23.047, -7.587, -13.480, 30.37, -0.10464, 0.47284, 0.03253, 0.87424,
 11:05:46.135,f6:90:cc:01:6d:25, 2015-01-01 00:18:44.055, 0.984, -0.051, 0.035, 0, 0, 0, -51.691, -86.353, -108.907, -28.700, -7.187, 3.427, 29.27, 0.14328, -0.68515, -0.10379, -0.70651,
 11:05:46.135,f6:90:cc:01:6d:25, 2015-01-01 00:18:44.055, 0.983, -0.051, 0.038, 0.061, 0.061, 0, -51.724, -86.353, -108.913, -28.700, -7.187, 3.427, 29.27, 0.14328, -0.68515, -0.10379, -0.70651,
 11:05:46.136,ed:40:fe:65:30:6c, 2015-01-01 00:18:41.195, 0.886, 0.037, 0.467, -0.244, -0.244, 0.244, 4.57, -62.205, -112.994, -27.080, -6.713, 4.600, 25.17, 0.48938, -0.4115, -0.31339, -0.70203,
 11:05:46.136,ed:40:fe:65:30:6c, 2015-01-01 00:18:41.195, 0.887, 0.037, 0.467, -0.183, -0.183, 0.244, 4.559, -62.205, -112.989, -27.080, -6.713, 4.600, 25.17, 0.48938, -0.4115, -0.31339, -0.70203,
 11:05:46.138,e3:ca:2d:fd:e0:8c, 2015-01-01 00:18:41.640, 1.012, -0.121, -0.041, -0.061, -0.061, 0, -110.132, -82.733, -104.326, -24.933, -4.933, -4.220, 23.53, -0.16479, -0.67603, 0.25421, -0.67163,
 11:05:46.138,e3:ca:2d:fd:e0:8c, 2015-01-01 00:18:41.640, 1.012, -0.12, -0.041, 0, -0.122, 0, -110.138, -82.733, -104.31, -24.933, -4.933, -4.220, 23.53, -0.16479, -0.67603, 0.25421, -0.67163,
 11:05:46.160,f6:90:cc:01:6d:25, 2015-01-01 00:18:44.055, 0.984, -0.05, 0.037, 0.122, 0.061, 0, -51.74, -86.353, -108.929, -28.700, -7.187, 3.427, 29.27, 0.13849, -0.68591, -0.09903, -0.70743,
 11:05:46.160,f6:90:cc:01:6d:25, 2015-01-01 00:18:44.055, 0.983, -0.049, 0.034, 0.122, 0.122, 0, -51.751, -86.353, -108.951, -28.700, -7.187, 3.427, 29.27, 0.13849, -0.68591, -0.09903, -0.70743,
 11:05:46.180,ed:35:33:d3:6c:f8, 2015-01-01 00:18:44.565, 0.828, -0.042, 0.546, 0, 0, 0.122, -4.373, -56.481, -163.993, -23.047, -7.587, -13.480, 30.37, -0.10464, 0.47284, 0.03253, 0.87424,
 11:05:46.180,ed:35:33:d3:6c:f8, 2015-01-01 00:18:44.565, 0.828, -0.041, 0.546, 0.244, 0, 0, -4.367, -56.481, -163.993, -23.047, -7.587, -13.480, 30.37, -0.10464, 0.47284, 0.03253, 0.87424,
 11:05:46.182,ed:40:fe:65:30:6c, 2015-01-01 00:18:41.195, 0.887, 0.038, 0.467, -0.061, -0.061, 0.122, 4.554, -62.21, -112.983, -27.080, -6.713, 4.600, 25.17, 0.48938, -0.4115, -0.31339, -0.70203,
 11:05:46.182,ed:40:fe:65:30:6c, 2015-01-01 00:18:41.195, 0.888, 0.039, 0.467, 0.061, -0.061, 0.061, 4.559, -62.21, -112.978, -27.080, -6.713, 4.600, 25.17, 0.48938, -0.4115, -0.31339, -0.70203,
 11:05:46.183,e3:ca:2d:fd:e0:8c, 2015-01-01 00:18:41.640, 1.013, -0.12, -0.042, 0, -0.183, 0, -110.149, -82.733, -104.282, -25.553, -4.747, -4.900, 23.53, -0.16479, -0.67603, 0.25421, -0.67163,
 11:05:46.183,e3:ca:2d:fd:e0:8c, 2015-01-01 00:18:41.640, 1.013, -0.121, -0.042, 0, -0.061, 0, -110.154, -82.733, -104.271, -25.553, -4.747, -4.900, 23.53, -0.16479, -0.67603, 0.25421, -0.67163,
 11:05:46.201,ed:35:33:d3:6c:f8, 2015-01-01 00:18:44.945, 0.829, -0.04, 0.547, 0.244, 0, 0.122, -4.367, -56.481, -163.993, -23.047, -7.587, -13.480, 30.37, -0.10464, 0.47284, 0.03253, 0.87424,
 11:05:46.201,ed:35:33:d3:6c:f8, 2015-01-01 00:18:44.945, 0.831, -0.041, 0.548, 0.244, 0, 0.244, -4.367, -56.481, -163.987, -23.047, -7.587, -13.480, 30.37, -0.10464, 0.47284, 0.03253, 0.87424,
 11:05:46.202,f6:90:cc:01:6d:25, 2015-01-01 00:18:44.055, 0.985, -0.05, 0.035, 0.122, 0.061, 0, -51.757, -86.353, -108.979, -28.700, -7.187, 3.427, 29.27, 0.13849, -0.68591, -0.09903, -0.70743,
 11:05:46.202,f6:90:cc:01:6d:25, 2015-01-01 00:18:44.055, 0.985, -0.051, 0.034, 0.061, 0.122, 0, -51.773, -86.353, -109.001, -28.700, -7.187, 3.427, 29.27, 0.13849, -0.68591, -0.09903, -0.70743,
 11:05:46.205,e3:ca:2d:fd:e0:8c, 2015-01-01 00:18:41.640, 1.014, -0.121, -0.042, -0.122, 0, 0, -110.143, -82.738, -104.266, -25.553, -4.747, -4.900, 23.53, -0.16403, -0.67636, 0.25348, -0.67178,
 11:05:46.205,e3:ca:2d:fd:e0:8c, 2015-01-01 00:18:41.640, 1.015, -0.121, -0.043, -0.122, -0.122, 0, -110.149, -82.738, -104.255, -25.553, -4.747, -4.900, 23.53, -0.16403, -0.67636, 0.25348, -0.67178,
 11:05:46.247,f6:90:cc:01:6d:25, 2015-01-01 00:18:44.435, 0.986, -0.05, 0.035, 0, 0.061, 0, -51.784, -86.353, -109.028, -28.700, -7.187, 3.427, 29.27, 0.13849, -0.68591, -0.09903, -0.70743,
 11:05:46.247,f6:90:cc:01:6d:25, 2015-01-01 00:18:44.435, 0.985, -0.05, 0.036, 0, 0.061, 0, -51.806, -86.353, -109.045, -28.700, -7.187, 3.427, 29.27, 0.13849, -0.68591, -0.09903, -0.70743,
 11:05:46.247,ed:35:33:d3:6c:f8, 2015-01-01 00:18:44.945, 0.829, -0.04, 0.546, 0.305, -0.061, 0.244, -4.367, -56.481, -163.976, -23.047, -7.587, -13.480, 30.37, -0.10464, 0.47284, 0.03253, 0.87424,
 11:05:46.247,ed:35:33:d3:6c:f8, 2015-01-01 00:18:44.945, 0.83, -0.039, 0.547, 0.061, 0, 0.366, -4.378, -56.481, -163.965, -23.047, -7.587, -13.480, 30.37, -0.10464, 0.47284, 0.03253, 0.87424,
 11:05:46.252,e3:ca:2d:fd:e0:8c, 2015-01-01 00:18:41.640, 1.014, -0.121, -0.044, 0, -0.244, 0, -110.171, -82.733, -104.222, -25.553, -4.747, -4.900, 23.53, -0.16403, -0.67636, 0.25348, -0.67178,
 11:05:46.252,e3:ca:2d:fd:e0:8c, 2015-01-01 00:18:41.640, 1.013, -0.12, -0.043, 0.183, -0.122, 0, -110.182, -82.733, -104.2, -25.553, -4.747, -4.900, 23.53, -0.16403, -0.67636, 0.25348, -0.67178,
 11:05:46.253,ed:40:fe:65:30:6c, 2015-01-01 00:18:41.575, 0.889, 0.039, 0.468, 0.122, -0.061, 0.244, 4.554, -62.21, -112.967, -27.080, -6.713, 4.600, 25.17, 0.48938, -0.4115, -0.31339, -0.70203,
 11:05:46.253,ed:40:fe:65:30:6c, 2015-01-01 00:18:41.575, 0.889, 0.04, 0.466, 0.183, -0.061, 0.244, 4.548, -62.21, -112.956, -27.080, -6.713, 4.600, 25.17, 0.48938, -0.4115, -0.31339, -0.70203,
 11:05:46.270,f6:90:cc:01:6d:25, 2015-01-01 00:18:44.435, 0.984, -0.048, 0.031, 0.183, 0, 0, -51.828, -86.353, -109.056, -28.700, -7.187, 3.427, 29.27, 0.13849, -0.68591, -0.09903, -0.70743,
 11:05:46.270,f6:90:cc:01:6d:25, 2015-01-01 00:18:44.435, 0.982, -0.051, 0.035, 0.122, 0.061, 0, -51.861, -86.358, -109.061, -28.700, -7.187, 3.427, 29.27, 0.13849, -0.68591, -0.09903, -0.70743,
 11:05:46.271,ed:40:fe:65:30:6c, 2015-01-01 00:18:41.575, 0.889, 0.04, 0.467, 0.183, -0.061, 0.305, 4.548, -62.21, -112.945, -27.080, -6.713, 4.600, 25.17, 0.48938, -0.4115, -0.31339, -0.70203,
 11:05:46.271,ed:40:fe:65:30:6c, 2015-01-01 00:18:41.575, 0.887, 0.04, 0.466, 0.061, 0, 0.427, 4.532, -62.21, -112.928, -27.080, -6.713, 4.600, 25.17, 0.48938, -0.4115, -0.31339, -0.70203,
 11:05:46.291,ed:35:33:d3:6c:f8, 2015-01-01 00:18:44.945, 0.827, -0.04, 0.545, 0, 0, 0.488, -4.389, -56.481, -163.949, -23.047, -7.587, -13.480, 30.37, -0.10464, 0.47284, 0.03253, 0.87424,
 11:05:46.291,ed:35:33:d3:6c:f8, 2015-01-01 00:18:44.945, 0.829, -0.045, 0.545, -0.366, -0.061, 0.549, -4.411, -56.481, -163.932, -23.047, -7.587, -13.480, 30.37, -0.10464, 0.47284, 0.03253, 0.87424,
 11:05:46.292,f6:90:cc:01:6d:25, 2015-01-01 00:18:44.435, 0.985, -0.051, 0.035, 0, 0.122, 0, -51.883, -86.358, -109.083, -28.700, -7.187, 3.427, 29.27, 0.13849, -0.68591, -0.09903, -0.70743,
 11:05:46.292,f6:90:cc:01:6d:25, 2015-01-01 00:18:44.435, 0.989, -0.046, 0.035, -0.122, 0.183, 0, -51.888, -86.353, -109.116, -28.700, -7.187, 3.427, 29.27, 0.13849, -0.68591, -0.09903, -0.70743,
 11:05:46.293,ed:40:fe:65:30:6c, 2015-01-01 00:18:41.575, 0.887, 0.035, 0.465, -0.061, -0.061, 0.549, 4.515, -62.216, -112.901, -27.080, -6.713, 4.600, 25.17, 0.48938, -0.4115, -0.31339, -0.70203,
 11:05:46.293,ed:40:fe:65:30:6c, 2015-01-01 00:18:41.575, 0.891, 0.036, 0.465, -0.366, -0.061, 0.427, 4.493, -62.216, -112.885, -27.080, -6.713, 4.600, 25.17, 0.48938, -0.4115, -0.31339, -0.70203,
 11:05:46.295,e3:ca:2d:fd:e0:8c, 2015-01-01 00:18:41.930, 1.011, -0.121, -0.042, 0.061, 0, 0, -110.176, -82.733, -104.194, -25.553, -4.747, -4.900, 23.53, -0.16403, -0.67636, 0.25348, -0.67178,
 11:05:46.295,e3:ca:2d:fd:e0:8c, 2015-01-01 00:18:41.930, 1.012, -0.121, -0.042, -0.061, -0.061, 0, -110.176, -82.733, -104.189, -25.553, -4.747, -4.900, 23.53, -0.16403, -0.67636, 0.25348, -0.67178,
 11:05:46.337,ed:35:33:d3:6c:f8, 2015-01-01 00:18:44.945, 0.833, -0.043, 0.542, -0.183, -0.183, 0.305, -4.422, -56.486, -163.922, -23.047, -7.587, -13.480, 30.37, -0.10464, 0.47284, 0.03253, 0.87424,
 11:05:46.337,ed:35:33:d3:6c:f8, 2015-01-01 00:18:44.945, 0.832, -0.038, 0.55, 0, 0.061, 0, -4.422, -56.486, -163.922, -23.047, -7.587, -13.480, 30.37, -0.10464, 0.47284, 0.03253, 0.87424,
 11:05:46.337,f6:90:cc:01:6d:25, 2015-01-01 00:18:44.435, 0.987, -0.05, 0.035, -0.122, 0.122, 0, -51.888, -86.353, -109.155, -28.700, -7.187, 3.427, 29.27, 0.13849, -0.68591, -0.09903, -0.70743,
 11:05:46.337,f6:90:cc:01:6d:25, 2015-01-01 00:18:44.435, 0.985, -0.05, 0.031, 0.122, 0.122, 0, -51.899, -86.353, -109.188, -28.700, -7.187, 3.427, 29.27, 0.13849, -0.68591, -0.09903, -0.70743,
 11:05:46.338,ed:40:fe:65:30:6c, 2015-01-01 00:18:41.575, 0.892, 0.042, 0.466, -0.183, 0, 0, 4.493, -62.216, -112.885, -27.080, -6.713, 4.600, 25.17, 0.48938, -0.4115, -0.31339, -0.70203,
 11:05:46.338,ed:40:fe:65:30:6c, 2015-01-01 00:18:41.575, 0.89, 0.039, 0.47, 0.183, 0, 0.122, 4.493, -62.216, -112.879, -27.080, -6.713, 4.600, 25.17, 0.48938, -0.4115, -0.31339, -0.70203,
 11:05:46.340,e3:ca:2d:fd:e0:8c, 2015-01-01 00:18:41.930, 1.017, -0.121, -0.043, -0.183, -0.244, 0, -110.198, -82.733, -104.161, -25.553, -4.747, -4.900, 23.53, -0.16403, -0.67636, 0.25348, -0.67178,
 11:05:46.340,e3:ca:2d:fd:e0:8c, 2015-01-01 00:18:41.930, 1.016, -0.12, -0.043, 0, -0.305, 0, -110.231, -82.733, -104.117, -25.553, -4.747, -4.900, 23.53, -0.16403, -0.67636, 0.25348, -0.67178,
 11:05:46.384,f6:90:cc:01:6d:25, 2015-01-01 00:18:44.435, 0.984, -0.049, 0.034, 0.183, 0.244, 0, -51.894, -86.353, -109.237, -28.700, -7.187, 3.427, 29.27, 0.13849, -0.68591, -0.09903, -0.70743,
 11:05:46.384,f6:90:cc:01:6d:25, 2015-01-01 00:18:44.435, 0.982, -0.051, 0.036, 0.122, 0.183, 0, -51.877, -86.353, -109.292, -28.700, -7.187, 3.427, 29.27, 0.13849, -0.68591, -0.09903, -0.70743,
 11:05:46.385,e3:ca:2d:fd:e0:8c, 2015-01-01 00:18:41.930, 1.013, -0.12, -0.042, 0.061, 0.061, 0, -110.231, -82.733, -104.112, -25.553, -4.747, -4.900, 23.53, -0.16403, -0.67636, 0.25348, -0.67178,
 11:05:46.385,e3:ca:2d:fd:e0:8c, 2015-01-01 00:18:41.930, 1.012, -0.12, -0.043, 0, 0.061, 0, -110.215, -82.733, -104.123, -25.553, -4.747, -4.900, 23.53, -0.16403, -0.67636, 0.25348, -0.67178,
 11:05:46.405,ed:35:33:d3:6c:f8, 2015-01-01 00:18:44.945, 0.831, -0.04, 0.55, 0.122, 0.244, 0.305, -4.427, -56.481, -163.916, -23.047, -7.587, -13.480, 30.37, -0.10464, 0.47284, 0.03253, 0.87424,
 11:05:46.405,ed:35:33:d3:6c:f8, 2015-01-01 00:18:44.945, 0.829, -0.046, 0.547, 0.305, -0.305, 0.122, -4.422, -56.486, -163.911, -23.047, -7.587, -13.480, 30.37, -0.10464, 0.47284, 0.03253, 0.87424,
 11:05:46.407,ed:40:fe:65:30:6c, 2015-01-01 00:18:41.575, 0.888, 0.037, 0.467, 0.122, -0.061, 0.366, 4.488, -62.216, -112.863, -27.080, -6.713, 4.600, 25.17, 0.48938, -0.4115, -0.31339, -0.70203,
 11:05:46.407,ed:40:fe:65:30:6c, 2015-01-01 00:18:41.575, 0.887, 0.037, 0.466, 0.366, -0.183, 0.061, 4.493, -62.221, -112.863, -27.080, -6.713, 4.600, 25.17, 0.48938, -0.4115, -0.31339, -0.70203,
 11:05:46.407,e3:ca:2d:fd:e0:8c, 2015-01-01 00:18:41.930, 1.012, -0.121, -0.043, -0.061, -0.061, 0, -110.209, -82.733, -104.117, -25.553, -4.747, -4.900, 23.53, -0.16403, -0.67636, 0.25348, -0.67178,
 11:05:46.407,e3:ca:2d:fd:e0:8c, 2015-01-01 00:18:41.930, 1.012, -0.122, -0.043, -0.061, -0.183, 0, -110.231, -82.733, -104.09, -25.553, -4.747, -4.900, 23.53, -0.16403, -0.67636, 0.25348, -0.67178,
 11:05:46.426,ed:35:33:d3:6c:f8, 2015-01-01 00:18:44.945, 0.827, -0.042, 0.545, 0.488, -0.427, 0, -4.417, -56.497, -163.911, -22.867, -7.593, -12.913, 30.37, -0.10464, 0.47284, 0.03253, 0.87424,
 11:05:46.426,ed:35:33:d3:6c:f8, 2015-01-01 00:18:44.945, 0.827, -0.042, 0.545, 0.122, -0.183, 0.244, -4.422, -56.497, -163.905, -22.867, -7.593, -12.913, 30.37, -0.10464, 0.47284, 0.03253, 0.87424,
 11:05:46.428,f6:90:cc:01:6d:25, 2015-01-01 00:18:44.435, 0.982, -0.053, 0.037, 0.061, 0.122, 0, -51.877, -86.353, -109.33, -28.700, -7.187, 3.427, 29.27, 0.13849, -0.68591, -0.09903, -0.70743,
 11:05:46.428,f6:90:cc:01:6d:25, 2015-01-01 00:18:44.435, 0.982, -0.052, 0.034, 0.122, 0, 0, -51.905, -86.353, -109.347, -28.700, -7.187, 3.427, 29.27, 0.13849, -0.68591, -0.09903, -0.70743,
 11:05:46.429,ed:40:fe:65:30:6c, 2015-01-01 00:18:41.575, 0.886, 0.036, 0.466, 0.305, -0.061, 0.122, 4.499, -62.221, -112.857, -26.707, -6.820, 4.393, 25.17, 0.48938, -0.4115, -0.31339, -0.70203,
 11:05:46.429,ed:40:fe:65:30:6c, 2015-01-01 00:18:41.575, 0.885, 0.035, 0.467, 0.183, 0, 0.244, 4.493, -62.221, -112.846, -26.707, -6.820, 4.393, 25.17, 0.48938, -0.4115, -0.31339, -0.70203,
 11:05:46.452,e3:ca:2d:fd:e0:8c, 2015-01-01 00:18:41.930, 1.011, -0.123, -0.043, 0, -0.305, 0, -110.27, -82.733, -104.046, -25.553, -4.747, -4.900, 23.53, -0.16403, -0.67636, 0.25348, -0.67178,
 11:05:46.452,e3:ca:2d:fd:e0:8c, 2015-01-01 00:18:41.930, 1.013, -0.121, -0.042, 0, -0.183, 0, -110.286, -82.733, -104.019, -25.553, -4.747, -4.900, 23.53, -0.16403, -0.67636, 0.25348, -0.67178,
 11:05:46.472,ed:35:33:d3:6c:f8, 2015-01-01 00:18:44.945, 0.827, -0.043, 0.546, 0.122, 0, 0.427, -4.427, -56.497, -163.889, -22.867, -7.593, -12.913, 30.37, -0.10464, 0.47284, 0.03253, 0.87424,
 11:05:46.472,ed:35:33:d3:6c:f8, 2015-01-01 00:18:44.945, 0.831, -0.043, 0.547, 0.305, -0.122, 0.305, -4.433, -56.503, -163.878, -22.867, -7.593, -12.913, 30.37, -0.10464, 0.47284, 0.03253, 0.87424,
 11:05:46.494,ed:35:33:d3:6c:f8, 2015-01-01 00:18:44.945, 0.829, -0.041, 0.548, 0.183, -0.183, 0.122, -4.433, -56.503, -163.872, -22.867, -7.593, -12.913, 30.37, -0.10526, 0.47308, 0.03253, 0.87402,
 11:05:46.494,ed:35:33:d3:6c:f8, 2015-01-01 00:18:44.945, 0.832, -0.042, 0.546, -0.061, -0.061, 0.244, -4.438, -56.508, -163.872, -22.867, -7.593, -12.913, 30.37, -0.10526, 0.47308, 0.03253, 0.87402,
 11:05:46.495,f6:90:cc:01:6d:25, 2015-01-01 00:18:44.435, 0.985, -0.052, 0.034, 0.183, -0.061, 0, -51.949, -86.353, -109.341, -28.707, -6.707, 3.513, 29.27, 0.13849, -0.68591, -0.09903, -0.70743,
 11:05:46.495,f6:90:cc:01:6d:25, 2015-01-01 00:18:44.435, 0.987, -0.051, 0.037, 0.122, 0.061, 0, -51.993, -86.353, -109.341, -28.707, -6.707, 3.513, 29.27, 0.13849, -0.68591, -0.09903, -0.70743,
 11:05:46.496,ed:40:fe:65:30:6c, 2015-01-01 00:18:41.575, 0.886, 0.036, 0.466, 0.305, 0, 0.305, 4.488, -62.221, -112.835, -26.707, -6.820, 4.393, 25.17, 0.48938, -0.4115, -0.31339, -0.70203,
 11:05:46.496,ed:40:fe:65:30:6c, 2015-01-01 00:18:41.575, 0.889, 0.036, 0.467, 0.244, 0, 0.183, 4.488, -62.221, -112.824, -26.707, -6.820, 4.393, 25.17, 0.48938, -0.4115, -0.31339, -0.70203,
 11:05:46.497,e3:ca:2d:fd:e0:8c, 2015-01-01 00:18:41.930, 1.015, -0.123, -0.042, 0, -0.183, 0, -110.303, -82.733, -103.991, -25.493, -4.653, -4.360, 23.53, -0.16403, -0.67636, 0.25348, -0.67178,
 11:05:46.497,e3:ca:2d:fd:e0:8c, 2015-01-01 00:18:41.930, 1.012, -0.123, -0.041, 0, -0.122, 0, -110.308, -82.733, -103.975, -25.493, -4.653, -4.360, 23.53, -0.16403, -0.67636, 0.25348, -0.67178,
 11:05:46.517,f6:90:cc:01:6d:25, 2015-01-01 00:18:44.435, 0.985, -0.051, 0.036, 0, 0.061, 0, -52.015, -86.353, -109.358, -28.707, -6.707, 3.513, 29.27, 0.134, -0.68661, -0.09454, -0.70819,
 11:05:46.517,f6:90:cc:01:6d:25, 2015-01-01 00:18:44.435, 0.986, -0.05, 0.036, -0.061, 0.244, 0, -52.015, -86.353, -109.396, -28.707, -6.707, 3.513, 29.27, 0.134, -0.68661, -0.09454, -0.70819,
 11:05:46.518,ed:40:fe:65:30:6c, 2015-01-01 00:18:41.575, 0.89, 0.039, 0.469, 0.061, -0.122, 0.122, 4.488, -62.221, -112.824, -26.707, -6.820, 4.393, 25.17, 0.49008, -0.41156, -0.31354, -0.70145,
 11:05:46.518,ed:40:fe:65:30:6c, 2015-01-01 00:18:41.575, 0.888, 0.037, 0.467, 0, -0.061, 0.183, 4.482, -62.227, -112.813, -26.707, -6.820, 4.393, 25.17, 0.49008, -0.41156, -0.31354, -0.70145,
 11:05:46.542,e3:ca:2d:fd:e0:8c, 2015-01-01 00:18:41.930, 1.013, -0.122, -0.042, 0, -0.244, 0, -110.336, -82.727, -103.936, -25.493, -4.653, -4.360, 23.53, -0.16321, -0.67679, 0.25272, -0.67181,
 11:05:46.542,e3:ca:2d:fd:e0:8c, 2015-01-01 00:18:41.930, 1.015, -0.12, -0.042, -0.061, -0.244, 0, -110.358, -82.727, -103.903, -25.493, -4.653, -4.360, 23.53, -0.16321, -0.67679, 0.25272, -0.67181,
 11:05:46.561,ed:35:33:d3:6c:f8, 2015-01-01 00:18:44.945, 0.831, -0.042, 0.547, 0, 0, 0, -4.444, -56.508, -163.867, -22.867, -7.593, -12.913, 30.37, -0.10526, 0.47308, 0.03253, 0.87402,
 11:05:46.561,ed:35:33:d3:6c:f8, 2015-01-01 00:18:44.945, 0.829, -0.039, 0.546, 0.122, -0.122, 0.183, -4.444, -56.508, -163.867, -22.867, -7.593, -12.913, 30.37, -0.10526, 0.47308, 0.03253, 0.87402,
 11:05:46.566,ed:40:fe:65:30:6c, 2015-01-01 00:18:41.575, 0.891, 0.04, 0.467, -0.183, 0, 0.122, 4.471, -62.221, -112.808, -26.707, -6.820, 4.393, 25.17, 0.49008, -0.41156, -0.31354, -0.70145,
 11:05:46.566,ed:40:fe:65:30:6c, 2015-01-01 00:18:41.575, 0.889, 0.038, 0.466, 0.061, 0, 0, 4.477, -62.221, -112.808, -26.707, -6.820, 4.393, 25.17, 0.49008, -0.41156, -0.31354, -0.70145,
 11:05:46.584,ed:35:33:d3:6c:f8, 2015-01-01 00:18:45.300, 0.829, -0.042, 0.545, -0.122, 0, 0.244, -4.449, -56.508, -163.856, -22.867, -7.593, -12.913, 30.37, -0.10526, 0.47308, 0.03253, 0.87402,
 11:05:46.584,ed:35:33:d3:6c:f8, 2015-01-01 00:18:45.300, 0.828, -0.044, 0.545, -0.061, -0.122, 0.183, -4.455, -56.508, -163.85, -22.867, -7.593, -12.913, 30.37, -0.10526, 0.47308, 0.03253, 0.87402,
 11:05:46.584,f6:90:cc:01:6d:25, 2015-01-01 00:18:44.435, 0.986, -0.049, 0.036, -0.061, 0.122, 0, -52.009, -86.347, -109.446, -28.707, -6.707, 3.513, 29.27, 0.134, -0.68661, -0.09454, -0.70819,
 11:05:46.584,f6:90:cc:01:6d:25, 2015-01-01 00:18:44.435, 0.983, -0.05, 0.036, 0, 0.183, 0, -52.004, -86.347, -109.484, -28.707, -6.707, 3.513, 29.27, 0.134, -0.68661, -0.09454, -0.70819,
 11:05:46.587,ed:40:fe:65:30:6c, 2015-01-01 00:18:41.955, 0.887, 0.04, 0.468, -0.061, 0, 0.244, 4.471, -62.221, -112.797, -26.707, -6.820, 4.393, 25.17, 0.49008, -0.41156, -0.31354, -0.70145,
 11:05:46.587,ed:40:fe:65:30:6c, 2015-01-01 00:18:41.955, 0.887, 0.036, 0.464, 0, 0, 0.183, 4.466, -62.221, -112.791, -26.707, -6.820, 4.393, 25.17, 0.49008, -0.41156, -0.31354, -0.70145,
 11:05:46.588,e3:ca:2d:fd:e0:8c, 2015-01-01 00:18:42.240, 1.013, -0.12, -0.042, -0.122, -0.122, 0, -110.363, -82.727, -103.887, -25.493, -4.653, -4.360, 23.53, -0.16321, -0.67679, 0.25272, -0.67181,
 11:05:46.588,e3:ca:2d:fd:e0:8c, 2015-01-01 00:18:42.240, 1.012, -0.121, -0.043, -0.183, -0.122, 0, -110.374, -82.727, -103.865, -25.493, -4.653, -4.360, 23.53, -0.16321, -0.67679, 0.25272, -0.67181,
 11:05:46.606,ed:35:33:d3:6c:f8, 2015-01-01 00:18:45.300, 0.827, -0.042, 0.545, -0.122, 0, 0.122, -4.46, -56.514, -163.845, -22.867, -7.593, -12.913, 30.37, -0.10526, 0.47308, 0.03253, 0.87402,
 11:05:46.606,ed:35:33:d3:6c:f8, 2015-01-01 00:18:45.300, 0.829, -0.041, 0.546, 0, 0.061, 0.061, -4.466, -56.514, -163.845, -22.867, -7.593, -12.913, 30.37, -0.10526, 0.47308, 0.03253, 0.87402,
 11:05:46.607,f6:90:cc:01:6d:25, 2015-01-01 00:18:44.790, 0.984, -0.051, 0.034, -0.122, 0.244, 0, -51.982, -86.347, -109.539, -28.707, -6.707, 3.513, 29.27, 0.134, -0.68661, -0.09454, -0.70819,
 11:05:46.607,f6:90:cc:01:6d:25, 2015-01-01 00:18:44.790, 0.982, -0.05, 0.034, 0, 0.305, 0, -51.954, -86.342, -109.605, -28.707, -6.707, 3.513, 29.27, 0.134, -0.68661, -0.09454, -0.70819,
 11:05:46.610,e3:ca:2d:fd:e0:8c, 2015-01-01 00:18:42.240, 1.012, -0.12, -0.044, -0.122, -0.183, 0, -110.391, -82.727, -103.837, -25.493, -4.653, -4.360, 23.53, -0.16321, -0.67679, 0.25272, -0.67181,
 11:05:46.610,e3:ca:2d:fd:e0:8c, 2015-01-01 00:18:42.240, 1.013, -0.12, -0.044, -0.061, -0.183, 0, -110.413, -82.727, -103.815, -25.493, -4.653, -4.360, 23.53, -0.16321, -0.67679, 0.25272, -0.67181,
 11:05:46.631,ed:40:fe:65:30:6c, 2015-01-01 00:18:41.955, 0.886, 0.037, 0.467, -0.061, 0, 0.122, 4.46, -62.221, -112.786, -26.707, -6.820, 4.393, 25.17, 0.49008, -0.41156, -0.31354, -0.70145,
 11:05:46.631,ed:40:fe:65:30:6c, 2015-01-01 00:18:41.955, 0.886, 0.038, 0.466, 0, -0.061, 0.061, 4.46, -62.221, -112.786, -26.707, -6.820, 4.393, 25.17, 0.49008, -0.41156, -0.31354, -0.70145,
 11:05:46.631,f6:90:cc:01:6d:25, 2015-01-01 00:18:44.790, 0.984, -0.048, 0.035, 0.061, 0.183, 0, -51.932, -86.342, -109.666, -28.707, -6.707, 3.513, 29.27, 0.134, -0.68661, -0.09454, -0.70819,
 11:05:46.631,f6:90:cc:01:6d:25, 2015-01-01 00:18:44.790, 0.984, -0.048, 0.033, 0.122, 0.244, 0, -51.916, -86.342, -109.72, -28.707, -6.707, 3.513, 29.27, 0.134, -0.68661, -0.09454, -0.70819,
 11:05:46.652,ed:35:33:d3:6c:f8, 2015-01-01 00:18:45.300, 0.831, -0.041, 0.546, 0.244, 0, 0, -4.466, -56.514, -163.845, -22.867, -7.593, -12.913, 30.37, -0.10526, 0.47308, 0.03253, 0.87402,
 11:05:46.652,ed:35:33:d3:6c:f8, 2015-01-01 00:18:45.300, 0.831, -0.04, 0.546, 0.366, -0.122, 0, -4.46, -56.514, -163.845, -22.867, -7.593, -12.913, 30.37, -0.10526, 0.47308, 0.03253, 0.87402,
 11:05:46.654,ed:40:fe:65:30:6c, 2015-01-01 00:18:41.955, 0.889, 0.04, 0.467, 0.122, -0.061, 0, 4.466, -62.227, -112.786, -26.707, -6.820, 4.393, 25.17, 0.49008, -0.41156, -0.31354, -0.70145,
 11:05:46.654,ed:40:fe:65:30:6c, 2015-01-01 00:18:41.955, 0.889, 0.038, 0.466, 0.305, -0.122, 0, 4.471, -62.227, -112.786, -26.707, -6.820, 4.393, 25.17, 0.49008, -0.41156, -0.31354, -0.70145,
 11:05:46.655,e3:ca:2d:fd:e0:8c, 2015-01-01 00:18:42.240, 1.013, -0.121, -0.046, 0.061, -0.305, 0, -110.451, -82.722, -103.766, -25.493, -4.653, -4.360, 23.53, -0.16321, -0.67679, 0.25272, -0.67181,
 11:05:46.655,e3:ca:2d:fd:e0:8c, 2015-01-01 00:18:42.240, 1.015, -0.123, -0.042, 0.122, -0.305, 0, -110.484, -82.722, -103.722, -25.493, -4.653, -4.360, 23.53, -0.16321, -0.67679, 0.25272, -0.67181,
 11:05:46.675,f6:90:cc:01:6d:25, 2015-01-01 00:18:44.790, 0.987, -0.05, 0.034, 0.183, 0.061, 0, -51.91, -86.342, -109.764, -28.707, -6.707, 3.513, 29.27, 0.134, -0.68661, -0.09454, -0.70819,
 11:05:46.675,f6:90:cc:01:6d:25, 2015-01-01 00:18:44.790, 0.986, -0.05, 0.035, 0.122, 0.122, 0, -51.921, -86.342, -109.786, -28.707, -6.707, 3.513, 29.27, 0.134, -0.68661, -0.09454, -0.70819,
 11:05:46.697,ed:35:33:d3:6c:f8, 2015-01-01 00:18:45.300, 0.83, -0.041, 0.547, 0.305, -0.122, -0.122, -4.449, -56.514, -163.845, -22.867, -7.593, -12.913, 30.37, -0.10526, 0.47308, 0.03253, 0.87402,
 11:05:46.697,ed:35:33:d3:6c:f8, 2015-01-01 00:18:45.300, 0.829, -0.041, 0.547, 0.183, -0.122, -0.061, -4.438, -56.519, -163.85, -22.867, -7.593, -12.913, 30.37, -0.10526, 0.47308, 0.03253, 0.87402,
 11:05:46.698,f6:90:cc:01:6d:25, 2015-01-01 00:18:44.790, 0.986, -0.049, 0.036, 0.122, 0, 0, -51.943, -86.342, -109.803, -28.707, -6.707, 3.513, 29.27, 0.134, -0.68661, -0.09454, -0.70819,
 11:05:46.698,f6:90:cc:01:6d:25, 2015-01-01 00:18:44.790, 0.984, -0.049, 0.033, 0.244, 0.061, 0, -51.965, -86.342, -109.814, -28.707, -6.707, 3.513, 29.27, 0.134, -0.68661, -0.09454, -0.70819,
 11:05:46.700,ed:40:fe:65:30:6c, 2015-01-01 00:18:41.955, 0.89, 0.04, 0.468, 0.305, 0, 0, 4.482, -62.227, -112.786, -26.707, -6.820, 4.393, 25.17, 0.49008, -0.41156, -0.31354, -0.70145,
 11:05:46.700,ed:40:fe:65:30:6c, 2015-01-01 00:18:41.955, 0.889, 0.039, 0.467, 0.305, -0.061, 0, 4.493, -62.227, -112.786, -26.707, -6.820, 4.393, 25.17, 0.49008, -0.41156, -0.31354, -0.70145,
 11:05:46.702,e3:ca:2d:fd:e0:8c, 2015-01-01 00:18:42.240, 1.016, -0.121, -0.044, 0.061, -0.305, 0, -110.522, -82.722, -103.678, -25.493, -4.653, -4.360, 23.53, -0.16321, -0.67679, 0.25272, -0.67181,
 11:05:46.702,e3:ca:2d:fd:e0:8c, 2015-01-01 00:18:42.240, 1.015, -0.12, -0.042, 0.061, -0.366, 0, -110.566, -82.716, -103.623, -25.493, -4.653, -4.360, 23.53, -0.16321, -0.67679, 0.25272, -0.67181,
 11:05:46.742,f6:90:cc:01:6d:25, 2015-01-01 00:18:44.790, 0.985, -0.049, 0.032, 0.244, 0.061, 0, -51.982, -86.342, -109.836, -28.707, -6.707, 3.513, 29.27, 0.134, -0.68661, -0.09454, -0.70819,
 11:05:46.742,f6:90:cc:01:6d:25, 2015-01-01 00:18:44.790, 0.986, -0.049, 0.036, 0.183, 0.122, 0, -51.993, -86.342, -109.863, -28.707, -6.707, 3.513, 29.27, 0.134, -0.68661, -0.09454, -0.70819,
 11:05:46.744,ed:40:fe:65:30:6c, 2015-01-01 00:18:41.955, 0.888, 0.039, 0.466, 0.061, 0, 0, 4.493, -62.227, -112.786, -26.707, -6.820, 4.393, 25.17, 0.49008, -0.41156, -0.31354, -0.70145,
 11:05:46.744,ed:40:fe:65:30:6c, 2015-01-01 00:18:41.955, 0.889, 0.039, 0.465, 0, -0.122, 0, 4.499, -62.227, -112.786, -26.707, -6.820, 4.393, 25.17, 0.49008, -0.41156, -0.31354, -0.70145,
 11:05:46.746,e3:ca:2d:fd:e0:8c, 2015-01-01 00:18:42.240, 1.011, -0.119, -0.044, 0.183, -0.244, 0, -110.588, -82.716, -103.59, -25.493, -4.653, -4.360, 23.53, -0.16321, -0.67679, 0.25272, -0.67181,
 11:05:46.746,e3:ca:2d:fd:e0:8c, 2015-01-01 00:18:42.240, 1.013, -0.12, -0.044, 0.122, -0.061, 0, -110.588, -82.716, -103.579, -25.493, -4.653, -4.360, 23.53, -0.16321, -0.67679, 0.25272, -0.67181,
 11:05:46.765,ed:35:33:d3:6c:f8, 2015-01-01 00:18:45.300, 0.831, -0.041, 0.546, 0, -0.122, 0, -4.433, -56.519, -163.856, -22.867, -7.593, -12.913, 30.37, -0.10526, 0.47308, 0.03253, 0.87402,
 11:05:46.765,ed:35:33:d3:6c:f8, 2015-01-01 00:18:45.300, 0.83, -0.04, 0.544, -0.122, -0.305, 0, -4.433, -56.525, -163.856, -22.867, -7.593, -12.913, 30.37, -0.10526, 0.47308, 0.03253, 0.87402,
 11:05:46.769,e3:ca:2d:fd:e0:8c, 2015-01-01 00:18:42.240, 1.014, -0.121, -0.041, -0.061, 0.061, 0, -110.572, -82.722, -103.59, -25.567, -4.500, -4.180, 23.53, -0.16321, -0.67679, 0.25272, -0.67181,
 11:05:46.769,e3:ca:2d:fd:e0:8c, 2015-01-01 00:18:42.240, 1.014, -0.123, -0.044, -0.183, -0.061, 0, -110.577, -82.722, -103.579, -25.567, -4.500, -4.180, 23.53, -0.16321, -0.67679, 0.25272, -0.67181,
 11:05:46.789,ed:35:33:d3:6c:f8, 2015-01-01 00:18:45.300, 0.831, -0.04, 0.544, -0.244, -0.183, 0, -4.438, -56.53, -163.856, -23.500, -7.540, -13.560, 30.37, -0.10526, 0.47308, 0.03253, 0.87402,
 11:05:46.789,ed:35:33:d3:6c:f8, 2015-01-01 00:18:45.300, 0.829, -0.04, 0.544, -0.305, 0.061, 0, -4.438, -56.536, -163.856, -23.500, -7.540, -13.560, 30.37, -0.10526, 0.47308, 0.03253, 0.87402,
 11:05:46.791,ed:40:fe:65:30:6c, 2015-01-01 00:18:41.955, 0.888, 0.039, 0.465, 0, -0.183, 0, 4.499, -62.232, -112.786, -26.707, -6.820, 4.393, 25.17, 0.49008, -0.41156, -0.31354, -0.70145,
 11:05:46.791,ed:40:fe:65:30:6c, 2015-01-01 00:18:41.955, 0.887, 0.039, 0.467, -0.122, 0.061, 0, 4.504, -62.232, -112.786, -26.707, -6.820, 4.393, 25.17, 0.49008, -0.41156, -0.31354, -0.70145,
 11:05:46.810,f6:90:cc:01:6d:25, 2015-01-01 00:18:44.790, 0.985, -0.051, 0.036, 0, 0.244, 0, -51.976, -86.342, -109.918, -28.707, -6.707, 3.513, 29.27, 0.134, -0.68661, -0.09454, -0.70819,
 11:05:46.810,f6:90:cc:01:6d:25, 2015-01-01 00:18:44.790, 0.983, -0.052, 0.037, -0.122, 0.366, 0, -51.927, -86.342, -110.001, -28.707, -6.707, 3.513, 29.27, 0.134, -0.68661, -0.09454, -0.70819,
 11:05:46.812,e3:ca:2d:fd:e0:8c, 2015-01-01 00:18:42.240, 1.012, -0.123, -0.044, -0.183, -0.305, 0, -110.616, -82.716, -103.535, -25.567, -4.500, -4.180, 23.53, -0.16321, -0.67679, 0.25272, -0.67181,
 11:05:46.812,e3:ca:2d:fd:e0:8c, 2015-01-01 00:18:42.240, 1.011, -0.12, -0.046, 0, -0.366, 0, -110.66, -82.716, -103.48, -25.567, -4.500, -4.180, 23.53, -0.16321, -0.67679, 0.25272, -0.67181,
 11:05:46.832,ed:35:33:d3:6c:f8, 2015-01-01 00:18:45.300, 0.828, -0.041, 0.546, -0.244, 0.183, 0, -4.444, -56.536, -163.856, -23.500, -7.540, -13.560, 30.37, -0.10526, 0.47308, 0.03253, 0.87402,
 11:05:46.832,ed:35:33:d3:6c:f8, 2015-01-01 00:18:45.300, 0.83, -0.042, 0.548, -0.122, 0.061, 0.061, -4.444, -56.53, -163.861, -23.500, -7.540, -13.560, 30.37, -0.10526, 0.47308, 0.03253, 0.87402,
 11:05:46.832,f6:90:cc:01:6d:25, 2015-01-01 00:18:44.790, 0.982, -0.05, 0.034, -0.061, 0.244, 0, -51.899, -86.336, -110.072, -29.067, -6.273, 3.193, 29.27, 0.134, -0.68661, -0.09454, -0.70819,
 11:05:46.832,f6:90:cc:01:6d:25, 2015-01-01 00:18:44.790, 0.984, -0.051, 0.035, 0.061, 0.122, 0, -51.899, -86.336, -110.11, -29.067, -6.273, 3.193, 29.27, 0.134, -0.68661, -0.09454, -0.70819,
 11:05:46.855,ed:35:33:d3:6c:f8, 2015-01-01 00:18:45.300, 0.83, -0.042, 0.546, 0.061, -0.183, 0, -4.444, -56.53, -163.856, -23.500, -7.540, -13.560, 30.37, -0.10532, 0.4733, 0.03256, 0.8739,
 11:05:46.855,ed:35:33:d3:6c:f8, 2015-01-01 00:18:45.300, 0.833, -0.041, 0.546, 0.061, -0.244, 0.061, -4.444, -56.536, -163.856, -23.500, -7.540, -13.560, 30.37, -0.10532, 0.4733, 0.03256, 0.8739,
 11:05:46.856,ed:40:fe:65:30:6c, 2015-01-01 00:18:41.955, 0.886, 0.038, 0.468, -0.061, 0.061, 0.061, 4.504, -62.232, -112.786, -26.420, -6.853, 4.860, 25.17, 0.49008, -0.41156, -0.31354, -0.70145,
 11:05:46.856,ed:40:fe:65:30:6c, 2015-01-01 00:18:41.955, 0.887, 0.037, 0.468, 0, 0.061, 0.061, 4.504, -62.227, -112.78, -26.420, -6.853, 4.860, 25.17, 0.49008, -0.41156, -0.31354, -0.70145,
 11:05:46.857,e3:ca:2d:fd:e0:8c, 2015-01-01 00:18:42.240, 1.013, -0.122, -0.044, 0, -0.366, 0, -110.704, -82.711, -103.425, -25.567, -4.500, -4.180, 23.53, -0.16235, -0.67734, 0.25198, -0.67175,
 11:05:46.857,e3:ca:2d:fd:e0:8c, 2015-01-01 00:18:42.240, 1.015, -0.123, -0.044, 0, -0.305, 0, -110.742, -82.711, -103.381, -25.567, -4.500, -4.180, 23.53, -0.16235, -0.67734, 0.25198, -0.67175,
 11:05:46.877,f6:90:cc:01:6d:25, 2015-01-01 00:18:44.790, 0.985, -0.052, 0.033, 0, 0.061, 0, -51.921, -86.336, -110.132, -29.067, -6.273, 3.193, 29.27, 0.134, -0.68661, -0.09454, -0.70819,
 11:05:46.877,f6:90:cc:01:6d:25, 2015-01-01 00:18:44.790, 0.987, -0.051, 0.036, 0.061, -0.061, 0, -51.971, -86.336, -110.127, -29.067, -6.273, 3.193, 29.27, 0.134, -0.68661, -0.09454, -0.70819,
 11:05:46.879,ed:40:fe:65:30:6c, 2015-01-01 00:18:41.955, 0.889, 0.037, 0.467, 0.122, 0, 0.061, 4.504, -62.227, -112.78, -26.420, -6.853, 4.860, 25.17, 0.49008, -0.41156, -0.31354, -0.70145,
 11:05:46.879,ed:40:fe:65:30:6c, 2015-01-01 00:18:41.955, 0.89, 0.039, 0.467, 0.183, 0.061, 0.183, 4.504, -62.227, -112.775, -26.420, -6.853, 4.860, 25.17, 0.49008, -0.41156, -0.31354, -0.70145,
 11:05:46.901,f6:90:cc:01:6d:25, 2015-01-01 00:18:44.790, 0.984, -0.054, 0.035, 0.122, 0, 0, -52.015, -86.336, -110.121, -29.067, -6.273, 3.193, 29.27, 0.12958, -0.68713, -0.09012, -0.70908,
 11:05:46.901,f6:90:cc:01:6d:25, 2015-01-01 00:18:44.790, 0.983, -0.054, 0.034, 0.183, 0.061, 0, -52.048, -86.336, -110.138, -29.067, -6.273, 3.193, 29.27, 0.12958, -0.68713, -0.09012, -0.70908,
 11:05:46.901,ed:35:33:d3:6c:f8, 2015-01-01 00:18:45.300, 0.831, -0.041, 0.545, 0, 0, 0.244, -4.444, -56.541, -163.856, -23.500, -7.540, -13.560, 30.37, -0.10532, 0.4733, 0.03256, 0.8739,
 11:05:46.901,ed:35:33:d3:6c:f8, 2015-01-01 00:18:45.300, 0.83, -0.047, 0.544, -0.305, 0.244, 0.549, -4.455, -56.541, -163.845, -23.500, -7.540, -13.560, 30.37, -0.10532, 0.4733, 0.03256, 0.8739,
 11:05:46.902,ed:40:fe:65:30:6c, 2015-01-01 00:18:41.955, 0.887, 0.035, 0.465, 0.122, 0.244, 0.427, 4.499, -62.227, -112.764, -26.420, -6.853, 4.860, 25.17, 0.49042, -0.41138, -0.31384, -0.70117,
 11:05:46.902,ed:40:fe:65:30:6c, 2015-01-01 00:18:41.955, 0.89, 0.034, 0.468, -0.122, 0.366, 0.427, 4.488, -62.221, -112.747, -26.420, -6.853, 4.860, 25.17, 0.49042, -0.41138, -0.31384, -0.70117,
 11:05:46.902,e3:ca:2d:fd:e0:8c, 2015-01-01 00:18:42.555, 1.014, -0.123, -0.042, -0.061, -0.305, 0, -110.775, -82.711, -103.337, -25.567, -4.500, -4.180, 23.53, -0.16235, -0.67734, 0.25198, -0.67175,
 11:05:46.902,e3:ca:2d:fd:e0:8c, 2015-01-01 00:18:42.555, 1.012, -0.121, -0.043, 0, -0.366, 0, -110.814, -82.705, -103.282, -25.567, -4.500, -4.180, 23.53, -0.16235, -0.67734, 0.25198, -0.67175,
 11:05:46.946,ed:35:33:d3:6c:f8, 2015-01-01 00:18:45.660, 0.834, -0.045, 0.543, -0.061, 0.244, 0.305, -4.471, -56.536, -163.828, -23.500, -7.540, -13.560, 30.37, -0.10532, 0.4733, 0.03256, 0.8739,
 11:05:46.946,ed:35:33:d3:6c:f8, 2015-01-01 00:18:45.660, 0.834, -0.037, 0.547, 0.305, 0, -0.061, -4.477, -56.53, -163.823, -23.500, -7.540, -13.560, 30.37, -0.10532, 0.4733, 0.03256, 0.8739,
 11:05:46.946,f6:90:cc:01:6d:25, 2015-01-01 00:18:44.790, 0.988, -0.049, 0.032, 0.244, 0.061, 0, -52.075, -86.336, -110.154, -29.067, -6.273, 3.193, 29.27, 0.12958, -0.68713, -0.09012, -0.70908,
 11:05:46.946,f6:90:cc:01:6d:25, 2015-01-01 00:18:44.790, 0.99, -0.048, 0.036, 0, 0.183, 0, -52.086, -86.336, -110.193, -29.067, -6.273, 3.193, 29.27, 0.12958, -0.68713, -0.09012, -0.70908,
 11:05:46.948,e3:ca:2d:fd:e0:8c, 2015-01-01 00:18:42.555, 1.01, -0.12, -0.045, 0.122, -0.305, 0, -110.847, -82.705, -103.239, -25.567, -4.500, -4.180, 23.53, -0.16235, -0.67734, 0.25198, -0.67175,
 11:05:46.948,e3:ca:2d:fd:e0:8c, 2015-01-01 00:18:42.555, 1.016, -0.121, -0.043, 0, -0.122, 0, -110.852, -82.705, -103.217, -25.567, -4.500, -4.180, 23.53, -0.16235, -0.67734, 0.25198, -0.67175,
 11:05:46.967,ed:35:33:d3:6c:f8, 2015-01-01 00:18:45.660, 0.832, -0.038, 0.548, 0.244, 0.183, 0.305, -4.471, -56.53, -163.823, -23.500, -7.540, -13.560, 30.37, -0.10532, 0.4733, 0.03256, 0.8739,
 11:05:46.967,ed:35:33:d3:6c:f8, 2015-01-01 00:18:45.660, 0.829, -0.043, 0.547, 0, 0.244, 0.305, -4.477, -56.53, -163.812, -23.500, -7.540, -13.560, 30.37, -0.10532, 0.4733, 0.03256, 0.8739,
 11:05:46.968,ed:40:fe:65:30:6c, 2015-01-01 00:18:41.955, 0.893, 0.039, 0.464, 0, 0.366, 0, 4.471, -62.21, -112.731, -26.420, -6.853, 4.860, 25.17, 0.49042, -0.41138, -0.31384, -0.70117,
 11:05:46.968,ed:40:fe:65:30:6c, 2015-01-01 00:18:41.955, 0.891, 0.042, 0.468, 0.488, 0.183, 0, 4.477, -62.205, -112.731, -26.420, -6.853, 4.860, 25.17, 0.49042, -0.41138, -0.31384, -0.70117,
 11:05:46.970,e3:ca:2d:fd:e0:8c, 2015-01-01 00:18:42.555, 1.018, -0.122, -0.044, -0.061, -0.122, 0, -110.863, -82.705, -103.2, -25.567, -4.500, -4.180, 23.53, -0.16235, -0.67734, 0.25198, -0.67175,
 11:05:46.970,e3:ca:2d:fd:e0:8c, 2015-01-01 00:18:42.555, 1.015, -0.123, -0.047, -0.061, -0.122, 0, -110.869, -82.705, -103.184, -25.567, -4.500, -4.180, 23.53, -0.16235, -0.67734, 0.25198, -0.67175,
 11:05:46.990,f6:90:cc:01:6d:25, 2015-01-01 00:18:45.170, 0.986, -0.053, 0.032, 0, 0.244, 0, -52.075, -86.336, -110.248, -29.067, -6.273, 3.193, 29.27, 0.12958, -0.68713, -0.09012, -0.70908,
 11:05:46.990,f6:90:cc:01:6d:25, 2015-01-01 00:18:45.170, 0.983, -0.051, 0.032, 0.122, 0.244, 0, -52.064, -86.336, -110.314, -29.067, -6.273, 3.193, 29.27, 0.12958, -0.68713, -0.09012, -0.70908,
 11:05:46.991,ed:40:fe:65:30:6c, 2015-01-01 00:18:42.335, 0.888, 0.038, 0.469, 0.244, 0.244, 0.427, 4.482, -62.205, -112.725, -26.420, -6.853, 4.860, 25.17, 0.49042, -0.41138, -0.31384, -0.70117,
 11:05:46.991,ed:40:fe:65:30:6c, 2015-01-01 00:18:42.335, 0.886, 0.038, 0.467, 0.183, 0.183, 0.244, 4.477, -62.199, -112.709, -26.420, -6.853, 4.860, 25.17, 0.49042, -0.41138, -0.31384, -0.70117,
 11:05:47.012,ed:35:33:d3:6c:f8, 2015-01-01 00:18:45.660, 0.827, -0.041, 0.545, 0.305, -0.061, 0.061, -4.482, -56.525, -163.806, -23.500, -7.540, -13.560, 30.37, -0.10532, 0.4733, 0.03256, 0.8739,
 11:05:47.012,ed:35:33:d3:6c:f8, 2015-01-01 00:18:45.660, 0.827, -0.041, 0.544, 0, -0.183, 0.183, -4.477, -56.53, -163.801, -23.500, -7.540, -13.560, 30.37, -0.10532, 0.4733, 0.03256, 0.8739,
 11:05:47.014,ed:40:fe:65:30:6c, 2015-01-01 00:18:42.335, 0.885, 0.038, 0.466, 0.244, 0.061, 0.122, 4.471, -62.194, -112.698, -26.420, -6.853, 4.860, 25.17, 0.49042, -0.41138, -0.31384, -0.70117,
 11:05:47.014,ed:40:fe:65:30:6c, 2015-01-01 00:18:42.335, 0.886, 0.038, 0.465, 0, 0, 0.183, 4.471, -62.194, -112.692, -26.420, -6.853, 4.860, 25.17, 0.49042, -0.41138, -0.31384, -0.70117,
 11:05:47.015,e3:ca:2d:fd:e0:8c, 2015-01-01 00:18:42.555, 1.011, -0.121, -0.048, 0, -0.183, 0, -110.891, -82.7, -103.156, -25.567, -4.500, -4.180, 23.53, -0.16235, -0.67734, 0.25198, -0.67175,
 11:05:47.015,e3:ca:2d:fd:e0:8c, 2015-01-01 00:18:42.555, 1.013, -0.12, -0.046, 0.061, -0.061, 0, -110.896, -82.7, -103.145, -25.567, -4.500, -4.180, 23.53, -0.16235, -0.67734, 0.25198, -0.67175,
 11:05:47.036,f6:90:cc:01:6d:25, 2015-01-01 00:18:45.170, 0.981, -0.048, 0.032, 0.366, 0.061, 0, -52.081, -86.336, -110.341, -29.067, -6.273, 3.193, 29.27, 0.12958, -0.68713, -0.09012, -0.70908,
 11:05:47.036,f6:90:cc:01:6d:25, 2015-01-01 00:18:45.170, 0.982, -0.05, 0.033, 0.244, 0, 0, -52.125, -86.336, -110.347, -29.067, -6.273, 3.193, 29.27, 0.12958, -0.68713, -0.09012, -0.70908,
 11:05:47.057,ed:35:33:d3:6c:f8, 2015-01-01 00:18:45.660, 0.828, -0.042, 0.543, 0, 0, 0.183, -4.482, -56.53, -163.795, -23.500, -7.540, -13.560, 30.37, -0.10532, 0.4733, 0.03256, 0.8739,
 11:05:47.057,ed:35:33:d3:6c:f8, 2015-01-01 00:18:45.660, 0.83, -0.043, 0.544, -0.122, 0.183, 0.244, -4.488, -56.53, -163.79, -23.500, -7.540, -13.560, 30.37, -0.10532, 0.4733, 0.03256, 0.8739,
 11:05:47.059,f6:90:cc:01:6d:25, 2015-01-01 00:18:45.170, 0.984, -0.051, 0.035, 0, 0.061, 0, -52.163, -86.336, -110.363, -29.067, -6.273, 3.193, 29.27, 0.12958, -0.68713, -0.09012, -0.70908,
 11:05:47.059,f6:90:cc:01:6d:25, 2015-01-01 00:18:45.170, 0.984, -0.054, 0.035, 0, 0.122, 0, -52.185, -86.336, -110.391, -29.067, -6.273, 3.193, 29.27, 0.12958, -0.68713, -0.09012, -0.70908,
 11:05:47.060,e3:ca:2d:fd:e0:8c, 2015-01-01 00:18:42.555, 1.012, -0.124, -0.045, -0.183, -0.122, 0, -110.896, -82.7, -103.145, -25.567, -4.500, -4.180, 23.53, -0.16235, -0.67734, 0.25198, -0.67175,
 11:05:47.060,e3:ca:2d:fd:e0:8c, 2015-01-01 00:18:42.555, 1.013, -0.124, -0.043, -0.122, -0.244, 0, -110.918, -82.7, -103.123, -25.567, -4.500, -4.180, 23.53, -0.16235, -0.67734, 0.25198, -0.67175,
 11:05:47.061,ed:40:fe:65:30:6c, 2015-01-01 00:18:42.335, 0.888, 0.037, 0.465, 0.061, 0.061, 0.061, 4.471, -62.194, -112.687, -26.420, -6.853, 4.860, 25.17, 0.49042, -0.41138, -0.31384, -0.70117,
 11:05:47.061,ed:40:fe:65:30:6c, 2015-01-01 00:18:42.335, 0.888, 0.035, 0.467, -0.061, 0.122, 0.183, 4.471, -62.194, -112.681, -26.420, -6.853, 4.860, 25.17, 0.49042, -0.41138, -0.31384, -0.70117,
 11:05:47.102,f6:90:cc:01:6d:25, 2015-01-01 00:18:45.170, 0.986, -0.052, 0.035, 0.061, 0.183, 0, -52.191, -86.336, -110.435, -29.067, -6.273, 3.193, 29.27, 0.12958, -0.68713, -0.09012, -0.70908,
 11:05:47.102,f6:90:cc:01:6d:25, 2015-01-01 00:18:45.170, 0.987, -0.05, 0.036, 0.183, 0.183, 0, -52.191, -86.331, -110.484, -29.067, -6.273, 3.193, 29.27, 0.12958, -0.68713, -0.09012, -0.70908,
 11:05:47.103,ed:40:fe:65:30:6c, 2015-01-01 00:18:42.335, 0.89, 0.038, 0.469, -0.122, 0.122, 0.122, 4.46, -62.194, -112.67, -26.420, -6.853, 4.860, 25.17, 0.49042, -0.41138, -0.31384, -0.70117,
 11:05:47.103,ed:40:fe:65:30:6c, 2015-01-01 00:18:42.335, 0.889, 0.039, 0.47, 0, 0.061, 0.061, 4.46, -62.188, -112.67, -26.420, -6.853, 4.860, 25.17, 0.49042, -0.41138, -0.31384, -0.70117,
 11:05:47.104,e3:ca:2d:fd:e0:8c, 2015-01-01 00:18:42.555, 1.014, -0.121, -0.044, 0, -0.122, 0, -110.945, -82.7, -103.09, -25.553, -4.780, -4.580, 23.53, -0.16235, -0.67734, 0.25198, -0.67175,
 11:05:47.104,e3:ca:2d:fd:e0:8c, 2015-01-01 00:18:42.555, 1.015, -0.122, -0.044, 0, -0.122, 0, -110.951, -82.7, -103.074, -25.553, -4.780, -4.580, 23.53, -0.16235, -0.67734, 0.25198, -0.67175,
 11:05:47.124,ed:35:33:d3:6c:f8, 2015-01-01 00:18:45.660, 0.831, -0.043, 0.546, -0.244, 0.244, 0.244, -4.499, -56.525, -163.784, -23.500, -7.540, -13.560, 30.37, -0.10532, 0.4733, 0.03256, 0.8739,
 11:05:47.124,ed:35:33:d3:6c:f8, 2015-01-01 00:18:45.660, 0.832, -0.042, 0.548, 0, 0.061, 0.122, -4.504, -56.525, -163.779, -23.500, -7.540, -13.560, 30.37, -0.10532, 0.4733, 0.03256, 0.8739,
 11:05:47.147,ed:35:33:d3:6c:f8, 2015-01-01 00:18:45.660, 0.829, -0.042, 0.547, 0.061, 0, 0.122, -4.51, -56.525, -163.773, -23.413, -7.660, -14.187, 30.37, -0.10532, 0.4733, 0.03256, 0.8739,
 11:05:47.147,ed:35:33:d3:6c:f8, 2015-01-01 00:18:45.660, 0.831, -0.045, 0.545, -0.122, 0.061, 0.061, -4.51, -56.525, -163.773, -23.413, -7.660, -14.187, 30.37, -0.10532, 0.4733, 0.03256, 0.8739,
 11:05:47.150,e3:ca:2d:fd:e0:8c, 2015-01-01 00:18:42.555, 1.013, -0.122, -0.042, 0, -0.061, 0, -110.956, -82.694, -103.057, -25.553, -4.780, -4.580, 23.53, -0.1615, -0.67786, 0.25131, -0.67166,
 11:05:47.150,e3:ca:2d:fd:e0:8c, 2015-01-01 00:18:42.555, 1.012, -0.122, -0.044, 0, -0.122, 0, -110.956, -82.694, -103.046, -25.553, -4.780, -4.580, 23.53, -0.1615, -0.67786, 0.25131, -0.67166,
 11:05:47.171,f6:90:cc:01:6d:25, 2015-01-01 00:18:45.170, 0.985, -0.051, 0.035, 0.183, 0.183, 0, -52.185, -86.331, -110.528, -29.067, -6.273, 3.193, 29.27, 0.12958, -0.68713, -0.09012, -0.70908,
 11:05:47.171,f6:90:cc:01:6d:25, 2015-01-01 00:18:45.170, 0.985, -0.052, 0.037, 0.183, 0.244, 0, -52.169, -86.331, -110.594, -29.067, -6.273, 3.193, 29.27, 0.12958, -0.68713, -0.09012, -0.70908,
 11:05:47.172,ed:40:fe:65:30:6c, 2015-01-01 00:18:42.335, 0.889, 0.036, 0.468, 0, 0.061, 0.061, 4.46, -62.188, -112.665, -26.420, -6.853, 4.860, 25.17, 0.49042, -0.41138, -0.31384, -0.70117,
 11:05:47.172,ed:40:fe:65:30:6c, 2015-01-01 00:18:42.335, 0.889, 0.036, 0.468, 0, 0.244, -0.061, 4.46, -62.188, -112.665, -26.420, -6.853, 4.860, 25.17, 0.49042, -0.41138, -0.31384, -0.70117,
 11:05:47.172,e3:ca:2d:fd:e0:8c, 2015-01-01 00:18:42.845, 1.012, -0.123, -0.043, 0, -0.061, 0, -110.962, -82.694, -103.03, -25.553, -4.780, -4.580, 23.53, -0.1615, -0.67786, 0.25131, -0.67166,
 11:05:47.172,e3:ca:2d:fd:e0:8c, 2015-01-01 00:18:42.845, 1.013, -0.12, -0.046, -0.061, 0.061, 0, -110.956, -82.694, -103.024, -25.553, -4.780, -4.580, 23.53, -0.1615, -0.67786, 0.25131, -0.67166,
 11:05:47.191,ed:35:33:d3:6c:f8, 2015-01-01 00:18:45.660, 0.83, -0.042, 0.545, 0.122, 0.061, -0.122, -4.51, -56.525, -163.773, -23.413, -7.660, -14.187, 30.37, -0.10532, 0.4733, 0.03256, 0.8739,
 11:05:47.191,ed:35:33:d3:6c:f8, 2015-01-01 00:18:45.660, 0.83, -0.04, 0.547, 0.122, 0.244, 0, -4.504, -56.525, -163.779, -23.413, -7.660, -14.187, 30.37, -0.10532, 0.4733, 0.03256, 0.8739,
 11:05:47.193,f6:90:cc:01:6d:25, 2015-01-01 00:18:45.170, 0.985, -0.051, 0.036, 0.244, 0.183, 0, -52.158, -86.325, -110.638, -29.073, -6.487, 3.320, 29.27, 0.12958, -0.68713, -0.09012, -0.70908,
 11:05:47.193,f6:90:cc:01:6d:25, 2015-01-01 00:18:45.170, 0.984, -0.052, 0.033, 0.122, 0.183, 0, -52.152, -86.325, -110.687, -29.073, -6.487, 3.320, 29.27, 0.12958, -0.68713, -0.09012, -0.70908,
 11:05:47.194,ed:40:fe:65:30:6c, 2015-01-01 00:18:42.335, 0.887, 0.039, 0.467, 0.183, 0.183, -0.183, 4.466, -62.183, -112.665, -26.667, -7.127, 5.100, 25.17, 0.49042, -0.41138, -0.31384, -0.70117,
 11:05:47.194,ed:40:fe:65:30:6c, 2015-01-01 00:18:42.335, 0.888, 0.038, 0.468, 0.122, 0.244, 0.061, 4.471, -62.177, -112.67, -26.667, -7.127, 5.100, 25.17, 0.49042, -0.41138, -0.31384, -0.70117,
 11:05:47.215,ed:35:33:d3:6c:f8, 2015-01-01 00:18:45.660, 0.83, -0.043, 0.545, 0, 0.122, 0.183, -4.504, -56.519, -163.779, -23.413, -7.660, -14.187, 30.37, -0.10571, 0.47327, 0.03247, 0.8739,
 11:05:47.215,ed:35:33:d3:6c:f8, 2015-01-01 00:18:45.660, 0.829, -0.044, 0.545, 0.061, 0, 0.061, -4.504, -56.519, -163.773, -23.413, -7.660, -14.187, 30.37, -0.10571, 0.47327, 0.03247, 0.8739,
 11:05:47.217,e3:ca:2d:fd:e0:8c, 2015-01-01 00:18:42.845, 1.014, -0.123, -0.045, -0.061, 0.122, 0, -110.934, -82.694, -103.035, -25.553, -4.780, -4.580, 23.53, -0.1615, -0.67786, 0.25131, -0.67166,
 11:05:47.217,e3:ca:2d:fd:e0:8c, 2015-01-01 00:18:42.845, 1.014, -0.123, -0.047, -0.061, 0, 0, -110.912, -82.694, -103.052, -25.553, -4.780, -4.580, 23.53, -0.1615, -0.67786, 0.25131, -0.67166,
 11:05:47.238,f6:90:cc:01:6d:25, 2015-01-01 00:18:45.170, 0.985, -0.053, 0.033, 0.122, 0.183, 0, -52.152, -86.325, -110.731, -29.073, -6.487, 3.320, 29.27, 0.12958, -0.68713, -0.09012, -0.70908,
 11:05:47.238,f6:90:cc:01:6d:25, 2015-01-01 00:18:45.170, 0.984, -0.052, 0.036, 0.183, 0.183, 0, -52.152, -86.325, -110.781, -29.073, -6.487, 3.320, 29.27, 0.12958, -0.68713, -0.09012, -0.70908,
 11:05:47.239,ed:40:fe:65:30:6c, 2015-01-01 00:18:42.335, 0.888, 0.035, 0.466, 0.122, 0.122, 0.183, 4.471, -62.172, -112.665, -26.667, -7.127, 5.100, 25.17, 0.49042, -0.41138, -0.31384, -0.70117,
 11:05:47.239,ed:40:fe:65:30:6c, 2015-01-01 00:18:42.335, 0.885, 0.036, 0.468, 0, 0, 0, 4.471, -62.172, -112.659, -26.667, -7.127, 5.100, 25.17, 0.49042, -0.41138, -0.31384, -0.70117,
 11:05:47.259,ed:35:33:d3:6c:f8, 2015-01-01 00:18:45.660, 0.828, -0.043, 0.547, -0.122, 0.183, 0, -4.504, -56.519, -163.773, -23.413, -7.660, -14.187, 30.37, -0.10571, 0.47327, 0.03247, 0.8739,
 11:05:47.259,ed:35:33:d3:6c:f8, 2015-01-01 00:18:45.660, 0.83, -0.043, 0.546, 0, 0.183, 0, -4.51, -56.514, -163.773, -23.413, -7.660, -14.187, 30.37, -0.10571, 0.47327, 0.03247, 0.8739,
 11:05:47.261,f6:90:cc:01:6d:25, 2015-01-01 00:18:45.170, 0.983, -0.051, 0.036, 0.061, 0.183, 0, -52.152, -86.32, -110.83, -29.073, -6.487, 3.320, 29.27, 0.1246, -0.68777, -0.08505, -0.70999,
 11:05:47.261,f6:90:cc:01:6d:25, 2015-01-01 00:18:45.170, 0.983, -0.05, 0.032, 0, 0.122, 0, -52.169, -86.32, -110.858, -29.073, -6.487, 3.320, 29.27, 0.1246, -0.68777, -0.08505, -0.70999,
 11:05:47.262,e3:ca:2d:fd:e0:8c, 2015-01-01 00:18:42.845, 1.013, -0.122, -0.046, 0, -0.122, 0, -110.912, -82.694, -103.046, -25.553, -4.780, -4.580, 23.53, -0.1615, -0.67786, 0.25131, -0.67166,
 11:05:47.262,e3:ca:2d:fd:e0:8c, 2015-01-01 00:18:42.845, 1.011, -0.123, -0.048, -0.122, -0.061, 0, -110.923, -82.694, -103.03, -25.553, -4.780, -4.580, 23.53, -0.1615, -0.67786, 0.25131, -0.67166,
 11:05:47.262,ed:40:fe:65:30:6c, 2015-01-01 00:18:42.335, 0.886, 0.038, 0.469, -0.122, 0.061, 0, 4.471, -62.172, -112.659, -26.667, -7.127, 5.100, 25.17, 0.49115, -0.41083, -0.31381, -0.70099,
 11:05:47.262,ed:40:fe:65:30:6c, 2015-01-01 00:18:42.335, 0.888, 0.037, 0.467, 0, 0.061, -0.061, 4.471, -62.166, -112.659, -26.667, -7.127, 5.100, 25.17, 0.49115, -0.41083, -0.31381, -0.70099,
 11:05:47.305,f6:90:cc:01:6d:25, 2015-01-01 00:18:45.170, 0.986, -0.053, 0.031, 0, 0, 0, -52.224, -86.32, -110.863, -29.073, -6.487, 3.320, 29.27, 0.1246, -0.68777, -0.08505, -0.70999,
 11:05:47.305,f6:90:cc:01:6d:25, 2015-01-01 00:18:45.170, 0.988, -0.052, 0.035, 0, 0, 0, -52.273, -86.32, -110.863, -29.073, -6.487, 3.320, 29.27, 0.1246, -0.68777, -0.08505, -0.70999,
 11:05:47.306,ed:35:33:d3:6c:f8, 2015-01-01 00:18:46.015, 0.831, -0.044, 0.545, 0.122, -0.061, -0.122, -4.504, -56.514, -163.773, -23.413, -7.660, -14.187, 30.37, -0.10571, 0.47327, 0.03247, 0.8739,
 11:05:47.306,ed:35:33:d3:6c:f8, 2015-01-01 00:18:46.015, 0.832, -0.043, 0.545, 0.061, -0.366, -0.305, -4.499, -56.514, -163.784, -23.413, -7.660, -14.187, 30.37, -0.10571, 0.47327, 0.03247, 0.8739,
 11:05:47.307,ed:40:fe:65:30:6c, 2015-01-01 00:18:42.335, 0.89, 0.036, 0.466, 0, -0.061, -0.183, 4.477, -62.166, -112.665, -26.667, -7.127, 5.100, 25.17, 0.49115, -0.41083, -0.31381, -0.70099,
 11:05:47.307,ed:40:fe:65:30:6c, 2015-01-01 00:18:42.335, 0.889, 0.038, 0.467, 0, -0.061, -0.244, 4.482, -62.166, -112.676, -26.667, -7.127, 5.100, 25.17, 0.49115, -0.41083, -0.31381, -0.70099,
 11:05:47.307,e3:ca:2d:fd:e0:8c, 2015-01-01 00:18:42.845, 1.015, -0.122, -0.044, -0.122, 0.122, 0, -110.923, -82.694, -103.024, -25.553, -4.780, -4.580, 23.53, -0.1615, -0.67786, 0.25131, -0.67166,
 11:05:47.307,e3:ca:2d:fd:e0:8c, 2015-01-01 00:18:42.845, 1.016, -0.121, -0.044, 0, 0.122, 0, -110.901, -82.694, -103.046, -25.553, -4.780, -4.580, 23.53, -0.1615, -0.67786, 0.25131, -0.67166,
 11:05:47.350,f6:90:cc:01:6d:25, 2015-01-01 00:18:45.530, 0.987, -0.052, 0.038, 0, 0.183, 0, -52.278, -86.32, -110.907, -29.073, -6.487, 3.320, 29.27, 0.1246, -0.68777, -0.08505, -0.70999,
 11:05:47.350,f6:90:cc:01:6d:25, 2015-01-01 00:18:45.530, 0.984, -0.052, 0.037, 0, 0.244, 0, -52.267, -86.32, -110.973, -29.073, -6.487, 3.320, 29.27, 0.1246, -0.68777, -0.08505, -0.70999,
 11:05:47.350,ed:35:33:d3:6c:f8, 2015-01-01 00:18:46.015, 0.832, -0.042, 0.545, 0, -0.061, -0.244, -4.488, -56.525, -163.795, -23.413, -7.660, -14.187, 30.37, -0.10571, 0.47327, 0.03247, 0.8739,
 11:05:47.350,ed:35:33:d3:6c:f8, 2015-01-01 00:18:46.015, 0.829, -0.041, 0.545, 0.061, 0.305, -0.061, -4.482, -56.525, -163.801, -23.413, -7.660, -14.187, 30.37, -0.10571, 0.47327, 0.03247, 0.8739,
 11:05:47.351,ed:40:fe:65:30:6c, 2015-01-01 00:18:42.695, 0.888, 0.038, 0.468, 0.122, 0, -0.183, 4.493, -62.166, -112.681, -26.667, -7.127, 5.100, 25.17, 0.49115, -0.41083, -0.31381, -0.70099,
 11:05:47.351,ed:40:fe:65:30:6c, 2015-01-01 00:18:42.695, 0.887, 0.038, 0.469, 0.244, 0.244, -0.061, 4.504, -62.166, -112.692, -26.667, -7.127, 5.100, 25.17, 0.49115, -0.41083, -0.31381, -0.70099,
 11:05:47.353,e3:ca:2d:fd:e0:8c, 2015-01-01 00:18:42.845, 1.014, -0.122, -0.043, 0.122, -0.061, 0, -110.88, -82.694, -103.057, -25.553, -4.780, -4.580, 23.53, -0.1615, -0.67786, 0.25131, -0.67166,
 11:05:47.353,e3:ca:2d:fd:e0:8c, 2015-01-01 00:18:42.845, 1.01, -0.123, -0.044, 0.183, -0.183, 0, -110.885, -82.694, -103.041, -25.553, -4.780, -4.580, 23.53, -0.1615, -0.67786, 0.25131, -0.67166,
 11:05:47.371,ed:35:33:d3:6c:f8, 2015-01-01 00:18:46.015, 0.829, -0.043, 0.547, 0, 0.427, -0.061, -4.482, -56.519, -163.806, -23.413, -7.660, -14.187, 30.37, -0.10571, 0.47327, 0.03247, 0.8739,
 11:05:47.371,ed:35:33:d3:6c:f8, 2015-01-01 00:18:46.015, 0.828, -0.042, 0.547, 0.183, 0.061, -0.183, -4.477, -56.514, -163.812, -23.413, -7.660, -14.187, 30.37, -0.10571, 0.47327, 0.03247, 0.8739,
 11:05:47.376,e3:ca:2d:fd:e0:8c, 2015-01-01 00:18:42.845, 1.011, -0.122, -0.044, 0, 0, 0, -110.896, -82.694, -103.024, -25.773, -4.587, -4.080, 23.53, -0.1615, -0.67786, 0.25131, -0.67166,
 11:05:47.376,e3:ca:2d:fd:e0:8c, 2015-01-01 00:18:42.845, 1.014, -0.122, -0.044, -0.183, 0.183, 0, -110.88, -82.694, -103.03, -25.773, -4.587, -4.080, 23.53, -0.1615, -0.67786, 0.25131, -0.67166,
 11:05:47.398,ed:40:fe:65:30:6c, 2015-01-01 00:18:42.695, 0.886, 0.038, 0.469, 0.183, 0.183, -0.061, 4.51, -62.161, -112.692, -26.667, -7.127, 5.100, 25.17, 0.49115, -0.41083, -0.31381, -0.70099,
 11:05:47.398,ed:40:fe:65:30:6c, 2015-01-01 00:18:42.695, 0.886, 0.039, 0.469, 0.183, 0.122, -0.244, 4.515, -62.155, -112.698, -26.667, -7.127, 5.100, 25.17, 0.49115, -0.41083, -0.31381, -0.70099,
 11:05:47.398,f6:90:cc:01:6d:25, 2015-01-01 00:18:45.530, 0.982, -0.051, 0.033, 0, 0.244, 0, -52.251, -86.314, -111.033, -29.073, -6.487, 3.320, 29.27, 0.1246, -0.68777, -0.08505, -0.70999,
 11:05:47.398,f6:90:cc:01:6d:25, 2015-01-01 00:18:45.530, 0.983, -0.05, 0.033, 0, 0.122, 0, -52.267, -86.314, -111.066, -29.073, -6.487, 3.320, 29.27, 0.1246, -0.68777, -0.08505, -0.70999,
 11:05:47.417,ed:35:33:d3:6c:f8, 2015-01-01 00:18:46.015, 0.83, -0.042, 0.547, 0.122, -0.122, -0.305, -4.466, -56.514, -163.817, -23.413, -7.660, -14.187, 30.37, -0.10571, 0.47327, 0.03247, 0.8739,
 11:05:47.417,ed:35:33:d3:6c:f8, 2015-01-01 00:18:46.015, 0.831, -0.041, 0.547, -0.061, -0.183, -0.305, -4.455, -56.519, -163.828, -23.413, -7.660, -14.187, 30.37, -0.10571, 0.47327, 0.03247, 0.8739,
 11:05:47.418,ed:40:fe:65:30:6c, 2015-01-01 00:18:42.695, 0.889, 0.038, 0.469, 0.061, 0.061, -0.183, 4.532, -62.155, -112.703, -26.667, -7.127, 5.100, 25.17, 0.49115, -0.41083, -0.31381, -0.70099,
 11:05:47.418,ed:40:fe:65:30:6c, 2015-01-01 00:18:42.695, 0.89, 0.039, 0.469, -0.061, 0, -0.183, 4.537, -62.155, -112.714, -26.667, -7.127, 5.100, 25.17, 0.49115, -0.41083, -0.31381, -0.70099,
 11:05:47.421,e3:ca:2d:fd:e0:8c, 2015-01-01 00:18:42.845, 1.015, -0.123, -0.044, -0.244, 0.244, 0, -110.847, -82.694, -103.057, -25.773, -4.587, -4.080, 23.53, -0.1615, -0.67786, 0.25131, -0.67166,
 11:05:47.421,e3:ca:2d:fd:e0:8c, 2015-01-01 00:18:42.845, 1.014, -0.124, -0.045, -0.183, 0.122, 0, -110.808, -82.694, -103.09, -25.773, -4.587, -4.080, 23.53, -0.1615, -0.67786, 0.25131, -0.67166,
 11:05:47.440,f6:90:cc:01:6d:25, 2015-01-01 00:18:45.530, 0.985, -0.053, 0.035, -0.183, 0.122, 0, -52.289, -86.314, -111.094, -29.073, -6.487, 3.320, 29.27, 0.1246, -0.68777, -0.08505, -0.70999,
 11:05:47.440,f6:90:cc:01:6d:25, 2015-01-01 00:18:45.530, 0.985, -0.054, 0.036, -0.366, 0.244, 0, -52.284, -86.309, -111.16, -29.073, -6.487, 3.320, 29.27, 0.1246, -0.68777, -0.08505, -0.70999,
 11:05:47.462,ed:35:33:d3:6c:f8, 2015-01-01 00:18:46.015, 0.83, -0.042, 0.546, -0.061, -0.061, -0.183, -4.449, -56.519, -163.839, -23.413, -7.660, -14.187, 30.37, -0.10571, 0.47327, 0.03247, 0.8739,
 11:05:47.462,ed:35:33:d3:6c:f8, 2015-01-01 00:18:46.015, 0.83, -0.042, 0.545, -0.061, 0, -0.183, -4.444, -56.525, -163.845, -23.413, -7.660, -14.187, 30.37, -0.10571, 0.47327, 0.03247, 0.8739,
 11:05:47.462,f6:90:cc:01:6d:25, 2015-01-01 00:18:45.530, 0.983, -0.053, 0.036, -0.488, 0.244, 0, -52.284, -86.309, -111.22, -29.073, -6.487, 3.320, 29.27, 0.1246, -0.68777, -0.08505, -0.70999,
 11:05:47.462,f6:90:cc:01:6d:25, 2015-01-01 00:18:45.530, 0.984, -0.054, 0.033, -0.488, 0.183, 0, -52.284, -86.309, -111.281, -29.073, -6.487, 3.320, 29.27, 0.1246, -0.68777, -0.08505, -0.70999,
 11:05:47.464,ed:40:fe:65:30:6c, 2015-01-01 00:18:42.695, 0.887, 0.037, 0.469, -0.061, 0.061, -0.122, 4.543, -62.15, -112.72, -26.667, -7.127, 5.100, 25.17, 0.49115, -0.41083, -0.31381, -0.70099,
 11:05:47.464,ed:40:fe:65:30:6c, 2015-01-01 00:18:42.695, 0.888, 0.039, 0.468, -0.061, 0.244, -0.122, 4.548, -62.15, -112.725, -26.667, -7.127, 5.100, 25.17, 0.49115, -0.41083, -0.31381, -0.70099,
 11:05:47.466,e3:ca:2d:fd:e0:8c, 2015-01-01 00:18:42.845, 1.013, -0.123, -0.043, -0.244, 0.061, 0, -110.792, -82.694, -103.107, -25.773, -4.587, -4.080, 23.53, -0.16083, -0.67801, 0.25067, -0.67194,
 11:05:47.466,e3:ca:2d:fd:e0:8c, 2015-01-01 00:18:42.845, 1.013, -0.124, -0.045, -0.183, 0, 0, -110.781, -82.694, -103.112, -25.773, -4.587, -4.080, 23.53, -0.16083, -0.67801, 0.25067, -0.67194,
 11:05:47.510,e3:ca:2d:fd:e0:8c, 2015-01-01 00:18:43.160, 1.013, -0.123, -0.045, -0.122, 0, 0, -110.77, -82.694, -103.112, -25.773, -4.587, -4.080, 23.53, -0.16083, -0.67801, 0.25067, -0.67194,
 11:05:47.510,e3:ca:2d:fd:e0:8c, 2015-01-01 00:18:43.160, 1.011, -0.122, -0.043, -0.061, 0, 0, -110.764, -82.694, -103.112, -25.773, -4.587, -4.080, 23.53, -0.16083, -0.67801, 0.25067, -0.67194,
 11:05:47.531,ed:40:fe:65:30:6c, 2015-01-01 00:18:42.695, 0.886, 0.039, 0.468, 0.061, 0.305, 0, 4.548, -62.144, -112.725, -26.667, -7.127, 5.100, 25.17, 0.49115, -0.41083, -0.31381, -0.70099,
 11:05:47.531,ed:40:fe:65:30:6c, 2015-01-01 00:18:42.695, 0.885, 0.035, 0.465, 0.061, 0.305, 0, 4.554, -62.133, -112.725, -26.667, -7.127, 5.100, 25.17, 0.49115, -0.41083, -0.31381, -0.70099,
 11:05:47.551,ed:35:33:d3:6c:f8, 2015-01-01 00:18:46.015, 0.829, -0.041, 0.546, -0.061, 0.244, -0.244, -4.438, -56.519, -163.856, -23.533, -7.660, -13.600, 30.37, -0.10571, 0.47327, 0.03247, 0.8739,
 11:05:47.551,ed:35:33:d3:6c:f8, 2015-01-01 00:18:46.015, 0.827, -0.043, 0.542, 0, 0.061, 0, -4.438, -56.519, -163.861, -23.533, -7.660, -13.600, 30.37, -0.10571, 0.47327, 0.03247, 0.8739,
 11:05:47.553,f6:90:cc:01:6d:25, 2015-01-01 00:18:45.530, 0.982, -0.054, 0.035, -0.305, 0.183, 0, -52.295, -86.303, -111.324, -29.073, -6.487, 3.320, 29.27, 0.1246, -0.68777, -0.08505, -0.70999,
 11:05:47.553,f6:90:cc:01:6d:25, 2015-01-01 00:18:45.530, 0.984, -0.051, 0.034, -0.122, 0.244, 0, -52.306, -86.303, -111.374, -29.073, -6.487, 3.320, 29.27, 0.1246, -0.68777, -0.08505, -0.70999,
 11:05:47.555,ed:40:fe:65:30:6c, 2015-01-01 00:18:42.695, 0.889, 0.036, 0.468, 0.061, 0.183, 0, 4.554, -62.128, -112.725, -26.653, -7.333, 4.493, 25.17, 0.49115, -0.41083, -0.31381, -0.70099,
 11:05:47.556,ed:40:fe:65:30:6c, 2015-01-01 00:18:42.695, 0.892, 0.044, 0.47, 0, 0.244, -0.427, 4.559, -62.128, -112.731, -26.653, -7.333, 4.493, 25.17, 0.49115, -0.41083, -0.31381, -0.70099,
 11:05:47.557,e3:ca:2d:fd:e0:8c, 2015-01-01 00:18:43.160, 1.013, -0.12, -0.042, -0.061, 0.122, 0, -110.753, -82.694, -103.118, -25.773, -4.587, -4.080, 23.53, -0.16083, -0.67801, 0.25067, -0.67194,
 11:05:47.557,e3:ca:2d:fd:e0:8c, 2015-01-01 00:18:43.160, 1.017, -0.122, -0.043, -0.183, 0, 0, -110.731, -82.694, -103.129, -25.773, -4.587, -4.080, 23.53, -0.16083, -0.67801, 0.25067, -0.67194,
 11:05:47.575,ed:35:33:d3:6c:f8, 2015-01-01 00:18:46.015, 0.83, -0.046, 0.543, 0.061, 0.122, 0, -4.438, -56.519, -163.867, -23.533, -7.660, -13.600, 30.37, -0.10532, 0.47321, 0.03259, 0.87396,
 11:05:47.575,ed:35:33:d3:6c:f8, 2015-01-01 00:18:46.015, 0.834, -0.041, 0.547, 0.122, 0.244, -0.427, -4.433, -56.514, -163.872, -23.533, -7.660, -13.600, 30.37, -0.10532, 0.47321, 0.03259, 0.87396,
 11:05:47.575,f6:90:cc:01:6d:25, 2015-01-01 00:18:45.530, 0.988, -0.049, 0.037, -0.183, 0.366, -0.366, -52.278, -86.298, -111.462, -28.747, -6.613, 3.133, 29.27, 0.1246, -0.68777, -0.08505, -0.70999,
 11:05:47.575,f6:90:cc:01:6d:25, 2015-01-01 00:18:45.530, 0.987, -0.05, 0.036, -0.305, 0.305, -0.183, -52.18, -86.303, -111.61, -28.747, -6.613, 3.133, 29.27, 0.1246, -0.68777, -0.08505, -0.70999,
 11:05:47.578,e3:ca:2d:fd:e0:8c, 2015-01-01 00:18:43.160, 1.016, -0.123, -0.046, -0.061, -0.122, 0, -110.726, -82.694, -103.129, -25.773, -4.587, -4.080, 23.53, -0.16083, -0.67801, 0.25067, -0.67194,
 11:05:47.578,e3:ca:2d:fd:e0:8c, 2015-01-01 00:18:43.160, 1.014, -0.122, -0.047, 0, 0, 0, -110.731, -82.694, -103.112, -25.773, -4.587, -4.080, 23.53, -0.16083, -0.67801, 0.25067, -0.67194,
 11:05:47.597,ed:35:33:d3:6c:f8, 2015-01-01 00:18:46.015, 0.832, -0.033, 0.548, 0.366, 0.244, -0.427, -4.417, -56.514, -163.889, -23.533, -7.660, -13.600, 30.37, -0.10532, 0.47321, 0.03259, 0.87396,
 11:05:47.597,ed:35:33:d3:6c:f8, 2015-01-01 00:18:46.015, 0.83, -0.041, 0.549, -0.122, 0.732, 0.061, -4.4, -56.508, -163.9, -23.533, -7.660, -13.600, 30.37, -0.10532, 0.47321, 0.03259, 0.87396,
 11:05:47.598,ed:40:fe:65:30:6c, 2015-01-01 00:18:42.695, 0.889, 0.043, 0.472, 0.427, 0.244, -0.183, 4.576, -62.122, -112.742, -26.653, -7.333, 4.493, 25.17, 0.49115, -0.41083, -0.31381, -0.70099,
 11:05:47.598,ed:40:fe:65:30:6c, 2015-01-01 00:18:42.695, 0.886, 0.037, 0.471, 0, 0.427, 0.122, 4.587, -62.111, -112.742, -26.653, -7.333, 4.493, 25.17, 0.49115, -0.41083, -0.31381, -0.70099,
 11:05:47.620,f6:90:cc:01:6d:25, 2015-01-01 00:18:45.530, 0.985, -0.054, 0.032, -0.061, 0.183, -0.183, -52.125, -86.303, -111.714, -28.747, -6.613, 3.133, 29.27, 0.1246, -0.68777, -0.08505, -0.70999,
 11:05:47.620,f6:90:cc:01:6d:25, 2015-01-01 00:18:45.530, 0.984, -0.051, 0.034, 0.122, 0, -0.183, -52.103, -86.303, -111.786, -28.747, -6.613, 3.133, 29.27, 0.1246, -0.68777, -0.08505, -0.70999,
 11:05:47.622,ed:40:fe:65:30:6c, 2015-01-01 00:18:42.695, 0.885, 0.038, 0.47, 0.244, 0.244, 0, 4.587, -62.106, -112.742, -26.653, -7.333, 4.493, 25.17, 0.49118, -0.41019, -0.314, -0.70126,
 11:05:47.622,ed:40:fe:65:30:6c, 2015-01-01 00:18:42.695, 0.885, 0.04, 0.468, 0, 0.183, -0.061, 4.592, -62.1, -112.742, -26.653, -7.333, 4.493, 25.17, 0.49118, -0.41019, -0.314, -0.70126,
 11:05:47.643,ed:35:33:d3:6c:f8, 2015-01-01 00:18:46.015, 0.828, -0.044, 0.547, 0.244, 0.244, 0, -4.4, -56.497, -163.9, -23.533, -7.660, -13.600, 30.37, -0.10532, 0.47321, 0.03259, 0.87396,
 11:05:47.643,ed:35:33:d3:6c:f8, 2015-01-01 00:18:46.015, 0.827, -0.041, 0.547, 0.122, 0, -0.183, -4.395, -56.492, -163.905, -23.533, -7.660, -13.600, 30.37, -0.10532, 0.47321, 0.03259, 0.87396,
 11:05:47.645,f6:90:cc:01:6d:25, 2015-01-01 00:18:45.530, 0.983, -0.049, 0.034, 0.122, 0, -0.244, -52.114, -86.309, -111.824, -28.747, -6.613, 3.133, 29.27, 0.11844, -0.68845, -0.07895, -0.71112,
 11:05:47.645,f6:90:cc:01:6d:25, 2015-01-01 00:18:45.530, 0.983, -0.05, 0.035, 0.061, 0.122, -0.305, -52.103, -86.314, -111.885, -28.747, -6.613, 3.133, 29.27, 0.11844, -0.68845, -0.07895, -0.71112,
 11:05:47.645,e3:ca:2d:fd:e0:8c, 2015-01-01 00:18:43.160, 1.012, -0.12, -0.044, 0, 0.061, 0, -110.72, -82.694, -103.118, -25.773, -4.587, -4.080, 23.53, -0.16083, -0.67801, 0.25067, -0.67194,
 11:05:47.645,e3:ca:2d:fd:e0:8c, 2015-01-01 00:18:43.160, 1.013, -0.12, -0.043, -0.122, 0.183, 0, -110.704, -82.694, -103.129, -25.773, -4.587, -4.080, 23.53, -0.16083, -0.67801, 0.25067, -0.67194,
 11:05:47.664,ed:35:33:d3:6c:f8, 2015-01-01 00:18:46.375, 0.829, -0.039, 0.545, -0.122, -0.244, -0.122, -4.384, -56.497, -163.911, -23.533, -7.660, -13.600, 30.37, -0.10532, 0.47321, 0.03259, 0.87396,
 11:05:47.664,ed:35:33:d3:6c:f8, 2015-01-01 00:18:46.375, 0.829, -0.035, 0.544, -0.122, -0.305, -0.183, -4.384, -56.503, -163.916, -23.533, -7.660, -13.600, 30.37, -0.10532, 0.47321, 0.03259, 0.87396,
 11:05:47.667,ed:40:fe:65:30:6c, 2015-01-01 00:18:42.695, 0.885, 0.042, 0.468, -0.183, 0.061, 0, 4.592, -62.095, -112.742, -26.653, -7.333, 4.493, 25.17, 0.49118, -0.41019, -0.314, -0.70126,
 11:05:47.667,ed:40:fe:65:30:6c, 2015-01-01 00:18:42.695, 0.886, 0.044, 0.466, -0.061, 0.061, 0, 4.592, -62.095, -112.742, -26.653, -7.333, 4.493, 25.17, 0.49118, -0.41019, -0.314, -0.70126,
 11:05:47.668,e3:ca:2d:fd:e0:8c, 2015-01-01 00:18:43.160, 1.012, -0.121, -0.044, -0.061, 0.061, 0, -110.676, -82.694, -103.151, -25.773, -4.587, -4.080, 23.53, -0.16083, -0.67801, 0.25067, -0.67194,
 11:05:47.668,e3:ca:2d:fd:e0:8c, 2015-01-01 00:18:43.160, 1.012, -0.122, -0.044, 0.122, 0, 0, -110.665, -82.694, -103.156, -25.773, -4.587, -4.080, 23.53, -0.16083, -0.67801, 0.25067, -0.67194,
 11:05:47.689,f6:90:cc:01:6d:25, 2015-01-01 00:18:45.530, 0.983, -0.051, 0.033, 0, 0.183, -0.183, -52.064, -86.314, -111.973, -28.747, -6.613, 3.133, 29.27, 0.11844, -0.68845, -0.07895, -0.71112,
 11:05:47.689,f6:90:cc:01:6d:25, 2015-01-01 00:18:45.530, 0.984, -0.05, 0.034, 0.244, 0.305, -0.122, -52.026, -86.32, -112.055, -28.747, -6.613, 3.133, 29.27, 0.11844, -0.68845, -0.07895, -0.71112,
 11:05:47.709,ed:35:33:d3:6c:f8, 2015-01-01 00:18:46.375, 0.831, -0.037, 0.544, -0.244, 0, 0, -4.378, -56.508, -163.922, -23.533, -7.660, -13.600, 30.37, -0.10532, 0.47321, 0.03259, 0.87396,
 11:05:47.709,ed:35:33:d3:6c:f8, 2015-01-01 00:18:46.375, 0.833, -0.04, 0.545, -0.122, 0.183, 0.244, -4.384, -56.508, -163.916, -23.533, -7.660, -13.600, 30.37, -0.10532, 0.47321, 0.03259, 0.87396,
 11:05:47.710,f6:90:cc:01:6d:25, 2015-01-01 00:18:45.910, 0.987, -0.051, 0.035, 0.244, 0.366, -0.122, -51.965, -86.314, -112.159, -28.747, -6.613, 3.133, 29.27, 0.11844, -0.68845, -0.07895, -0.71112,
 11:05:47.710,f6:90:cc:01:6d:25, 2015-01-01 00:18:45.910, 0.988, -0.052, 0.034, 0.122, 0.366, -0.061, -51.899, -86.314, -112.275, -28.747, -6.613, 3.133, 29.27, 0.11844, -0.68845, -0.07895, -0.71112,
 11:05:47.711,ed:40:fe:65:30:6c, 2015-01-01 00:18:43.050, 0.889, 0.04, 0.468, -0.061, 0.244, 0.183, 4.592, -62.095, -112.736, -26.653, -7.333, 4.493, 25.17, 0.49118, -0.41019, -0.314, -0.70126,
 11:05:47.711,ed:40:fe:65:30:6c, 2015-01-01 00:18:43.050, 0.891, 0.039, 0.468, 0.122, 0.183, 0.366, 4.587, -62.089, -112.725, -26.653, -7.333, 4.493, 25.17, 0.49118, -0.41019, -0.314, -0.70126,
 11:05:47.714,e3:ca:2d:fd:e0:8c, 2015-01-01 00:18:43.160, 1.014, -0.121, -0.044, 0.122, 0.061, 0, -110.654, -82.694, -103.162, -25.300, -5.100, -4.033, 23.53, -0.16083, -0.67801, 0.25067, -0.67194,
 11:05:47.714,e3:ca:2d:fd:e0:8c, 2015-01-01 00:18:43.160, 1.017, -0.122, -0.044, 0, 0.122, 0, -110.632, -82.7, -103.173, -25.300, -5.100, -4.033, 23.53, -0.16083, -0.67801, 0.25067, -0.67194,
 11:05:47.735,e3:ca:2d:fd:e0:8c, 2015-01-01 00:18:43.160, 1.016, -0.123, -0.044, 0, 0.122, 0, -110.605, -82.7, -103.195, -25.300, -5.100, -4.033, 23.53, -0.16022, -0.67807, 0.25006, -0.67224,
 11:05:47.735,e3:ca:2d:fd:e0:8c, 2015-01-01 00:18:43.160, 1.012, -0.121, -0.044, 0.061, 0.061, 0, -110.588, -82.7, -103.206, -25.300, -5.100, -4.033, 23.53, -0.16022, -0.67807, 0.25006, -0.67224,
 11:05:47.754,ed:35:33:d3:6c:f8, 2015-01-01 00:18:46.375, 0.831, -0.042, 0.547, 0.183, 0.366, 0.366, -4.389, -56.503, -163.911, -23.533, -7.660, -13.600, 30.37, -0.10532, 0.47321, 0.03259, 0.87396,
 11:05:47.754,ed:35:33:d3:6c:f8, 2015-01-01 00:18:46.375, 0.829, -0.043, 0.546, 0.244, 0.427, 0.305, -4.395, -56.497, -163.9, -23.533, -7.660, -13.600, 30.37, -0.10532, 0.47321, 0.03259, 0.87396,
 11:05:47.756,f6:90:cc:01:6d:25, 2015-01-01 00:18:45.910, 0.985, -0.051, 0.036, 0.244, 0.366, -0.061, -51.844, -86.314, -112.379, -28.747, -6.613, 3.133, 29.27, 0.11844, -0.68845, -0.07895, -0.71112,
 11:05:47.756,f6:90:cc:01:6d:25, 2015-01-01 00:18:45.910, 0.983, -0.049, 0.035, 0.122, 0.366, 0, -51.79, -86.309, -112.478, -28.747, -6.613, 3.133, 29.27, 0.11844, -0.68845, -0.07895, -0.71112,
 11:05:47.777,ed:35:33:d3:6c:f8, 2015-01-01 00:18:46.375, 0.828, -0.044, 0.549, 0.183, 0.427, 0, -4.395, -56.486, -163.894, -23.533, -7.660, -13.600, 30.37, -0.10532, 0.47321, 0.03259, 0.87396,
 11:05:47.777,ed:35:33:d3:6c:f8, 2015-01-01 00:18:46.375, 0.827, -0.037, 0.549, 0.671, 0.061, -0.427, -4.384, -56.481, -163.9, -23.533, -7.660, -13.600, 30.37, -0.10532, 0.47321, 0.03259, 0.87396,
 11:05:47.779,ed:40:fe:65:30:6c, 2015-01-01 00:18:43.050, 0.887, 0.039, 0.47, 0.427, 0.122, 0.366, 4.581, -62.084, -112.709, -26.653, -7.333, 4.493, 25.17, 0.49118, -0.41019, -0.314, -0.70126,
 11:05:47.779,ed:40:fe:65:30:6c, 2015-01-01 00:18:43.050, 0.886, 0.038, 0.47, 0.305, 0.244, 0.183, 4.581, -62.084, -112.698, -26.653, -7.333, 4.493, 25.17, 0.49118, -0.41019, -0.314, -0.70126,
 11:05:47.781,e3:ca:2d:fd:e0:8c, 2015-01-01 00:18:43.160, 1.01, -0.12, -0.043, 0.183, 0.061, 0, -110.566, -82.7, -103.217, -25.300, -5.100, -4.033, 23.53, -0.16022, -0.67807, 0.25006, -0.67224,
 11:05:47.781,e3:ca:2d:fd:e0:8c, 2015-01-01 00:18:43.160, 1.011, -0.12, -0.043, 0.183, 0.061, 0, -110.55, -82.7, -103.222, -25.300, -5.100, -4.033, 23.53, -0.16022, -0.67807, 0.25006, -0.67224,
 11:05:47.800,f6:90:cc:01:6d:25, 2015-01-01 00:18:45.910, 0.983, -0.047, 0.036, 0.061, 0.305, 0, -51.751, -86.309, -112.566, -28.747, -6.613, 3.133, 29.27, 0.11844, -0.68845, -0.07895, -0.71112,
 11:05:47.800,f6:90:cc:01:6d:25, 2015-01-01 00:18:45.910, 0.984, -0.049, 0.035, 0, 0.244, 0, -51.718, -86.303, -112.637, -28.747, -6.613, 3.133, 29.27, 0.11844, -0.68845, -0.07895, -0.71112,
 11:05:47.801,ed:40:fe:65:30:6c, 2015-01-01 00:18:43.050, 0.884, 0.04, 0.472, 0.183, 0.305, -0.244, 4.592, -62.078, -112.698, -26.653, -7.333, 4.493, 25.17, 0.49118, -0.41019, -0.314, -0.70126,
 11:05:47.801,ed:40:fe:65:30:6c, 2015-01-01 00:18:43.050, 0.884, 0.045, 0.472, 0.366, 0.183, -0.488, 4.609, -62.073, -112.714, -26.653, -7.333, 4.493, 25.17, 0.49118, -0.41019, -0.314, -0.70126,
 11:05:47.822,ed:35:33:d3:6c:f8, 2015-01-01 00:18:46.375, 0.829, -0.036, 0.548, 0.366, 0.122, -0.305, -4.356, -56.481, -163.911, -23.533, -7.660, -13.600, 30.37, -0.10532, 0.47321, 0.03259, 0.87396,
 11:05:47.822,ed:35:33:d3:6c:f8, 2015-01-01 00:18:46.375, 0.829, -0.037, 0.546, 0.183, -0.122, -0.244, -4.34, -56.481, -163.922, -23.533, -7.660, -13.600, 30.37, -0.10532, 0.47321, 0.03259, 0.87396,
 11:05:47.824,ed:40:fe:65:30:6c, 2015-01-01 00:18:43.050, 0.886, 0.043, 0.47, 0.122, 0.122, -0.183, 4.631, -62.067, -112.725, -26.653, -7.333, 4.493, 25.17, 0.49118, -0.41019, -0.314, -0.70126,
 11:05:47.824,ed:40:fe:65:30:6c, 2015-01-01 00:18:43.050, 0.886, 0.044, 0.469, 0, 0.183, -0.122, 4.642, -62.062, -112.731, -26.653, -7.333, 4.493, 25.17, 0.49118, -0.41019, -0.314, -0.70126,
 11:05:47.824,f6:90:cc:01:6d:25, 2015-01-01 00:18:45.910, 0.986, -0.051, 0.037, -0.183, 0.244, 0.061, -51.702, -86.303, -112.692, -28.747, -6.613, 3.133, 29.27, 0.11844, -0.68845, -0.07895, -0.71112,
 11:05:47.824,f6:90:cc:01:6d:25, 2015-01-01 00:18:45.910, 0.985, -0.049, 0.038, -0.183, 0.305, 0.183, -51.702, -86.298, -112.742, -28.747, -6.613, 3.133, 29.27, 0.11844, -0.68845, -0.07895, -0.71112,
 11:05:47.825,e3:ca:2d:fd:e0:8c, 2015-01-01 00:18:43.450, 1.014, -0.121, -0.042, -0.061, 0.183, 0, -110.522, -82.7, -103.244, -25.300, -5.100, -4.033, 23.53, -0.16022, -0.67807, 0.25006, -0.67224,
 11:05:47.825,e3:ca:2d:fd:e0:8c, 2015-01-01 00:18:43.450, 1.014, -0.123, -0.043, -0.244, 0.183, 0, -110.495, -82.705, -103.271, -25.300, -5.100, -4.033, 23.53, -0.16022, -0.67807, 0.25006, -0.67224,
 11:05:47.866,ed:35:33:d3:6c:f8, 2015-01-01 00:18:46.375, 0.828, -0.035, 0.548, -0.305, 0.122, -0.305, -4.329, -56.486, -163.932, -23.533, -7.660, -13.600, 30.37, -0.10532, 0.47321, 0.03259, 0.87396,
 11:05:47.866,ed:35:33:d3:6c:f8, 2015-01-01 00:18:46.375, 0.828, -0.034, 0.549, -0.793, 0.244, -0.061, -4.329, -56.481, -163.943, -23.533, -7.660, -13.600, 30.37, -0.10532, 0.47321, 0.03259, 0.87396,
 11:05:47.868,f6:90:cc:01:6d:25, 2015-01-01 00:18:45.910, 0.984, -0.05, 0.037, -0.183, 0.366, 0.244, -51.696, -86.292, -112.786, -28.747, -6.613, 3.133, 29.27, 0.11844, -0.68845, -0.07895, -0.71112,
 11:05:47.868,f6:90:cc:01:6d:25, 2015-01-01 00:18:45.910, 0.983, -0.051, 0.035, 0, 0.488, 0.122, -51.658, -86.287, -112.852, -28.747, -6.613, 3.133, 29.27, 0.11844, -0.68845, -0.07895, -0.71112,
 11:05:47.869,e3:ca:2d:fd:e0:8c, 2015-01-01 00:18:43.450, 1.014, -0.121, -0.043, -0.183, 0.061, 0, -110.473, -82.705, -103.288, -25.300, -5.100, -4.033, 23.53, -0.16022, -0.67807, 0.25006, -0.67224,
 11:05:47.869,e3:ca:2d:fd:e0:8c, 2015-01-01 00:18:43.450, 1.012, -0.12, -0.043, 0, 0, 0, -110.457, -82.705, -103.293, -25.300, -5.100, -4.033, 23.53, -0.16022, -0.67807, 0.25006, -0.67224,
 11:05:47.892,ed:40:fe:65:30:6c, 2015-01-01 00:18:43.050, 0.885, 0.045, 0.472, -0.488, 0.244, -0.061, 4.647, -62.056, -112.736, -26.653, -7.333, 4.493, 25.17, 0.49118, -0.41019, -0.314, -0.70126,
 11:05:47.892,ed:40:fe:65:30:6c, 2015-01-01 00:18:43.050, 0.885, 0.043, 0.472, -0.732, 0.305, 0.183, 4.636, -62.051, -112.731, -26.653, -7.333, 4.493, 25.17, 0.49118, -0.41019, -0.314, -0.70126,
 11:05:47.914,ed:40:fe:65:30:6c, 2015-01-01 00:18:43.050, 0.887, 0.038, 0.471, -0.427, 0.244, 0.488, 4.62, -62.045, -112.714, -26.400, -6.873, 4.867, 25.17, 0.49118, -0.41019, -0.314, -0.70126,
 11:05:47.914,ed:40:fe:65:30:6c, 2015-01-01 00:18:43.050, 0.886, 0.034, 0.469, 0.122, 0.061, 0.488, 4.603, -62.04, -112.692, -26.400, -6.873, 4.867, 25.17, 0.49118, -0.41019, -0.314, -0.70126,
 11:05:47.914,f6:90:cc:01:6d:25, 2015-01-01 00:18:45.910, 0.984, -0.054, 0.033, 0.183, 0.305, 0.122, -51.619, -86.281, -112.928, -28.747, -6.613, 3.133, 29.27, 0.11844, -0.68845, -0.07895, -0.71112,
 11:05:47.914,f6:90:cc:01:6d:25, 2015-01-01 00:18:45.910, 0.984, -0.055, 0.036, 0.183, 0.183, 0.122, -51.625, -86.276, -112.967, -28.747, -6.613, 3.133, 29.27, 0.11844, -0.68845, -0.07895, -0.71112,
 11:05:47.915,e3:ca:2d:fd:e0:8c, 2015-01-01 00:18:43.450, 1.013, -0.123, -0.045, 0, 0, 0, -110.451, -82.705, -103.293, -25.300, -5.100, -4.033, 23.53, -0.16022, -0.67807, 0.25006, -0.67224,
 11:05:47.915,e3:ca:2d:fd:e0:8c, 2015-01-01 00:18:43.450, 1.014, -0.125, -0.044, 0.061, 0.061, 0, -110.44, -82.705, -103.293, -25.300, -5.100, -4.033, 23.53, -0.16022, -0.67807, 0.25006, -0.67224,
 11:05:47.934,ed:35:33:d3:6c:f8, 2015-01-01 00:18:46.375, 0.829, -0.04, 0.549, -0.793, 0.122, 0.244, -4.34, -56.475, -163.938, -23.240, -7.460, -13.500, 30.37, -0.10532, 0.47321, 0.03259, 0.87396,
 11:05:47.934,ed:35:33:d3:6c:f8, 2015-01-01 00:18:46.375, 0.829, -0.046, 0.546, -0.183, 0, 0.488, -4.356, -56.475, -163.927, -23.240, -7.460, -13.500, 30.37, -0.10532, 0.47321, 0.03259, 0.87396,
 11:05:47.939,e3:ca:2d:fd:e0:8c, 2015-01-01 00:18:43.450, 1.014, -0.124, -0.043, 0.122, 0.122, 0, -110.418, -82.705, -103.31, -25.300, -5.100, -4.033, 23.53, -0.16022, -0.67807, 0.25006, -0.67224,
 11:05:47.939,e3:ca:2d:fd:e0:8c, 2015-01-01 00:18:43.450, 1.013, -0.122, -0.042, 0.122, 0.061, 0, -110.391, -82.711, -103.321, -25.300, -5.100, -4.033, 23.53, -0.16022, -0.67807, 0.25006, -0.67224,
 11:05:47.956,ed:35:33:d3:6c:f8, 2015-01-01 00:18:46.375, 0.828, -0.045, 0.545, 0.244, 0.061, 0.366, -4.367, -56.475, -163.911, -23.240, -7.460, -13.500, 30.37, -0.10532, 0.47281, 0.03287, 0.87418,
 11:05:47.957,ed:35:33:d3:6c:f8, 2015-01-01 00:18:46.375, 0.828, -0.044, 0.546, 0.366, 0.305, 0.122, -4.367, -56.47, -163.905, -23.240, -7.460, -13.500, 30.37, -0.10532, 0.47281, 0.03287, 0.87418,
 11:05:47.959,ed:40:fe:65:30:6c, 2015-01-01 00:18:43.050, 0.886, 0.037, 0.468, 0.488, 0, 0.244, 4.598, -62.04, -112.681, -26.400, -6.873, 4.867, 25.17, 0.49118, -0.41019, -0.314, -0.70126,
 11:05:47.959,ed:40:fe:65:30:6c, 2015-01-01 00:18:43.050, 0.885, 0.038, 0.47, 0.549, 0, 0, 4.603, -62.04, -112.676, -26.400, -6.873, 4.867, 25.17, 0.49118, -0.41019, -0.314, -0.70126,
 11:05:47.979,ed:35:33:d3:6c:f8, 2015-01-01 00:18:46.375, 0.828, -0.042, 0.548, 0.488, 0.244, -0.061, -4.362, -56.464, -163.905, -23.240, -7.460, -13.500, 30.37, -0.10532, 0.47281, 0.03287, 0.87418,
 11:05:47.979,ed:35:33:d3:6c:f8, 2015-01-01 00:18:46.375, 0.829, -0.041, 0.549, 0.366, 0.122, -0.122, -4.345, -56.459, -163.911, -23.240, -7.460, -13.500, 30.37, -0.10532, 0.47281, 0.03287, 0.87418,
 11:05:47.980,f6:90:cc:01:6d:25, 2015-01-01 00:18:45.910, 0.984, -0.052, 0.036, 0.122, 0.061, 0.122, -51.663, -86.276, -112.978, -28.607, -6.567, 2.847, 29.27, 0.11844, -0.68845, -0.07895, -0.71112,
 11:05:47.980,f6:90:cc:01:6d:25, 2015-01-01 00:18:45.910, 0.984, -0.051, 0.035, 0, 0.122, 0.122, -51.707, -86.27, -112.978, -28.607, -6.567, 2.847, 29.27, 0.11844, -0.68845, -0.07895, -0.71112,
 11:05:47.981,ed:40:fe:65:30:6c, 2015-01-01 00:18:43.050, 0.886, 0.039, 0.472, 0.427, 0, -0.122, 4.62, -62.034, -112.676, -26.400, -6.873, 4.867, 25.17, 0.49185, -0.40945, -0.31406, -0.7012,
 11:05:47.981,ed:40:fe:65:30:6c, 2015-01-01 00:18:43.050, 0.886, 0.04, 0.473, 0.244, -0.061, -0.122, 4.631, -62.034, -112.681, -26.400, -6.873, 4.867, 25.17, 0.49185, -0.40945, -0.31406, -0.7012,
 11:05:47.983,e3:ca:2d:fd:e0:8c, 2015-01-01 00:18:43.450, 1.013, -0.12, -0.043, 0.061, 0, 0, -110.374, -82.711, -103.326, -25.300, -5.100, -4.033, 23.53, -0.16022, -0.67807, 0.25006, -0.67224,
 11:05:47.983,e3:ca:2d:fd:e0:8c, 2015-01-01 00:18:43.450, 1.014, -0.12, -0.043, 0.061, 0, 0, -110.369, -82.711, -103.326, -25.300, -5.100, -4.033, 23.53, -0.16022, -0.67807, 0.25006, -0.67224,
 11:05:48.002,f6:90:cc:01:6d:25, 2015-01-01 00:18:45.910, 0.984, -0.05, 0.037, 0.061, 0.183, 0, -51.724, -86.27, -113.005, -28.607, -6.567, 2.847, 29.27, 0.11362, -0.68872, -0.07407, -0.71216,
 11:05:48.002,f6:90:cc:01:6d:25, 2015-01-01 00:18:45.910, 0.985, -0.051, 0.036, 0, 0.244, 0, -51.713, -86.27, -113.06, -28.607, -6.567, 2.847, 29.27, 0.11362, -0.68872, -0.07407, -0.71216,
 11:05:48.028,e3:ca:2d:fd:e0:8c, 2015-01-01 00:18:43.450, 1.013, -0.122, -0.042, 0.061, 0, 0, -110.358, -82.711, -103.326, -25.300, -5.100, -4.033, 23.53, -0.16022, -0.67807, 0.25006, -0.67224,
 11:05:48.028,e3:ca:2d:fd:e0:8c, 2015-01-01 00:18:43.450, 1.011, -0.124, -0.042, 0, -0.061, 0, -110.352, -82.711, -103.326, -25.300, -5.100, -4.033, 23.53, -0.16022, -0.67807, 0.25006, -0.67224,
 11:05:48.047,ed:35:33:d3:6c:f8, 2015-01-01 00:18:46.375, 0.828, -0.04, 0.549, 0.183, 0, 0, -4.34, -56.459, -163.911, -23.240, -7.460, -13.500, 30.37, -0.10532, 0.47281, 0.03287, 0.87418,
 11:05:48.047,ed:35:33:d3:6c:f8, 2015-01-01 00:18:46.375, 0.828, -0.04, 0.549, 0.061, 0, 0, -4.334, -56.459, -163.911, -23.240, -7.460, -13.500, 30.37, -0.10532, 0.47281, 0.03287, 0.87418,
 11:05:48.049,f6:90:cc:01:6d:25, 2015-01-01 00:18:45.910, 0.984, -0.051, 0.038, 0, 0.244, -0.061, -51.691, -86.265, -113.126, -28.607, -6.567, 2.847, 29.27, 0.11362, -0.68872, -0.07407, -0.71216,
 11:05:48.049,f6:90:cc:01:6d:25, 2015-01-01 00:18:45.910, 0.983, -0.053, 0.035, 0, 0.183, -0.061, -51.663, -86.265, -113.192, -28.607, -6.567, 2.847, 29.27, 0.11362, -0.68872, -0.07407, -0.71216,
 11:05:48.049,ed:40:fe:65:30:6c, 2015-01-01 00:18:43.050, 0.885, 0.041, 0.472, 0.183, -0.061, -0.122, 4.642, -62.034, -112.687, -26.400, -6.873, 4.867, 25.17, 0.49185, -0.40945, -0.31406, -0.7012,
 11:05:48.049,ed:40:fe:65:30:6c, 2015-01-01 00:18:43.050, 0.886, 0.04, 0.472, 0.122, 0, 0, 4.653, -62.034, -112.692, -26.400, -6.873, 4.867, 25.17, 0.49185, -0.40945, -0.31406, -0.7012,
 11:05:48.069,ed:35:33:d3:6c:f8, 2015-01-01 00:18:46.795, 0.83, -0.04, 0.548, 0, 0, 0.061, -4.334, -56.459, -163.911, -23.240, -7.460, -13.500, 30.37, -0.10532, 0.47281, 0.03287, 0.87418,
 11:05:48.069,ed:35:33:d3:6c:f8, 2015-01-01 00:18:46.795, 0.828, -0.042, 0.546, 0, 0, 0, -4.334, -56.459, -163.911, -23.240, -7.460, -13.500, 30.37, -0.10532, 0.47281, 0.03287, 0.87418,
 11:05:48.070,f6:90:cc:01:6d:25, 2015-01-01 00:18:46.265, 0.985, -0.053, 0.036, 0, 0.122, -0.061, -51.658, -86.265, -113.242, -28.607, -6.567, 2.847, 29.27, 0.11362, -0.68872, -0.07407, -0.71216,
 11:05:48.070,f6:90:cc:01:6d:25, 2015-01-01 00:18:46.265, 0.984, -0.052, 0.037, 0, 0.122, -0.061, -51.658, -86.265, -113.286, -28.607, -6.567, 2.847, 29.27, 0.11362, -0.68872, -0.07407, -0.71216,
 11:05:48.071,ed:40:fe:65:30:6c, 2015-01-01 00:18:43.430, 0.886, 0.04, 0.47, 0.061, 0, 0.061, 4.653, -62.034, -112.687, -26.400, -6.873, 4.867, 25.17, 0.49185, -0.40945, -0.31406, -0.7012,
 11:05:48.071,ed:40:fe:65:30:6c, 2015-01-01 00:18:43.430, 0.885, 0.039, 0.469, 0, 0, 0.061, 4.653, -62.034, -112.687, -26.400, -6.873, 4.867, 25.17, 0.49185, -0.40945, -0.31406, -0.7012,
 11:05:48.072,e3:ca:2d:fd:e0:8c, 2015-01-01 00:18:43.450, 1.012, -0.125, -0.042, 0, 0, 0, -110.347, -82.711, -103.321, -25.427, -5.007, -4.660, 23.53, -0.16022, -0.67807, 0.25006, -0.67224,
 11:05:48.072,e3:ca:2d:fd:e0:8c, 2015-01-01 00:18:43.450, 1.013, -0.123, -0.041, 0, 0, 0, -110.336, -82.711, -103.321, -25.427, -5.007, -4.660, 23.53, -0.16022, -0.67807, 0.25006, -0.67224,
 11:05:48.115,f6:90:cc:01:6d:25, 2015-01-01 00:18:46.265, 0.986, -0.052, 0.038, -0.122, 0.183, 0, -51.658, -86.265, -113.329, -28.607, -6.567, 2.847, 29.27, 0.11362, -0.68872, -0.07407, -0.71216,
 11:05:48.115,f6:90:cc:01:6d:25, 2015-01-01 00:18:46.265, 0.984, -0.051, 0.039, -0.244, 0.183, 0, -51.652, -86.265, -113.379, -28.607, -6.567, 2.847, 29.27, 0.11362, -0.68872, -0.07407, -0.71216,
 11:05:48.115,ed:35:33:d3:6c:f8, 2015-01-01 00:18:46.795, 0.829, -0.042, 0.544, -0.061, 0, 0, -4.334, -56.459, -163.911, -23.240, -7.460, -13.500, 30.37, -0.10532, 0.47281, 0.03287, 0.87418,
 11:05:48.115,ed:35:33:d3:6c:f8, 2015-01-01 00:18:46.795, 0.829, -0.04, 0.549, -0.244, 0.305, -0.122, -4.334, -56.459, -163.916, -23.240, -7.460, -13.500, 30.37, -0.10532, 0.47281, 0.03287, 0.87418,
 11:05:48.116,ed:40:fe:65:30:6c, 2015-01-01 00:18:43.430, 0.887, 0.039, 0.469, -0.122, 0, 0, 4.653, -62.029, -112.687, -26.400, -6.873, 4.867, 25.17, 0.49185, -0.40945, -0.31406, -0.7012,
 11:05:48.116,ed:40:fe:65:30:6c, 2015-01-01 00:18:43.430, 0.886, 0.041, 0.473, 0, 0.122, -0.122, 4.658, -62.029, -112.687, -26.400, -6.873, 4.867, 25.17, 0.49185, -0.40945, -0.31406, -0.7012,
 11:05:48.118,e3:ca:2d:fd:e0:8c, 2015-01-01 00:18:43.450, 1.013, -0.123, -0.043, 0, 0, 0, -110.319, -82.711, -103.321, -25.427, -5.007, -4.660, 23.53, -0.15933, -0.67819, 0.24908, -0.6727,
 11:05:48.118,e3:ca:2d:fd:e0:8c, 2015-01-01 00:18:43.450, 1.013, -0.123, -0.042, -0.122, -0.244, 0, -110.325, -82.705, -103.299, -25.427, -5.007, -4.660, 23.53, -0.15933, -0.67819, 0.24908, -0.6727,
 11:05:48.137,ed:35:33:d3:6c:f8, 2015-01-01 00:18:46.795, 0.827, -0.041, 0.549, -0.122, 0.427, -0.061, -4.334, -56.448, -163.922, -23.240, -7.460, -13.500, 30.37, -0.10532, 0.47281, 0.03287, 0.87418,
 11:05:48.137,ed:35:33:d3:6c:f8, 2015-01-01 00:18:46.795, 0.828, -0.045, 0.547, 0.061, 0.122, 0, -4.334, -56.442, -163.922, -23.240, -7.460, -13.500, 30.37, -0.10532, 0.47281, 0.03287, 0.87418,
 11:05:48.140,e3:ca:2d:fd:e0:8c, 2015-01-01 00:18:43.805, 1.011, -0.123, -0.044, -0.061, -0.305, 0, -110.352, -82.705, -103.26, -25.427, -5.007, -4.660, 23.53, -0.15933, -0.67819, 0.24908, -0.6727,
 11:05:48.140,e3:ca:2d:fd:e0:8c, 2015-01-01 00:18:43.805, 1.012, -0.122, -0.043, -0.061, -0.244, 0, -110.385, -82.705, -103.222, -25.427, -5.007, -4.660, 23.53, -0.15933, -0.67819, 0.24908, -0.6727,
 11:05:48.161,ed:40:fe:65:30:6c, 2015-01-01 00:18:43.430, 0.884, 0.037, 0.472, 0.061, 0.244, 0, 4.658, -62.023, -112.687, -26.400, -6.873, 4.867, 25.17, 0.49185, -0.40945, -0.31406, -0.7012,
 11:05:48.161,ed:40:fe:65:30:6c, 2015-01-01 00:18:43.430, 0.886, 0.035, 0.47, 0, 0.183, 0, 4.658, -62.018, -112.687, -26.400, -6.873, 4.867, 25.17, 0.49185, -0.40945, -0.31406, -0.7012,
 11:05:48.161,f6:90:cc:01:6d:25, 2015-01-01 00:18:46.265, 0.981, -0.054, 0.034, -0.305, 0.122, -0.061, -51.652, -86.259, -113.423, -28.607, -6.567, 2.847, 29.27, 0.11362, -0.68872, -0.07407, -0.71216,
 11:05:48.161,f6:90:cc:01:6d:25, 2015-01-01 00:18:46.265, 0.985, -0.053, 0.034, -0.061, 0.061, 0, -51.669, -86.259, -113.45, -28.607, -6.567, 2.847, 29.27, 0.11362, -0.68872, -0.07407, -0.71216,
 11:05:48.182,ed:35:33:d3:6c:f8, 2015-01-01 00:18:46.795, 0.832, -0.043, 0.548, 0.122, 0, -0.305, -4.329, -56.442, -163.927, -23.240, -7.460, -13.500, 30.37, -0.10532, 0.47281, 0.03287, 0.87418,
 11:05:48.182,ed:35:33:d3:6c:f8, 2015-01-01 00:18:46.795, 0.832, -0.033, 0.547, 0.549, -0.122, -0.427, -4.312, -56.448, -163.943, -23.240, -7.460, -13.500, 30.37, -0.10532, 0.47281, 0.03287, 0.87418,
 11:05:48.183,ed:40:fe:65:30:6c, 2015-01-01 00:18:43.430, 0.89, 0.039, 0.471, 0, 0.122, -0.244, 4.669, -62.012, -112.698, -26.400, -6.873, 4.867, 25.17, 0.49185, -0.40945, -0.31406, -0.7012,
 11:05:48.183,ed:40:fe:65:30:6c, 2015-01-01 00:18:43.430, 0.889, 0.046, 0.47, 0.305, -0.061, -0.244, 4.68, -62.012, -112.703, -26.400, -6.873, 4.867, 25.17, 0.49185, -0.40945, -0.31406, -0.7012,
 11:05:48.185,e3:ca:2d:fd:e0:8c, 2015-01-01 00:18:43.805, 1.015, -0.122, -0.042, -0.122, -0.183, 0, -110.402, -82.7, -103.189, -25.427, -5.007, -4.660, 23.53, -0.15933, -0.67819, 0.24908, -0.6727,
 11:05:48.185,e3:ca:2d:fd:e0:8c, 2015-01-01 00:18:43.805, 1.016, -0.121, -0.044, -0.244, -0.183, 0, -110.418, -82.7, -103.162, -25.427, -5.007, -4.660, 23.53, -0.15933, -0.67819, 0.24908, -0.6727,
 11:05:48.205,f6:90:cc:01:6d:25, 2015-01-01 00:18:46.265, 0.988, -0.049, 0.036, -0.122, 0, 0, -51.707, -86.259, -113.461, -28.607, -6.567, 2.847, 29.27, 0.11362, -0.68872, -0.07407, -0.71216,
 11:05:48.205,f6:90:cc:01:6d:25, 2015-01-01 00:18:46.265, 0.987, -0.05, 0.033, -0.183, 0.061, 0, -51.746, -86.259, -113.472, -28.607, -6.567, 2.847, 29.27, 0.11362, -0.68872, -0.07407, -0.71216,
 11:05:48.227,f6:90:cc:01:6d:25, 2015-01-01 00:18:46.265, 0.986, -0.053, 0.035, 0, 0.061, 0, -51.779, -86.259, -113.494, -28.607, -6.567, 2.847, 29.27, 0.11362, -0.68872, -0.07407, -0.71216,
 11:05:48.227,f6:90:cc:01:6d:25, 2015-01-01 00:18:46.265, 0.984, -0.051, 0.034, 0.061, -0.061, 0, -51.828, -86.265, -113.489, -28.607, -6.567, 2.847, 29.27, 0.11362, -0.68872, -0.07407, -0.71216,
 11:05:48.227,ed:35:33:d3:6c:f8, 2015-01-01 00:18:46.795, 0.83, -0.038, 0.549, -0.061, 0.244, -0.061, -4.296, -56.442, -163.949, -23.240, -7.460, -13.500, 30.37, -0.10532, 0.47281, 0.03287, 0.87418,
 11:05:48.227,ed:35:33:d3:6c:f8, 2015-01-01 00:18:46.795, 0.828, -0.042, 0.548, -0.183, 0.244, -0.061, -4.296, -56.442, -163.954, -23.240, -7.460, -13.500, 30.37, -0.10532, 0.47281, 0.03287, 0.87418,
 11:05:48.229,ed:40:fe:65:30:6c, 2015-01-01 00:18:43.430, 0.888, 0.041, 0.472, 0, 0.061, 0, 4.686, -62.012, -112.709, -26.400, -6.873, 4.867, 25.17, 0.49185, -0.40945, -0.31406, -0.7012,
 11:05:48.229,ed:40:fe:65:30:6c, 2015-01-01 00:18:43.430, 0.885, 0.04, 0.471, -0.122, 0, 0, 4.691, -62.007, -112.709, -26.400, -6.873, 4.867, 25.17, 0.49185, -0.40945, -0.31406, -0.7012,
 11:05:48.229,e3:ca:2d:fd:e0:8c, 2015-01-01 00:18:43.805, 1.015, -0.123, -0.045, -0.183, -0.122, 0, -110.435, -82.7, -103.14, -25.427, -5.007, -4.660, 23.53, -0.15933, -0.67819, 0.24908, -0.6727,
 11:05:48.229,e3:ca:2d:fd:e0:8c, 2015-01-01 00:18:43.805, 1.012, -0.122, -0.045, -0.061, -0.122, 0, -110.446, -82.7, -103.123, -25.427, -5.007, -4.660, 23.53, -0.15933, -0.67819, 0.24908, -0.6727,
 11:05:48.273,f6:90:cc:01:6d:25, 2015-01-01 00:18:46.265, 0.982, -0.051, 0.034, 0, 0, 0, -51.883, -86.265, -113.483, -28.607, -6.567, 2.847, 29.27, 0.11362, -0.68872, -0.07407, -0.71216,
 11:05:48.273,f6:90:cc:01:6d:25, 2015-01-01 00:18:46.265, 0.984, -0.052, 0.035, -0.122, 0.183, 0, -51.894, -86.265, -113.522, -28.607, -6.567, 2.847, 29.27, 0.11362, -0.68872, -0.07407, -0.71216,
 11:05:48.273,ed:40:fe:65:30:6c, 2015-01-01 00:18:43.430, 0.883, 0.041, 0.47, -0.122, 0, -0.061, 4.691, -62.007, -112.709, -26.400, -6.873, 4.867, 25.17, 0.49185, -0.40945, -0.31406, -0.7012,
 11:05:48.273,ed:40:fe:65:30:6c, 2015-01-01 00:18:43.430, 0.885, 0.04, 0.468, -0.244, -0.061, 0, 4.691, -62.007, -112.709, -26.400, -6.873, 4.867, 25.17, 0.49185, -0.40945, -0.31406, -0.7012,
 11:05:48.275,e3:ca:2d:fd:e0:8c, 2015-01-01 00:18:43.805, 1.012, -0.122, -0.043, 0, 0, 0, -110.446, -82.7, -103.112, -25.427, -5.007, -4.660, 23.53, -0.15933, -0.67819, 0.24908, -0.6727,
 11:05:48.275,e3:ca:2d:fd:e0:8c, 2015-01-01 00:18:43.805, 1.012, -0.121, -0.043, 0, -0.061, 0, -110.446, -82.7, -103.107, -25.427, -5.007, -4.660, 23.53, -0.15933, -0.67819, 0.24908, -0.6727,
 11:05:48.295,ed:35:33:d3:6c:f8, 2015-01-01 00:18:46.795, 0.826, -0.04, 0.547, -0.122, 0, -0.244, -4.296, -56.437, -163.96, -23.240, -7.460, -13.500, 30.37, -0.10532, 0.47281, 0.03287, 0.87418,
 11:05:48.295,ed:35:33:d3:6c:f8, 2015-01-01 00:18:46.795, 0.828, -0.04, 0.545, -0.244, -0.183, -0.061, -4.29, -56.442, -163.965, -23.240, -7.460, -13.500, 30.37, -0.10532, 0.47281, 0.03287, 0.87418,
 11:05:48.317,ed:35:33:d3:6c:f8, 2015-01-01 00:18:46.795, 0.828, -0.042, 0.544, -0.122, -0.183, -0.061, -4.296, -56.448, -163.971, -23.687, -7.387, -13.147, 30.37, -0.10532, 0.47281, 0.03287, 0.87418,
 11:05:48.317,ed:35:33:d3:6c:f8, 2015-01-01 00:18:46.795, 0.828, -0.042, 0.545, -0.061, 0, -0.061, -4.296, -56.448, -163.971, -23.687, -7.387, -13.147, 30.37, -0.10532, 0.47281, 0.03287, 0.87418,
 11:05:48.320,e3:ca:2d:fd:e0:8c, 2015-01-01 00:18:43.805, 1.013, -0.122, -0.044, -0.122, -0.122, 0, -110.451, -82.694, -103.096, -25.427, -5.007, -4.660, 23.53, -0.15933, -0.67819, 0.24908, -0.6727,
 11:05:48.320,e3:ca:2d:fd:e0:8c, 2015-01-01 00:18:43.805, 1.012, -0.122, -0.043, -0.061, -0.183, 0, -110.468, -82.694, -103.068, -25.427, -5.007, -4.660, 23.53, -0.15933, -0.67819, 0.24908, -0.6727,
 11:05:48.340,f6:90:cc:01:6d:25, 2015-01-01 00:18:46.265, 0.983, -0.052, 0.036, -0.061, 0.183, 0, -51.899, -86.265, -113.571, -28.560, -6.680, 3.573, 29.27, 0.11362, -0.68872, -0.07407, -0.71216,
 11:05:48.340,f6:90:cc:01:6d:25, 2015-01-01 00:18:46.265, 0.984, -0.051, 0.036, 0, 0.183, 0, -51.899, -86.259, -113.615, -28.560, -6.680, 3.573, 29.27, 0.11362, -0.68872, -0.07407, -0.71216,
 11:05:48.344,ed:40:fe:65:30:6c, 2015-01-01 00:18:43.430, 0.885, 0.039, 0.468, -0.061, -0.244, 0, 4.691, -62.012, -112.714, -26.807, -7.133, 5.413, 25.17, 0.49185, -0.40945, -0.31406, -0.7012,
 11:05:48.344,ed:40:fe:65:30:6c, 2015-01-01 00:18:43.430, 0.886, 0.039, 0.47, 0, -0.183, -0.061, 4.697, -62.012, -112.714, -26.807, -7.133, 5.413, 25.17, 0.49185, -0.40945, -0.31406, -0.7012,
 11:05:48.344,e3:ca:2d:fd:e0:8c, 2015-01-01 00:18:43.805, 1.014, -0.121, -0.043, 0, -0.122, 0, -110.479, -82.694, -103.052, -25.207, -4.900, -5.073, 23.53, -0.15933, -0.67819, 0.24908, -0.6727,
 11:05:48.344,e3:ca:2d:fd:e0:8c, 2015-01-01 00:18:43.805, 1.014, -0.121, -0.043, 0, -0.122, 0, -110.49, -82.694, -103.03, -25.207, -4.900, -5.073, 23.53, -0.15933, -0.67819, 0.24908, -0.6727,
 11:05:48.362,ed:35:33:d3:6c:f8, 2015-01-01 00:18:46.795, 0.829, -0.039, 0.547, 0.061, 0.122, -0.122, -4.29, -56.448, -163.976, -23.687, -7.387, -13.147, 30.37, -0.10532, 0.47281, 0.03287, 0.87418,
 11:05:48.362,ed:35:33:d3:6c:f8, 2015-01-01 00:18:46.795, 0.832, -0.037, 0.551, 0.183, 0.122, -0.061, -4.285, -56.448, -163.982, -23.687, -7.387, -13.147, 30.37, -0.10532, 0.47281, 0.03287, 0.87418,
 11:05:48.363,f6:90:cc:01:6d:25, 2015-01-01 00:18:46.265, 0.985, -0.05, 0.036, 0.061, 0.122, -0.305, -51.866, -86.265, -113.692, -28.560, -6.680, 3.573, 29.27, 0.10861, -0.68927, -0.06906, -0.71292,
 11:05:48.363,f6:90:cc:01:6d:25, 2015-01-01 00:18:46.265, 0.986, -0.05, 0.035, 0, 0.122, -0.244, -51.828, -86.27, -113.774, -28.560, -6.680, 3.573, 29.27, 0.10861, -0.68927, -0.06906, -0.71292,
 11:05:48.364,ed:40:fe:65:30:6c, 2015-01-01 00:18:43.430, 0.887, 0.04, 0.47, 0.061, -0.061, -0.122, 4.702, -62.018, -112.72, -26.807, -7.133, 5.413, 25.17, 0.49197, -0.40903, -0.31442, -0.7012,
 11:05:48.364,ed:40:fe:65:30:6c, 2015-01-01 00:18:43.430, 0.888, 0.042, 0.473, 0.183, -0.061, -0.061, 4.708, -62.018, -112.725, -26.807, -7.133, 5.413, 25.17, 0.49197, -0.40903, -0.31442, -0.7012,
 11:05:48.385,ed:35:33:d3:6c:f8, 2015-01-01 00:18:46.795, 0.831, -0.038, 0.548, 0.244, -0.061, -0.061, -4.274, -56.448, -163.982, -23.687, -7.387, -13.147, 30.37, -0.10513, 0.47253, 0.03323, 0.87433,
 11:05:48.385,ed:35:33:d3:6c:f8, 2015-01-01 00:18:46.795, 0.83, -0.039, 0.545, 0.061, -0.122, -0.122, -4.268, -56.448, -163.987, -23.687, -7.387, -13.147, 30.37, -0.10513, 0.47253, 0.03323, 0.87433,
 11:05:48.388,e3:ca:2d:fd:e0:8c, 2015-01-01 00:18:43.805, 1.012, -0.122, -0.042, 0, 0, 0, -110.484, -82.694, -103.03, -25.207, -4.900, -5.073, 23.53, -0.15933, -0.67819, 0.24908, -0.6727,
 11:05:48.388,e3:ca:2d:fd:e0:8c, 2015-01-01 00:18:43.805, 1.013, -0.123, -0.042, -0.061, -0.061, 0, -110.479, -82.694, -103.019, -25.207, -4.900, -5.073, 23.53, -0.15933, -0.67819, 0.24908, -0.6727,
 11:05:48.407,f6:90:cc:01:6d:25, 2015-01-01 00:18:46.265, 0.986, -0.051, 0.037, 0, 0.122, -0.183, -51.801, -86.27, -113.846, -28.560, -6.680, 3.573, 29.27, 0.10861, -0.68927, -0.06906, -0.71292,
 11:05:48.407,f6:90:cc:01:6d:25, 2015-01-01 00:18:46.265, 0.985, -0.05, 0.037, 0, 0.305, 0, -51.768, -86.27, -113.917, -28.560, -6.680, 3.573, 29.27, 0.10861, -0.68927, -0.06906, -0.71292,
 11:05:48.429,ed:35:33:d3:6c:f8, 2015-01-01 00:18:46.795, 0.831, -0.036, 0.546, 0.183, 0.061, -0.122, -4.263, -56.448, -163.993, -23.687, -7.387, -13.147, 30.37, -0.10513, 0.47253, 0.03323, 0.87433,
 11:05:48.429,ed:35:33:d3:6c:f8, 2015-01-01 00:18:46.795, 0.829, -0.037, 0.546, -0.122, 0.305, 0.061, -4.257, -56.448, -163.993, -23.687, -7.387, -13.147, 30.37, -0.10513, 0.47253, 0.03323, 0.87433,
 11:05:48.430,f6:90:cc:01:6d:25, 2015-01-01 00:18:46.625, 0.986, -0.05, 0.033, 0, 0.305, -0.061, -51.718, -86.27, -114.005, -28.560, -6.680, 3.573, 29.27, 0.10861, -0.68927, -0.06906, -0.71292,
 11:05:48.430,f6:90:cc:01:6d:25, 2015-01-01 00:18:46.625, 0.985, -0.051, 0.036, 0, 0.427, 0, -51.663, -86.265, -114.104, -28.560, -6.680, 3.573, 29.27, 0.10861, -0.68927, -0.06906, -0.71292,
 11:05:48.431,ed:40:fe:65:30:6c, 2015-01-01 00:18:43.430, 0.888, 0.042, 0.471, 0.122, -0.061, 0, 4.719, -62.018, -112.725, -26.807, -7.133, 5.413, 25.17, 0.49197, -0.40903, -0.31442, -0.7012,
 11:05:48.431,ed:40:fe:65:30:6c, 2015-01-01 00:18:43.430, 0.887, 0.042, 0.469, 0, 0, -0.061, 4.724, -62.018, -112.725, -26.807, -7.133, 5.413, 25.17, 0.49197, -0.40903, -0.31442, -0.7012,
 11:05:48.433,e3:ca:2d:fd:e0:8c, 2015-01-01 00:18:43.805, 1.013, -0.121, -0.044, 0, -0.061, 0, -110.479, -82.694, -103.013, -25.207, -4.900, -5.073, 23.53, -0.15848, -0.67862, 0.24835, -0.67276,
 11:05:48.433,e3:ca:2d:fd:e0:8c, 2015-01-01 00:18:43.805, 1.014, -0.121, -0.042, -0.122, 0, 0, -110.468, -82.694, -103.008, -25.207, -4.900, -5.073, 23.53, -0.15848, -0.67862, 0.24835, -0.67276,
 11:05:48.453,ed:40:fe:65:30:6c, 2015-01-01 00:18:43.790, 0.887, 0.044, 0.469, 0.061, 0.061, -0.061, 4.73, -62.012, -112.725, -26.807, -7.133, 5.413, 25.17, 0.49197, -0.40903, -0.31442, -0.7012,
 11:05:48.453,ed:40:fe:65:30:6c, 2015-01-01 00:18:43.790, 0.887, 0.042, 0.469, -0.122, 0.061, 0, 4.73, -62.012, -112.731, -26.807, -7.133, 5.413, 25.17, 0.49197, -0.40903, -0.31442, -0.7012,
 11:05:48.474,ed:35:33:d3:6c:f8, 2015-01-01 00:18:47.175, 0.83, -0.04, 0.547, -0.183, 0.122, 0.061, -4.257, -56.442, -163.993, -23.687, -7.387, -13.147, 30.37, -0.10513, 0.47253, 0.03323, 0.87433,
 11:05:48.474,ed:35:33:d3:6c:f8, 2015-01-01 00:18:47.175, 0.828, -0.04, 0.548, -0.244, 0.183, 0, -4.263, -56.442, -163.993, -23.687, -7.387, -13.147, 30.37, -0.10513, 0.47253, 0.03323, 0.87433,
 11:05:48.476,f6:90:cc:01:6d:25, 2015-01-01 00:18:46.625, 0.985, -0.05, 0.034, 0, 0.427, -0.061, -51.592, -86.265, -114.219, -28.560, -6.680, 3.573, 29.27, 0.10861, -0.68927, -0.06906, -0.71292,
 11:05:48.476,f6:90:cc:01:6d:25, 2015-01-01 00:18:46.625, 0.984, -0.049, 0.037, 0.061, 0.549, -0.122, -51.487, -86.259, -114.368, -28.560, -6.680, 3.573, 29.27, 0.10861, -0.68927, -0.06906, -0.71292,
 11:05:48.476,ed:40:fe:65:30:6c, 2015-01-01 00:18:43.790, 0.887, 0.041, 0.47, -0.183, 0.061, 0, 4.73, -62.012, -112.731, -26.807, -7.133, 5.413, 25.17, 0.49197, -0.40903, -0.31442, -0.7012,
 11:05:48.476,ed:40:fe:65:30:6c, 2015-01-01 00:18:43.790, 0.885, 0.04, 0.471, -0.305, 0, 0, 4.73, -62.012, -112.731, -26.807, -7.133, 5.413, 25.17, 0.49197, -0.40903, -0.31442, -0.7012,
 11:05:48.478,e3:ca:2d:fd:e0:8c, 2015-01-01 00:18:44.120, 1.013, -0.122, -0.044, -0.061, 0, 0, -110.462, -82.694, -103.008, -25.207, -4.900, -5.073, 23.53, -0.15848, -0.67862, 0.24835, -0.67276,
 11:05:48.478,e3:ca:2d:fd:e0:8c, 2015-01-01 00:18:44.120, 1.015, -0.121, -0.044, -0.122, 0, 0, -110.451, -82.694, -103.008, -25.207, -4.900, -5.073, 23.53, -0.15848, -0.67862, 0.24835, -0.67276,
 11:05:48.498,ed:35:33:d3:6c:f8, 2015-01-01 00:18:47.175, 0.829, -0.037, 0.548, -0.183, 0.061, 0, -4.263, -56.442, -163.993, -23.687, -7.387, -13.147, 30.37, -0.10513, 0.47253, 0.03323, 0.87433,
 11:05:48.498,ed:35:33:d3:6c:f8, 2015-01-01 00:18:47.175, 0.829, -0.037, 0.547, 0, 0, 0.122, -4.263, -56.442, -163.993, -23.687, -7.387, -13.147, 30.37, -0.10513, 0.47253, 0.03323, 0.87433,
 11:05:48.500,e3:ca:2d:fd:e0:8c, 2015-01-01 00:18:44.120, 1.013, -0.12, -0.046, -0.061, 0, 0, -110.446, -82.694, -103.008, -25.207, -4.900, -5.073, 23.53, -0.15848, -0.67862, 0.24835, -0.67276,
 11:05:48.500,e3:ca:2d:fd:e0:8c, 2015-01-01 00:18:44.120, 1.014, -0.122, -0.043, -0.122, 0, 0, -110.446, -82.694, -103.008, -25.207, -4.900, -5.073, 23.53, -0.15848, -0.67862, 0.24835, -0.67276,
 11:05:48.521,f6:90:cc:01:6d:25, 2015-01-01 00:18:46.625, 0.984, -0.049, 0.034, 0, 0.488, -0.061, -51.394, -86.254, -114.505, -28.560, -6.680, 3.573, 29.27, 0.10861, -0.68927, -0.06906, -0.71292,
 11:05:48.521,f6:90:cc:01:6d:25, 2015-01-01 00:18:46.625, 0.984, -0.051, 0.036, 0, 0.549, -0.061, -51.301, -86.254, -114.648, -28.560, -6.680, 3.573, 29.27, 0.10861, -0.68927, -0.06906, -0.71292,
 11:05:48.521,ed:40:fe:65:30:6c, 2015-01-01 00:18:43.790, 0.886, 0.042, 0.471, -0.366, 0, 0, 4.73, -62.012, -112.731, -26.807, -7.133, 5.413, 25.17, 0.49197, -0.40903, -0.31442, -0.7012,
 11:05:48.521,ed:40:fe:65:30:6c, 2015-01-01 00:18:43.790, 0.886, 0.042, 0.47, -0.061, -0.061, 0, 4.73, -62.012, -112.731, -26.807, -7.133, 5.413, 25.17, 0.49197, -0.40903, -0.31442, -0.7012,
 11:05:48.542,ed:35:33:d3:6c:f8, 2015-01-01 00:18:47.175, 0.829, -0.039, 0.547, 0.183, 0, 0.305, -4.263, -56.442, -163.982, -23.687, -7.387, -13.147, 30.37, -0.10513, 0.47253, 0.03323, 0.87433,
 11:05:48.542,ed:35:33:d3:6c:f8, 2015-01-01 00:18:47.175, 0.829, -0.041, 0.548, 0.305, 0.122, 0.305, -4.268, -56.442, -163.971, -23.687, -7.387, -13.147, 30.37, -0.10513, 0.47253, 0.03323, 0.87433,
 11:05:48.545,ed:40:fe:65:30:6c, 2015-01-01 00:18:43.790, 0.887, 0.041, 0.471, 0.061, -0.061, 0.305, 4.724, -62.012, -112.72, -26.807, -7.133, 5.413, 25.17, 0.49197, -0.40903, -0.31442, -0.7012,
 11:05:48.545,ed:40:fe:65:30:6c, 2015-01-01 00:18:43.790, 0.886, 0.04, 0.471, 0.244, -0.122, 0.305, 4.724, -62.012, -112.709, -26.807, -7.133, 5.413, 25.17, 0.49197, -0.40903, -0.31442, -0.7012,
 11:05:48.545,e3:ca:2d:fd:e0:8c, 2015-01-01 00:18:44.120, 1.013, -0.122, -0.045, -0.122, -0.061, 0, -110.446, -82.694, -103.002, -25.207, -4.900, -5.073, 23.53, -0.15848, -0.67862, 0.24835, -0.67276,
 11:05:48.545,e3:ca:2d:fd:e0:8c, 2015-01-01 00:18:44.120, 1.015, -0.122, -0.043, -0.122, -0.122, 0, -110.462, -82.694, -102.986, -25.207, -4.900, -5.073, 23.53, -0.15848, -0.67862, 0.24835, -0.67276,
 11:05:48.566,f6:90:cc:01:6d:25, 2015-01-01 00:18:46.625, 0.984, -0.051, 0.036, 0.122, 0.427, -0.061, -51.218, -86.248, -114.774, -28.560, -6.680, 3.573, 29.27, 0.10861, -0.68927, -0.06906, -0.71292,
 11:05:48.566,f6:90:cc:01:6d:25, 2015-01-01 00:18:46.625, 0.985, -0.05, 0.036, 0.244, 0.427, -0.122, -51.136, -86.248, -114.895, -28.560, -6.680, 3.573, 29.27, 0.10861, -0.68927, -0.06906, -0.71292,
 11:05:48.586,ed:35:33:d3:6c:f8, 2015-01-01 00:18:47.175, 0.828, -0.041, 0.547, 0.366, 0.122, 0.183, -4.263, -56.437, -163.965, -23.687, -7.387, -13.147, 30.37, -0.10513, 0.47253, 0.03323, 0.87433,
 11:05:48.586,ed:35:33:d3:6c:f8, 2015-01-01 00:18:47.175, 0.829, -0.04, 0.548, 0.427, 0.183, 0.122, -4.257, -56.437, -163.96, -23.687, -7.387, -13.147, 30.37, -0.10513, 0.47253, 0.03323, 0.87433,
 11:05:48.590,ed:40:fe:65:30:6c, 2015-01-01 00:18:43.790, 0.885, 0.041, 0.471, 0.305, -0.122, 0.183, 4.724, -62.018, -112.698, -26.807, -7.133, 5.413, 25.17, 0.49197, -0.40903, -0.31442, -0.7012,
 11:05:48.590,ed:40:fe:65:30:6c, 2015-01-01 00:18:43.790, 0.886, 0.04, 0.471, 0.427, -0.061, 0.122, 4.73, -62.018, -112.692, -26.807, -7.133, 5.413, 25.17, 0.49197, -0.40903, -0.31442, -0.7012,
 11:05:48.590,e3:ca:2d:fd:e0:8c, 2015-01-01 00:18:44.120, 1.013, -0.121, -0.042, -0.122, 0, 0, -110.462, -82.694, -102.98, -25.207, -4.900, -5.073, 23.53, -0.15848, -0.67862, 0.24835, -0.67276,
 11:05:48.590,e3:ca:2d:fd:e0:8c, 2015-01-01 00:18:44.120, 1.013, -0.121, -0.043, -0.122, 0, 0, -110.457, -82.694, -102.98, -25.207, -4.900, -5.073, 23.53, -0.15848, -0.67862, 0.24835, -0.67276,
 11:05:48.610,f6:90:cc:01:6d:25, 2015-01-01 00:18:46.625, 0.984, -0.049, 0.038, 0.183, 0.427, -0.061, -51.064, -86.243, -115.016, -28.560, -6.680, 3.573, 29.27, 0.10861, -0.68927, -0.06906, -0.71292,
 11:05:48.610,f6:90:cc:01:6d:25, 2015-01-01 00:18:46.625, 0.985, -0.05, 0.036, 0, 0.427, -0.061, -50.993, -86.243, -115.131, -28.560, -6.680, 3.573, 29.27, 0.10861, -0.68927, -0.06906, -0.71292,
 11:05:48.631,ed:35:33:d3:6c:f8, 2015-01-01 00:18:47.175, 0.829, -0.04, 0.548, 0.488, 0.061, 0.183, -4.252, -56.431, -163.954, -23.687, -7.387, -13.147, 30.37, -0.10513, 0.47253, 0.03323, 0.87433,
 11:05:48.631,ed:35:33:d3:6c:f8, 2015-01-01 00:18:47.175, 0.828, -0.039, 0.549, 0.305, 0.244, 0.244, -4.246, -56.431, -163.949, -23.687, -7.387, -13.147, 30.37, -0.10513, 0.47253, 0.03323, 0.87433,
 11:05:48.633,f6:90:cc:01:6d:25, 2015-01-01 00:18:46.625, 0.986, -0.052, 0.039, 0, 0.488, -0.122, -50.889, -86.237, -115.274, -28.560, -6.840, 3.153, 29.27, 0.10861, -0.68927, -0.06906, -0.71292,
 11:05:48.633,f6:90:cc:01:6d:25, 2015-01-01 00:18:46.625, 0.984, -0.052, 0.039, 0, 0.488, 0, -50.812, -86.232, -115.389, -28.560, -6.840, 3.153, 29.27, 0.10861, -0.68927, -0.06906, -0.71292,
 11:05:48.634,ed:40:fe:65:30:6c, 2015-01-01 00:18:43.790, 0.886, 0.04, 0.47, 0.366, -0.122, 0.122, 4.735, -62.018, -112.687, -26.807, -7.133, 5.413, 25.17, 0.49197, -0.40903, -0.31442, -0.7012,
 11:05:48.634,ed:40:fe:65:30:6c, 2015-01-01 00:18:43.790, 0.886, 0.042, 0.472, 0.183, 0, 0.244, 4.735, -62.018, -112.676, -26.807, -7.133, 5.413, 25.17, 0.49197, -0.40903, -0.31442, -0.7012,
 11:05:48.635,e3:ca:2d:fd:e0:8c, 2015-01-01 00:18:44.120, 1.014, -0.122, -0.041, -0.061, 0.183, 0, -110.429, -82.7, -103.002, -25.207, -4.900, -5.073, 23.53, -0.15848, -0.67862, 0.24835, -0.67276,
 11:05:48.635,e3:ca:2d:fd:e0:8c, 2015-01-01 00:18:44.120, 1.013, -0.124, -0.041, -0.061, 0.122, 0, -110.402, -82.7, -103.024, -25.207, -4.900, -5.073, 23.53, -0.15848, -0.67862, 0.24835, -0.67276,
 11:05:48.678,f6:90:cc:01:6d:25, 2015-01-01 00:18:46.625, 0.983, -0.048, 0.037, 0, 0.488, 0, -50.735, -86.232, -115.51, -28.560, -6.840, 3.153, 29.27, 0.10861, -0.68927, -0.06906, -0.71292,
 11:05:48.678,f6:90:cc:01:6d:25, 2015-01-01 00:18:46.625, 0.983, -0.049, 0.038, -0.183, 0.488, 0.061, -50.669, -86.226, -115.615, -28.560, -6.840, 3.153, 29.27, 0.10861, -0.68927, -0.06906, -0.71292,
 11:05:48.680,e3:ca:2d:fd:e0:8c, 2015-01-01 00:18:44.120, 1.013, -0.123, -0.043, -0.061, 0.061, 0, -110.38, -82.7, -103.035, -25.533, -4.673, -4.413, 23.53, -0.15848, -0.67862, 0.24835, -0.67276,
 11:05:48.680,e3:ca:2d:fd:e0:8c, 2015-01-01 00:18:44.120, 1.013, -0.121, -0.043, -0.061, 0.061, 0, -110.363, -82.7, -103.041, -25.533, -4.673, -4.413, 23.53, -0.15848, -0.67862, 0.24835, -0.67276,
 11:05:48.699,ed:35:33:d3:6c:f8, 2015-01-01 00:18:47.175, 0.827, -0.038, 0.549, 0.061, 0.366, 0.183, -4.246, -56.426, -163.943, -23.947, -7.533, -12.980, 30.37, -0.10513, 0.47253, 0.03323, 0.87433,
 11:05:48.699,ed:35:33:d3:6c:f8, 2015-01-01 00:18:47.175, 0.827, -0.037, 0.55, -0.061, 0.305, 0.061, -4.252, -56.42, -163.938, -23.947, -7.533, -12.980, 30.37, -0.10513, 0.47253, 0.03323, 0.87433,
 11:05:48.701,ed:40:fe:65:30:6c, 2015-01-01 00:18:43.790, 0.884, 0.042, 0.471, 0, 0, 0.183, 4.73, -62.018, -112.67, -26.827, -7.573, 4.613, 25.17, 0.49197, -0.40903, -0.31442, -0.7012,
 11:05:48.701,ed:40:fe:65:30:6c, 2015-01-01 00:18:43.790, 0.884, 0.043, 0.472, -0.122, 0, 0.061, 4.73, -62.018, -112.665, -26.827, -7.573, 4.613, 25.17, 0.49197, -0.40903, -0.31442, -0.7012,
 11:05:48.703,e3:ca:2d:fd:e0:8c, 2015-01-01 00:18:44.120, 1.012, -0.122, -0.043, -0.122, 0.122, 0, -110.336, -82.7, -103.057, -25.533, -4.673, -4.413, 23.53, -0.15787, -0.67874, 0.24765, -0.67303,
 11:05:48.703,e3:ca:2d:fd:e0:8c, 2015-01-01 00:18:44.120, 1.015, -0.124, -0.043, -0.183, 0.061, 0, -110.319, -82.705, -103.068, -25.533, -4.673, -4.413, 23.53, -0.15787, -0.67874, 0.24765, -0.67303,
 11:05:48.722,ed:35:33:d3:6c:f8, 2015-01-01 00:18:47.175, 0.827, -0.038, 0.549, -0.183, 0.183, 0.122, -4.252, -56.415, -163.938, -23.947, -7.533, -12.980, 30.37, -0.10562, 0.47226, 0.03357, 0.87442,
 11:05:48.722,ed:35:33:d3:6c:f8, 2015-01-01 00:18:47.175, 0.827, -0.038, 0.549, -0.305, 0, 0.183, -4.257, -56.409, -163.932, -23.947, -7.533, -12.980, 30.37, -0.10562, 0.47226, 0.03357, 0.87442,
 11:05:48.724,ed:40:fe:65:30:6c, 2015-01-01 00:18:43.790, 0.884, 0.042, 0.472, -0.366, 0, 0.183, 4.719, -62.012, -112.659, -26.827, -7.573, 4.613, 25.17, 0.4924, -0.40878, -0.31473, -0.7009,
 11:05:48.724,ed:40:fe:65:30:6c, 2015-01-01 00:18:43.790, 0.885, 0.041, 0.472, -0.488, -0.061, 0.305, 4.702, -62.012, -112.648, -26.827, -7.573, 4.613, 25.17, 0.4924, -0.40878, -0.31473, -0.7009,
 11:05:48.745,f6:90:cc:01:6d:25, 2015-01-01 00:18:46.625, 0.983, -0.053, 0.038, -0.305, 0.427, 0.061, -50.625, -86.221, -115.708, -28.560, -6.840, 3.153, 29.27, 0.1041, -0.68915, -0.06482, -0.71411,
 11:05:48.745,f6:90:cc:01:6d:25, 2015-01-01 00:18:46.625, 0.984, -0.054, 0.037, -0.305, 0.305, 0.122, -50.62, -86.215, -115.757, -28.560, -6.840, 3.153, 29.27, 0.1041, -0.68915, -0.06482, -0.71411,
 11:05:48.749,e3:ca:2d:fd:e0:8c, 2015-01-01 00:18:44.120, 1.014, -0.123, -0.043, -0.244, 0.061, 0, -110.303, -82.705, -103.079, -25.533, -4.673, -4.413, 23.53, -0.15787, -0.67874, 0.24765, -0.67303,
 11:05:48.749,e3:ca:2d:fd:e0:8c, 2015-01-01 00:18:44.120, 1.013, -0.121, -0.043, -0.183, 0.061, 0, -110.292, -82.705, -103.09, -25.533, -4.673, -4.413, 23.53, -0.15787, -0.67874, 0.24765, -0.67303,
 11:05:48.769,f6:90:cc:01:6d:25, 2015-01-01 00:18:46.960, 0.986, -0.051, 0.037, -0.244, 0.244, 0.061, -50.62, -86.21, -115.807, -28.560, -6.840, 3.153, 29.27, 0.1041, -0.68915, -0.06482, -0.71411,
 11:05:48.769,f6:90:cc:01:6d:25, 2015-01-01 00:18:46.960, 0.985, -0.049, 0.038, -0.305, 0.244, 0, -50.609, -86.21, -115.867, -28.560, -6.840, 3.153, 29.27, 0.1041, -0.68915, -0.06482, -0.71411,
 11:05:48.769,ed:35:33:d3:6c:f8, 2015-01-01 00:18:47.175, 0.829, -0.041, 0.547, -0.427, -0.122, 0.244, -4.268, -56.409, -163.922, -23.947, -7.533, -12.980, 30.37, -0.10562, 0.47226, 0.03357, 0.87442,
 11:05:48.769,ed:35:33:d3:6c:f8, 2015-01-01 00:18:47.175, 0.829, -0.041, 0.55, -0.366, 0.244, 0.244, -4.285, -56.409, -163.916, -23.947, -7.533, -12.980, 30.37, -0.10562, 0.47226, 0.03357, 0.87442,
 11:05:48.770,ed:40:fe:65:30:6c, 2015-01-01 00:18:43.790, 0.887, 0.038, 0.47, -0.671, -0.061, 0.427, 4.68, -62.012, -112.626, -26.827, -7.573, 4.613, 25.17, 0.4924, -0.40878, -0.31473, -0.7009,
 11:05:48.770,ed:40:fe:65:30:6c, 2015-01-01 00:18:43.790, 0.886, 0.04, 0.474, -0.244, -0.061, 0.305, 4.664, -62.012, -112.615, -26.827, -7.573, 4.613, 25.17, 0.4924, -0.40878, -0.31473, -0.7009,
 11:05:48.790,f6:90:cc:01:6d:25, 2015-01-01 00:18:46.960, 0.984, -0.054, 0.037, -0.427, 0.305, -0.061, -50.57, -86.21, -115.955, -28.560, -6.840, 3.153, 29.27, 0.1041, -0.68915, -0.06482, -0.71411,
 11:05:48.790,f6:90:cc:01:6d:25, 2015-01-01 00:18:46.960, 0.985, -0.053, 0.037, -0.366, 0.366, -0.122, -50.515, -86.204, -116.065, -28.560, -6.840, 3.153, 29.27, 0.1041, -0.68915, -0.06482, -0.71411,
 11:05:48.790,ed:35:33:d3:6c:f8, 2015-01-01 00:18:47.510, 0.827, -0.045, 0.546, -0.305, 0.122, 0.427, -4.296, -56.404, -163.905, -23.947, -7.533, -12.980, 30.37, -0.10562, 0.47226, 0.03357, 0.87442,
 11:05:48.790,ed:35:33:d3:6c:f8, 2015-01-01 00:18:47.510, 0.83, -0.048, 0.546, 0, 0, 0.305, -4.312, -56.404, -163.894, -23.947, -7.533, -12.980, 30.37, -0.10562, 0.47226, 0.03357, 0.87442,
 11:05:48.791,ed:40:fe:65:30:6c, 2015-01-01 00:18:44.145, 0.885, 0.034, 0.468, -0.244, -0.061, 0.366, 4.647, -62.012, -112.599, -26.827, -7.573, 4.613, 25.17, 0.4924, -0.40878, -0.31473, -0.7009,
 11:05:48.792,ed:40:fe:65:30:6c, 2015-01-01 00:18:44.145, 0.889, 0.034, 0.469, 0, -0.244, 0.244, 4.642, -62.018, -112.593, -26.827, -7.573, 4.613, 25.17, 0.4924, -0.40878, -0.31473, -0.7009,
 11:05:48.793,e3:ca:2d:fd:e0:8c, 2015-01-01 00:18:44.410, 1.012, -0.122, -0.042, -0.305, 0.122, 0, -110.27, -82.705, -103.101, -25.533, -4.673, -4.413, 23.53, -0.15787, -0.67874, 0.24765, -0.67303,
 11:05:48.793,e3:ca:2d:fd:e0:8c, 2015-01-01 00:18:44.410, 1.012, -0.123, -0.042, -0.244, 0.244, 0, -110.231, -82.705, -103.134, -25.533, -4.673, -4.413, 23.53, -0.15787, -0.67874, 0.24765, -0.67303,
 11:05:48.834,ed:35:33:d3:6c:f8, 2015-01-01 00:18:47.510, 0.832, -0.041, 0.548, 0.549, 0.122, -0.122, -4.307, -56.404, -163.889, -23.947, -7.533, -12.980, 30.37, -0.10562, 0.47226, 0.03357, 0.87442,
 11:05:48.834,ed:35:33:d3:6c:f8, 2015-01-01 00:18:47.510, 0.833, -0.033, 0.549, 0.854, 0.305, -0.244, -4.29, -56.398, -163.894, -23.947, -7.533, -12.980, 30.37, -0.10562, 0.47226, 0.03357, 0.87442,
 11:05:48.836,f6:90:cc:01:6d:25, 2015-01-01 00:18:46.960, 0.989, -0.049, 0.04, -0.427, 0.427, -0.122, -50.438, -86.204, -116.191, -28.560, -6.840, 3.153, 29.27, 0.1041, -0.68915, -0.06482, -0.71411,
 11:05:48.836,f6:90:cc:01:6d:25, 2015-01-01 00:18:46.960, 0.987, -0.048, 0.034, -0.549, 0.427, 0, -50.389, -86.199, -116.296, -28.560, -6.840, 3.153, 29.27, 0.1041, -0.68915, -0.06482, -0.71411,
 11:05:48.837,ed:40:fe:65:30:6c, 2015-01-01 00:18:44.145, 0.89, 0.041, 0.471, 0.122, -0.244, -0.183, 4.653, -62.023, -112.599, -26.827, -7.573, 4.613, 25.17, 0.4924, -0.40878, -0.31473, -0.7009,
 11:05:48.837,ed:40:fe:65:30:6c, 2015-01-01 00:18:44.145, 0.891, 0.045, 0.47, 0.549, -0.244, -0.244, 4.675, -62.023, -112.61, -26.827, -7.573, 4.613, 25.17, 0.4924, -0.40878, -0.31473, -0.7009,
 11:05:48.838,e3:ca:2d:fd:e0:8c, 2015-01-01 00:18:44.410, 1.016, -0.123, -0.042, -0.305, 0.244, 0, -110.193, -82.705, -103.173, -25.533, -4.673, -4.413, 23.53, -0.15787, -0.67874, 0.24765, -0.67303,
 11:05:48.838,e3:ca:2d:fd:e0:8c, 2015-01-01 00:18:44.410, 1.016, -0.122, -0.043, -0.366, 0.183, 0, -110.16, -82.711, -103.2, -25.533, -4.673, -4.413, 23.53, -0.15787, -0.67874, 0.24765, -0.67303,
 11:05:48.880,f6:90:cc:01:6d:25, 2015-01-01 00:18:46.960, 0.984, -0.052, 0.035, -0.549, 0.427, 0, -50.345, -86.193, -116.4, -28.560, -6.840, 3.153, 29.27, 0.1041, -0.68915, -0.06482, -0.71411,
 11:05:48.880,f6:90:cc:01:6d:25, 2015-01-01 00:18:46.960, 0.983, -0.051, 0.036, -0.366, 0.305, 0, -50.328, -86.193, -116.472, -28.560, -6.840, 3.153, 29.27, 0.1041, -0.68915, -0.06482, -0.71411,
 11:05:48.882,ed:40:fe:65:30:6c, 2015-01-01 00:18:44.145, 0.887, 0.04, 0.472, 0, -0.183, 0.061, 4.675, -62.029, -112.61, -26.827, -7.573, 4.613, 25.17, 0.4924, -0.40878, -0.31473, -0.7009,
 11:05:48.882,ed:40:fe:65:30:6c, 2015-01-01 00:18:44.145, 0.885, 0.04, 0.47, -0.305, -0.305, 0, 4.675, -62.034, -112.61, -26.827, -7.573, 4.613, 25.17, 0.4924, -0.40878, -0.31473, -0.7009,
 11:05:48.883,e3:ca:2d:fd:e0:8c, 2015-01-01 00:18:44.410, 1.015, -0.122, -0.044, -0.305, 0.427, 0, -110.099, -82.711, -103.255, -25.533, -4.673, -4.413, 23.53, -0.15787, -0.67874, 0.24765, -0.67303,
 11:05:48.883,e3:ca:2d:fd:e0:8c, 2015-01-01 00:18:44.410, 1.013, -0.122, -0.046, -0.244, 0.549, 0, -110.023, -82.716, -103.332, -25.533, -4.673, -4.413, 23.53, -0.15787, -0.67874, 0.24765, -0.67303,
 11:05:48.901,ed:35:33:d3:6c:f8, 2015-01-01 00:18:47.510, 0.829, -0.039, 0.55, 0, 0.427, 0, -4.274, -56.393, -163.9, -23.947, -7.533, -12.980, 30.37, -0.10562, 0.47226, 0.03357, 0.87442,
 11:05:48.901,ed:35:33:d3:6c:f8, 2015-01-01 00:18:47.510, 0.827, -0.041, 0.549, 0, -0.061, -0.122, -4.268, -56.387, -163.905, -23.947, -7.533, -12.980, 30.37, -0.10562, 0.47226, 0.03357, 0.87442,
 11:05:48.906,e3:ca:2d:fd:e0:8c, 2015-01-01 00:18:44.410, 1.012, -0.121, -0.044, -0.061, 0.549, 0, -109.946, -82.716, -103.414, -25.533, -4.673, -4.413, 23.53, -0.15787, -0.67874, 0.24765, -0.67303,
 11:05:48.906,e3:ca:2d:fd:e0:8c, 2015-01-01 00:18:44.410, 1.012, -0.123, -0.042, -0.061, 0.427, 0, -109.874, -82.722, -103.48, -25.533, -4.673, -4.413, 23.53, -0.15787, -0.67874, 0.24765, -0.67303,
 11:05:48.923,ed:35:33:d3:6c:f8, 2015-01-01 00:18:47.510, 0.827, -0.041, 0.546, -0.244, -0.305, -0.061, -4.268, -56.393, -163.911, -23.947, -7.533, -12.980, 30.37, -0.10562, 0.47226, 0.03357, 0.87442,
 11:05:48.923,ed:35:33:d3:6c:f8, 2015-01-01 00:18:47.510, 0.826, -0.041, 0.545, -0.427, -0.244, 0.305, -4.279, -56.398, -163.905, -23.947, -7.533, -12.980, 30.37, -0.10562, 0.47226, 0.03357, 0.87442,
 11:05:48.926,ed:40:fe:65:30:6c, 2015-01-01 00:18:44.145, 0.885, 0.037, 0.469, -0.305, -0.366, 0.061, 4.669, -62.04, -112.61, -26.827, -7.573, 4.613, 25.17, 0.4924, -0.40878, -0.31473, -0.7009,
 11:05:48.926,ed:40:fe:65:30:6c, 2015-01-01 00:18:44.145, 0.885, 0.038, 0.467, -0.305, -0.366, 0.305, 4.653, -62.045, -112.599, -26.827, -7.573, 4.613, 25.17, 0.4924, -0.40878, -0.31473, -0.7009,
 11:05:48.926,f6:90:cc:01:6d:25, 2015-01-01 00:18:46.960, 0.983, -0.052, 0.037, -0.244, 0.244, 0, -50.323, -86.193, -116.537, -28.560, -6.840, 3.153, 29.27, 0.1041, -0.68915, -0.06482, -0.71411,
 11:05:48.926,f6:90:cc:01:6d:25, 2015-01-01 00:18:46.960, 0.983, -0.053, 0.038, -0.122, 0.366, -0.305, -50.235, -86.193, -116.68, -28.560, -6.840, 3.153, 29.27, 0.1041, -0.68915, -0.06482, -0.71411,
 11:05:48.948,ed:35:33:d3:6c:f8, 2015-01-01 00:18:47.510, 0.827, -0.041, 0.545, -0.244, 0, 0.366, -4.296, -56.404, -163.894, -23.947, -7.533, -12.980, 30.37, -0.10562, 0.47226, 0.03357, 0.87442,
 11:05:48.948,ed:35:33:d3:6c:f8, 2015-01-01 00:18:47.510, 0.829, -0.041, 0.546, -0.061, 0.244, 0.183, -4.307, -56.398, -163.883, -23.947, -7.533, -12.980, 30.37, -0.10562, 0.47226, 0.03357, 0.87442,
 11:05:48.949,ed:40:fe:65:30:6c, 2015-01-01 00:18:44.145, 0.885, 0.039, 0.467, -0.244, -0.305, 0.305, 4.636, -62.056, -112.582, -26.827, -7.573, 4.613, 25.17, 0.4924, -0.40878, -0.31473, -0.7009,
 11:05:48.949,ed:40:fe:65:30:6c, 2015-01-01 00:18:44.145, 0.887, 0.04, 0.468, -0.122, -0.183, 0.061, 4.636, -62.056, -112.582, -26.827, -7.573, 4.613, 25.17, 0.4924, -0.40878, -0.31473, -0.7009,
 11:05:48.950,e3:ca:2d:fd:e0:8c, 2015-01-01 00:18:44.410, 1.011, -0.124, -0.042, -0.183, 0.244, 0, -109.83, -82.722, -103.524, -25.533, -4.673, -4.413, 23.53, -0.15787, -0.67874, 0.24765, -0.67303,
 11:05:48.950,e3:ca:2d:fd:e0:8c, 2015-01-01 00:18:44.410, 1.012, -0.123, -0.041, -0.122, 0.366, 0, -109.775, -82.727, -103.579, -25.533, -4.673, -4.413, 23.53, -0.15787, -0.67874, 0.24765, -0.67303,
 11:05:48.970,f6:90:cc:01:6d:25, 2015-01-01 00:18:46.960, 0.984, -0.05, 0.04, -0.122, 0.366, -0.183, -50.175, -86.193, -116.796, -28.560, -6.840, 3.153, 29.27, 0.1041, -0.68915, -0.06482, -0.71411,
 11:05:48.970,f6:90:cc:01:6d:25, 2015-01-01 00:18:46.960, 0.985, -0.051, 0.04, -0.427, 0.366, 0, -50.109, -86.193, -116.911, -28.560, -6.840, 3.153, 29.27, 0.1041, -0.68915, -0.06482, -0.71411,
 11:05:48.993,ed:35:33:d3:6c:f8, 2015-01-01 00:18:47.510, 0.829, -0.038, 0.55, 0.061, 0.244, 0, -4.307, -56.398, -163.878, -23.947, -7.533, -12.980, 30.37, -0.10562, 0.47226, 0.03357, 0.87442,
 11:05:48.993,ed:35:33:d3:6c:f8, 2015-01-01 00:18:47.510, 0.827, -0.038, 0.551, 0.122, 0.305, -0.061, -4.301, -56.393, -163.883, -23.947, -7.533, -12.980, 30.37, -0.10562, 0.47226, 0.03357, 0.87442,
 11:05:48.994,ed:40:fe:65:30:6c, 2015-01-01 00:18:44.145, 0.887, 0.042, 0.471, -0.061, -0.122, 0, 4.636, -62.056, -112.582, -26.827, -7.573, 4.613, 25.17, 0.4924, -0.40878, -0.31473, -0.7009,
 11:05:48.994,ed:40:fe:65:30:6c, 2015-01-01 00:18:44.145, 0.885, 0.041, 0.472, 0, -0.122, 0, 4.642, -62.062, -112.582, -26.827, -7.573, 4.613, 25.17, 0.4924, -0.40878, -0.31473, -0.7009,
 11:05:48.995,e3:ca:2d:fd:e0:8c, 2015-01-01 00:18:44.410, 1.014, -0.123, -0.04, -0.061, 0.366, 0, -109.715, -82.727, -103.634, -25.647, -4.607, -4.360, 23.53, -0.15787, -0.67874, 0.24765, -0.67303,
 11:05:48.995,e3:ca:2d:fd:e0:8c, 2015-01-01 00:18:44.410, 1.014, -0.122, -0.04, -0.122, 0.244, 0, -109.671, -82.727, -103.672, -25.647, -4.607, -4.360, 23.53, -0.15787, -0.67874, 0.24765, -0.67303,
 11:05:49.015,f6:90:cc:01:6d:25, 2015-01-01 00:18:46.960, 0.985, -0.05, 0.042, -0.61, 0.427, 0, -50.07, -86.188, -117.004, -28.887, -7.147, 3.253, 29.27, 0.1041, -0.68915, -0.06482, -0.71411,
 11:05:49.015,f6:90:cc:01:6d:25, 2015-01-01 00:18:46.960, 0.984, -0.051, 0.04, -0.61, 0.366, -0.122, -50.021, -86.182, -117.109, -28.887, -7.147, 3.253, 29.27, 0.1041, -0.68915, -0.06482, -0.71411,
 11:05:49.041,e3:ca:2d:fd:e0:8c, 2015-01-01 00:18:44.410, 1.012, -0.121, -0.039, -0.244, 0.183, 0, -109.638, -82.733, -103.7, -25.647, -4.607, -4.360, 23.53, -0.15768, -0.67831, 0.24719, -0.67365,
 11:05:49.041,e3:ca:2d:fd:e0:8c, 2015-01-01 00:18:44.410, 1.014, -0.121, -0.041, -0.183, 0.305, 0, -109.583, -82.733, -103.744, -25.647, -4.607, -4.360, 23.53, -0.15768, -0.67831, 0.24719, -0.67365,
 11:05:49.059,ed:35:33:d3:6c:f8, 2015-01-01 00:18:47.510, 0.829, -0.042, 0.549, -0.061, 0.183, 0.122, -4.301, -56.387, -163.883, -23.527, -7.827, -13.053, 30.37, -0.10562, 0.47226, 0.03357, 0.87442,
 11:05:49.059,ed:35:33:d3:6c:f8, 2015-01-01 00:18:47.510, 0.829, -0.042, 0.551, 0, 0.122, 0, -4.301, -56.387, -163.878, -23.527, -7.827, -13.053, 30.37, -0.10562, 0.47226, 0.03357, 0.87442,
 11:05:49.060,f6:90:cc:01:6d:25, 2015-01-01 00:18:46.960, 0.986, -0.048, 0.04, -0.549, 0.366, -0.122, -49.955, -86.182, -117.219, -28.887, -7.147, 3.253, 29.27, 0.1041, -0.68915, -0.06482, -0.71411,
 11:05:49.060,f6:90:cc:01:6d:25, 2015-01-01 00:18:46.960, 0.985, -0.05, 0.038, -0.427, 0.427, -0.244, -49.878, -86.182, -117.339, -28.887, -7.147, 3.253, 29.27, 0.1041, -0.68915, -0.06482, -0.71411,
 11:05:49.062,ed:40:fe:65:30:6c, 2015-01-01 00:18:44.145, 0.888, 0.038, 0.471, -0.122, 0, 0.183, 4.636, -62.062, -112.577, -26.833, -6.853, 5.373, 25.17, 0.4924, -0.40878, -0.31473, -0.7009,
 11:05:49.062,ed:40:fe:65:30:6c, 2015-01-01 00:18:44.145, 0.887, 0.04, 0.472, -0.305, 0, 0, 4.631, -62.056, -112.577, -26.833, -6.853, 5.373, 25.17, 0.4924, -0.40878, -0.31473, -0.7009,
 11:05:49.082,f6:90:cc:01:6d:25, 2015-01-01 00:18:46.960, 0.985, -0.05, 0.039, -0.366, 0.427, -0.183, -49.774, -86.182, -117.488, -28.887, -7.147, 3.253, 29.27, 0.09833, -0.68921, -0.05917, -0.71533,
 11:05:49.082,f6:90:cc:01:6d:25, 2015-01-01 00:18:46.960, 0.984, -0.048, 0.037, -0.366, 0.366, -0.061, -49.691, -86.177, -117.614, -28.887, -7.147, 3.253, 29.27, 0.09833, -0.68921, -0.05917, -0.71533,
 11:05:49.084,ed:40:fe:65:30:6c, 2015-01-01 00:18:44.145, 0.887, 0.044, 0.471, -0.305, 0, -0.061, 4.631, -62.056, -112.577, -26.833, -6.853, 5.373, 25.17, 0.49246, -0.40921, -0.31464, -0.70065,
 11:05:49.084,ed:40:fe:65:30:6c, 2015-01-01 00:18:44.145, 0.887, 0.041, 0.47, -0.549, -0.061, 0.122, 4.62, -62.056, -112.571, -26.833, -6.853, 5.373, 25.17, 0.49246, -0.40921, -0.31464, -0.70065,
 11:05:49.084,e3:ca:2d:fd:e0:8c, 2015-01-01 00:18:44.720, 1.015, -0.12, -0.04, -0.061, 0.305, 0, -109.528, -82.733, -103.788, -25.647, -4.607, -4.360, 23.53, -0.15768, -0.67831, 0.24719, -0.67365,
 11:05:49.084,e3:ca:2d:fd:e0:8c, 2015-01-01 00:18:44.720, 1.015, -0.121, -0.041, -0.122, 0.366, 0, -109.468, -82.738, -103.843, -25.647, -4.607, -4.360, 23.53, -0.15768, -0.67831, 0.24719, -0.67365,
 11:05:49.105,ed:35:33:d3:6c:f8, 2015-01-01 00:18:47.510, 0.829, -0.034, 0.55, 0, -0.061, 0, -4.301, -56.382, -163.883, -23.527, -7.827, -13.053, 30.37, -0.1059, 0.47208, 0.03342, 0.87448,
 11:05:49.105,ed:35:33:d3:6c:f8, 2015-01-01 00:18:47.510, 0.828, -0.039, 0.549, -0.366, 0, 0, -4.301, -56.387, -163.883, -23.527, -7.827, -13.053, 30.37, -0.1059, 0.47208, 0.03342, 0.87448,
 11:05:49.108,e3:ca:2d:fd:e0:8c, 2015-01-01 00:18:44.720, 1.013, -0.122, -0.043, -0.244, 0.305, 0, -109.418, -82.738, -103.887, -25.647, -4.607, -4.360, 23.53, -0.15768, -0.67831, 0.24719, -0.67365,
 11:05:49.108,e3:ca:2d:fd:e0:8c, 2015-01-01 00:18:44.720, 1.012, -0.122, -0.042, -0.305, 0.366, 0, -109.369, -82.744, -103.942, -25.647, -4.607, -4.360, 23.53, -0.15768, -0.67831, 0.24719, -0.67365,
 11:05:49.126,ed:35:33:d3:6c:f8, 2015-01-01 00:18:47.510, 0.827, -0.044, 0.548, -0.122, 0, -0.244, -4.301, -56.387, -163.883, -23.527, -7.827, -13.053, 30.37, -0.1059, 0.47208, 0.03342, 0.87448,
 11:05:49.126,ed:35:33:d3:6c:f8, 2015-01-01 00:18:47.510, 0.826, -0.043, 0.547, -0.061, 0, -0.488, -4.29, -56.387, -163.9, -23.527, -7.827, -13.053, 30.37, -0.1059, 0.47208, 0.03342, 0.87448,
 11:05:49.127,f6:90:cc:01:6d:25, 2015-01-01 00:18:46.960, 0.982, -0.048, 0.036, -0.488, 0.305, -0.061, -49.636, -86.177, -117.708, -28.887, -7.147, 3.253, 29.27, 0.09833, -0.68921, -0.05917, -0.71533,
 11:05:49.127,f6:90:cc:01:6d:25, 2015-01-01 00:18:46.960, 0.982, -0.052, 0.037, -0.732, 0.244, -0.061, -49.603, -86.177, -117.79, -28.887, -7.147, 3.253, 29.27, 0.09833, -0.68921, -0.05917, -0.71533,
 11:05:49.129,ed:40:fe:65:30:6c, 2015-01-01 00:18:44.145, 0.886, 0.038, 0.469, -0.305, -0.122, -0.061, 4.62, -62.056, -112.577, -26.833, -6.853, 5.373, 25.17, 0.49246, -0.40921, -0.31464, -0.70065,
 11:05:49.129,ed:40:fe:65:30:6c, 2015-01-01 00:18:44.145, 0.884, 0.037, 0.468, -0.305, -0.244, -0.427, 4.631, -62.062, -112.593, -26.833, -6.853, 5.373, 25.17, 0.49246, -0.40921, -0.31464, -0.70065,
 11:05:49.152,ed:40:fe:65:30:6c, 2015-01-01 00:18:44.505, 0.885, 0.038, 0.468, 0, -0.427, -0.549, 4.653, -62.067, -112.621, -26.833, -6.853, 5.373, 25.17, 0.49246, -0.40921, -0.31464, -0.70065,
 11:05:49.152,ed:40:fe:65:30:6c, 2015-01-01 00:18:44.505, 0.886, 0.04, 0.469, -0.061, -0.488, -0.366, 4.669, -62.078, -112.637, -26.833, -6.853, 5.373, 25.17, 0.49246, -0.40921, -0.31464, -0.70065,
 11:05:49.153,e3:ca:2d:fd:e0:8c, 2015-01-01 00:18:44.720, 1.012, -0.123, -0.042, -0.244, 0.366, 0, -109.314, -82.744, -103.997, -25.647, -4.607, -4.360, 23.53, -0.15768, -0.67831, 0.24719, -0.67365,
 11:05:49.153,e3:ca:2d:fd:e0:8c, 2015-01-01 00:18:44.720, 1.013, -0.123, -0.042, -0.122, 0.305, 0, -109.265, -82.749, -104.046, -25.647, -4.607, -4.360, 23.53, -0.15768, -0.67831, 0.24719, -0.67365,
 11:05:49.173,f6:90:cc:01:6d:25, 2015-01-01 00:18:47.340, 0.984, -0.051, 0.037, -0.61, 0.244, -0.183, -49.581, -86.177, -117.872, -28.887, -7.147, 3.253, 29.27, 0.09833, -0.68921, -0.05917, -0.71533,
 11:05:49.174,f6:90:cc:01:6d:25, 2015-01-01 00:18:47.340, 0.985, -0.049, 0.04, -0.427, 0.183, -0.122, -49.548, -86.177, -117.96, -28.887, -7.147, 3.253, 29.27, 0.09833, -0.68921, -0.05917, -0.71533,
 11:05:49.174,ed:35:33:d3:6c:f8, 2015-01-01 00:18:47.510, 0.826, -0.04, 0.547, 0.183, 0, -0.549, -4.274, -56.387, -163.916, -23.527, -7.827, -13.053, 30.37, -0.1059, 0.47208, 0.03342, 0.87448,
 11:05:49.174,ed:35:33:d3:6c:f8, 2015-01-01 00:18:47.510, 0.828, -0.039, 0.547, 0.122, -0.061, -0.366, -4.257, -56.387, -163.932, -23.527, -7.827, -13.053, 30.37, -0.1059, 0.47208, 0.03342, 0.87448,
 11:05:49.194,ed:35:33:d3:6c:f8, 2015-01-01 00:18:47.890, 0.828, -0.037, 0.549, 0.061, 0, -0.488, -4.241, -56.387, -163.949, -23.527, -7.827, -13.053, 30.37, -0.1059, 0.47208, 0.03342, 0.87448,
 11:05:49.194,ed:35:33:d3:6c:f8, 2015-01-01 00:18:47.890, 0.829, -0.037, 0.55, -0.305, 0, -0.366, -4.23, -56.393, -163.965, -23.527, -7.827, -13.053, 30.37, -0.1059, 0.47208, 0.03342, 0.87448,
 11:05:49.195,f6:90:cc:01:6d:25, 2015-01-01 00:18:47.340, 0.985, -0.051, 0.04, -0.488, 0.122, -0.061, -49.537, -86.177, -118.021, -28.887, -7.147, 3.253, 29.27, 0.09833, -0.68921, -0.05917, -0.71533,
 11:05:49.195,f6:90:cc:01:6d:25, 2015-01-01 00:18:47.340, 0.986, -0.052, 0.041, -0.549, 0.122, -0.061, -49.548, -86.182, -118.065, -28.887, -7.147, 3.253, 29.27, 0.09833, -0.68921, -0.05917, -0.71533,
 11:05:49.197,ed:40:fe:65:30:6c, 2015-01-01 00:18:44.505, 0.886, 0.043, 0.471, -0.122, -0.549, -0.488, 4.691, -62.084, -112.659, -26.833, -6.853, 5.373, 25.17, 0.49246, -0.40921, -0.31464, -0.70065,
 11:05:49.197,ed:40:fe:65:30:6c, 2015-01-01 00:18:44.505, 0.889, 0.042, 0.469, -0.488, -0.549, -0.366, 4.697, -62.095, -112.676, -26.833, -6.853, 5.373, 25.17, 0.49246, -0.40921, -0.31464, -0.70065,
 11:05:49.198,e3:ca:2d:fd:e0:8c, 2015-01-01 00:18:44.720, 1.014, -0.123, -0.041, 0, 0.122, 0, -109.243, -82.749, -104.062, -25.647, -4.607, -4.360, 23.53, -0.15768, -0.67831, 0.24719, -0.67365,
 11:05:49.198,e3:ca:2d:fd:e0:8c, 2015-01-01 00:18:44.720, 1.014, -0.121, -0.04, -0.061, 0, 0, -109.243, -82.749, -104.062, -25.647, -4.607, -4.360, 23.53, -0.15768, -0.67831, 0.24719, -0.67365,
 11:05:49.240,ed:35:33:d3:6c:f8, 2015-01-01 00:18:47.890, 0.83, -0.039, 0.549, -0.488, -0.061, -0.244, -4.224, -56.393, -163.976, -23.527, -7.827, -13.053, 30.37, -0.1059, 0.47208, 0.03342, 0.87448,
 11:05:49.240,ed:35:33:d3:6c:f8, 2015-01-01 00:18:47.890, 0.83, -0.041, 0.548, -0.427, -0.122, -0.061, -4.23, -56.393, -163.982, -23.527, -7.827, -13.053, 30.37, -0.1059, 0.47208, 0.03342, 0.87448,
 11:05:49.242,ed:40:fe:65:30:6c, 2015-01-01 00:18:44.505, 0.888, 0.04, 0.469, -0.549, -0.488, -0.183, 4.702, -62.106, -112.687, -26.833, -6.853, 5.373, 25.17, 0.49246, -0.40921, -0.31464, -0.70065,
 11:05:49.242,ed:40:fe:65:30:6c, 2015-01-01 00:18:44.505, 0.889, 0.038, 0.469, -0.488, -0.488, 0, 4.691, -62.111, -112.687, -26.833, -6.853, 5.373, 25.17, 0.49246, -0.40921, -0.31464, -0.70065,
 11:05:49.242,f6:90:cc:01:6d:25, 2015-01-01 00:18:47.340, 0.985, -0.052, 0.038, -0.427, 0.183, -0.122, -49.543, -86.182, -118.114, -28.887, -7.147, 3.253, 29.27, 0.09833, -0.68921, -0.05917, -0.71533,
 11:05:49.242,f6:90:cc:01:6d:25, 2015-01-01 00:18:47.340, 0.985, -0.051, 0.04, -0.244, 0.183, -0.183, -49.521, -86.182, -118.185, -28.887, -7.147, 3.253, 29.27, 0.09833, -0.68921, -0.05917, -0.71533,
 11:05:49.244,e3:ca:2d:fd:e0:8c, 2015-01-01 00:18:44.720, 1.014, -0.122, -0.039, -0.183, 0, 0, -109.237, -82.749, -104.062, -25.647, -4.607, -4.360, 23.53, -0.15768, -0.67831, 0.24719, -0.67365,
 11:05:49.244,e3:ca:2d:fd:e0:8c, 2015-01-01 00:18:44.720, 1.013, -0.122, -0.04, -0.183, 0, 0, -109.232, -82.749, -104.062, -25.647, -4.607, -4.360, 23.53, -0.15768, -0.67831, 0.24719, -0.67365,
 11:05:49.262,ed:35:33:d3:6c:f8, 2015-01-01 00:18:47.890, 0.829, -0.04, 0.548, -0.488, -0.061, 0, -4.235, -56.393, -163.982, -23.527, -7.827, -13.053, 30.37, -0.1059, 0.47208, 0.03342, 0.87448,
 11:05:49.262,ed:35:33:d3:6c:f8, 2015-01-01 00:18:47.890, 0.828, -0.038, 0.548, -0.244, 0, 0, -4.241, -56.393, -163.982, -23.527, -7.827, -13.053, 30.37, -0.1059, 0.47208, 0.03342, 0.87448,
 11:05:49.265,e3:ca:2d:fd:e0:8c, 2015-01-01 00:18:44.720, 1.013, -0.123, -0.038, -0.183, 0.061, 0, -109.215, -82.749, -104.073, -25.307, -4.687, -4.633, 23.53, -0.15768, -0.67831, 0.24719, -0.67365,
 11:05:49.265,e3:ca:2d:fd:e0:8c, 2015-01-01 00:18:44.720, 1.014, -0.122, -0.04, -0.061, 0.061, 0, -109.193, -82.749, -104.079, -25.307, -4.687, -4.633, 23.53, -0.15768, -0.67831, 0.24719, -0.67365,
 11:05:49.286,f6:90:cc:01:6d:25, 2015-01-01 00:18:47.340, 0.984, -0.051, 0.039, -0.122, 0.183, -0.183, -49.482, -86.182, -118.268, -28.887, -7.147, 3.253, 29.27, 0.09833, -0.68921, -0.05917, -0.71533,
 11:05:49.286,f6:90:cc:01:6d:25, 2015-01-01 00:18:47.340, 0.983, -0.052, 0.04, -0.061, 0.183, -0.122, -49.449, -86.182, -118.345, -28.887, -7.147, 3.253, 29.27, 0.09833, -0.68921, -0.05917, -0.71533,
 11:05:49.287,ed:40:fe:65:30:6c, 2015-01-01 00:18:44.505, 0.888, 0.039, 0.468, -0.427, -0.427, 0.061, 4.686, -62.117, -112.687, -26.833, -6.853, 5.373, 25.17, 0.49246, -0.40921, -0.31464, -0.70065,
 11:05:49.287,ed:40:fe:65:30:6c, 2015-01-01 00:18:44.505, 0.887, 0.04, 0.469, -0.305, -0.366, 0, 4.686, -62.128, -112.692, -26.833, -6.853, 5.373, 25.17, 0.49246, -0.40921, -0.31464, -0.70065,
 11:05:49.308,ed:35:33:d3:6c:f8, 2015-01-01 00:18:47.890, 0.827, -0.04, 0.547, -0.061, 0, 0, -4.241, -56.398, -163.982, -23.527, -7.827, -13.053, 30.37, -0.1059, 0.47208, 0.03342, 0.87448,
 11:05:49.308,ed:35:33:d3:6c:f8, 2015-01-01 00:18:47.890, 0.828, -0.041, 0.547, 0.122, 0.061, 0.122, -4.241, -56.393, -163.982, -23.527, -7.827, -13.053, 30.37, -0.1059, 0.47208, 0.03342, 0.87448,
 11:05:49.311,e3:ca:2d:fd:e0:8c, 2015-01-01 00:18:44.720, 1.012, -0.123, -0.04, -0.061, 0.061, 0, -109.177, -82.749, -104.09, -25.307, -4.687, -4.633, 23.53, -0.15768, -0.67831, 0.24719, -0.67365,
 11:05:49.311,e3:ca:2d:fd:e0:8c, 2015-01-01 00:18:44.720, 1.012, -0.123, -0.042, 0, 0, 0, -109.166, -82.749, -104.09, -25.307, -4.687, -4.633, 23.53, -0.15768, -0.67831, 0.24719, -0.67365,
 11:05:49.331,ed:40:fe:65:30:6c, 2015-01-01 00:18:44.505, 0.886, 0.039, 0.468, 0.183, -0.183, 0.183, 4.68, -62.128, -112.687, -26.833, -6.853, 5.373, 25.17, 0.49246, -0.40921, -0.31464, -0.70065,
 11:05:49.331,ed:40:fe:65:30:6c, 2015-01-01 00:18:44.505, 0.888, 0.038, 0.467, 0.366, -0.244, 0.183, 4.686, -62.133, -112.681, -26.833, -6.853, 5.373, 25.17, 0.49246, -0.40921, -0.31464, -0.70065,
 11:05:49.352,ed:35:33:d3:6c:f8, 2015-01-01 00:18:47.890, 0.829, -0.041, 0.546, 0.366, 0, 0.244, -4.241, -56.393, -163.971, -23.527, -7.827, -13.053, 30.37, -0.1059, 0.47208, 0.03342, 0.87448,
 11:05:49.352,ed:35:33:d3:6c:f8, 2015-01-01 00:18:47.890, 0.828, -0.041, 0.545, 0.366, 0, 0.244, -4.241, -56.393, -163.965, -23.527, -7.827, -13.053, 30.37, -0.1059, 0.47208, 0.03342, 0.87448,
 11:05:49.353,f6:90:cc:01:6d:25, 2015-01-01 00:18:47.340, 0.982, -0.052, 0.037, 0, 0.061, -0.122, -49.438, -86.188, -118.405, -28.887, -7.147, 3.253, 29.27, 0.09833, -0.68921, -0.05917, -0.71533,
 11:05:49.353,f6:90:cc:01:6d:25, 2015-01-01 00:18:47.340, 0.983, -0.052, 0.039, 0, 0.061, -0.122, -49.438, -86.188, -118.444, -28.887, -7.147, 3.253, 29.27, 0.09833, -0.68921, -0.05917, -0.71533,
 11:05:49.354,ed:40:fe:65:30:6c, 2015-01-01 00:18:44.505, 0.887, 0.038, 0.465, 0.305, -0.122, 0.183, 4.686, -62.139, -112.67, -26.933, -7.320, 5.020, 25.17, 0.49246, -0.40921, -0.31464, -0.70065,
 11:05:49.354,ed:40:fe:65:30:6c, 2015-01-01 00:18:44.505, 0.889, 0.041, 0.467, 0.244, -0.061, 0.122, 4.686, -62.139, -112.665, -26.933, -7.320, 5.020, 25.17, 0.49246, -0.40921, -0.31464, -0.70065,
 11:05:49.354,e3:ca:2d:fd:e0:8c, 2015-01-01 00:18:44.720, 1.012, -0.122, -0.041, -0.061, 0, 0, -109.155, -82.749, -104.09, -25.307, -4.687, -4.633, 23.53, -0.15735, -0.6781, 0.24661, -0.67416,
 11:05:49.354,e3:ca:2d:fd:e0:8c, 2015-01-01 00:18:44.720, 1.014, -0.121, -0.04, -0.122, -0.061, 0, -109.16, -82.749, -104.079, -25.307, -4.687, -4.633, 23.53, -0.15735, -0.6781, 0.24661, -0.67416,
 11:05:49.375,f6:90:cc:01:6d:25, 2015-01-01 00:18:47.340, 0.984, -0.051, 0.038, -0.061, 0, -0.183, -49.449, -86.188, -118.482, -28.833, -6.733, 3.640, 29.27, 0.09833, -0.68921, -0.05917, -0.71533,
 11:05:49.375,f6:90:cc:01:6d:25, 2015-01-01 00:18:47.340, 0.986, -0.049, 0.039, 0, 0, -0.183, -49.455, -86.193, -118.526, -28.833, -6.733, 3.640, 29.27, 0.09833, -0.68921, -0.05917, -0.71533,
 11:05:49.396,ed:35:33:d3:6c:f8, 2015-01-01 00:18:47.890, 0.831, -0.039, 0.547, 0.305, 0.244, 0.183, -4.235, -56.393, -163.96, -23.527, -7.827, -13.053, 30.37, -0.1059, 0.47208, 0.03342, 0.87448,
 11:05:49.396,ed:35:33:d3:6c:f8, 2015-01-01 00:18:47.890, 0.829, -0.042, 0.547, 0.061, 0.305, 0.305, -4.241, -56.387, -163.949, -23.527, -7.827, -13.053, 30.37, -0.1059, 0.47208, 0.03342, 0.87448,
 11:05:49.402,ed:40:fe:65:30:6c, 2015-01-01 00:18:44.505, 0.889, 0.037, 0.467, 0.183, 0, 0.244, 4.686, -62.139, -112.659, -26.933, -7.320, 5.020, 25.17, 0.49246, -0.40921, -0.31464, -0.70065,
 11:05:49.403,ed:40:fe:65:30:6c, 2015-01-01 00:18:44.505, 0.89, 0.038, 0.468, -0.122, 0.061, 0.122, 4.68, -62.139, -112.648, -26.933, -7.320, 5.020, 25.17, 0.49246, -0.40921, -0.31464, -0.70065,
 11:05:49.403,e3:ca:2d:fd:e0:8c, 2015-01-01 00:18:45.035, 1.014, -0.121, -0.041, -0.061, -0.061, 0, -109.16, -82.749, -104.073, -25.307, -4.687, -4.633, 23.53, -0.15735, -0.6781, 0.24661, -0.67416,
 11:05:49.403,e3:ca:2d:fd:e0:8c, 2015-01-01 00:18:45.035, 1.013, -0.122, -0.04, 0, -0.183, 0, -109.177, -82.749, -104.046, -25.307, -4.687, -4.633, 23.53, -0.15735, -0.6781, 0.24661, -0.67416,
 11:05:49.422,f6:90:cc:01:6d:25, 2015-01-01 00:18:47.340, 0.985, -0.05, 0.039, 0.122, 0.061, -0.305, -49.438, -86.199, -118.581, -28.833, -6.733, 3.640, 29.27, 0.09833, -0.68921, -0.05917, -0.71533,
 11:05:49.422,f6:90:cc:01:6d:25, 2015-01-01 00:18:47.340, 0.985, -0.049, 0.039, 0.061, 0.122, -0.366, -49.389, -86.204, -118.674, -28.833, -6.733, 3.640, 29.27, 0.09833, -0.68921, -0.05917, -0.71533,
 11:05:49.442,f6:90:cc:01:6d:25, 2015-01-01 00:18:47.340, 0.989, -0.046, 0.037, -0.122, 0.244, -0.183, -49.329, -86.204, -118.773, -28.833, -6.733, 3.640, 29.27, 0.09256, -0.68954, -0.05411, -0.71619,
 11:05:49.442,f6:90:cc:01:6d:25, 2015-01-01 00:18:47.340, 0.988, -0.05, 0.039, -0.183, 0.122, -0.061, -49.301, -86.204, -118.839, -28.833, -6.733, 3.640, 29.27, 0.09256, -0.68954, -0.05411, -0.71619,
 11:05:49.445,e3:ca:2d:fd:e0:8c, 2015-01-01 00:18:45.035, 1.012, -0.121, -0.039, -0.061, -0.061, 0, -109.177, -82.749, -104.035, -25.307, -4.687, -4.633, 23.53, -0.15735, -0.6781, 0.24661, -0.67416,
 11:05:49.445,e3:ca:2d:fd:e0:8c, 2015-01-01 00:18:45.035, 1.018, -0.122, -0.041, -0.305, -0.183, 0, -109.199, -82.749, -104.008, -25.307, -4.687, -4.633, 23.53, -0.15735, -0.6781, 0.24661, -0.67416,
 11:05:49.467,ed:40:fe:65:30:6c, 2015-01-01 00:18:44.505, 0.893, 0.045, 0.466, -0.061, 0.183, -0.244, 4.68, -62.139, -112.648, -26.933, -7.320, 5.020, 25.17, 0.49203, -0.4097, -0.31503, -0.7005,
 11:05:49.467,ed:40:fe:65:30:6c, 2015-01-01 00:18:44.505, 0.89, 0.045, 0.472, 0.366, 0.122, -0.244, 4.691, -62.133, -112.659, -26.933, -7.320, 5.020, 25.17, 0.49203, -0.4097, -0.31503, -0.7005,
 11:05:49.468,e3:ca:2d:fd:e0:8c, 2015-01-01 00:18:45.035, 1.018, -0.123, -0.041, -0.183, -0.183, 0, -109.215, -82.749, -103.98, -25.307, -4.687, -4.633, 23.53, -0.15735, -0.6781, 0.24661, -0.67416,
 11:05:49.468,e3:ca:2d:fd:e0:8c, 2015-01-01 00:18:45.035, 1.014, -0.12, -0.041, -0.061, 0.061, 0, -109.199, -82.749, -103.991, -25.307, -4.687, -4.633, 23.53, -0.15735, -0.6781, 0.24661, -0.67416,
 11:05:49.488,ed:35:33:d3:6c:f8, 2015-01-01 00:18:47.890, 0.832, -0.043, 0.547, 0, 0.427, 0.183, -4.246, -56.382, -163.943, -23.660, -7.767, -12.640, 30.37, -0.1059, 0.47208, 0.03342, 0.87448,
 11:05:49.488,ed:35:33:d3:6c:f8, 2015-01-01 00:18:47.890, 0.833, -0.036, 0.549, 0.366, 0.305, -0.305, -4.235, -56.376, -163.949, -23.660, -7.767, -12.640, 30.37, -0.1059, 0.47208, 0.03342, 0.87448,
 11:05:49.488,f6:90:cc:01:6d:25, 2015-01-01 00:18:47.340, 0.984, -0.051, 0.034, -0.061, 0.122, -0.122, -49.296, -86.21, -118.889, -28.833, -6.733, 3.640, 29.27, 0.09256, -0.68954, -0.05411, -0.71619,
 11:05:49.488,f6:90:cc:01:6d:25, 2015-01-01 00:18:47.340, 0.982, -0.047, 0.037, 0, 0.122, -0.061, -49.29, -86.21, -118.938, -28.833, -6.733, 3.640, 29.27, 0.09256, -0.68954, -0.05411, -0.71619,
 11:05:49.489,ed:40:fe:65:30:6c, 2015-01-01 00:18:44.840, 0.886, 0.041, 0.468, 0.061, 0.061, 0.305, 4.702, -62.133, -112.665, -26.933, -7.320, 5.020, 25.17, 0.49203, -0.4097, -0.31503, -0.7005,
 11:05:49.489,ed:40:fe:65:30:6c, 2015-01-01 00:18:44.840, 0.885, 0.041, 0.466, 0, 0, 0.061, 4.702, -62.133, -112.654, -26.933, -7.320, 5.020, 25.17, 0.49203, -0.4097, -0.31503, -0.7005,
 11:05:49.508,ed:35:33:d3:6c:f8, 2015-01-01 00:18:47.890, 0.831, -0.031, 0.553, 0.549, 0.427, -0.183, -4.219, -56.371, -163.96, -23.660, -7.767, -12.640, 30.37, -0.10565, 0.47186, 0.03372, 0.8746,
 11:05:49.508,ed:35:33:d3:6c:f8, 2015-01-01 00:18:47.890, 0.828, -0.039, 0.549, 0, 0.305, 0.183, -4.213, -56.365, -163.96, -23.660, -7.767, -12.640, 30.37, -0.10565, 0.47186, 0.03372, 0.8746,
 11:05:49.512,ed:40:fe:65:30:6c, 2015-01-01 00:18:44.840, 0.884, 0.04, 0.466, 0.183, 0, 0, 4.702, -62.133, -112.648, -26.933, -7.320, 5.020, 25.17, 0.49203, -0.4097, -0.31503, -0.7005,
 11:05:49.512,ed:40:fe:65:30:6c, 2015-01-01 00:18:44.840, 0.884, 0.039, 0.466, 0, 0, 0.122, 4.708, -62.133, -112.648, -26.933, -7.320, 5.020, 25.17, 0.49203, -0.4097, -0.31503, -0.7005,
 11:05:49.513,e3:ca:2d:fd:e0:8c, 2015-01-01 00:18:45.035, 1.012, -0.121, -0.042, -0.061, 0.061, 0, -109.182, -82.749, -104.002, -25.307, -4.687, -4.633, 23.53, -0.15735, -0.6781, 0.24661, -0.67416,
 11:05:49.513,e3:ca:2d:fd:e0:8c, 2015-01-01 00:18:45.035, 1.01, -0.121, -0.041, -0.061, 0.061, 0, -109.171, -82.749, -104.008, -25.307, -4.687, -4.633, 23.53, -0.15735, -0.6781, 0.24661, -0.67416,
 11:05:49.531,ed:35:33:d3:6c:f8, 2015-01-01 00:18:47.890, 0.825, -0.04, 0.547, 0.305, -0.183, -0.183, -4.202, -56.365, -163.96, -23.660, -7.767, -12.640, 30.37, -0.10565, 0.47186, 0.03372, 0.8746,
 11:05:49.531,ed:35:33:d3:6c:f8, 2015-01-01 00:18:47.890, 0.824, -0.038, 0.545, 0.244, -0.122, 0, -4.197, -56.371, -163.96, -23.660, -7.767, -12.640, 30.37, -0.10565, 0.47186, 0.03372, 0.8746,
 11:05:49.533,f6:90:cc:01:6d:25, 2015-01-01 00:18:47.695, 0.981, -0.049, 0.037, 0, 0.061, -0.061, -49.296, -86.21, -118.976, -28.833, -6.733, 3.640, 29.27, 0.09256, -0.68954, -0.05411, -0.71619,
 11:05:49.533,f6:90:cc:01:6d:25, 2015-01-01 00:18:47.695, 0.98, -0.051, 0.04, 0, 0.183, -0.122, -49.29, -86.215, -119.026, -28.833, -6.733, 3.640, 29.27, 0.09256, -0.68954, -0.05411, -0.71619,
 11:05:49.555,f6:90:cc:01:6d:25, 2015-01-01 00:18:47.695, 0.983, -0.05, 0.037, 0, 0.183, -0.061, -49.274, -86.215, -119.092, -28.833, -6.733, 3.640, 29.27, 0.09256, -0.68954, -0.05411, -0.71619,
 11:05:49.555,f6:90:cc:01:6d:25, 2015-01-01 00:18:47.695, 0.984, -0.05, 0.039, 0.061, 0.183, -0.061, -49.257, -86.215, -119.147, -28.833, -6.733, 3.640, 29.27, 0.09256, -0.68954, -0.05411, -0.71619,
 11:05:49.557,e3:ca:2d:fd:e0:8c, 2015-01-01 00:18:45.035, 1.012, -0.121, -0.04, -0.122, 0, 0, -109.166, -82.749, -104.008, -25.307, -4.687, -4.633, 23.53, -0.15735, -0.6781, 0.24661, -0.67416,
 11:05:49.557,e3:ca:2d:fd:e0:8c, 2015-01-01 00:18:45.035, 1.013, -0.122, -0.041, -0.061, -0.244, 0, -109.182, -82.749, -103.986, -25.307, -4.687, -4.633, 23.53, -0.15735, -0.6781, 0.24661, -0.67416,
 11:05:49.576,ed:35:33:d3:6c:f8, 2015-01-01 00:18:47.890, 0.826, -0.04, 0.546, -0.122, 0.122, 0.183, -4.197, -56.371, -163.96, -23.660, -7.767, -12.640, 30.37, -0.10565, 0.47186, 0.03372, 0.8746,
 11:05:49.576,ed:35:33:d3:6c:f8, 2015-01-01 00:18:47.890, 0.827, -0.04, 0.546, 0, 0.061, 0, -4.197, -56.371, -163.954, -23.660, -7.767, -12.640, 30.37, -0.10565, 0.47186, 0.03372, 0.8746,
 11:05:49.579,ed:40:fe:65:30:6c, 2015-01-01 00:18:44.840, 0.886, 0.039, 0.465, 0, 0, 0.061, 4.708, -62.133, -112.643, -26.933, -7.320, 5.020, 25.17, 0.49203, -0.4097, -0.31503, -0.7005,
 11:05:49.579,ed:40:fe:65:30:6c, 2015-01-01 00:18:44.840, 0.887, 0.04, 0.467, 0, -0.061, 0, 4.708, -62.133, -112.643, -26.933, -7.320, 5.020, 25.17, 0.49203, -0.4097, -0.31503, -0.7005,
 11:05:49.599,ed:35:33:d3:6c:f8, 2015-01-01 00:18:48.295, 0.828, -0.04, 0.547, 0, 0.061, 0, -4.197, -56.371, -163.96, -23.660, -7.767, -12.640, 30.37, -0.10565, 0.47186, 0.03372, 0.8746,
 11:05:49.599,ed:35:33:d3:6c:f8, 2015-01-01 00:18:48.295, 0.831, -0.038, 0.551, 0, 0.122, 0, -4.197, -56.365, -163.96, -23.660, -7.767, -12.640, 30.37, -0.10565, 0.47186, 0.03372, 0.8746,
 11:05:49.601,f6:90:cc:01:6d:25, 2015-01-01 00:18:47.695, 0.986, -0.05, 0.04, 0.061, 0.122, -0.061, -49.246, -86.215, -119.196, -28.833, -6.733, 3.640, 29.27, 0.09256, -0.68954, -0.05411, -0.71619,
 11:05:49.601,f6:90:cc:01:6d:25, 2015-01-01 00:18:47.695, 0.985, -0.05, 0.039, 0, 0, -0.061, -49.257, -86.215, -119.229, -28.833, -6.733, 3.640, 29.27, 0.09256, -0.68954, -0.05411, -0.71619,
 11:05:49.602,ed:40:fe:65:30:6c, 2015-01-01 00:18:44.840, 0.89, 0.041, 0.471, 0, 0, 0, 4.708, -62.133, -112.643, -26.933, -7.320, 5.020, 25.17, 0.49203, -0.4097, -0.31503, -0.7005,
 11:05:49.602,ed:40:fe:65:30:6c, 2015-01-01 00:18:44.840, 0.886, 0.042, 0.471, 0.122, 0, 0.061, 4.713, -62.133, -112.643, -26.933, -7.320, 5.020, 25.17, 0.49203, -0.4097, -0.31503, -0.7005,
 11:05:49.603,e3:ca:2d:fd:e0:8c, 2015-01-01 00:18:45.035, 1.014, -0.121, -0.04, -0.061, -0.366, 0, -109.215, -82.749, -103.947, -25.253, -4.973, -3.960, 23.53, -0.15735, -0.6781, 0.24661, -0.67416,
 11:05:49.603,e3:ca:2d:fd:e0:8c, 2015-01-01 00:18:45.035, 1.013, -0.122, -0.04, -0.061, -0.488, 0, -109.265, -82.744, -103.887, -25.253, -4.973, -3.960, 23.53, -0.15735, -0.6781, 0.24661, -0.67416,
 11:05:49.644,ed:35:33:d3:6c:f8, 2015-01-01 00:18:48.295, 0.827, -0.038, 0.551, 0.122, 0.061, 0.061, -4.191, -56.365, -163.954, -23.660, -7.767, -12.640, 30.37, -0.10565, 0.47186, 0.03372, 0.8746,
 11:05:49.644,ed:35:33:d3:6c:f8, 2015-01-01 00:18:48.295, 0.83, -0.041, 0.547, 0, 0, 0.183, -4.197, -56.365, -163.949, -23.660, -7.767, -12.640, 30.37, -0.10565, 0.47186, 0.03372, 0.8746,
 11:05:49.646,f6:90:cc:01:6d:25, 2015-01-01 00:18:47.695, 0.984, -0.051, 0.04, 0.061, -0.061, -0.061, -49.29, -86.221, -119.235, -28.833, -6.733, 3.640, 29.27, 0.09256, -0.68954, -0.05411, -0.71619,
 11:05:49.646,f6:90:cc:01:6d:25, 2015-01-01 00:18:47.695, 0.987, -0.048, 0.039, 0.122, -0.061, 0, -49.329, -86.221, -119.229, -28.833, -6.733, 3.640, 29.27, 0.09256, -0.68954, -0.05411, -0.71619,
 11:05:49.648,e3:ca:2d:fd:e0:8c, 2015-01-01 00:18:45.035, 1.012, -0.122, -0.038, -0.122, -0.488, 0, -109.325, -82.744, -103.81, -25.253, -4.973, -3.960, 23.53, -0.15659, -0.6785, 0.24594, -0.67419,
 11:05:49.648,e3:ca:2d:fd:e0:8c, 2015-01-01 00:18:45.035, 1.014, -0.121, -0.039, -0.122, -0.488, 0, -109.391, -82.738, -103.738, -25.253, -4.973, -3.960, 23.53, -0.15659, -0.6785, 0.24594, -0.67419,
 11:05:49.667,ed:35:33:d3:6c:f8, 2015-01-01 00:18:48.295, 0.829, -0.039, 0.549, 0.366, -0.061, 0, -4.191, -56.365, -163.949, -23.660, -7.767, -12.640, 30.37, -0.10565, 0.47186, 0.03372, 0.8746,
 11:05:49.667,ed:35:33:d3:6c:f8, 2015-01-01 00:18:48.295, 0.827, -0.037, 0.548, 0.122, 0.061, 0.183, -4.191, -56.365, -163.943, -23.660, -7.767, -12.640, 30.37, -0.10565, 0.47186, 0.03372, 0.8746,
 11:05:49.669,ed:40:fe:65:30:6c, 2015-01-01 00:18:44.840, 0.888, 0.04, 0.468, 0, 0.061, 0.244, 4.713, -62.133, -112.637, -26.933, -7.320, 5.020, 25.17, 0.49203, -0.4097, -0.31503, -0.7005,
 11:05:49.669,ed:40:fe:65:30:6c, 2015-01-01 00:18:44.840, 0.888, 0.04, 0.468, 0.183, 0.061, 0, 4.708, -62.128, -112.632, -26.933, -7.320, 5.020, 25.17, 0.49203, -0.4097, -0.31503, -0.7005,
 11:05:49.671,e3:ca:2d:fd:e0:8c, 2015-01-01 00:18:45.325, 1.013, -0.121, -0.038, -0.061, -0.488, 0, -109.446, -82.738, -103.667, -25.253, -4.973, -3.960, 23.53, -0.15659, -0.6785, 0.24594, -0.67419,
 11:05:49.671,e3:ca:2d:fd:e0:8c, 2015-01-01 00:18:45.325, 1.013, -0.121, -0.041, -0.061, -0.488, 0, -109.506, -82.738, -103.596, -25.253, -4.973, -3.960, 23.53, -0.15659, -0.6785, 0.24594, -0.67419,
 11:05:49.691,f6:90:cc:01:6d:25, 2015-01-01 00:18:47.695, 0.985, -0.05, 0.041, 0.244, 0.122, -0.122, -49.334, -86.221, -119.251, -28.833, -6.733, 3.640, 29.27, 0.09256, -0.68954, -0.05411, -0.71619,
 11:05:49.691,f6:90:cc:01:6d:25, 2015-01-01 00:18:47.695, 0.984, -0.05, 0.038, 0.122, 0.244, -0.061, -49.301, -86.221, -119.323, -28.833, -6.733, 3.640, 29.27, 0.09256, -0.68954, -0.05411, -0.71619,
 11:05:49.692,ed:40:fe:65:30:6c, 2015-01-01 00:18:44.840, 0.886, 0.042, 0.469, 0.244, 0.061, 0.183, 4.713, -62.128, -112.626, -26.920, -7.360, 4.067, 25.17, 0.49203, -0.4097, -0.31503, -0.7005,
 11:05:49.692,ed:40:fe:65:30:6c, 2015-01-01 00:18:44.840, 0.887, 0.04, 0.467, 0.122, 0.183, 0.183, 4.713, -62.128, -112.621, -26.920, -7.360, 4.067, 25.17, 0.49203, -0.4097, -0.31503, -0.7005,
 11:05:49.711,ed:35:33:d3:6c:f8, 2015-01-01 00:18:48.295, 0.829, -0.039, 0.547, 0.183, 0, 0.183, -4.191, -56.365, -163.938, -23.660, -7.767, -12.640, 30.37, -0.10565, 0.47186, 0.03372, 0.8746,
 11:05:49.711,ed:35:33:d3:6c:f8, 2015-01-01 00:18:48.295, 0.827, -0.037, 0.548, 0.122, 0.183, 0.183, -4.191, -56.365, -163.932, -23.660, -7.767, -12.640, 30.37, -0.10565, 0.47186, 0.03372, 0.8746,
 11:05:49.715,e3:ca:2d:fd:e0:8c, 2015-01-01 00:18:45.325, 1.013, -0.123, -0.043, -0.122, -0.549, 0, -109.561, -82.733, -103.519, -25.253, -4.973, -3.960, 23.53, -0.15659, -0.6785, 0.24594, -0.67419,
 11:05:49.715,e3:ca:2d:fd:e0:8c, 2015-01-01 00:18:45.325, 1.015, -0.122, -0.043, -0.061, -0.366, 0, -109.622, -82.733, -103.442, -25.253, -4.973, -3.960, 23.53, -0.15659, -0.6785, 0.24594, -0.67419,
 11:05:49.736,ed:40:fe:65:30:6c, 2015-01-01 00:18:44.840, 0.886, 0.042, 0.468, 0.183, 0.122, 0.183, 4.713, -62.122, -112.61, -26.920, -7.360, 4.067, 25.17, 0.49203, -0.4097, -0.31503, -0.7005,
 11:05:49.736,ed:40:fe:65:30:6c, 2015-01-01 00:18:44.840, 0.886, 0.042, 0.468, 0, 0.061, 0.183, 4.713, -62.117, -112.604, -26.920, -7.360, 4.067, 25.17, 0.49203, -0.4097, -0.31503, -0.7005,
 11:05:49.756,ed:35:33:d3:6c:f8, 2015-01-01 00:18:48.295, 0.827, -0.036, 0.548, 0, 0, 0.183, -4.191, -56.365, -163.927, -23.660, -7.767, -12.640, 30.37, -0.10565, 0.47186, 0.03372, 0.8746,
 11:05:49.756,ed:35:33:d3:6c:f8, 2015-01-01 00:18:48.295, 0.829, -0.037, 0.549, -0.061, -0.122, 0.305, -4.197, -56.365, -163.916, -23.660, -7.767, -12.640, 30.37, -0.10565, 0.47186, 0.03372, 0.8746,
 11:05:49.758,f6:90:cc:01:6d:25, 2015-01-01 00:18:47.695, 0.984, -0.049, 0.036, 0.122, 0.183, 0, -49.279, -86.221, -119.372, -28.587, -7.253, 2.953, 29.27, 0.09256, -0.68954, -0.05411, -0.71619,
 11:05:49.758,f6:90:cc:01:6d:25, 2015-01-01 00:18:47.695, 0.984, -0.049, 0.036, 0.122, 0.061, 0, -49.296, -86.221, -119.394, -28.587, -7.253, 2.953, 29.27, 0.09256, -0.68954, -0.05411, -0.71619,
 11:05:49.759,ed:40:fe:65:30:6c, 2015-01-01 00:18:44.840, 0.887, 0.042, 0.468, 0, 0.061, 0.244, 4.708, -62.117, -112.593, -26.920, -7.360, 4.067, 25.17, 0.49249, -0.40933, -0.31531, -0.70029,
 11:05:49.759,ed:40:fe:65:30:6c, 2015-01-01 00:18:44.840, 0.89, 0.041, 0.468, 0, 0, 0.366, 4.702, -62.117, -112.582, -26.920, -7.360, 4.067, 25.17, 0.49249, -0.40933, -0.31531, -0.70029,
 11:05:49.760,e3:ca:2d:fd:e0:8c, 2015-01-01 00:18:45.325, 1.015, -0.121, -0.042, -0.061, -0.305, 0, -109.666, -82.727, -103.392, -25.253, -4.973, -3.960, 23.53, -0.15659, -0.6785, 0.24594, -0.67419,
 11:05:49.760,e3:ca:2d:fd:e0:8c, 2015-01-01 00:18:45.325, 1.015, -0.121, -0.043, -0.122, -0.366, 0, -109.704, -82.727, -103.343, -25.253, -4.973, -3.960, 23.53, -0.15659, -0.6785, 0.24594, -0.67419,
 11:05:49.780,f6:90:cc:01:6d:25, 2015-01-01 00:18:47.695, 0.985, -0.049, 0.038, 0.061, 0.061, 0.061, -49.329, -86.221, -119.405, -28.587, -7.253, 2.953, 29.27, 0.08835, -0.68991, -0.0502, -0.71664,
 11:05:49.780,f6:90:cc:01:6d:25, 2015-01-01 00:18:47.695, 0.985, -0.048, 0.035, 0.061, 0.061, 0.061, -49.362, -86.221, -119.41, -28.587, -7.253, 2.953, 29.27, 0.08835, -0.68991, -0.0502, -0.71664,
 11:05:49.803,ed:35:33:d3:6c:f8, 2015-01-01 00:18:48.295, 0.83, -0.038, 0.549, 0, -0.122, 0.366, -4.208, -56.371, -163.905, -23.660, -7.767, -12.640, 30.37, -0.10565, 0.47186, 0.03372, 0.8746,
 11:05:49.803,ed:35:33:d3:6c:f8, 2015-01-01 00:18:48.295, 0.831, -0.039, 0.547, 0, -0.183, 0.244, -4.213, -56.371, -163.894, -23.660, -7.767, -12.640, 30.37, -0.10565, 0.47186, 0.03372, 0.8746,
 11:05:49.805,ed:40:fe:65:30:6c, 2015-01-01 00:18:44.840, 0.889, 0.041, 0.468, 0.061, -0.061, 0.305, 4.691, -62.117, -112.566, -26.920, -7.360, 4.067, 25.17, 0.49249, -0.40933, -0.31531, -0.70029,
 11:05:49.805,ed:40:fe:65:30:6c, 2015-01-01 00:18:44.840, 0.887, 0.041, 0.468, 0.061, -0.061, 0.183, 4.686, -62.117, -112.555, -26.920, -7.360, 4.067, 25.17, 0.49249, -0.40933, -0.31531, -0.70029,
 11:05:49.807,e3:ca:2d:fd:e0:8c, 2015-01-01 00:18:45.325, 1.015, -0.12, -0.042, 0, -0.366, 0, -109.748, -82.727, -103.288, -25.253, -4.973, -3.960, 23.53, -0.15659, -0.6785, 0.24594, -0.67419,
 11:05:49.807,e3:ca:2d:fd:e0:8c, 2015-01-01 00:18:45.325, 1.014, -0.122, -0.042, 0, -0.366, 0, -109.792, -82.722, -103.233, -25.253, -4.973, -3.960, 23.53, -0.15659, -0.6785, 0.24594, -0.67419,
 11:05:49.825,f6:90:cc:01:6d:25, 2015-01-01 00:18:47.695, 0.986, -0.049, 0.037, 0.122, 0.061, 0, -49.389, -86.221, -119.427, -28.587, -7.253, 2.953, 29.27, 0.08835, -0.68991, -0.0502, -0.71664,
 11:05:49.825,f6:90:cc:01:6d:25, 2015-01-01 00:18:47.695, 0.985, -0.049, 0.038, 0, 0.122, 0.122, -49.422, -86.221, -119.432, -28.587, -7.253, 2.953, 29.27, 0.08835, -0.68991, -0.0502, -0.71664,
 11:05:49.847,f6:90:cc:01:6d:25, 2015-01-01 00:18:48.030, 0.985, -0.05, 0.038, 0, 0.122, 0.122, -49.455, -86.221, -119.443, -28.587, -7.253, 2.953, 29.27, 0.08835, -0.68991, -0.0502, -0.71664,
 11:05:49.847,f6:90:cc:01:6d:25, 2015-01-01 00:18:48.030, 0.985, -0.048, 0.037, 0.183, 0.061, 0.122, -49.493, -86.221, -119.438, -28.587, -7.253, 2.953, 29.27, 0.08835, -0.68991, -0.0502, -0.71664,
 11:05:49.850,e3:ca:2d:fd:e0:8c, 2015-01-01 00:18:45.325, 1.013, -0.122, -0.042, -0.061, -0.366, 0, -109.836, -82.722, -103.178, -25.253, -4.973, -3.960, 23.53, -0.15659, -0.6785, 0.24594, -0.67419,
 11:05:49.850,e3:ca:2d:fd:e0:8c, 2015-01-01 00:18:45.325, 1.012, -0.121, -0.042, 0, -0.305, 0, -109.88, -82.722, -103.129, -25.253, -4.973, -3.960, 23.53, -0.15659, -0.6785, 0.24594, -0.67419,
 11:05:49.872,ed:40:fe:65:30:6c, 2015-01-01 00:18:45.175, 0.888, 0.041, 0.468, 0, -0.061, 0.122, 4.686, -62.122, -112.549, -26.920, -7.360, 4.067, 25.17, 0.49249, -0.40933, -0.31531, -0.70029,
 11:05:49.872,ed:40:fe:65:30:6c, 2015-01-01 00:18:45.175, 0.887, 0.042, 0.468, 0, -0.061, 0.122, 4.686, -62.122, -112.544, -26.920, -7.360, 4.067, 25.17, 0.49249, -0.40933, -0.31531, -0.70029,
 11:05:49.874,e3:ca:2d:fd:e0:8c, 2015-01-01 00:18:45.325, 1.013, -0.12, -0.04, 0, -0.061, 0, -109.907, -82.716, -103.09, -24.987, -4.773, -4.733, 23.53, -0.15659, -0.6785, 0.24594, -0.67419,
 11:05:49.874,e3:ca:2d:fd:e0:8c, 2015-01-01 00:18:45.325, 1.012, -0.121, -0.041, 0, -0.061, 0, -109.907, -82.722, -103.079, -24.987, -4.773, -4.733, 23.53, -0.15659, -0.6785, 0.24594, -0.67419,
 11:05:49.892,ed:35:33:d3:6c:f8, 2015-01-01 00:18:48.295, 0.829, -0.039, 0.547, 0, -0.122, 0.183, -4.219, -56.376, -163.889, -23.220, -7.800, -14.307, 30.37, -0.10565, 0.47186, 0.03372, 0.8746,
 11:05:49.892,ed:35:33:d3:6c:f8, 2015-01-01 00:18:48.295, 0.829, -0.038, 0.549, 0.061, -0.061, 0.183, -4.219, -56.376, -163.878, -23.220, -7.800, -14.307, 30.37, -0.10565, 0.47186, 0.03372, 0.8746,
 11:05:49.892,f6:90:cc:01:6d:25, 2015-01-01 00:18:48.030, 0.985, -0.048, 0.039, 0.183, 0.122, 0.061, -49.521, -86.221, -119.449, -28.587, -7.253, 2.953, 29.27, 0.08835, -0.68991, -0.0502, -0.71664,
 11:05:49.892,f6:90:cc:01:6d:25, 2015-01-01 00:18:48.030, 0.984, -0.051, 0.04, 0.061, 0.244, 0.061, -49.515, -86.215, -119.493, -28.587, -7.253, 2.953, 29.27, 0.08835, -0.68991, -0.0502, -0.71664,
 11:05:49.893,ed:40:fe:65:30:6c, 2015-01-01 00:18:45.175, 0.886, 0.04, 0.467, 0, -0.061, 0.122, 4.686, -62.122, -112.538, -26.920, -7.360, 4.067, 25.17, 0.49249, -0.40933, -0.31531, -0.70029,
 11:05:49.893,ed:40:fe:65:30:6c, 2015-01-01 00:18:45.175, 0.886, 0.04, 0.468, 0, -0.061, 0.183, 4.68, -62.122, -112.533, -26.920, -7.360, 4.067, 25.17, 0.49249, -0.40933, -0.31531, -0.70029,
 11:05:49.914,ed:35:33:d3:6c:f8, 2015-01-01 00:18:48.295, 0.829, -0.038, 0.548, 0, -0.122, 0.122, -4.219, -56.382, -163.872, -23.220, -7.800, -14.307, 30.37, -0.10626, 0.47198, 0.03406, 0.87445,
 11:05:49.914,ed:35:33:d3:6c:f8, 2015-01-01 00:18:48.295, 0.827, -0.039, 0.547, 0, -0.305, 0.122, -4.219, -56.387, -163.872, -23.220, -7.800, -14.307, 30.37, -0.10626, 0.47198, 0.03406, 0.87445,
 11:05:49.916,ed:40:fe:65:30:6c, 2015-01-01 00:18:45.175, 0.887, 0.038, 0.469, -0.061, 0, 0.244, 4.68, -62.122, -112.527, -26.920, -7.360, 4.067, 25.17, 0.49249, -0.40933, -0.31531, -0.70029,
 11:05:49.916,ed:40:fe:65:30:6c, 2015-01-01 00:18:45.175, 0.886, 0.039, 0.471, -0.061, 0.061, 0.183, 4.675, -62.122, -112.516, -26.920, -7.360, 4.067, 25.17, 0.49249, -0.40933, -0.31531, -0.70029,
 11:05:49.918,e3:ca:2d:fd:e0:8c, 2015-01-01 00:18:45.325, 1.013, -0.123, -0.04, -0.122, -0.122, 0, -109.907, -82.722, -103.068, -24.987, -4.773, -4.733, 23.53, -0.15659, -0.6785, 0.24594, -0.67419,
 11:05:49.918,e3:ca:2d:fd:e0:8c, 2015-01-01 00:18:45.325, 1.013, -0.123, -0.042, -0.122, -0.366, 0, -109.924, -82.716, -103.041, -24.987, -4.773, -4.733, 23.53, -0.15659, -0.6785, 0.24594, -0.67419,
 11:05:49.937,ed:35:33:d3:6c:f8, 2015-01-01 00:18:48.295, 0.827, -0.04, 0.547, -0.122, -0.122, 0.244, -4.23, -56.393, -163.861, -23.220, -7.800, -14.307, 30.37, -0.10626, 0.47198, 0.03406, 0.87445,
 11:05:49.937,ed:35:33:d3:6c:f8, 2015-01-01 00:18:48.295, 0.828, -0.041, 0.549, -0.183, 0, 0.305, -4.235, -56.393, -163.85, -23.220, -7.800, -14.307, 30.37, -0.10626, 0.47198, 0.03406, 0.87445,
 11:05:49.961,ed:40:fe:65:30:6c, 2015-01-01 00:18:45.175, 0.886, 0.04, 0.471, 0, 0.183, 0.183, 4.669, -62.122, -112.505, -26.920, -7.360, 4.067, 25.17, 0.49249, -0.40933, -0.31531, -0.70029,
 11:05:49.961,ed:40:fe:65:30:6c, 2015-01-01 00:18:45.175, 0.886, 0.041, 0.472, 0.366, 0.244, 0.244, 4.664, -62.117, -112.5, -26.920, -7.360, 4.067, 25.17, 0.49249, -0.40933, -0.31531, -0.70029,
 11:05:49.961,f6:90:cc:01:6d:25, 2015-01-01 00:18:48.030, 0.984, -0.051, 0.041, 0, 0.244, 0.122, -49.515, -86.215, -119.531, -28.587, -7.253, 2.953, 29.27, 0.08835, -0.68991, -0.0502, -0.71664,
 11:05:49.961,f6:90:cc:01:6d:25, 2015-01-01 00:18:48.030, 0.983, -0.052, 0.042, 0.122, 0.244, 0, -49.493, -86.21, -119.586, -28.587, -7.253, 2.953, 29.27, 0.08835, -0.68991, -0.0502, -0.71664,
 11:05:49.963,e3:ca:2d:fd:e0:8c, 2015-01-01 00:18:45.325, 1.013, -0.122, -0.043, -0.061, -0.488, 0, -109.968, -82.716, -102.986, -24.987, -4.773, -4.733, 23.53, -0.15546, -0.67932, 0.24506, -0.67395,
 11:05:49.963,e3:ca:2d:fd:e0:8c, 2015-01-01 00:18:45.325, 1.013, -0.123, -0.042, 0.122, -0.488, 0, -110.028, -82.716, -102.909, -24.987, -4.773, -4.733, 23.53, -0.15546, -0.67932, 0.24506, -0.67395,
 11:05:49.982,f6:90:cc:01:6d:25, 2015-01-01 00:18:48.030, 0.983, -0.051, 0.039, 0.122, 0.122, 0, -49.488, -86.21, -119.619, -28.587, -7.253, 2.953, 29.27, 0.08835, -0.68991, -0.0502, -0.71664,
 11:05:49.982,f6:90:cc:01:6d:25, 2015-01-01 00:18:48.030, 0.983, -0.051, 0.039, 0.183, -0.061, 0, -49.515, -86.21, -119.619, -28.587, -7.253, 2.953, 29.27, 0.08835, -0.68991, -0.0502, -0.71664,
 11:05:50.004,ed:35:33:d3:6c:f8, 2015-01-01 00:18:48.295, 0.827, -0.041, 0.55, -0.122, 0.122, 0.244, -4.246, -56.387, -163.845, -23.220, -7.800, -14.307, 30.37, -0.10626, 0.47198, 0.03406, 0.87445,
 11:05:50.004,ed:35:33:d3:6c:f8, 2015-01-01 00:18:48.295, 0.828, -0.039, 0.55, 0.061, 0, 0.183, -4.252, -56.387, -163.834, -23.220, -7.800, -14.307, 30.37, -0.10626, 0.47198, 0.03406, 0.87445,
 11:05:50.006,f6:90:cc:01:6d:25, 2015-01-01 00:18:48.030, 0.982, -0.053, 0.038, 0.244, -0.061, 0, -49.559, -86.215, -119.608, -28.587, -7.253, 2.953, 29.27, 0.08835, -0.68991, -0.0502, -0.71664,
 11:05:50.007,f6:90:cc:01:6d:25, 2015-01-01 00:18:48.030, 0.985, -0.052, 0.039, 0.183, -0.061, 0, -49.609, -86.215, -119.597, -28.587, -7.253, 2.953, 29.27, 0.08835, -0.68991, -0.0502, -0.71664,
 11:05:50.007,e3:ca:2d:fd:e0:8c, 2015-01-01 00:18:45.640, 1.012, -0.123, -0.042, 0.061, -0.305, 0, -110.078, -82.711, -102.843, -24.987, -4.773, -4.733, 23.53, -0.15546, -0.67932, 0.24506, -0.67395,
 11:05:50.007,e3:ca:2d:fd:e0:8c, 2015-01-01 00:18:45.640, 1.013, -0.122, -0.04, 0, -0.183, 0, -110.105, -82.711, -102.805, -24.987, -4.773, -4.733, 23.53, -0.15546, -0.67932, 0.24506, -0.67395,
 11:05:50.026,ed:35:33:d3:6c:f8, 2015-01-01 00:18:48.695, 0.826, -0.038, 0.549, 0.244, 0.061, 0.305, -4.252, -56.387, -163.828, -23.220, -7.800, -14.307, 30.37, -0.10626, 0.47198, 0.03406, 0.87445,
 11:05:50.026,ed:35:33:d3:6c:f8, 2015-01-01 00:18:48.695, 0.826, -0.046, 0.546, 0.061, 0, 0.61, -4.263, -56.387, -163.806, -23.220, -7.800, -14.307, 30.37, -0.10626, 0.47198, 0.03406, 0.87445,
 11:05:50.029,ed:40:fe:65:30:6c, 2015-01-01 00:18:45.175, 0.885, 0.033, 0.467, 0.305, 0.244, 0.549, 4.658, -62.111, -112.478, -26.920, -7.360, 4.067, 25.17, 0.49249, -0.40933, -0.31531, -0.70029,
 11:05:50.029,ed:40:fe:65:30:6c, 2015-01-01 00:18:45.175, 0.889, 0.036, 0.467, 0.183, 0.183, 0.366, 4.647, -62.106, -112.462, -26.920, -7.360, 4.067, 25.17, 0.49249, -0.40933, -0.31531, -0.70029,
 11:05:50.050,ed:35:33:d3:6c:f8, 2015-01-01 00:18:48.695, 0.832, -0.044, 0.545, 0.183, -0.122, 0.305, -4.274, -56.387, -163.795, -23.220, -7.800, -14.307, 30.37, -0.10626, 0.47198, 0.03406, 0.87445,
 11:05:50.050,ed:35:33:d3:6c:f8, 2015-01-01 00:18:48.695, 0.833, -0.037, 0.549, 0.305, 0, 0, -4.268, -56.387, -163.79, -23.220, -7.800, -14.307, 30.37, -0.10626, 0.47198, 0.03406, 0.87445,
 11:05:50.052,f6:90:cc:01:6d:25, 2015-01-01 00:18:48.030, 0.99, -0.048, 0.039, 0.122, 0.122, 0, -49.625, -86.215, -119.619, -28.587, -7.253, 2.953, 29.27, 0.08835, -0.68991, -0.0502, -0.71664,
 11:05:50.052,f6:90:cc:01:6d:25, 2015-01-01 00:18:48.030, 0.989, -0.051, 0.04, 0, 0.122, 0, -49.625, -86.215, -119.647, -28.587, -7.253, 2.953, 29.27, 0.08835, -0.68991, -0.0502, -0.71664,
 11:05:50.052,ed:40:fe:65:30:6c, 2015-01-01 00:18:45.175, 0.893, 0.041, 0.467, 0.122, 0.183, 0, 4.642, -62.1, -112.451, -26.613, -6.940, 5.027, 25.17, 0.49249, -0.40933, -0.31531, -0.70029,
 11:05:50.052,ed:40:fe:65:30:6c, 2015-01-01 00:18:45.175, 0.89, 0.044, 0.471, 0.488, 0.244, 0.244, 4.647, -62.095, -112.445, -26.613, -6.940, 5.027, 25.17, 0.49249, -0.40933, -0.31531, -0.70029,
 11:05:50.054,e3:ca:2d:fd:e0:8c, 2015-01-01 00:18:45.640, 1.017, -0.122, -0.042, -0.061, -0.366, 0, -110.121, -82.711, -102.772, -24.987, -4.773, -4.733, 23.53, -0.15546, -0.67932, 0.24506, -0.67395,
 11:05:50.054,e3:ca:2d:fd:e0:8c, 2015-01-01 00:18:45.640, 1.017, -0.122, -0.044, -0.061, -0.549, 0, -110.165, -82.705, -102.711, -24.987, -4.773, -4.733, 23.53, -0.15546, -0.67932, 0.24506, -0.67395,
 11:05:50.072,ed:35:33:d3:6c:f8, 2015-01-01 00:18:48.695, 0.831, -0.034, 0.552, 0.366, 0.305, 0.427, -4.268, -56.382, -163.779, -23.220, -7.800, -14.307, 30.37, -0.10626, 0.47198, 0.03406, 0.87445,
 11:05:50.072,ed:35:33:d3:6c:f8, 2015-01-01 00:18:48.695, 0.828, -0.044, 0.551, 0, 0.366, 0.61, -4.285, -56.376, -163.762, -23.220, -7.800, -14.307, 30.37, -0.10626, 0.47198, 0.03406, 0.87445,
 11:05:50.075,e3:ca:2d:fd:e0:8c, 2015-01-01 00:18:45.640, 1.014, -0.122, -0.046, 0, -0.366, 0, -110.226, -82.705, -102.634, -24.987, -4.773, -4.733, 23.53, -0.15546, -0.67932, 0.24506, -0.67395,
 11:05:50.075,e3:ca:2d:fd:e0:8c, 2015-01-01 00:18:45.640, 1.012, -0.121, -0.045, 0, -0.183, 0, -110.264, -82.7, -102.585, -24.987, -4.773, -4.733, 23.53, -0.15546, -0.67932, 0.24506, -0.67395,
 11:05:50.097,ed:40:fe:65:30:6c, 2015-01-01 00:18:45.175, 0.887, 0.038, 0.471, 0.244, 0.244, 0.732, 4.636, -62.095, -112.423, -26.613, -6.940, 5.027, 25.17, 0.49249, -0.40933, -0.31531, -0.70029,
 11:05:50.097,ed:40:fe:65:30:6c, 2015-01-01 00:18:45.175, 0.885, 0.037, 0.467, 0.427, 0.061, 0.427, 4.625, -62.089, -112.401, -26.613, -6.940, 5.027, 25.17, 0.49249, -0.40933, -0.31531, -0.70029,
 11:05:50.118,ed:35:33:d3:6c:f8, 2015-01-01 00:18:48.695, 0.827, -0.043, 0.547, 0.427, -0.244, 0.244, -4.285, -56.376, -163.746, -23.220, -7.800, -14.307, 30.37, -0.10626, 0.47198, 0.03406, 0.87445,
 11:05:50.118,ed:35:33:d3:6c:f8, 2015-01-01 00:18:48.695, 0.826, -0.041, 0.546, 0.183, -0.366, 0.122, -4.285, -56.387, -163.74, -23.220, -7.800, -14.307, 30.37, -0.10626, 0.47198, 0.03406, 0.87445,
 11:05:50.118,f6:90:cc:01:6d:25, 2015-01-01 00:18:48.030, 0.984, -0.053, 0.034, 0.244, 0.061, 0, -49.647, -86.21, -119.663, -28.620, -7.033, 3.653, 29.27, 0.08835, -0.68991, -0.0502, -0.71664,
 11:05:50.118,f6:90:cc:01:6d:25, 2015-01-01 00:18:48.030, 0.983, -0.049, 0.036, 0.366, 0, 0, -49.686, -86.215, -119.669, -28.620, -7.033, 3.653, 29.27, 0.08835, -0.68991, -0.0502, -0.71664,
 11:05:50.119,ed:40:fe:65:30:6c, 2015-01-01 00:18:45.175, 0.885, 0.039, 0.467, 0.366, 0, 0.183, 4.62, -62.089, -112.385, -26.613, -6.940, 5.027, 25.17, 0.4935, -0.40894, -0.31537, -0.69974,
 11:05:50.119,ed:40:fe:65:30:6c, 2015-01-01 00:18:45.175, 0.885, 0.037, 0.467, 0.244, -0.061, 0.122, 4.625, -62.089, -112.379, -26.613, -6.940, 5.027, 25.17, 0.4935, -0.40894, -0.31537, -0.69974,
 11:05:50.120,e3:ca:2d:fd:e0:8c, 2015-01-01 00:18:45.640, 1.012, -0.121, -0.045, 0, -0.061, 0, -110.275, -82.7, -102.563, -24.987, -4.773, -4.733, 23.53, -0.15546, -0.67932, 0.24506, -0.67395,
 11:05:50.120,e3:ca:2d:fd:e0:8c, 2015-01-01 00:18:45.640, 1.013, -0.123, -0.042, -0.183, -0.061, 0, -110.281, -82.7, -102.557, -24.987, -4.773, -4.733, 23.53, -0.15546, -0.67932, 0.24506, -0.67395,
 11:05:50.140,f6:90:cc:01:6d:25, 2015-01-01 00:18:48.030, 0.982, -0.047, 0.035, 0.366, 0, 0, -49.724, -86.215, -119.674, -28.620, -7.033, 3.653, 29.27, 0.08438, -0.69028, -0.04614, -0.71704,
 11:05:50.140,f6:90:cc:01:6d:25, 2015-01-01 00:18:48.030, 0.983, -0.051, 0.039, 0.183, 0, 0, -49.763, -86.215, -119.674, -28.620, -7.033, 3.653, 29.27, 0.08438, -0.69028, -0.04614, -0.71704,
 11:05:50.164,ed:40:fe:65:30:6c, 2015-01-01 00:18:45.175, 0.887, 0.038, 0.468, 0.122, -0.061, 0.122, 4.625, -62.089, -112.374, -26.613, -6.940, 5.027, 25.17, 0.4935, -0.40894, -0.31537, -0.69974,
 11:05:50.164,ed:40:fe:65:30:6c, 2015-01-01 00:18:45.175, 0.887, 0.039, 0.469, 0.122, -0.061, 0.122, 4.625, -62.095, -112.368, -26.613, -6.940, 5.027, 25.17, 0.4935, -0.40894, -0.31537, -0.69974,
 11:05:50.166,e3:ca:2d:fd:e0:8c, 2015-01-01 00:18:45.640, 1.011, -0.123, -0.045, -0.122, -0.305, 0, -110.292, -82.7, -102.535, -24.987, -4.773, -4.733, 23.53, -0.15546, -0.67932, 0.24506, -0.67395,
 11:05:50.166,e3:ca:2d:fd:e0:8c, 2015-01-01 00:18:45.640, 1.012, -0.123, -0.043, 0, -0.244, 0, -110.33, -82.7, -102.497, -24.987, -4.773, -4.733, 23.53, -0.15546, -0.67932, 0.24506, -0.67395,
 11:05:50.186,f6:90:cc:01:6d:25, 2015-01-01 00:18:48.030, 0.983, -0.053, 0.038, 0.122, 0.122, 0, -49.774, -86.215, -119.707, -28.620, -7.033, 3.653, 29.27, 0.08438, -0.69028, -0.04614, -0.71704,
 11:05:50.186,f6:90:cc:01:6d:25, 2015-01-01 00:18:48.030, 0.983, -0.052, 0.038, 0.122, 0.122, 0, -49.79, -86.215, -119.74, -28.620, -7.033, 3.653, 29.27, 0.08438, -0.69028, -0.04614, -0.71704,
 11:05:50.206,ed:35:33:d3:6c:f8, 2015-01-01 00:18:48.695, 0.827, -0.042, 0.546, 0.061, -0.366, 0.183, -4.29, -56.393, -163.735, -23.220, -7.800, -14.307, 30.37, -0.10626, 0.47198, 0.03406, 0.87445,
 11:05:50.206,ed:35:33:d3:6c:f8, 2015-01-01 00:18:48.695, 0.828, -0.041, 0.546, 0.061, -0.122, 0.244, -4.296, -56.398, -163.729, -23.220, -7.800, -14.307, 30.37, -0.10626, 0.47198, 0.03406, 0.87445,
 11:05:50.207,f6:90:cc:01:6d:25, 2015-01-01 00:18:48.390, 0.985, -0.05, 0.04, 0.122, 0.061, 0, -49.818, -86.215, -119.756, -28.620, -7.033, 3.653, 29.27, 0.08438, -0.69028, -0.04614, -0.71704,
 11:05:50.207,f6:90:cc:01:6d:25, 2015-01-01 00:18:48.390, 0.986, -0.05, 0.039, 0, -0.061, 0, -49.872, -86.215, -119.745, -28.620, -7.033, 3.653, 29.27, 0.08438, -0.69028, -0.04614, -0.71704,
 11:05:50.208,ed:40:fe:65:30:6c, 2015-01-01 00:18:45.530, 0.888, 0.039, 0.471, 0, 0, 0.061, 4.62, -62.095, -112.363, -26.613, -6.940, 5.027, 25.17, 0.4935, -0.40894, -0.31537, -0.69974,
 11:05:50.208,ed:40:fe:65:30:6c, 2015-01-01 00:18:45.530, 0.886, 0.04, 0.471, 0.122, 0, 0.061, 4.62, -62.095, -112.363, -26.613, -6.940, 5.027, 25.17, 0.4935, -0.40894, -0.31537, -0.69974,
 11:05:50.209,e3:ca:2d:fd:e0:8c, 2015-01-01 00:18:45.640, 1.014, -0.123, -0.042, 0, -0.244, 0, -110.358, -82.694, -102.458, -25.553, -4.927, -4.813, 23.53, -0.15546, -0.67932, 0.24506, -0.67395,
 11:05:50.209,e3:ca:2d:fd:e0:8c, 2015-01-01 00:18:45.640, 1.014, -0.122, -0.042, 0, -0.244, 0, -110.385, -82.694, -102.42, -25.553, -4.927, -4.813, 23.53, -0.15546, -0.67932, 0.24506, -0.67395,
 11:05:50.233,e3:ca:2d:fd:e0:8c, 2015-01-01 00:18:45.640, 1.012, -0.123, -0.041, -0.061, -0.305, 0, -110.413, -82.694, -102.382, -25.553, -4.927, -4.813, 23.53, -0.15427, -0.68008, 0.24414, -0.67377,
 11:05:50.233,e3:ca:2d:fd:e0:8c, 2015-01-01 00:18:45.640, 1.014, -0.122, -0.042, 0, -0.366, 0, -110.451, -82.689, -102.332, -25.553, -4.927, -4.813, 23.53, -0.15427, -0.68008, 0.24414, -0.67377,
 11:05:50.254,ed:40:fe:65:30:6c, 2015-01-01 00:18:45.530, 0.887, 0.04, 0.471, -0.061, 0.061, 0.122, 4.62, -62.089, -112.357, -26.613, -6.940, 5.027, 25.17, 0.4935, -0.40894, -0.31537, -0.69974,
 11:05:50.254,ed:40:fe:65:30:6c, 2015-01-01 00:18:45.530, 0.888, 0.039, 0.471, -0.244, 0.061, 0, 4.614, -62.089, -112.357, -26.613, -6.940, 5.027, 25.17, 0.4935, -0.40894, -0.31537, -0.69974,
 11:05:50.254,f6:90:cc:01:6d:25, 2015-01-01 00:18:48.390, 0.984, -0.051, 0.041, -0.061, 0, 0, -49.911, -86.221, -119.745, -28.620, -7.033, 3.653, 29.27, 0.08438, -0.69028, -0.04614, -0.71704,
 11:05:50.254,f6:90:cc:01:6d:25, 2015-01-01 00:18:48.390, 0.986, -0.05, 0.04, 0, 0.122, 0, -49.911, -86.215, -119.778, -28.620, -7.033, 3.653, 29.27, 0.08438, -0.69028, -0.04614, -0.71704,
 11:05:50.274,ed:35:33:d3:6c:f8, 2015-01-01 00:18:48.695, 0.828, -0.041, 0.548, 0, 0, 0.183, -4.301, -56.398, -163.718, -23.220, -7.800, -14.307, 30.37, -0.10626, 0.47198, 0.03406, 0.87445,
 11:05:50.274,ed:35:33:d3:6c:f8, 2015-01-01 00:18:48.695, 0.831, -0.041, 0.55, 0, 0.122, 0.122, -4.307, -56.398, -163.713, -23.220, -7.800, -14.307, 30.37, -0.10626, 0.47198, 0.03406, 0.87445,
 11:05:50.278,ed:40:fe:65:30:6c, 2015-01-01 00:18:45.530, 0.886, 0.042, 0.47, 0, 0, 0, 4.614, -62.089, -112.357, -26.613, -6.940, 5.027, 25.17, 0.4935, -0.40894, -0.31537, -0.69974,
 11:05:50.278,ed:40:fe:65:30:6c, 2015-01-01 00:18:45.530, 0.887, 0.039, 0.468, -0.061, 0.061, 0.183, 4.614, -62.084, -112.352, -26.613, -6.940, 5.027, 25.17, 0.4935, -0.40894, -0.31537, -0.69974,
 11:05:50.280,e3:ca:2d:fd:e0:8c, 2015-01-01 00:18:45.640, 1.013, -0.12, -0.042, 0, -0.305, 0, -110.484, -82.689, -102.283, -25.553, -4.927, -4.813, 23.53, -0.15427, -0.68008, 0.24414, -0.67377,
 11:05:50.280,e3:ca:2d:fd:e0:8c, 2015-01-01 00:18:45.640, 1.013, -0.12, -0.043, -0.061, -0.061, 0, -110.495, -82.689, -102.255, -25.553, -4.927, -4.813, 23.53, -0.15427, -0.68008, 0.24414, -0.67377,
 11:05:50.297,ed:35:33:d3:6c:f8, 2015-01-01 00:18:48.695, 0.827, -0.039, 0.55, 0.183, 0, 0.122, -4.307, -56.398, -163.713, -23.327, -7.567, -12.853, 30.37, -0.10626, 0.47198, 0.03406, 0.87445,
 11:05:50.297,ed:35:33:d3:6c:f8, 2015-01-01 00:18:48.695, 0.83, -0.042, 0.549, -0.244, 0, 0.183, -4.312, -56.398, -163.707, -23.327, -7.567, -12.853, 30.37, -0.10626, 0.47198, 0.03406, 0.87445,
 11:05:50.299,f6:90:cc:01:6d:25, 2015-01-01 00:18:48.390, 0.984, -0.049, 0.039, 0, 0.122, 0, -49.911, -86.215, -119.806, -28.620, -7.033, 3.653, 29.27, 0.08438, -0.69028, -0.04614, -0.71704,
 11:05:50.299,f6:90:cc:01:6d:25, 2015-01-01 00:18:48.390, 0.983, -0.051, 0.037, 0, 0.183, 0, -49.9, -86.215, -119.85, -28.620, -7.033, 3.653, 29.27, 0.08438, -0.69028, -0.04614, -0.71704,
 11:05:50.318,ed:35:33:d3:6c:f8, 2015-01-01 00:18:48.695, 0.829, -0.04, 0.55, 0, -0.244, -0.122, -4.312, -56.398, -163.707, -23.327, -7.567, -12.853, 30.37, -0.10626, 0.47198, 0.03406, 0.87445,
 11:05:50.318,ed:35:33:d3:6c:f8, 2015-01-01 00:18:48.695, 0.828, -0.037, 0.548, 0, -0.244, 0, -4.312, -56.404, -163.707, -23.327, -7.567, -12.853, 30.37, -0.10626, 0.47198, 0.03406, 0.87445,
 11:05:50.320,f6:90:cc:01:6d:25, 2015-01-01 00:18:48.390, 0.985, -0.051, 0.035, 0.061, 0.122, 0, -49.905, -86.215, -119.883, -28.620, -7.033, 3.653, 29.27, 0.08438, -0.69028, -0.04614, -0.71704,
 11:05:50.320,f6:90:cc:01:6d:25, 2015-01-01 00:18:48.390, 0.984, -0.05, 0.039, 0.122, 0.122, 0, -49.911, -86.215, -119.916, -28.620, -7.033, 3.653, 29.27, 0.08438, -0.69028, -0.04614, -0.71704,
 11:05:50.323,e3:ca:2d:fd:e0:8c, 2015-01-01 00:18:45.930, 1.013, -0.123, -0.045, -0.122, 0, 0, -110.49, -82.689, -102.25, -25.553, -4.927, -4.813, 23.53, -0.15427, -0.68008, 0.24414, -0.67377,
 11:05:50.323,e3:ca:2d:fd:e0:8c, 2015-01-01 00:18:45.930, 1.013, -0.123, -0.044, 0, -0.122, 0, -110.49, -82.689, -102.239, -25.553, -4.927, -4.813, 23.53, -0.15427, -0.68008, 0.24414, -0.67377,
 11:05:50.364,ed:35:33:d3:6c:f8, 2015-01-01 00:18:48.695, 0.829, -0.042, 0.547, -0.122, 0, 0.244, -4.318, -56.404, -163.702, -23.327, -7.567, -12.853, 30.37, -0.10626, 0.47198, 0.03406, 0.87445,
 11:05:50.364,ed:35:33:d3:6c:f8, 2015-01-01 00:18:48.695, 0.828, -0.043, 0.546, 0.183, 0, 0.183, -4.318, -56.404, -163.691, -23.327, -7.567, -12.853, 30.37, -0.10626, 0.47198, 0.03406, 0.87445,
 11:05:50.366,ed:40:fe:65:30:6c, 2015-01-01 00:18:45.530, 0.887, 0.037, 0.467, 0.305, 0, 0.183, 4.614, -62.084, -112.346, -26.613, -6.940, 5.027, 25.17, 0.4935, -0.40894, -0.31537, -0.69974,
 11:05:50.366,ed:40:fe:65:30:6c, 2015-01-01 00:18:45.530, 0.884, 0.04, 0.469, 0.305, 0, 0.061, 4.614, -62.084, -112.341, -26.613, -6.940, 5.027, 25.17, 0.4935, -0.40894, -0.31537, -0.69974,
 11:05:50.367,f6:90:cc:01:6d:25, 2015-01-01 00:18:48.390, 0.983, -0.049, 0.038, 0.122, 0.061, 0, -49.933, -86.215, -119.932, -28.620, -7.033, 3.653, 29.27, 0.08438, -0.69028, -0.04614, -0.71704,
 11:05:50.367,f6:90:cc:01:6d:25, 2015-01-01 00:18:48.390, 0.984, -0.048, 0.038, 0.061, 0.061, 0, -49.949, -86.215, -119.949, -28.620, -7.033, 3.653, 29.27, 0.08438, -0.69028, -0.04614, -0.71704,
 11:05:50.368,e3:ca:2d:fd:e0:8c, 2015-01-01 00:18:45.930, 1.012, -0.122, -0.045, 0, -0.305, 0, -110.511, -82.689, -102.211, -25.553, -4.927, -4.813, 23.53, -0.15427, -0.68008, 0.24414, -0.67377,
 11:05:50.368,e3:ca:2d:fd:e0:8c, 2015-01-01 00:18:45.930, 1.012, -0.12, -0.045, -0.061, -0.366, 0, -110.55, -82.683, -102.162, -25.553, -4.927, -4.813, 23.53, -0.15427, -0.68008, 0.24414, -0.67377,
 11:05:50.390,ed:35:33:d3:6c:f8, 2015-01-01 00:18:48.695, 0.827, -0.04, 0.548, 0.183, 0.183, 0.122, -4.318, -56.404, -163.691, -23.327, -7.567, -12.853, 30.37, -0.10724, 0.47217, 0.03409, 0.87424,
 11:05:50.390,ed:35:33:d3:6c:f8, 2015-01-01 00:18:48.695, 0.828, -0.038, 0.549, 0.061, 0.244, 0.122, -4.318, -56.398, -163.685, -23.327, -7.567, -12.853, 30.37, -0.10724, 0.47217, 0.03409, 0.87424,
 11:05:50.411,f6:90:cc:01:6d:25, 2015-01-01 00:18:48.390, 0.986, -0.049, 0.035, 0, 0, 0, -49.982, -86.221, -119.949, -28.620, -7.033, 3.653, 29.27, 0.08438, -0.69028, -0.04614, -0.71704,
 11:05:50.411,f6:90:cc:01:6d:25, 2015-01-01 00:18:48.390, 0.987, -0.051, 0.036, -0.061, 0, 0, -50.021, -86.221, -119.954, -28.620, -7.033, 3.653, 29.27, 0.08438, -0.69028, -0.04614, -0.71704,
 11:05:50.412,ed:40:fe:65:30:6c, 2015-01-01 00:18:45.530, 0.885, 0.042, 0.47, 0.183, 0, 0, 4.62, -62.084, -112.335, -26.613, -6.940, 5.027, 25.17, 0.4935, -0.40894, -0.31537, -0.69974,
 11:05:50.412,ed:40:fe:65:30:6c, 2015-01-01 00:18:45.530, 0.887, 0.042, 0.47, 0, 0, 0, 4.625, -62.084, -112.335, -26.613, -6.940, 5.027, 25.17, 0.4935, -0.40894, -0.31537, -0.69974,
 11:05:50.414,e3:ca:2d:fd:e0:8c, 2015-01-01 00:18:45.930, 1.015, -0.121, -0.045, 0, -0.305, 0, -110.594, -82.683, -102.112, -25.553, -4.927, -4.813, 23.53, -0.15427, -0.68008, 0.24414, -0.67377,
 11:05:50.414,e3:ca:2d:fd:e0:8c, 2015-01-01 00:18:45.930, 1.016, -0.124, -0.042, 0.061, -0.183, 0, -110.621, -82.683, -102.074, -25.553, -4.927, -4.813, 23.53, -0.15427, -0.68008, 0.24414, -0.67377,
 11:05:50.432,ed:35:33:d3:6c:f8, 2015-01-01 00:18:48.695, 0.83, -0.038, 0.55, 0, 0.061, 0, -4.318, -56.398, -163.685, -23.327, -7.567, -12.853, 30.37, -0.10724, 0.47217, 0.03409, 0.87424,
 11:05:50.432,ed:35:33:d3:6c:f8, 2015-01-01 00:18:48.695, 0.831, -0.039, 0.548, 0.061, -0.122, 0, -4.312, -56.398, -163.685, -23.327, -7.567, -12.853, 30.37, -0.10724, 0.47217, 0.03409, 0.87424,
 11:05:50.435,e3:ca:2d:fd:e0:8c, 2015-01-01 00:18:45.930, 1.014, -0.122, -0.042, 0.061, 0, 0, -110.627, -82.683, -102.063, -25.553, -4.927, -4.813, 23.53, -0.15427, -0.68008, 0.24414, -0.67377,
 11:05:50.435,e3:ca:2d:fd:e0:8c, 2015-01-01 00:18:45.930, 1.012, -0.12, -0.043, 0, -0.122, 0, -110.621, -82.683, -102.052, -25.553, -4.927, -4.813, 23.53, -0.15427, -0.68008, 0.24414, -0.67377,
 11:05:50.435,ed:40:fe:65:30:6c, 2015-01-01 00:18:45.530, 0.889, 0.041, 0.47, 0.061, -0.061, 0, 4.631, -62.084, -112.335, -26.887, -7.207, 4.647, 25.17, 0.4935, -0.40894, -0.31537, -0.69974,
 11:05:50.435,ed:40:fe:65:30:6c, 2015-01-01 00:18:45.530, 0.889, 0.04, 0.468, 0.061, -0.122, 0.061, 4.631, -62.084, -112.335, -26.887, -7.207, 4.647, 25.17, 0.4935, -0.40894, -0.31537, -0.69974,
 11:05:50.454,ed:35:33:d3:6c:f8, 2015-01-01 00:18:49.165, 0.83, -0.04, 0.546, 0.061, -0.244, 0.061, -4.312, -56.404, -163.68, -23.327, -7.567, -12.853, 30.37, -0.10724, 0.47217, 0.03409, 0.87424,
 11:05:50.454,ed:35:33:d3:6c:f8, 2015-01-01 00:18:49.165, 0.83, -0.041, 0.547, -0.122, 0, 0.244, -4.318, -56.404, -163.674, -23.327, -7.567, -12.853, 30.37, -0.10724, 0.47217, 0.03409, 0.87424,
 11:05:50.478,f6:90:cc:01:6d:25, 2015-01-01 00:18:48.390, 0.985, -0.049, 0.041, 0.122, 0.244, 0, -50.037, -86.221, -119.982, -29.027, -6.880, 3.787, 29.27, 0.08438, -0.69028, -0.04614, -0.71704,
 11:05:50.478,f6:90:cc:01:6d:25, 2015-01-01 00:18:48.390, 0.982, -0.049, 0.038, 0.061, 0.244, 0, -50.01, -86.221, -120.037, -29.027, -6.880, 3.787, 29.27, 0.08438, -0.69028, -0.04614, -0.71704,
 11:05:50.478,ed:35:33:d3:6c:f8, 2015-01-01 00:18:49.165, 0.827, -0.041, 0.548, -0.061, 0.244, 0.183, -4.323, -56.404, -163.669, -23.327, -7.567, -12.853, 30.37, -0.10724, 0.47217, 0.03409, 0.87424,
 11:05:50.478,ed:35:33:d3:6c:f8, 2015-01-01 00:18:49.165, 0.828, -0.04, 0.549, 0, 0.366, 0.122, -4.323, -56.398, -163.663, -23.327, -7.567, -12.853, 30.37, -0.10724, 0.47217, 0.03409, 0.87424,
 11:05:50.480,e3:ca:2d:fd:e0:8c, 2015-01-01 00:18:45.930, 1.011, -0.12, -0.045, 0, -0.244, 0, -110.638, -82.683, -102.025, -25.553, -4.927, -4.813, 23.53, -0.15427, -0.68008, 0.24414, -0.67377,
 11:05:50.480,e3:ca:2d:fd:e0:8c, 2015-01-01 00:18:45.930, 1.012, -0.122, -0.044, -0.061, -0.244, 0, -110.665, -82.678, -101.986, -25.553, -4.927, -4.813, 23.53, -0.15427, -0.68008, 0.24414, -0.67377,
 11:05:50.502,f6:90:cc:01:6d:25, 2015-01-01 00:18:48.390, 0.982, -0.05, 0.037, 0, 0.122, 0, -49.988, -86.215, -120.092, -29.027, -6.880, 3.787, 29.27, 0.08014, -0.69064, -0.04196, -0.71744,
 11:05:50.502,f6:90:cc:01:6d:25, 2015-01-01 00:18:48.390, 0.984, -0.051, 0.037, 0, 0, 0, -49.999, -86.215, -120.114, -29.027, -6.880, 3.787, 29.27, 0.08014, -0.69064, -0.04196, -0.71744,
 11:05:50.502,ed:40:fe:65:30:6c, 2015-01-01 00:18:45.530, 0.888, 0.039, 0.468, 0, 0, 0.183, 4.631, -62.084, -112.33, -26.887, -7.207, 4.647, 25.17, 0.4935, -0.40894, -0.31537, -0.69974,
 11:05:50.502,ed:40:fe:65:30:6c, 2015-01-01 00:18:45.530, 0.887, 0.04, 0.469, 0.061, 0.061, 0.183, 4.631, -62.084, -112.324, -26.887, -7.207, 4.647, 25.17, 0.4935, -0.40894, -0.31537, -0.69974,
 11:05:50.523,ed:35:33:d3:6c:f8, 2015-01-01 00:18:49.165, 0.827, -0.042, 0.548, 0.183, 0.122, 0.122, -4.323, -56.393, -163.663, -23.327, -7.567, -12.853, 30.37, -0.10724, 0.47217, 0.03409, 0.87424,
 11:05:50.523,ed:35:33:d3:6c:f8, 2015-01-01 00:18:49.165, 0.829, -0.04, 0.548, 0.305, 0, 0, -4.318, -56.393, -163.658, -23.327, -7.567, -12.853, 30.37, -0.10724, 0.47217, 0.03409, 0.87424,
 11:05:50.525,ed:40:fe:65:30:6c, 2015-01-01 00:18:45.530, 0.885, 0.04, 0.47, 0.122, 0.122, 0.061, 4.631, -62.084, -112.319, -26.887, -7.207, 4.647, 25.17, 0.49402, -0.40866, -0.31567, -0.69943,
 11:05:50.525,ed:40:fe:65:30:6c, 2015-01-01 00:18:45.530, 0.885, 0.039, 0.47, 0.122, 0.122, 0.061, 4.631, -62.078, -112.313, -26.887, -7.207, 4.647, 25.17, 0.49402, -0.40866, -0.31567, -0.69943,
 11:05:50.525,e3:ca:2d:fd:e0:8c, 2015-01-01 00:18:45.930, 1.012, -0.123, -0.044, -0.183, -0.183, 0, -110.693, -82.678, -101.959, -25.300, -4.947, -4.360, 23.53, -0.15427, -0.68008, 0.24414, -0.67377,
 11:05:50.525,e3:ca:2d:fd:e0:8c, 2015-01-01 00:18:45.930, 1.014, -0.124, -0.043, -0.183, -0.122, 0, -110.709, -82.678, -101.937, -25.300, -4.947, -4.360, 23.53, -0.15427, -0.68008, 0.24414, -0.67377,
 11:05:50.545,f6:90:cc:01:6d:25, 2015-01-01 00:18:48.390, 0.984, -0.05, 0.038, 0, 0.061, 0, -50.032, -86.221, -120.119, -29.027, -6.880, 3.787, 29.27, 0.08014, -0.69064, -0.04196, -0.71744,
 11:05:50.545,f6:90:cc:01:6d:25, 2015-01-01 00:18:48.390, 0.986, -0.052, 0.038, -0.061, 0.183, 0, -50.043, -86.221, -120.146, -29.027, -6.880, 3.787, 29.27, 0.08014, -0.69064, -0.04196, -0.71744,
 11:05:50.546,ed:40:fe:65:30:6c, 2015-01-01 00:18:45.530, 0.887, 0.039, 0.469, 0.244, 0.122, 0, 4.636, -62.078, -112.313, -26.887, -7.207, 4.647, 25.17, 0.49402, -0.40866, -0.31567, -0.69943,
 11:05:50.546,ed:40:fe:65:30:6c, 2015-01-01 00:18:45.530, 0.887, 0.04, 0.467, 0.244, 0.061, 0, 4.642, -62.073, -112.313, -26.887, -7.207, 4.647, 25.17, 0.49402, -0.40866, -0.31567, -0.69943,
 11:05:50.566,ed:35:33:d3:6c:f8, 2015-01-01 00:18:49.165, 0.828, -0.039, 0.545, 0.244, -0.183, 0, -4.312, -56.398, -163.658, -23.327, -7.567, -12.853, 30.37, -0.10724, 0.47217, 0.03409, 0.87424,
 11:05:50.566,ed:35:33:d3:6c:f8, 2015-01-01 00:18:49.165, 0.83, -0.038, 0.548, 0, 0.183, 0.122, -4.312, -56.393, -163.658, -23.327, -7.567, -12.853, 30.37, -0.10724, 0.47217, 0.03409, 0.87424,
 11:05:50.569,f6:90:cc:01:6d:25, 2015-01-01 00:18:48.745, 0.986, -0.049, 0.039, 0.061, 0.122, 0, -50.043, -86.221, -120.185, -29.027, -6.880, 3.787, 29.27, 0.08014, -0.69064, -0.04196, -0.71744,
 11:05:50.569,f6:90:cc:01:6d:25, 2015-01-01 00:18:48.745, 0.982, -0.051, 0.038, -0.061, 0.183, 0, -50.043, -86.221, -120.223, -29.027, -6.880, 3.787, 29.27, 0.08014, -0.69064, -0.04196, -0.71744,
 11:05:50.570,e3:ca:2d:fd:e0:8c, 2015-01-01 00:18:45.930, 1.014, -0.123, -0.044, -0.061, -0.183, 0, -110.72, -82.678, -101.909, -25.300, -4.947, -4.360, 23.53, -0.15329, -0.68066, 0.24329, -0.67374,
 11:05:50.570,e3:ca:2d:fd:e0:8c, 2015-01-01 00:18:45.930, 1.014, -0.122, -0.044, 0, -0.305, 0, -110.748, -82.678, -101.876, -25.300, -4.947, -4.360, 23.53, -0.15329, -0.68066, 0.24329, -0.67374,
 11:05:50.592,ed:40:fe:65:30:6c, 2015-01-01 00:18:45.530, 0.888, 0.04, 0.468, 0, 0.183, 0.061, 4.647, -62.073, -112.313, -26.887, -7.207, 4.647, 25.17, 0.49402, -0.40866, -0.31567, -0.69943,
 11:05:50.592,ed:40:fe:65:30:6c, 2015-01-01 00:18:45.530, 0.887, 0.042, 0.471, 0.061, 0.305, 0.122, 4.647, -62.067, -112.308, -26.887, -7.207, 4.647, 25.17, 0.49402, -0.40866, -0.31567, -0.69943,
 11:05:50.613,f6:90:cc:01:6d:25, 2015-01-01 00:18:48.745, 0.984, -0.051, 0.036, 0.061, 0.183, 0, -50.032, -86.215, -120.267, -29.027, -6.880, 3.787, 29.27, 0.08014, -0.69064, -0.04196, -0.71744,
 11:05:50.613,f6:90:cc:01:6d:25, 2015-01-01 00:18:48.745, 0.99, -0.048, 0.038, 0, 0.244, 0, -50.026, -86.215, -120.317, -29.027, -6.880, 3.787, 29.27, 0.08014, -0.69064, -0.04196, -0.71744,
 11:05:50.614,ed:40:fe:65:30:6c, 2015-01-01 00:18:45.935, 0.885, 0.037, 0.469, 0.061, 0.427, 0.366, 4.636, -62.056, -112.291, -26.887, -7.207, 4.647, 25.17, 0.49402, -0.40866, -0.31567, -0.69943,
 11:05:50.614,ed:40:fe:65:30:6c, 2015-01-01 00:18:45.935, 0.888, 0.036, 0.469, 0, 0.427, 0.305, 4.625, -62.051, -112.275, -26.887, -7.207, 4.647, 25.17, 0.49402, -0.40866, -0.31567, -0.69943,
 11:05:50.616,e3:ca:2d:fd:e0:8c, 2015-01-01 00:18:46.240, 1.011, -0.121, -0.044, 0, -0.366, 0, -110.786, -82.672, -101.827, -25.300, -4.947, -4.360, 23.53, -0.15329, -0.68066, 0.24329, -0.67374,
 11:05:50.616,e3:ca:2d:fd:e0:8c, 2015-01-01 00:18:46.240, 1.013, -0.121, -0.044, 0, -0.122, 0, -110.814, -82.672, -101.788, -25.300, -4.947, -4.360, 23.53, -0.15329, -0.68066, 0.24329, -0.67374,
 11:05:50.634,ed:35:33:d3:6c:f8, 2015-01-01 00:18:49.165, 0.828, -0.039, 0.548, -0.061, 0.366, 0.244, -4.318, -56.387, -163.652, -23.327, -7.567, -12.853, 30.37, -0.10724, 0.47217, 0.03409, 0.87424,
 11:05:50.634,ed:35:33:d3:6c:f8, 2015-01-01 00:18:49.165, 0.828, -0.043, 0.548, -0.183, 0.427, 0.488, -4.329, -56.382, -163.636, -23.327, -7.567, -12.853, 30.37, -0.10724, 0.47217, 0.03409, 0.87424,
 11:05:50.638,e3:ca:2d:fd:e0:8c, 2015-01-01 00:18:46.240, 1.017, -0.122, -0.044, 0, -0.061, 0, -110.814, -82.672, -101.777, -25.300, -4.947, -4.360, 23.53, -0.15329, -0.68066, 0.24329, -0.67374,
 11:05:50.638,e3:ca:2d:fd:e0:8c, 2015-01-01 00:18:46.240, 1.016, -0.122, -0.044, -0.061, 0, 0, -110.814, -82.672, -101.772, -25.300, -4.947, -4.360, 23.53, -0.15329, -0.68066, 0.24329, -0.67374,
 11:05:50.657,ed:35:33:d3:6c:f8, 2015-01-01 00:18:49.165, 0.832, -0.043, 0.55, 0, 0.183, 0.183, -4.334, -56.376, -163.63, -23.400, -7.540, -14.100, 30.37, -0.10724, 0.47217, 0.03409, 0.87424,
 11:05:50.657,ed:35:33:d3:6c:f8, 2015-01-01 00:18:49.165, 0.832, -0.033, 0.548, 0.488, -0.122, -0.244, -4.323, -56.376, -163.636, -23.400, -7.540, -14.100, 30.37, -0.10724, 0.47217, 0.03409, 0.87424,
 11:05:50.659,ed:40:fe:65:30:6c, 2015-01-01 00:18:45.935, 0.891, 0.043, 0.47, 0.061, 0.305, -0.061, 4.625, -62.04, -112.275, -26.887, -7.207, 4.647, 25.17, 0.49402, -0.40866, -0.31567, -0.69943,
 11:05:50.659,ed:40:fe:65:30:6c, 2015-01-01 00:18:45.935, 0.889, 0.044, 0.469, 0.488, 0.122, 0, 4.636, -62.04, -112.275, -26.887, -7.207, 4.647, 25.17, 0.49402, -0.40866, -0.31567, -0.69943,
 11:05:50.659,f6:90:cc:01:6d:25, 2015-01-01 00:18:48.745, 0.988, -0.047, 0.038, -0.183, 0.244, 0, -50.004, -86.215, -120.372, -29.027, -6.880, 3.787, 29.27, 0.08014, -0.69064, -0.04196, -0.71744,
 11:05:50.659,f6:90:cc:01:6d:25, 2015-01-01 00:18:48.745, 0.985, -0.05, 0.037, 0, 0.366, 0, -49.977, -86.215, -120.438, -29.027, -6.880, 3.787, 29.27, 0.08014, -0.69064, -0.04196, -0.71744,
 11:05:50.683,e3:ca:2d:fd:e0:8c, 2015-01-01 00:18:46.240, 1.014, -0.121, -0.045, -0.244, -0.122, 0, -110.814, -82.672, -101.761, -25.300, -4.947, -4.360, 23.53, -0.15329, -0.68066, 0.24329, -0.67374,
 11:05:50.683,e3:ca:2d:fd:e0:8c, 2015-01-01 00:18:46.240, 1.01, -0.12, -0.045, -0.061, -0.183, 0, -110.83, -82.672, -101.739, -25.300, -4.947, -4.360, 23.53, -0.15329, -0.68066, 0.24329, -0.67374,
 11:05:50.683,ed:40:fe:65:30:6c, 2015-01-01 00:18:45.935, 0.885, 0.039, 0.47, 0, 0.305, 0.366, 4.631, -62.034, -112.264, -26.887, -7.207, 4.647, 25.17, 0.49402, -0.40866, -0.31567, -0.69943,
 11:05:50.683,ed:40:fe:65:30:6c, 2015-01-01 00:18:45.935, 0.882, 0.039, 0.469, 0.122, 0.183, 0.122, 4.631, -62.029, -112.253, -26.887, -7.207, 4.647, 25.17, 0.49402, -0.40866, -0.31567, -0.69943,
 11:05:50.701,ed:35:33:d3:6c:f8, 2015-01-01 00:18:49.165, 0.829, -0.037, 0.548, 0.122, 0.122, 0.183, -4.323, -56.376, -163.63, -23.400, -7.540, -14.100, 30.37, -0.10724, 0.47217, 0.03409, 0.87424,
 11:05:50.701,ed:35:33:d3:6c:f8, 2015-01-01 00:18:49.165, 0.828, -0.043, 0.548, 0, 0.366, 0.183, -4.323, -56.371, -163.625, -23.400, -7.540, -14.100, 30.37, -0.10724, 0.47217, 0.03409, 0.87424,
 11:05:50.703,f6:90:cc:01:6d:25, 2015-01-01 00:18:48.745, 0.983, -0.05, 0.036, 0, 0.305, 0, -49.927, -86.21, -120.526, -29.027, -6.880, 3.787, 29.27, 0.08014, -0.69064, -0.04196, -0.71744,
 11:05:50.703,f6:90:cc:01:6d:25, 2015-01-01 00:18:48.745, 0.98, -0.048, 0.04, 0.244, 0.366, 0, -49.889, -86.21, -120.602, -29.027, -6.880, 3.787, 29.27, 0.08014, -0.69064, -0.04196, -0.71744,
 11:05:50.724,ed:35:33:d3:6c:f8, 2015-01-01 00:18:49.165, 0.823, -0.04, 0.546, 0.122, 0, 0, -4.323, -56.371, -163.625, -23.400, -7.540, -14.100, 30.37, -0.10776, 0.47192, 0.03427, 0.8743,
 11:05:50.724,ed:35:33:d3:6c:f8, 2015-01-01 00:18:49.165, 0.825, -0.039, 0.547, -0.122, -0.061, 0.122, -4.323, -56.376, -163.619, -23.400, -7.540, -14.100, 30.37, -0.10776, 0.47192, 0.03427, 0.8743,
 11:05:50.726,ed:40:fe:65:30:6c, 2015-01-01 00:18:45.935, 0.881, 0.04, 0.469, 0, 0.305, 0.122, 4.631, -62.023, -112.247, -26.887, -7.207, 4.647, 25.17, 0.49402, -0.40866, -0.31567, -0.69943,
 11:05:50.726,ed:40:fe:65:30:6c, 2015-01-01 00:18:45.935, 0.882, 0.039, 0.469, -0.183, 0.366, 0.183, 4.62, -62.018, -112.236, -26.887, -7.207, 4.647, 25.17, 0.49402, -0.40866, -0.31567, -0.69943,
 11:05:50.726,f6:90:cc:01:6d:25, 2015-01-01 00:18:48.745, 0.981, -0.05, 0.04, 0.061, 0.61, 0, -49.818, -86.204, -120.701, -29.027, -6.880, 3.787, 29.27, 0.08014, -0.69064, -0.04196, -0.71744,
 11:05:50.726,f6:90:cc:01:6d:25, 2015-01-01 00:18:48.745, 0.982, -0.05, 0.042, 0.061, 0.671, 0, -49.702, -86.199, -120.85, -29.027, -6.880, 3.787, 29.27, 0.08014, -0.69064, -0.04196, -0.71744,
 11:05:50.728,e3:ca:2d:fd:e0:8c, 2015-01-01 00:18:46.240, 1.009, -0.12, -0.043, 0, -0.183, 0, -110.847, -82.672, -101.711, -25.300, -4.947, -4.360, 23.53, -0.15329, -0.68066, 0.24329, -0.67374,
 11:05:50.728,e3:ca:2d:fd:e0:8c, 2015-01-01 00:18:46.240, 1.011, -0.122, -0.042, 0, -0.366, 0, -110.88, -82.672, -101.673, -25.300, -4.947, -4.360, 23.53, -0.15329, -0.68066, 0.24329, -0.67374,
 11:05:50.769,ed:35:33:d3:6c:f8, 2015-01-01 00:18:49.165, 0.824, -0.041, 0.546, -0.183, -0.061, 0.122, -4.334, -56.376, -163.614, -23.400, -7.540, -14.100, 30.37, -0.10776, 0.47192, 0.03427, 0.8743,
 11:05:50.771,ed:35:33:d3:6c:f8, 2015-01-01 00:18:49.165, 0.824, -0.041, 0.549, -0.244, 0.183, 0.122, -4.34, -56.371, -163.608, -23.400, -7.540, -14.100, 30.37, -0.10776, 0.47192, 0.03427, 0.8743,
 11:05:50.771,f6:90:cc:01:6d:25, 2015-01-01 00:18:48.745, 0.981, -0.05, 0.04, 0, 0.61, 0, -49.576, -86.193, -121.003, -29.027, -6.880, 3.787, 29.27, 0.08014, -0.69064, -0.04196, -0.71744,
 11:05:50.771,f6:90:cc:01:6d:25, 2015-01-01 00:18:48.745, 0.984, -0.05, 0.043, -0.244, 0.793, 0, -49.455, -86.182, -121.157, -29.027, -6.880, 3.787, 29.27, 0.08014, -0.69064, -0.04196, -0.71744,
 11:05:50.772,ed:40:fe:65:30:6c, 2015-01-01 00:18:45.935, 0.881, 0.04, 0.47, -0.244, 0.549, 0.183, 4.609, -62.007, -112.231, -26.887, -7.207, 4.647, 25.17, 0.49402, -0.40866, -0.31567, -0.69943,
 11:05:50.772,ed:40:fe:65:30:6c, 2015-01-01 00:18:45.935, 0.882, 0.04, 0.472, -0.305, 0.61, 0, 4.603, -61.996, -112.225, -26.887, -7.207, 4.647, 25.17, 0.49402, -0.40866, -0.31567, -0.69943,
 11:05:50.773,e3:ca:2d:fd:e0:8c, 2015-01-01 00:18:46.240, 1.009, -0.124, -0.042, 0, -0.671, 0, -110.945, -82.667, -101.596, -25.300, -4.947, -4.360, 23.53, -0.15329, -0.68066, 0.24329, -0.67374,
 11:05:50.773,e3:ca:2d:fd:e0:8c, 2015-01-01 00:18:46.240, 1.009, -0.122, -0.041, -0.305, -0.671, 0, -111.028, -82.661, -101.497, -25.300, -4.947, -4.360, 23.53, -0.15329, -0.68066, 0.24329, -0.67374,
 11:05:50.792,ed:35:33:d3:6c:f8, 2015-01-01 00:18:49.500, 0.828, -0.039, 0.551, -0.244, 0.183, 0, -4.34, -56.371, -163.608, -23.400, -7.540, -14.100, 30.37, -0.10776, 0.47192, 0.03427, 0.8743,
 11:05:50.792,ed:35:33:d3:6c:f8, 2015-01-01 00:18:49.500, 0.828, -0.038, 0.553, -0.122, 0.305, -0.122, -4.334, -56.365, -163.614, -23.400, -7.540, -14.100, 30.37, -0.10776, 0.47192, 0.03427, 0.8743,
 11:05:50.816,f6:90:cc:01:6d:25, 2015-01-01 00:18:48.745, 0.985, -0.049, 0.043, -0.305, 0.793, 0, -49.301, -86.177, -121.339, -28.940, -6.527, 3.300, 29.27, 0.08014, -0.69064, -0.04196, -0.71744,
 11:05:50.816,f6:90:cc:01:6d:25, 2015-01-01 00:18:48.745, 0.986, -0.05, 0.042, -0.366, 0.671, 0, -49.158, -86.166, -121.509, -28.940, -6.527, 3.300, 29.27, 0.08014, -0.69064, -0.04196, -0.71744,
 11:05:50.818,e3:ca:2d:fd:e0:8c, 2015-01-01 00:18:46.240, 1.011, -0.121, -0.042, -0.61, -0.793, 0, -111.127, -82.656, -101.393, -25.173, -5.180, -4.413, 23.53, -0.15329, -0.68066, 0.24329, -0.67374,
 11:05:50.818,e3:ca:2d:fd:e0:8c, 2015-01-01 00:18:46.240, 1.014, -0.122, -0.043, -0.671, -0.977, 0, -111.248, -82.65, -101.261, -25.173, -5.180, -4.413, 23.53, -0.15329, -0.68066, 0.24329, -0.67374,
 11:05:50.837,ed:35:33:d3:6c:f8, 2015-01-01 00:18:49.500, 0.828, -0.037, 0.555, -0.183, 0.183, -0.061, -4.334, -56.36, -163.619, -23.400, -7.540, -14.100, 30.37, -0.10776, 0.47192, 0.03427, 0.8743,
 11:05:50.838,ed:35:33:d3:6c:f8, 2015-01-01 00:18:49.500, 0.828, -0.041, 0.553, -0.488, 0.122, 0.061, -4.345, -56.354, -163.619, -23.400, -7.540, -14.100, 30.37, -0.10776, 0.47192, 0.03427, 0.8743,
 11:05:50.842,e3:ca:2d:fd:e0:8c, 2015-01-01 00:18:46.240, 1.014, -0.123, -0.044, -0.61, -0.916, 0, -111.374, -82.645, -101.124, -25.173, -5.180, -4.413, 23.53, -0.15228, -0.68149, 0.24258, -0.67334,
 11:05:50.842,e3:ca:2d:fd:e0:8c, 2015-01-01 00:18:46.240, 1.015, -0.122, -0.046, -0.366, -0.732, 0, -111.473, -82.639, -101.014, -25.173, -5.180, -4.413, 23.53, -0.15228, -0.68149, 0.24258, -0.67334,
 11:05:50.861,f6:90:cc:01:6d:25, 2015-01-01 00:18:48.745, 0.986, -0.053, 0.04, -0.183, 0.549, 0.305, -49.081, -86.16, -121.619, -28.940, -6.527, 3.300, 29.27, 0.08014, -0.69064, -0.04196, -0.71744,
 11:05:50.861,f6:90:cc:01:6d:25, 2015-01-01 00:18:48.745, 0.985, -0.051, 0.038, 0.122, 0.366, 0.366, -49.07, -86.149, -121.663, -28.940, -6.527, 3.300, 29.27, 0.08014, -0.69064, -0.04196, -0.71744,
 11:05:50.861,ed:40:fe:65:30:6c, 2015-01-01 00:18:45.935, 0.886, 0.042, 0.475, -0.488, 0.671, 0, 4.598, -61.979, -112.225, -26.887, -7.207, 4.647, 25.17, 0.49402, -0.40866, -0.31567, -0.69943,
 11:05:50.861,ed:40:fe:65:30:6c, 2015-01-01 00:18:45.935, 0.884, 0.042, 0.477, -0.488, 0.732, 0.061, 4.587, -61.963, -112.22, -26.887, -7.207, 4.647, 25.17, 0.49402, -0.40866, -0.31567, -0.69943,
 11:05:50.883,ed:35:33:d3:6c:f8, 2015-01-01 00:18:49.500, 0.828, -0.041, 0.552, -0.244, -0.061, 0, -4.345, -56.354, -163.619, -23.400, -7.540, -14.100, 30.37, -0.10776, 0.47192, 0.03427, 0.8743,
 11:05:50.883,ed:35:33:d3:6c:f8, 2015-01-01 00:18:49.500, 0.828, -0.039, 0.552, 0, 0, 0.244, -4.351, -56.354, -163.608, -23.400, -7.540, -14.100, 30.37, -0.10776, 0.47192, 0.03427, 0.8743,
 11:05:50.885,e3:ca:2d:fd:e0:8c, 2015-01-01 00:18:46.240, 1.014, -0.121, -0.049, 0.061, -0.671, 0, -111.555, -82.639, -100.909, -25.173, -5.180, -4.413, 23.53, -0.15228, -0.68149, 0.24258, -0.67334,
 11:05:50.885,e3:ca:2d:fd:e0:8c, 2015-01-01 00:18:46.240, 1.017, -0.121, -0.05, 0.183, -0.61, 0, -111.627, -82.634, -100.822, -25.173, -5.180, -4.413, 23.53, -0.15228, -0.68149, 0.24258, -0.67334,
 11:05:50.885,ed:40:fe:65:30:6c, 2015-01-01 00:18:45.935, 0.886, 0.041, 0.477, -0.549, 0.732, 0.244, 4.57, -61.952, -112.209, -26.760, -7.407, 4.580, 25.17, 0.49402, -0.40866, -0.31567, -0.69943,
 11:05:50.885,ed:40:fe:65:30:6c, 2015-01-01 00:18:45.935, 0.886, 0.038, 0.476, -0.61, 0.732, 0.305, 4.554, -61.935, -112.192, -26.760, -7.407, 4.580, 25.17, 0.49402, -0.40866, -0.31567, -0.69943,
 11:05:50.906,ed:40:fe:65:30:6c, 2015-01-01 00:18:45.935, 0.885, 0.04, 0.475, -0.183, 0.488, 0.366, 4.537, -61.919, -112.176, -26.760, -7.407, 4.580, 25.17, 0.49402, -0.40866, -0.31567, -0.69943,
 11:05:50.906,ed:40:fe:65:30:6c, 2015-01-01 00:18:45.935, 0.885, 0.036, 0.474, -0.061, 0.244, 0.671, 4.515, -61.913, -112.148, -26.760, -7.407, 4.580, 25.17, 0.49402, -0.40866, -0.31567, -0.69943,
 11:05:50.929,e3:ca:2d:fd:e0:8c, 2015-01-01 00:18:46.530, 1.017, -0.122, -0.054, 0.061, -0.549, 0, -111.698, -82.628, -100.739, -25.173, -5.180, -4.413, 23.53, -0.15228, -0.68149, 0.24258, -0.67334,
 11:05:50.929,e3:ca:2d:fd:e0:8c, 2015-01-01 00:18:46.530, 1.016, -0.122, -0.049, 0, -0.122, 0, -111.725, -82.628, -100.706, -25.173, -5.180, -4.413, 23.53, -0.15228, -0.68149, 0.24258, -0.67334,
 11:05:50.949,ed:35:33:d3:6c:f8, 2015-01-01 00:18:49.500, 0.829, -0.044, 0.55, -0.061, -0.183, 0.488, -4.362, -56.354, -163.592, -23.400, -7.540, -14.100, 30.37, -0.10776, 0.47192, 0.03427, 0.8743,
 11:05:50.949,ed:35:33:d3:6c:f8, 2015-01-01 00:18:49.500, 0.829, -0.046, 0.55, 0.122, -0.183, 0.244, -4.367, -56.36, -163.581, -23.400, -7.540, -14.100, 30.37, -0.10776, 0.47192, 0.03427, 0.8743,
 11:05:50.949,f6:90:cc:01:6d:25, 2015-01-01 00:18:48.745, 0.983, -0.054, 0.037, 0.061, 0.305, 0.183, -49.076, -86.138, -121.685, -28.940, -6.527, 3.300, 29.27, 0.0762, -0.69031, -0.0379, -0.71841,
 11:05:50.949,f6:90:cc:01:6d:25, 2015-01-01 00:18:48.745, 0.986, -0.052, 0.033, 0.244, 0.122, 0.122, -49.092, -86.138, -121.707, -28.940, -6.527, 3.300, 29.27, 0.0762, -0.69031, -0.0379, -0.71841,
 11:05:50.952,ed:40:fe:65:30:6c, 2015-01-01 00:18:45.935, 0.887, 0.034, 0.473, 0.061, 0.061, 0.671, 4.493, -61.908, -112.121, -26.760, -7.407, 4.580, 25.17, 0.49402, -0.40866, -0.31567, -0.69943,
 11:05:50.952,ed:40:fe:65:30:6c, 2015-01-01 00:18:45.935, 0.887, 0.035, 0.471, 0.488, -0.183, 0.305, 4.488, -61.913, -112.104, -26.760, -7.407, 4.580, 25.17, 0.49402, -0.40866, -0.31567, -0.69943,
 11:05:50.973,f6:90:cc:01:6d:25, 2015-01-01 00:18:49.125, 0.986, -0.048, 0.034, 0.366, -0.244, 0, -49.164, -86.138, -121.685, -28.940, -6.527, 3.300, 29.27, 0.0762, -0.69031, -0.0379, -0.71841,
 11:05:50.973,f6:90:cc:01:6d:25, 2015-01-01 00:18:49.125, 0.986, -0.048, 0.035, 0.244, -0.244, 0, -49.263, -86.144, -121.635, -28.940, -6.527, 3.300, 29.27, 0.0762, -0.69031, -0.0379, -0.71841,
 11:05:50.973,ed:40:fe:65:30:6c, 2015-01-01 00:18:45.935, 0.886, 0.039, 0.47, 0.488, -0.549, 0.061, 4.493, -61.919, -112.099, -26.760, -7.407, 4.580, 25.17, 0.49515, -0.40762, -0.31485, -0.69958,
 11:05:50.973,ed:40:fe:65:30:6c, 2015-01-01 00:18:45.935, 0.884, 0.04, 0.47, 0.549, -0.671, 0, 4.51, -61.93, -112.104, -26.760, -7.407, 4.580, 25.17, 0.49515, -0.40762, -0.31485, -0.69958,
 11:05:50.975,e3:ca:2d:fd:e0:8c, 2015-01-01 00:18:46.530, 1.016, -0.122, -0.05, -0.183, 0, 0, -111.731, -82.628, -100.701, -25.173, -5.180, -4.413, 23.53, -0.15228, -0.68149, 0.24258, -0.67334,
 11:05:50.975,e3:ca:2d:fd:e0:8c, 2015-01-01 00:18:46.530, 1.014, -0.124, -0.051, 0, -0.183, 0, -111.747, -82.628, -100.679, -25.173, -5.180, -4.413, 23.53, -0.15228, -0.68149, 0.24258, -0.67334,
 11:05:50.994,ed:35:33:d3:6c:f8, 2015-01-01 00:18:49.500, 0.83, -0.044, 0.548, 0.305, -0.366, 0, -4.362, -56.365, -163.581, -23.400, -7.540, -14.100, 30.37, -0.10776, 0.47192, 0.03427, 0.8743,
 11:05:50.994,ed:35:33:d3:6c:f8, 2015-01-01 00:18:49.500, 0.828, -0.04, 0.546, 0.488, -0.488, 0, -4.356, -56.376, -163.581, -23.400, -7.540, -14.100, 30.37, -0.10776, 0.47192, 0.03427, 0.8743,
 11:05:50.995,f6:90:cc:01:6d:25, 2015-01-01 00:18:49.125, 0.984, -0.051, 0.038, 0.061, -0.122, 0.061, -49.356, -86.149, -121.591, -28.940, -6.527, 3.300, 29.27, 0.0762, -0.69031, -0.0379, -0.71841,
 11:05:50.995,f6:90:cc:01:6d:25, 2015-01-01 00:18:49.125, 0.983, -0.052, 0.038, 0.183, -0.061, 0.122, -49.438, -86.149, -121.558, -28.940, -6.527, 3.300, 29.27, 0.0762, -0.69031, -0.0379, -0.71841,
 11:05:50.998,e3:ca:2d:fd:e0:8c, 2015-01-01 00:18:46.530, 1.011, -0.122, -0.051, 0.183, -0.427, 0, -111.802, -82.623, -100.629, -25.173, -5.180, -4.413, 23.53, -0.15228, -0.68149, 0.24258, -0.67334,
 11:05:50.998,e3:ca:2d:fd:e0:8c, 2015-01-01 00:18:46.530, 1.012, -0.121, -0.047, 0.183, -0.305, 0, -111.846, -82.623, -100.58, -25.173, -5.180, -4.413, 23.53, -0.15228, -0.68149, 0.24258, -0.67334,
 11:05:51.017,ed:35:33:d3:6c:f8, 2015-01-01 00:18:49.500, 0.828, -0.039, 0.547, 0.305, -0.305, 0, -4.351, -56.382, -163.581, -23.473, -7.220, -13.193, 30.37, -0.10776, 0.47192, 0.03427, 0.8743,
 11:05:51.017,ed:35:33:d3:6c:f8, 2015-01-01 00:18:49.500, 0.83, -0.04, 0.548, 0.061, -0.122, 0.122, -4.351, -56.382, -163.575, -23.473, -7.220, -13.193, 30.37, -0.10776, 0.47192, 0.03427, 0.8743,
 11:05:51.019,ed:40:fe:65:30:6c, 2015-01-01 00:18:45.935, 0.886, 0.04, 0.472, 0.305, -0.671, 0.061, 4.515, -61.946, -112.104, -26.760, -7.407, 4.580, 25.17, 0.49515, -0.40762, -0.31485, -0.69958,
 11:05:51.019,ed:40:fe:65:30:6c, 2015-01-01 00:18:45.935, 0.886, 0.04, 0.47, 0.183, -0.732, 0.061, 4.526, -61.957, -112.104, -26.760, -7.407, 4.580, 25.17, 0.49515, -0.40762, -0.31485, -0.69958,
 11:05:51.019,f6:90:cc:01:6d:25, 2015-01-01 00:18:49.125, 0.984, -0.05, 0.035, 0.183, -0.183, 0.122, -49.537, -86.149, -121.509, -28.940, -6.527, 3.300, 29.27, 0.0762, -0.69031, -0.0379, -0.71841,
 11:05:51.019,f6:90:cc:01:6d:25, 2015-01-01 00:18:49.125, 0.985, -0.048, 0.039, 0.122, -0.183, 0.122, -49.647, -86.155, -121.448, -28.940, -6.527, 3.300, 29.27, 0.0762, -0.69031, -0.0379, -0.71841,
 11:05:51.041,ed:40:fe:65:30:6c, 2015-01-01 00:18:46.380, 0.887, 0.039, 0.469, 0.061, -0.732, 0, 4.532, -61.968, -112.104, -26.760, -7.407, 4.580, 25.17, 0.49515, -0.40762, -0.31485, -0.69958,
 11:05:51.041,ed:40:fe:65:30:6c, 2015-01-01 00:18:46.380, 0.889, 0.039, 0.469, -0.122, -0.61, 0.061, 4.532, -61.985, -112.104, -26.760, -7.407, 4.580, 25.17, 0.49515, -0.40762, -0.31485, -0.69958,
 11:05:51.044,e3:ca:2d:fd:e0:8c, 2015-01-01 00:18:46.530, 1.013, -0.12, -0.045, -0.183, 0, 0, -111.857, -82.623, -100.569, -25.173, -5.180, -4.413, 23.53, -0.15228, -0.68149, 0.24258, -0.67334,
 11:05:51.044,e3:ca:2d:fd:e0:8c, 2015-01-01 00:18:46.530, 1.015, -0.12, -0.046, -0.488, 0, 0, -111.863, -82.623, -100.569, -25.173, -5.180, -4.413, 23.53, -0.15228, -0.68149, 0.24258, -0.67334,
 11:05:51.062,ed:35:33:d3:6c:f8, 2015-01-01 00:18:49.500, 0.83, -0.041, 0.546, 0, -0.488, 0, -4.351, -56.393, -163.57, -23.473, -7.220, -13.193, 30.37, -0.10776, 0.47192, 0.03427, 0.8743,
 11:05:51.062,ed:35:33:d3:6c:f8, 2015-01-01 00:18:49.500, 0.832, -0.04, 0.545, -0.122, -0.549, 0, -4.351, -56.404, -163.57, -23.473, -7.220, -13.193, 30.37, -0.10776, 0.47192, 0.03427, 0.8743,
 11:05:51.063,f6:90:cc:01:6d:25, 2015-01-01 00:18:49.125, 0.987, -0.05, 0.038, 0, -0.061, 0.061, -49.735, -86.155, -121.404, -28.940, -6.527, 3.300, 29.27, 0.0762, -0.69031, -0.0379, -0.71841,
 11:05:51.063,f6:90:cc:01:6d:25, 2015-01-01 00:18:49.125, 0.986, -0.052, 0.042, -0.122, 0.122, 0, -49.774, -86.16, -121.41, -28.940, -6.527, 3.300, 29.27, 0.0762, -0.69031, -0.0379, -0.71841,
 11:05:51.085,ed:35:33:d3:6c:f8, 2015-01-01 00:18:49.500, 0.83, -0.04, 0.546, -0.366, -0.488, 0, -4.362, -56.415, -163.57, -23.473, -7.220, -13.193, 30.37, -0.108, 0.4722, 0.03427, 0.87411,
 11:05:51.085,ed:35:33:d3:6c:f8, 2015-01-01 00:18:49.500, 0.83, -0.04, 0.548, -0.549, -0.122, 0.061, -4.373, -56.415, -163.57, -23.473, -7.220, -13.193, 30.37, -0.108, 0.4722, 0.03427, 0.87411,
 11:05:51.086,ed:40:fe:65:30:6c, 2015-01-01 00:18:46.380, 0.887, 0.039, 0.472, -0.244, -0.488, 0.061, 4.526, -61.99, -112.104, -26.760, -7.407, 4.580, 25.17, 0.49515, -0.40762, -0.31485, -0.69958,
 11:05:51.086,ed:40:fe:65:30:6c, 2015-01-01 00:18:46.380, 0.887, 0.039, 0.473, -0.427, -0.244, 0.122, 4.521, -61.996, -112.099, -26.760, -7.407, 4.580, 25.17, 0.49515, -0.40762, -0.31485, -0.69958,
 11:05:51.087,e3:ca:2d:fd:e0:8c, 2015-01-01 00:18:46.530, 1.013, -0.121, -0.046, -0.427, -0.183, 0, -111.885, -82.623, -100.547, -25.173, -5.180, -4.413, 23.53, -0.15228, -0.68149, 0.24258, -0.67334,
 11:05:51.087,e3:ca:2d:fd:e0:8c, 2015-01-01 00:18:46.530, 1.011, -0.122, -0.046, -0.244, -0.183, 0, -111.912, -82.623, -100.519, -25.173, -5.180, -4.413, 23.53, -0.15228, -0.68149, 0.24258, -0.67334,
 11:05:51.107,f6:90:cc:01:6d:25, 2015-01-01 00:18:49.125, 0.983, -0.052, 0.041, -0.244, 0.183, 0.061, -49.785, -86.16, -121.443, -28.940, -6.527, 3.300, 29.27, 0.0762, -0.69031, -0.0379, -0.71841,
 11:05:51.107,f6:90:cc:01:6d:25, 2015-01-01 00:18:49.125, 0.983, -0.053, 0.037, -0.183, 0.183, 0, -49.79, -86.155, -121.481, -28.940, -6.527, 3.300, 29.27, 0.0762, -0.69031, -0.0379, -0.71841,
 11:05:51.129,ed:35:33:d3:6c:f8, 2015-01-01 00:18:49.500, 0.829, -0.042, 0.548, -0.61, 0.061, 0.122, -4.384, -56.415, -163.564, -23.473, -7.220, -13.193, 30.37, -0.108, 0.4722, 0.03427, 0.87411,
 11:05:51.129,ed:35:33:d3:6c:f8, 2015-01-01 00:18:49.500, 0.829, -0.045, 0.547, -0.244, -0.122, 0, -4.389, -56.42, -163.564, -23.473, -7.220, -13.193, 30.37, -0.108, 0.4722, 0.03427, 0.87411,
 11:05:51.132,ed:40:fe:65:30:6c, 2015-01-01 00:18:46.380, 0.886, 0.036, 0.471, -0.366, -0.183, 0.183, 4.51, -62.001, -112.094, -26.760, -7.407, 4.580, 25.17, 0.49515, -0.40762, -0.31485, -0.69958,
 11:05:51.132,ed:40:fe:65:30:6c, 2015-01-01 00:18:46.380, 0.887, 0.034, 0.469, -0.122, -0.122, 0, 4.504, -62.001, -112.094, -26.760, -7.407, 4.580, 25.17, 0.49515, -0.40762, -0.31485, -0.69958,
 11:05:51.134,e3:ca:2d:fd:e0:8c, 2015-01-01 00:18:46.530, 1.012, -0.123, -0.047, -0.061, -0.061, 0, -111.923, -82.623, -100.508, -25.187, -4.867, -4.420, 23.53, -0.15228, -0.68149, 0.24258, -0.67334,
 11:05:51.134,e3:ca:2d:fd:e0:8c, 2015-01-01 00:18:46.530, 1.012, -0.125, -0.047, -0.122, 0, 0, -111.918, -82.623, -100.503, -25.187, -4.867, -4.420, 23.53, -0.15228, -0.68149, 0.24258, -0.67334,
 11:05:51.153,f6:90:cc:01:6d:25, 2015-01-01 00:18:49.125, 0.983, -0.053, 0.039, 0, 0.122, 0, -49.796, -86.155, -121.52, -28.940, -6.527, 3.300, 29.27, 0.0762, -0.69031, -0.0379, -0.71841,
 11:05:51.153,f6:90:cc:01:6d:25, 2015-01-01 00:18:49.125, 0.985, -0.053, 0.038, -0.061, 0.122, 0.061, -49.818, -86.155, -121.542, -28.940, -6.527, 3.300, 29.27, 0.0762, -0.69031, -0.0379, -0.71841,
 11:05:51.174,ed:35:33:d3:6c:f8, 2015-01-01 00:18:49.860, 0.83, -0.045, 0.542, 0.122, -0.305, 0, -4.389, -56.426, -163.564, -23.473, -7.220, -13.193, 30.37, -0.108, 0.4722, 0.03427, 0.87411,
 11:05:51.174,ed:35:33:d3:6c:f8, 2015-01-01 00:18:49.860, 0.83, -0.041, 0.544, 0.244, 0, -0.122, -4.378, -56.431, -163.564, -23.473, -7.220, -13.193, 30.37, -0.108, 0.4722, 0.03427, 0.87411,
 11:05:51.175,f6:90:cc:01:6d:25, 2015-01-01 00:18:49.125, 0.987, -0.053, 0.042, -0.122, 0.122, 0.061, -49.845, -86.155, -121.558, -28.980, -6.667, 3.260, 29.27, 0.0762, -0.69031, -0.0379, -0.71841,
 11:05:51.175,f6:90:cc:01:6d:25, 2015-01-01 00:18:49.125, 0.982, -0.055, 0.039, -0.183, 0.122, 0.122, -49.883, -86.149, -121.569, -28.980, -6.667, 3.260, 29.27, 0.0762, -0.69031, -0.0379, -0.71841,
 11:05:51.176,ed:40:fe:65:30:6c, 2015-01-01 00:18:46.380, 0.888, 0.036, 0.467, 0.061, -0.061, 0, 4.51, -62.001, -112.094, -26.760, -7.407, 4.580, 25.17, 0.49515, -0.40762, -0.31485, -0.69958,
 11:05:51.176,ed:40:fe:65:30:6c, 2015-01-01 00:18:46.380, 0.887, 0.039, 0.471, 0.183, 0.183, -0.061, 4.51, -62.001, -112.094, -26.760, -7.407, 4.580, 25.17, 0.49515, -0.40762, -0.31485, -0.69958,
 11:05:51.177,e3:ca:2d:fd:e0:8c, 2015-01-01 00:18:46.530, 1.015, -0.125, -0.047, -0.122, -0.061, 0, -111.918, -82.623, -100.497, -25.187, -4.867, -4.420, 23.53, -0.1517, -0.68207, 0.24222, -0.67303,
 11:05:51.177,e3:ca:2d:fd:e0:8c, 2015-01-01 00:18:46.530, 1.013, -0.124, -0.047, -0.061, -0.305, 0, -111.94, -82.617, -100.459, -25.187, -4.867, -4.420, 23.53, -0.1517, -0.68207, 0.24222, -0.67303,
 11:05:51.196,ed:35:33:d3:6c:f8, 2015-01-01 00:18:49.860, 0.828, -0.042, 0.546, 0.122, 0.366, 0, -4.378, -56.42, -163.57, -23.473, -7.220, -13.193, 30.37, -0.108, 0.4722, 0.03427, 0.87411,
 11:05:51.196,ed:35:33:d3:6c:f8, 2015-01-01 00:18:49.860, 0.829, -0.047, 0.546, 0.122, 0.305, 0.122, -4.378, -56.42, -163.564, -23.473, -7.220, -13.193, 30.37, -0.108, 0.4722, 0.03427, 0.87411,
 11:05:51.200,e3:ca:2d:fd:e0:8c, 2015-01-01 00:18:46.845, 1.011, -0.123, -0.049, 0.061, -0.244, 0, -111.967, -82.617, -100.421, -25.187, -4.867, -4.420, 23.53, -0.1517, -0.68207, 0.24222, -0.67303,
 11:05:51.200,e3:ca:2d:fd:e0:8c, 2015-01-01 00:18:46.845, 1.013, -0.122, -0.047, 0, -0.122, 0, -111.978, -82.612, -100.399, -25.187, -4.867, -4.420, 23.53, -0.1517, -0.68207, 0.24222, -0.67303,
 11:05:51.221,f6:90:cc:01:6d:25, 2015-01-01 00:18:49.125, 0.982, -0.054, 0.037, 0, 0.183, 0, -49.894, -86.149, -121.608, -28.980, -6.667, 3.260, 29.27, 0.0762, -0.69031, -0.0379, -0.71841,
 11:05:51.221,f6:90:cc:01:6d:25, 2015-01-01 00:18:49.125, 0.987, -0.052, 0.037, 0, 0.244, -0.183, -49.867, -86.149, -121.685, -28.980, -6.667, 3.260, 29.27, 0.0762, -0.69031, -0.0379, -0.71841,
 11:05:51.241,ed:35:33:d3:6c:f8, 2015-01-01 00:18:49.860, 0.833, -0.043, 0.549, 0.244, 0, -0.183, -4.373, -56.42, -163.57, -23.473, -7.220, -13.193, 30.37, -0.108, 0.4722, 0.03427, 0.87411,
 11:05:51.241,ed:35:33:d3:6c:f8, 2015-01-01 00:18:49.860, 0.833, -0.036, 0.547, 0.61, -0.061, -0.366, -4.351, -56.42, -163.586, -23.473, -7.220, -13.193, 30.37, -0.108, 0.4722, 0.03427, 0.87411,
 11:05:51.244,ed:40:fe:65:30:6c, 2015-01-01 00:18:46.380, 0.884, 0.033, 0.468, 0.183, 0.305, 0.061, 4.515, -61.996, -112.088, -26.760, -7.407, 4.580, 25.17, 0.49515, -0.40762, -0.31485, -0.69958,
 11:05:51.244,ed:40:fe:65:30:6c, 2015-01-01 00:18:46.380, 0.888, 0.035, 0.47, 0, 0.244, 0, 4.51, -61.99, -112.088, -26.760, -7.407, 4.580, 25.17, 0.49515, -0.40762, -0.31485, -0.69958,
 11:05:51.246,e3:ca:2d:fd:e0:8c, 2015-01-01 00:18:46.845, 1.016, -0.122, -0.049, -0.183, -0.061, 0, -111.984, -82.612, -100.388, -25.187, -4.867, -4.420, 23.53, -0.1517, -0.68207, 0.24222, -0.67303,
 11:05:51.246,e3:ca:2d:fd:e0:8c, 2015-01-01 00:18:46.845, 1.016, -0.122, -0.05, -0.305, -0.122, 0, -112, -82.612, -100.377, -25.187, -4.867, -4.420, 23.53, -0.1517, -0.68207, 0.24222, -0.67303,
 11:05:51.266,ed:40:fe:65:30:6c, 2015-01-01 00:18:46.380, 0.89, 0.041, 0.471, 0, 0.244, -0.305, 4.521, -61.985, -112.104, -26.520, -7.220, 5.187, 25.17, 0.49515, -0.40762, -0.31485, -0.69958,
 11:05:51.266,ed:40:fe:65:30:6c, 2015-01-01 00:18:46.380, 0.889, 0.041, 0.471, 0.366, 0.183, -0.061, 4.532, -61.979, -112.104, -26.520, -7.220, 5.187, 25.17, 0.49515, -0.40762, -0.31485, -0.69958,
 11:05:51.287,ed:35:33:d3:6c:f8, 2015-01-01 00:18:49.860, 0.831, -0.04, 0.548, 0.183, 0.183, 0.061, -4.345, -56.42, -163.581, -23.473, -7.220, -13.193, 30.37, -0.108, 0.4722, 0.03427, 0.87411,
 11:05:51.287,ed:35:33:d3:6c:f8, 2015-01-01 00:18:49.860, 0.83, -0.043, 0.547, 0, 0.183, 0, -4.345, -56.42, -163.581, -23.473, -7.220, -13.193, 30.37, -0.108, 0.4722, 0.03427, 0.87411,
 11:05:51.288,f6:90:cc:01:6d:25, 2015-01-01 00:18:49.125, 0.988, -0.049, 0.037, -0.183, 0.244, -0.183, -49.828, -86.149, -121.778, -28.980, -6.667, 3.260, 29.27, 0.07132, -0.69083, -0.03284, -0.71866,
 11:05:51.288,f6:90:cc:01:6d:25, 2015-01-01 00:18:49.125, 0.986, -0.053, 0.036, -0.061, 0.183, -0.183, -49.796, -86.149, -121.866, -28.980, -6.667, 3.260, 29.27, 0.07132, -0.69083, -0.03284, -0.71866,
 11:05:51.290,e3:ca:2d:fd:e0:8c, 2015-01-01 00:18:46.845, 1.015, -0.123, -0.05, -0.305, -0.061, 0, -112.011, -82.612, -100.36, -25.187, -4.867, -4.420, 23.53, -0.1517, -0.68207, 0.24222, -0.67303,
 11:05:51.290,e3:ca:2d:fd:e0:8c, 2015-01-01 00:18:46.845, 1.012, -0.124, -0.052, -0.122, 0, 0, -112.011, -82.612, -100.36, -25.187, -4.867, -4.420, 23.53, -0.1517, -0.68207, 0.24222, -0.67303,
 11:05:51.310,f6:90:cc:01:6d:25, 2015-01-01 00:18:49.485, 0.985, -0.053, 0.037, 0.122, 0, -0.244, -49.796, -86.155, -121.921, -28.980, -6.667, 3.260, 29.27, 0.07132, -0.69083, -0.03284, -0.71866,
 11:05:51.310,f6:90:cc:01:6d:25, 2015-01-01 00:18:49.485, 0.984, -0.05, 0.034, 0.183, 0.122, -0.244, -49.779, -86.16, -121.992, -28.980, -6.667, 3.260, 29.27, 0.07132, -0.69083, -0.03284, -0.71866,
 11:05:51.332,ed:35:33:d3:6c:f8, 2015-01-01 00:18:49.860, 0.828, -0.041, 0.547, 0.122, 0, -0.183, -4.34, -56.42, -163.592, -23.473, -7.220, -13.193, 30.37, -0.108, 0.4722, 0.03427, 0.87411,
 11:05:51.332,ed:35:33:d3:6c:f8, 2015-01-01 00:18:49.860, 0.83, -0.041, 0.545, 0, -0.305, -0.183, -4.334, -56.426, -163.597, -23.473, -7.220, -13.193, 30.37, -0.108, 0.4722, 0.03427, 0.87411,
 11:05:51.334,ed:40:fe:65:30:6c, 2015-01-01 00:18:46.380, 0.888, 0.037, 0.471, 0.061, 0.305, 0.244, 4.526, -61.974, -112.094, -26.520, -7.220, 5.187, 25.17, 0.49515, -0.40762, -0.31485, -0.69958,
 11:05:51.334,ed:40:fe:65:30:6c, 2015-01-01 00:18:46.380, 0.885, 0.038, 0.469, 0, 0.183, 0, 4.526, -61.974, -112.094, -26.520, -7.220, 5.187, 25.17, 0.49515, -0.40762, -0.31485, -0.69958,
 11:05:51.334,f6:90:cc:01:6d:25, 2015-01-01 00:18:49.485, 0.984, -0.052, 0.037, 0.122, 0.366, -0.244, -49.713, -86.16, -122.113, -28.980, -6.667, 3.260, 29.27, 0.07132, -0.69083, -0.03284, -0.71866,
 11:05:51.334,f6:90:cc:01:6d:25, 2015-01-01 00:18:49.485, 0.985, -0.053, 0.038, 0, 0.366, -0.244, -49.642, -86.16, -122.245, -28.980, -6.667, 3.260, 29.27, 0.07132, -0.69083, -0.03284, -0.71866,
 11:05:51.335,e3:ca:2d:fd:e0:8c, 2015-01-01 00:18:46.845, 1.013, -0.122, -0.049, -0.061, 0.122, 0, -112, -82.612, -100.371, -25.187, -4.867, -4.420, 23.53, -0.1517, -0.68207, 0.24222, -0.67303,
 11:05:51.335,e3:ca:2d:fd:e0:8c, 2015-01-01 00:18:46.845, 1.014, -0.123, -0.048, -0.183, 0.122, 0, -111.984, -82.612, -100.393, -25.187, -4.867, -4.420, 23.53, -0.1517, -0.68207, 0.24222, -0.67303,
 11:05:51.357,ed:40:fe:65:30:6c, 2015-01-01 00:18:46.380, 0.885, 0.038, 0.469, 0, 0.061, 0, 4.526, -61.968, -112.094, -26.520, -7.220, 5.187, 25.17, 0.49527, -0.40778, -0.3154, -0.69916,
 11:05:51.357,ed:40:fe:65:30:6c, 2015-01-01 00:18:46.380, 0.887, 0.037, 0.468, 0, 0.061, 0, 4.526, -61.968, -112.094, -26.520, -7.220, 5.187, 25.17, 0.49527, -0.40778, -0.3154, -0.69916,
 11:05:51.378,f6:90:cc:01:6d:25, 2015-01-01 00:18:49.485, 0.984, -0.052, 0.04, 0.061, 0.427, -0.305, -49.548, -86.16, -122.399, -28.980, -6.667, 3.260, 29.27, 0.07132, -0.69083, -0.03284, -0.71866,
 11:05:51.378,f6:90:cc:01:6d:25, 2015-01-01 00:18:49.485, 0.985, -0.049, 0.036, 0, 0.427, -0.305, -49.444, -86.16, -122.558, -28.980, -6.667, 3.260, 29.27, 0.07132, -0.69083, -0.03284, -0.71866,
 11:05:51.381,e3:ca:2d:fd:e0:8c, 2015-01-01 00:18:46.845, 1.014, -0.123, -0.048, -0.244, 0.122, 0, -111.967, -82.612, -100.41, -25.187, -4.867, -4.420, 23.53, -0.1517, -0.68207, 0.24222, -0.67303,
 11:05:51.381,e3:ca:2d:fd:e0:8c, 2015-01-01 00:18:46.845, 1.011, -0.123, -0.05, -0.122, 0.122, 0, -111.951, -82.612, -100.426, -25.187, -4.867, -4.420, 23.53, -0.1517, -0.68207, 0.24222, -0.67303,
 11:05:51.399,ed:35:33:d3:6c:f8, 2015-01-01 00:18:49.860, 0.829, -0.042, 0.543, 0.061, -0.244, 0, -4.334, -56.431, -163.597, -23.227, -7.587, -13.413, 30.37, -0.108, 0.4722, 0.03427, 0.87411,
 11:05:51.399,ed:35:33:d3:6c:f8, 2015-01-01 00:18:49.860, 0.829, -0.042, 0.543, 0.122, 0, 0, -4.334, -56.437, -163.597, -23.227, -7.587, -13.413, 30.37, -0.108, 0.4722, 0.03427, 0.87411,
 11:05:51.401,ed:40:fe:65:30:6c, 2015-01-01 00:18:46.380, 0.886, 0.036, 0.468, 0.244, 0, 0, 4.532, -61.968, -112.094, -26.520, -7.220, 5.187, 25.17, 0.49527, -0.40778, -0.3154, -0.69916,
 11:05:51.401,ed:40:fe:65:30:6c, 2015-01-01 00:18:46.380, 0.887, 0.038, 0.47, 0.244, 0.061, -0.061, 4.537, -61.968, -112.094, -26.520, -7.220, 5.187, 25.17, 0.49527, -0.40778, -0.3154, -0.69916,
 11:05:51.404,e3:ca:2d:fd:e0:8c, 2015-01-01 00:18:46.845, 1.014, -0.122, -0.048, 0, 0.244, 0, -111.923, -82.612, -100.453, -25.293, -5.060, -4.187, 23.53, -0.1517, -0.68207, 0.24222, -0.67303,
 11:05:51.404,e3:ca:2d:fd:e0:8c, 2015-01-01 00:18:46.845, 1.016, -0.122, -0.047, 0, 0.305, 0, -111.879, -82.617, -100.497, -25.293, -5.060, -4.187, 23.53, -0.1517, -0.68207, 0.24222, -0.67303,
 11:05:51.422,ed:35:33:d3:6c:f8, 2015-01-01 00:18:49.860, 0.831, -0.041, 0.547, 0.061, 0.366, -0.061, -4.329, -56.431, -163.597, -23.227, -7.587, -13.413, 30.37, -0.10788, 0.47235, 0.03442, 0.87405,
 11:05:51.422,ed:35:33:d3:6c:f8, 2015-01-01 00:18:49.860, 0.832, -0.039, 0.549, 0.305, 0.122, -0.305, -4.312, -56.431, -163.608, -23.227, -7.587, -13.413, 30.37, -0.10788, 0.47235, 0.03442, 0.87405,
 11:05:51.422,f6:90:cc:01:6d:25, 2015-01-01 00:18:49.485, 0.988, -0.05, 0.039, -0.061, 0.427, -0.305, -49.345, -86.16, -122.717, -28.980, -6.667, 3.260, 29.27, 0.07132, -0.69083, -0.03284, -0.71866,
 11:05:51.422,f6:90:cc:01:6d:25, 2015-01-01 00:18:49.485, 0.986, -0.051, 0.04, -0.244, 0.488, -0.244, -49.241, -86.16, -122.877, -28.980, -6.667, 3.260, 29.27, 0.07132, -0.69083, -0.03284, -0.71866,
 11:05:51.424,ed:40:fe:65:30:6c, 2015-01-01 00:18:46.760, 0.89, 0.041, 0.471, 0.244, 0.061, -0.305, 4.554, -61.968, -112.104, -26.520, -7.220, 5.187, 25.17, 0.49527, -0.40778, -0.3154, -0.69916,
 11:05:51.424,ed:40:fe:65:30:6c, 2015-01-01 00:18:46.760, 0.887, 0.041, 0.473, 0.244, 0, -0.366, 4.576, -61.968, -112.121, -26.520, -7.220, 5.187, 25.17, 0.49527, -0.40778, -0.3154, -0.69916,
 11:05:51.450,e3:ca:2d:fd:e0:8c, 2015-01-01 00:18:46.845, 1.013, -0.123, -0.047, -0.061, 0.305, 0, -111.83, -82.617, -100.541, -25.293, -5.060, -4.187, 23.53, -0.1517, -0.68207, 0.24222, -0.67303,
 11:05:51.450,e3:ca:2d:fd:e0:8c, 2015-01-01 00:18:46.845, 1.013, -0.122, -0.047, -0.061, 0.183, 0, -111.797, -82.617, -100.574, -25.293, -5.060, -4.187, 23.53, -0.1517, -0.68207, 0.24222, -0.67303,
 11:05:51.467,ed:35:33:d3:6c:f8, 2015-01-01 00:18:49.860, 0.83, -0.039, 0.548, 0.244, 0, -0.305, -4.301, -56.431, -163.619, -23.227, -7.587, -13.413, 30.37, -0.10788, 0.47235, 0.03442, 0.87405,
 11:05:51.467,ed:35:33:d3:6c:f8, 2015-01-01 00:18:49.860, 0.828, -0.041, 0.546, 0, 0, -0.305, -4.29, -56.431, -163.63, -23.227, -7.587, -13.413, 30.37, -0.10788, 0.47235, 0.03442, 0.87405,
 11:05:51.468,f6:90:cc:01:6d:25, 2015-01-01 00:18:49.485, 0.985, -0.053, 0.04, -0.366, 0.61, -0.183, -49.131, -86.155, -123.052, -28.980, -6.667, 3.260, 29.27, 0.07132, -0.69083, -0.03284, -0.71866,
 11:05:51.468,f6:90:cc:01:6d:25, 2015-01-01 00:18:49.485, 0.983, -0.05, 0.039, -0.244, 0.671, -0.244, -48.994, -86.155, -123.245, -28.980, -6.667, 3.260, 29.27, 0.07132, -0.69083, -0.03284, -0.71866,
 11:05:51.469,ed:40:fe:65:30:6c, 2015-01-01 00:18:46.760, 0.887, 0.04, 0.471, 0.061, 0.061, -0.244, 4.587, -61.968, -112.132, -26.520, -7.220, 5.187, 25.17, 0.49527, -0.40778, -0.3154, -0.69916,
 11:05:51.469,ed:40:fe:65:30:6c, 2015-01-01 00:18:46.760, 0.885, 0.039, 0.472, 0, 0.244, -0.244, 4.598, -61.963, -112.143, -26.520, -7.220, 5.187, 25.17, 0.49527, -0.40778, -0.3154, -0.69916,
 11:05:51.489,ed:35:33:d3:6c:f8, 2015-01-01 00:18:50.195, 0.828, -0.038, 0.547, 0.183, 0.061, -0.183, -4.279, -56.431, -163.641, -23.227, -7.587, -13.413, 30.37, -0.10788, 0.47235, 0.03442, 0.87405,
 11:05:51.489,ed:35:33:d3:6c:f8, 2015-01-01 00:18:50.195, 0.828, -0.04, 0.547, 0, 0.305, 0, -4.279, -56.431, -163.641, -23.227, -7.587, -13.413, 30.37, -0.10788, 0.47235, 0.03442, 0.87405,
 11:05:51.492,ed:40:fe:65:30:6c, 2015-01-01 00:18:46.760, 0.884, 0.041, 0.471, 0.305, 0.244, -0.061, 4.609, -61.957, -112.143, -26.520, -7.220, 5.187, 25.17, 0.49527, -0.40778, -0.3154, -0.69916,
 11:05:51.492,ed:40:fe:65:30:6c, 2015-01-01 00:18:46.760, 0.885, 0.037, 0.471, 0.122, 0.305, 0, 4.609, -61.952, -112.143, -26.520, -7.220, 5.187, 25.17, 0.49527, -0.40778, -0.3154, -0.69916,
 11:05:51.493,e3:ca:2d:fd:e0:8c, 2015-01-01 00:18:46.845, 1.011, -0.121, -0.045, -0.061, 0.244, 0, -111.758, -82.617, -100.607, -25.293, -5.060, -4.187, 23.53, -0.15143, -0.6821, 0.242, -0.67316,
 11:05:51.493,e3:ca:2d:fd:e0:8c, 2015-01-01 00:18:46.845, 1.012, -0.121, -0.048, -0.061, 0.244, 0, -111.72, -82.623, -100.64, -25.293, -5.060, -4.187, 23.53, -0.15143, -0.6821, 0.242, -0.67316,
 11:05:51.514,f6:90:cc:01:6d:25, 2015-01-01 00:18:49.485, 0.982, -0.05, 0.04, -0.061, 0.732, -0.305, -48.829, -86.149, -123.464, -28.980, -6.667, 3.260, 29.27, 0.07132, -0.69083, -0.03284, -0.71866,
 11:05:51.514,f6:90:cc:01:6d:25, 2015-01-01 00:18:49.485, 0.983, -0.051, 0.039, 0, 0.61, -0.305, -48.675, -86.149, -123.673, -28.980, -6.667, 3.260, 29.27, 0.07132, -0.69083, -0.03284, -0.71866,
 11:05:51.535,f6:90:cc:01:6d:25, 2015-01-01 00:18:49.485, 0.983, -0.049, 0.04, 0.122, 0.671, -0.305, -48.516, -86.144, -123.882, -28.833, -6.600, 3.273, 29.27, 0.07132, -0.69083, -0.03284, -0.71866,
 11:05:51.535,f6:90:cc:01:6d:25, 2015-01-01 00:18:49.485, 0.986, -0.049, 0.04, 0, 0.732, -0.427, -48.323, -86.144, -124.124, -28.833, -6.600, 3.273, 29.27, 0.07132, -0.69083, -0.03284, -0.71866,
 11:05:51.535,ed:35:33:d3:6c:f8, 2015-01-01 00:18:50.195, 0.828, -0.043, 0.546, 0.122, 0.183, -0.061, -4.274, -56.426, -163.641, -23.227, -7.587, -13.413, 30.37, -0.10788, 0.47235, 0.03442, 0.87405,
 11:05:51.535,ed:35:33:d3:6c:f8, 2015-01-01 00:18:50.195, 0.828, -0.042, 0.547, 0.427, 0.183, -0.366, -4.257, -56.426, -163.658, -23.227, -7.587, -13.413, 30.37, -0.10788, 0.47235, 0.03442, 0.87405,
 11:05:51.537,ed:40:fe:65:30:6c, 2015-01-01 00:18:46.760, 0.885, 0.037, 0.47, 0.305, 0.244, -0.244, 4.625, -61.946, -112.154, -26.520, -7.220, 5.187, 25.17, 0.49527, -0.40778, -0.3154, -0.69916,
 11:05:51.537,ed:40:fe:65:30:6c, 2015-01-01 00:18:46.760, 0.885, 0.04, 0.473, 0.366, 0.366, -0.488, 4.653, -61.935, -112.17, -26.520, -7.220, 5.187, 25.17, 0.49527, -0.40778, -0.3154, -0.69916,
 11:05:51.538,e3:ca:2d:fd:e0:8c, 2015-01-01 00:18:47.155, 1.014, -0.121, -0.045, 0, 0.244, 0, -111.682, -82.623, -100.679, -25.293, -5.060, -4.187, 23.53, -0.15143, -0.6821, 0.242, -0.67316,
 11:05:51.538,e3:ca:2d:fd:e0:8c, 2015-01-01 00:18:47.155, 1.014, -0.12, -0.046, 0.061, 0.244, 0, -111.638, -82.628, -100.712, -25.293, -5.060, -4.187, 23.53, -0.15143, -0.6821, 0.242, -0.67316,
 11:05:51.579,ed:35:33:d3:6c:f8, 2015-01-01 00:18:50.195, 0.83, -0.037, 0.549, 0.488, 0.61, -0.366, -4.235, -56.415, -163.669, -23.227, -7.587, -13.413, 30.37, -0.10788, 0.47235, 0.03442, 0.87405,
 11:05:51.579,ed:35:33:d3:6c:f8, 2015-01-01 00:18:50.195, 0.83, -0.036, 0.55, 0.488, 0.427, -0.427, -4.208, -56.409, -163.685, -23.227, -7.587, -13.413, 30.37, -0.10788, 0.47235, 0.03442, 0.87405,
 11:05:51.580,f6:90:cc:01:6d:25, 2015-01-01 00:18:49.485, 0.987, -0.049, 0.041, 0, 0.61, -0.366, -48.159, -86.144, -124.338, -28.833, -6.600, 3.273, 29.27, 0.07132, -0.69083, -0.03284, -0.71866,
 11:05:51.580,f6:90:cc:01:6d:25, 2015-01-01 00:18:49.485, 0.985, -0.05, 0.043, -0.061, 0.671, -0.244, -48.005, -86.138, -124.536, -28.833, -6.600, 3.273, 29.27, 0.07132, -0.69083, -0.03284, -0.71866,
 11:05:51.582,e3:ca:2d:fd:e0:8c, 2015-01-01 00:18:47.155, 1.014, -0.121, -0.047, 0, 0.244, 0, -111.599, -82.628, -100.75, -25.293, -5.060, -4.187, 23.53, -0.15143, -0.6821, 0.242, -0.67316,
 11:05:51.582,e3:ca:2d:fd:e0:8c, 2015-01-01 00:18:47.155, 1.014, -0.123, -0.045, -0.122, 0.244, 0, -111.561, -82.628, -100.783, -25.293, -5.060, -4.187, 23.53, -0.15143, -0.6821, 0.242, -0.67316,
 11:05:51.602,ed:35:33:d3:6c:f8, 2015-01-01 00:18:50.195, 0.828, -0.036, 0.551, 0.366, 0.305, -0.427, -4.186, -56.404, -163.702, -23.227, -7.587, -13.413, 30.37, -0.10788, 0.47235, 0.03442, 0.87405,
 11:05:51.602,ed:35:33:d3:6c:f8, 2015-01-01 00:18:50.195, 0.825, -0.036, 0.551, 0.061, 0.244, -0.427, -4.169, -56.398, -163.718, -23.227, -7.587, -13.413, 30.37, -0.10788, 0.47235, 0.03442, 0.87405,
 11:05:51.604,ed:40:fe:65:30:6c, 2015-01-01 00:18:46.760, 0.887, 0.043, 0.473, 0.427, 0.427, -0.427, 4.675, -61.924, -112.187, -26.520, -7.220, 5.187, 25.17, 0.49527, -0.40778, -0.3154, -0.69916,
 11:05:51.604,ed:40:fe:65:30:6c, 2015-01-01 00:18:46.760, 0.886, 0.043, 0.475, 0.366, 0.427, -0.427, 4.697, -61.919, -112.203, -26.520, -7.220, 5.187, 25.17, 0.49527, -0.40778, -0.3154, -0.69916,
 11:05:51.605,e3:ca:2d:fd:e0:8c, 2015-01-01 00:18:47.155, 1.013, -0.123, -0.045, -0.183, 0.183, 0, -111.533, -82.634, -100.811, -25.293, -5.060, -4.187, 23.53, -0.15143, -0.6821, 0.242, -0.67316,
 11:05:51.605,e3:ca:2d:fd:e0:8c, 2015-01-01 00:18:47.155, 1.012, -0.124, -0.044, 0, 0.122, 0, -111.506, -82.634, -100.827, -25.293, -5.060, -4.187, 23.53, -0.15143, -0.6821, 0.242, -0.67316,
 11:05:51.627,ed:40:fe:65:30:6c, 2015-01-01 00:18:46.760, 0.884, 0.044, 0.476, 0.183, 0.427, -0.366, 4.719, -61.908, -112.22, -26.960, -6.967, 3.960, 25.17, 0.49527, -0.40778, -0.3154, -0.69916,
 11:05:51.627,ed:40:fe:65:30:6c, 2015-01-01 00:18:46.760, 0.881, 0.044, 0.474, 0, 0.427, -0.305, 4.73, -61.897, -112.231, -26.960, -6.967, 3.960, 25.17, 0.49527, -0.40778, -0.3154, -0.69916,
 11:05:51.647,f6:90:cc:01:6d:25, 2015-01-01 00:18:49.485, 0.984, -0.05, 0.042, -0.061, 0.488, -0.061, -47.922, -86.133, -124.662, -28.833, -6.600, 3.273, 29.27, 0.0647, -0.69043, -0.02728, -0.71991,
 11:05:51.647,f6:90:cc:01:6d:25, 2015-01-01 00:18:49.485, 0.982, -0.051, 0.042, -0.061, 0.488, 0, -47.856, -86.127, -124.772, -28.833, -6.600, 3.273, 29.27, 0.0647, -0.69043, -0.02728, -0.71991,
 11:05:51.651,e3:ca:2d:fd:e0:8c, 2015-01-01 00:18:47.155, 1.009, -0.122, -0.045, 0, 0.122, 0, -111.478, -82.634, -100.844, -25.293, -5.060, -4.187, 23.53, -0.15143, -0.6821, 0.242, -0.67316,
 11:05:51.651,e3:ca:2d:fd:e0:8c, 2015-01-01 00:18:47.155, 1.012, -0.12, -0.043, -0.061, 0.061, 0, -111.456, -82.634, -100.854, -25.293, -5.060, -4.187, 23.53, -0.15143, -0.6821, 0.242, -0.67316,
 11:05:51.670,ed:35:33:d3:6c:f8, 2015-01-01 00:18:50.195, 0.826, -0.036, 0.551, -0.122, 0.427, -0.305, -4.158, -56.387, -163.735, -23.227, -7.587, -13.413, 30.37, -0.10788, 0.47235, 0.03442, 0.87405,
 11:05:51.670,ed:35:33:d3:6c:f8, 2015-01-01 00:18:50.195, 0.826, -0.037, 0.549, -0.305, 0.244, -0.061, -4.164, -56.387, -163.735, -23.227, -7.587, -13.413, 30.37, -0.10788, 0.47235, 0.03442, 0.87405,
 11:05:51.671,f6:90:cc:01:6d:25, 2015-01-01 00:18:49.840, 0.982, -0.051, 0.042, -0.244, 0.549, 0.061, -47.791, -86.122, -124.882, -28.833, -6.600, 3.273, 29.27, 0.0647, -0.69043, -0.02728, -0.71991,
 11:05:51.671,f6:90:cc:01:6d:25, 2015-01-01 00:18:49.840, 0.983, -0.051, 0.042, -0.305, 0.427, 0, -47.736, -86.116, -124.98, -28.833, -6.600, 3.273, 29.27, 0.0647, -0.69043, -0.02728, -0.71991,
 11:05:51.671,ed:40:fe:65:30:6c, 2015-01-01 00:18:46.760, 0.882, 0.042, 0.475, -0.183, 0.427, -0.122, 4.735, -61.886, -112.236, -26.960, -6.967, 3.960, 25.17, 0.49527, -0.40778, -0.3154, -0.69916,
 11:05:51.671,ed:40:fe:65:30:6c, 2015-01-01 00:18:46.760, 0.882, 0.041, 0.473, -0.305, 0.305, 0, 4.73, -61.88, -112.231, -26.960, -6.967, 3.960, 25.17, 0.49527, -0.40778, -0.3154, -0.69916,
 11:05:51.692,ed:35:33:d3:6c:f8, 2015-01-01 00:18:50.195, 0.825, -0.039, 0.55, -0.427, 0.305, 0, -4.164, -56.376, -163.735, -23.107, -7.987, -13.613, 30.37, -0.10788, 0.47235, 0.03442, 0.87405,
 11:05:51.692,ed:35:33:d3:6c:f8, 2015-01-01 00:18:50.195, 0.826, -0.04, 0.55, -0.366, 0.305, 0, -4.169, -56.371, -163.735, -23.107, -7.987, -13.613, 30.37, -0.10788, 0.47235, 0.03442, 0.87405,
 11:05:51.694,f6:90:cc:01:6d:25, 2015-01-01 00:18:49.840, 0.984, -0.049, 0.042, 0, 0.366, -0.061, -47.675, -86.111, -125.074, -28.833, -6.600, 3.273, 29.27, 0.0647, -0.69043, -0.02728, -0.71991,
 11:05:51.694,f6:90:cc:01:6d:25, 2015-01-01 00:18:49.840, 0.984, -0.048, 0.042, 0.122, 0.305, -0.244, -47.593, -86.111, -125.195, -28.833, -6.600, 3.273, 29.27, 0.0647, -0.69043, -0.02728, -0.71991,
 11:05:51.696,ed:40:fe:65:30:6c, 2015-01-01 00:18:46.760, 0.883, 0.04, 0.474, -0.122, 0.305, 0.061, 4.73, -61.87, -112.231, -26.960, -6.967, 3.960, 25.17, 0.49536, -0.40668, -0.31573, -0.69958,
 11:05:51.696,ed:40:fe:65:30:6c, 2015-01-01 00:18:46.760, 0.883, 0.04, 0.476, -0.122, 0.183, 0.061, 4.724, -61.864, -112.225, -26.960, -6.967, 3.960, 25.17, 0.49536, -0.40668, -0.31573, -0.69958,
 11:05:51.696,e3:ca:2d:fd:e0:8c, 2015-01-01 00:18:47.155, 1.014, -0.12, -0.045, -0.122, 0.061, 0, -111.44, -82.634, -100.86, -25.293, -5.060, -4.187, 23.53, -0.15143, -0.6821, 0.242, -0.67316,
 11:05:51.696,e3:ca:2d:fd:e0:8c, 2015-01-01 00:18:47.155, 1.013, -0.119, -0.045, -0.061, 0, 0, -111.434, -82.639, -100.86, -25.293, -5.060, -4.187, 23.53, -0.15143, -0.6821, 0.242, -0.67316,
 11:05:51.737,f6:90:cc:01:6d:25, 2015-01-01 00:18:49.840, 0.985, -0.049, 0.043, 0.122, 0.244, -0.244, -47.516, -86.116, -125.299, -28.833, -6.600, 3.273, 29.27, 0.0647, -0.69043, -0.02728, -0.71991,
 11:05:51.737,f6:90:cc:01:6d:25, 2015-01-01 00:18:49.840, 0.985, -0.05, 0.041, 0.061, 0.183, -0.122, -47.477, -86.116, -125.365, -28.833, -6.600, 3.273, 29.27, 0.0647, -0.69043, -0.02728, -0.71991,
 11:05:51.737,ed:35:33:d3:6c:f8, 2015-01-01 00:18:50.195, 0.827, -0.039, 0.551, -0.122, 0.183, 0.061, -4.175, -56.365, -163.735, -23.107, -7.987, -13.613, 30.37, -0.10788, 0.47235, 0.03442, 0.87405,
 11:05:51.737,ed:35:33:d3:6c:f8, 2015-01-01 00:18:50.195, 0.828, -0.038, 0.551, 0.122, 0.061, 0, -4.169, -56.365, -163.735, -23.107, -7.987, -13.613, 30.37, -0.10788, 0.47235, 0.03442, 0.87405,
 11:05:51.741,e3:ca:2d:fd:e0:8c, 2015-01-01 00:18:47.155, 1.012, -0.119, -0.046, 0, 0, 0, -111.423, -82.639, -100.86, -25.540, -4.927, -4.440, 23.53, -0.15143, -0.6821, 0.242, -0.67316,
 11:05:51.741,e3:ca:2d:fd:e0:8c, 2015-01-01 00:18:47.155, 1.012, -0.121, -0.046, 0, 0, 0, -111.412, -82.639, -100.86, -25.540, -4.927, -4.440, 23.53, -0.15143, -0.6821, 0.242, -0.67316,
 11:05:51.741,ed:40:fe:65:30:6c, 2015-01-01 00:18:46.760, 0.883, 0.041, 0.475, 0, 0.122, 0, 4.73, -61.859, -112.225, -26.960, -6.967, 3.960, 25.17, 0.49536, -0.40668, -0.31573, -0.69958,
 11:05:51.741,ed:40:fe:65:30:6c, 2015-01-01 00:18:46.760, 0.884, 0.042, 0.475, 0.244, 0, 0, 4.735, -61.859, -112.225, -26.960, -6.967, 3.960, 25.17, 0.49536, -0.40668, -0.31573, -0.69958,
 11:05:51.759,ed:35:33:d3:6c:f8, 2015-01-01 00:18:50.195, 0.828, -0.037, 0.551, 0.366, 0, -0.061, -4.158, -56.365, -163.74, -23.107, -7.987, -13.613, 30.37, -0.10754, 0.47177, 0.03497, 0.87439,
 11:05:51.759,ed:35:33:d3:6c:f8, 2015-01-01 00:18:50.195, 0.828, -0.036, 0.548, 0.427, -0.244, -0.061, -4.147, -56.371, -163.74, -23.107, -7.987, -13.613, 30.37, -0.10754, 0.47177, 0.03497, 0.87439,
 11:05:51.763,e3:ca:2d:fd:e0:8c, 2015-01-01 00:18:47.155, 1.014, -0.123, -0.045, 0, 0, 0, -111.407, -82.639, -100.86, -25.540, -4.927, -4.440, 23.53, -0.15091, -0.68198, 0.24124, -0.67365,
 11:05:51.763,e3:ca:2d:fd:e0:8c, 2015-01-01 00:18:47.155, 1.013, -0.121, -0.045, 0, 0, 0, -111.396, -82.639, -100.86, -25.540, -4.927, -4.440, 23.53, -0.15091, -0.68198, 0.24124, -0.67365,
 11:05:51.782,f6:90:cc:01:6d:25, 2015-01-01 00:18:49.840, 0.984, -0.049, 0.042, 0.061, 0.244, -0.061, -47.444, -86.111, -125.436, -28.833, -6.600, 3.273, 29.27, 0.0647, -0.69043, -0.02728, -0.71991,
 11:05:51.782,f6:90:cc:01:6d:25, 2015-01-01 00:18:49.840, 0.986, -0.048, 0.042, 0.061, 0.244, 0, -47.417, -86.111, -125.491, -28.833, -6.600, 3.273, 29.27, 0.0647, -0.69043, -0.02728, -0.71991,
 11:05:51.783,ed:40:fe:65:30:6c, 2015-01-01 00:18:47.095, 0.884, 0.043, 0.474, 0.305, 0, 0, 4.746, -61.859, -112.225, -26.960, -6.967, 3.960, 25.17, 0.49536, -0.40668, -0.31573, -0.69958,
 11:05:51.783,ed:40:fe:65:30:6c, 2015-01-01 00:18:47.095, 0.885, 0.043, 0.473, 0.244, -0.061, 0, 4.752, -61.859, -112.225, -26.960, -6.967, 3.960, 25.17, 0.49536, -0.40668, -0.31573, -0.69958,
 11:05:51.805,ed:35:33:d3:6c:f8, 2015-01-01 00:18:50.195, 0.829, -0.034, 0.55, 0.183, 0, -0.122, -4.136, -56.371, -163.746, -23.107, -7.987, -13.613, 30.37, -0.10754, 0.47177, 0.03497, 0.87439,
 11:05:51.805,ed:35:33:d3:6c:f8, 2015-01-01 00:18:50.195, 0.825, -0.034, 0.549, 0.061, 0.122, 0, -4.131, -56.365, -163.746, -23.107, -7.987, -13.613, 30.37, -0.10754, 0.47177, 0.03497, 0.87439,
 11:05:51.807,ed:40:fe:65:30:6c, 2015-01-01 00:18:47.095, 0.88, 0.042, 0.472, 0.244, 0, 0.061, 4.763, -61.859, -112.225, -26.960, -6.967, 3.960, 25.17, 0.49536, -0.40668, -0.31573, -0.69958,
 11:05:51.807,ed:40:fe:65:30:6c, 2015-01-01 00:18:47.095, 0.883, 0.04, 0.472, -0.061, 0, 0.244, 4.768, -61.853, -112.225, -26.960, -6.967, 3.960, 25.17, 0.49536, -0.40668, -0.31573, -0.69958,
 11:05:51.808,e3:ca:2d:fd:e0:8c, 2015-01-01 00:18:47.155, 1.014, -0.12, -0.047, 0, -0.061, 0, -111.396, -82.639, -100.849, -25.540, -4.927, -4.440, 23.53, -0.15091, -0.68198, 0.24124, -0.67365,
 11:05:51.808,e3:ca:2d:fd:e0:8c, 2015-01-01 00:18:47.155, 1.012, -0.121, -0.043, 0, -0.183, 0, -111.412, -82.639, -100.827, -25.540, -4.927, -4.440, 23.53, -0.15091, -0.68198, 0.24124, -0.67365,
 11:05:51.850,ed:35:33:d3:6c:f8, 2015-01-01 00:18:50.530, 0.825, -0.038, 0.548, -0.122, 0.183, 0.244, -4.136, -56.36, -163.735, -23.107, -7.987, -13.613, 30.37, -0.10754, 0.47177, 0.03497, 0.87439,
 11:05:51.850,ed:35:33:d3:6c:f8, 2015-01-01 00:18:50.530, 0.831, -0.039, 0.549, -0.061, 0.061, 0, -4.131, -56.36, -163.735, -23.107, -7.987, -13.613, 30.37, -0.10754, 0.47177, 0.03497, 0.87439,
 11:05:51.851,f6:90:cc:01:6d:25, 2015-01-01 00:18:49.840, 0.984, -0.047, 0.043, 0.122, 0.244, 0.061, -47.395, -86.111, -125.535, -28.833, -6.600, 3.273, 29.27, 0.0647, -0.69043, -0.02728, -0.71991,
 11:05:51.851,f6:90:cc:01:6d:25, 2015-01-01 00:18:49.840, 0.98, -0.051, 0.042, 0.122, 0.305, 0.122, -47.373, -86.105, -125.579, -28.833, -6.600, 3.273, 29.27, 0.0647, -0.69043, -0.02728, -0.71991,
 11:05:51.852,ed:40:fe:65:30:6c, 2015-01-01 00:18:47.095, 0.888, 0.044, 0.474, -0.122, 0, 0, 4.763, -61.853, -112.214, -26.960, -6.967, 3.960, 25.17, 0.49536, -0.40668, -0.31573, -0.69958,
 11:05:51.852,ed:40:fe:65:30:6c, 2015-01-01 00:18:47.095, 0.887, 0.049, 0.472, 0.122, 0, -0.061, 4.768, -61.853, -112.214, -26.960, -6.967, 3.960, 25.17, 0.49536, -0.40668, -0.31573, -0.69958,
 11:05:51.854,e3:ca:2d:fd:e0:8c, 2015-01-01 00:18:47.450, 1.009, -0.12, -0.045, 0.183, -0.244, 0, -111.434, -82.639, -100.789, -25.540, -4.927, -4.440, 23.53, -0.15091, -0.68198, 0.24124, -0.67365,
 11:05:51.854,e3:ca:2d:fd:e0:8c, 2015-01-01 00:18:47.450, 1.015, -0.12, -0.046, 0.122, -0.244, 0, -111.462, -82.639, -100.756, -25.540, -4.927, -4.440, 23.53, -0.15091, -0.68198, 0.24124, -0.67365,
 11:05:51.873,f6:90:cc:01:6d:25, 2015-01-01 00:18:49.840, 0.983, -0.05, 0.041, 0.305, 0.427, 0, -47.302, -86.1, -125.678, -28.827, -6.987, 2.887, 29.27, 0.0647, -0.69043, -0.02728, -0.71991,
 11:05:51.873,f6:90:cc:01:6d:25, 2015-01-01 00:18:49.840, 0.989, -0.046, 0.042, 0.183, 0.366, 0.122, -47.269, -86.094, -125.739, -28.827, -6.987, 2.887, 29.27, 0.0647, -0.69043, -0.02728, -0.71991,
 11:05:51.895,ed:35:33:d3:6c:f8, 2015-01-01 00:18:50.530, 0.831, -0.031, 0.549, 0.244, -0.061, -0.244, -4.12, -56.36, -163.746, -23.107, -7.987, -13.613, 30.37, -0.10754, 0.47177, 0.03497, 0.87439,
 11:05:51.895,ed:35:33:d3:6c:f8, 2015-01-01 00:18:50.530, 0.83, -0.033, 0.551, 0, 0, 0, -4.114, -56.365, -163.746, -23.107, -7.987, -13.613, 30.37, -0.10754, 0.47177, 0.03497, 0.87439,
 11:05:51.897,ed:40:fe:65:30:6c, 2015-01-01 00:18:47.095, 0.887, 0.043, 0.476, -0.122, 0.122, 0.183, 4.774, -61.848, -112.214, -26.960, -6.967, 3.960, 25.17, 0.49536, -0.40668, -0.31573, -0.69958,
 11:05:51.897,ed:40:fe:65:30:6c, 2015-01-01 00:18:47.095, 0.884, 0.039, 0.475, -0.122, 0.061, 0.122, 4.774, -61.848, -112.209, -26.960, -6.967, 3.960, 25.17, 0.49536, -0.40668, -0.31573, -0.69958,
 11:05:51.897,e3:ca:2d:fd:e0:8c, 2015-01-01 00:18:47.450, 1.016, -0.12, -0.042, 0, -0.183, 0, -111.473, -82.639, -100.728, -25.540, -4.927, -4.440, 23.53, -0.15091, -0.68198, 0.24124, -0.67365,
 11:05:51.897,e3:ca:2d:fd:e0:8c, 2015-01-01 00:18:47.450, 1.016, -0.121, -0.047, 0, -0.122, 0.305, -111.467, -82.634, -100.728, -25.540, -4.927, -4.440, 23.53, -0.15091, -0.68198, 0.24124, -0.67365,
 11:05:51.940,f6:90:cc:01:6d:25, 2015-01-01 00:18:49.840, 0.987, -0.047, 0.042, 0.183, 0.488, 0.122, -47.208, -86.089, -125.821, -28.827, -6.987, 2.887, 29.27, 0.0647, -0.69043, -0.02728, -0.71991,
 11:05:51.940,f6:90:cc:01:6d:25, 2015-01-01 00:18:49.840, 0.984, -0.052, 0.041, 0.244, 0.488, 0.244, -47.175, -86.078, -125.881, -28.827, -6.987, 2.887, 29.27, 0.0647, -0.69043, -0.02728, -0.71991,
 11:05:51.941,ed:35:33:d3:6c:f8, 2015-01-01 00:18:50.530, 0.829, -0.041, 0.551, -0.183, 0.183, 0.061, -4.114, -56.36, -163.746, -23.107, -7.987, -13.613, 30.37, -0.10754, 0.47177, 0.03497, 0.87439,
 11:05:51.941,ed:35:33:d3:6c:f8, 2015-01-01 00:18:50.530, 0.826, -0.041, 0.553, 0.061, 0, -0.122, -4.109, -56.36, -163.746, -23.107, -7.987, -13.613, 30.37, -0.10754, 0.47177, 0.03497, 0.87439,
 11:05:51.943,e3:ca:2d:fd:e0:8c, 2015-01-01 00:18:47.450, 1.014, -0.123, -0.045, 0, -0.183, 0.366, -111.462, -82.628, -100.717, -25.540, -4.927, -4.440, 23.53, -0.15091, -0.68198, 0.24124, -0.67365,
 11:05:51.943,e3:ca:2d:fd:e0:8c, 2015-01-01 00:18:47.450, 1.01, -0.123, -0.045, -0.122, -0.061, 0.366, -111.44, -82.623, -100.734, -25.540, -4.927, -4.440, 23.53, -0.15091, -0.68198, 0.24124, -0.67365,
 11:05:51.961,ed:35:33:d3:6c:f8, 2015-01-01 00:18:50.530, 0.827, -0.039, 0.55, 0.122, -0.183, -0.061, -4.098, -56.36, -163.751, -23.107, -7.987, -13.613, 30.37, -0.10754, 0.47177, 0.03497, 0.87439,
 11:05:51.961,ed:35:33:d3:6c:f8, 2015-01-01 00:18:50.530, 0.827, -0.04, 0.546, 0.305, -0.61, -0.122, -4.092, -56.376, -163.751, -23.107, -7.987, -13.613, 30.37, -0.10754, 0.47177, 0.03497, 0.87439,
 11:05:51.963,f6:90:cc:01:6d:25, 2015-01-01 00:18:49.840, 0.982, -0.05, 0.04, 0, 0.549, 0.183, -47.137, -86.072, -125.947, -28.827, -6.987, 2.887, 29.27, 0.06137, -0.69003, -0.02399, -0.7207,
 11:05:51.963,f6:90:cc:01:6d:25, 2015-01-01 00:18:49.840, 0.982, -0.051, 0.04, -0.305, 0.61, 0.244, -47.087, -86.061, -126.03, -28.827, -6.987, 2.887, 29.27, 0.06137, -0.69003, -0.02399, -0.7207,
 11:05:51.964,ed:40:fe:65:30:6c, 2015-01-01 00:18:47.095, 0.882, 0.041, 0.477, 0, 0, 0, 4.768, -61.842, -112.203, -26.960, -6.967, 3.960, 25.17, 0.49536, -0.40668, -0.31573, -0.69958,
 11:05:51.964,ed:40:fe:65:30:6c, 2015-01-01 00:18:47.095, 0.884, 0.04, 0.473, 0, -0.183, 0, 4.774, -61.842, -112.203, -26.960, -6.967, 3.960, 25.17, 0.49536, -0.40668, -0.31573, -0.69958,
 11:05:51.964,e3:ca:2d:fd:e0:8c, 2015-01-01 00:18:47.450, 1.012, -0.124, -0.047, -0.427, 0.122, 0.305, -111.407, -82.617, -100.767, -25.540, -4.927, -4.440, 23.53, -0.15091, -0.68198, 0.24124, -0.67365,
 11:05:51.964,e3:ca:2d:fd:e0:8c, 2015-01-01 00:18:47.450, 1.012, -0.122, -0.047, -0.549, 0.244, 0.244, -111.357, -82.617, -100.816, -25.540, -4.927, -4.440, 23.53, -0.15091, -0.68198, 0.24124, -0.67365,
 11:05:51.986,ed:40:fe:65:30:6c, 2015-01-01 00:18:47.095, 0.883, 0.039, 0.47, 0.183, -0.427, -0.061, 4.779, -61.848, -112.203, -26.507, -7.300, 4.487, 25.17, 0.49536, -0.40668, -0.31573, -0.69958,
 11:05:51.986,ed:40:fe:65:30:6c, 2015-01-01 00:18:47.095, 0.882, 0.04, 0.47, 0.122, -0.427, -0.122, 4.79, -61.853, -112.209, -26.507, -7.300, 4.487, 25.17, 0.49536, -0.40668, -0.31573, -0.69958,
 11:05:52.006,ed:35:33:d3:6c:f8, 2015-01-01 00:18:50.530, 0.825, -0.041, 0.544, 0.305, -0.488, -0.122, -4.081, -56.387, -163.757, -23.107, -7.987, -13.613, 30.37, -0.10754, 0.47177, 0.03497, 0.87439,
 11:05:52.006,ed:35:33:d3:6c:f8, 2015-01-01 00:18:50.530, 0.828, -0.037, 0.547, 0.183, 0, 0, -4.076, -56.387, -163.757, -23.107, -7.987, -13.613, 30.37, -0.10754, 0.47177, 0.03497, 0.87439,
 11:05:52.008,f6:90:cc:01:6d:25, 2015-01-01 00:18:49.840, 0.982, -0.052, 0.042, -0.305, 0.732, 0.183, -47.038, -86.05, -126.129, -28.827, -6.987, 2.887, 29.27, 0.06137, -0.69003, -0.02399, -0.7207,
 11:05:52.008,f6:90:cc:01:6d:25, 2015-01-01 00:18:49.840, 0.982, -0.054, 0.043, -0.244, 0.732, 0.183, -46.967, -86.039, -126.249, -28.827, -6.987, 2.887, 29.27, 0.06137, -0.69003, -0.02399, -0.7207,
 11:05:52.012,e3:ca:2d:fd:e0:8c, 2015-01-01 00:18:47.450, 1.012, -0.123, -0.046, -0.244, 0.183, 0.183, -111.319, -82.612, -100.854, -25.540, -4.927, -4.440, 23.53, -0.15091, -0.68198, 0.24124, -0.67365,
 11:05:52.012,e3:ca:2d:fd:e0:8c, 2015-01-01 00:18:47.450, 1.011, -0.123, -0.046, 0.122, -0.061, 0.244, -111.308, -82.612, -100.854, -25.540, -4.927, -4.440, 23.53, -0.15091, -0.68198, 0.24124, -0.67365,
 11:05:52.032,f6:90:cc:01:6d:25, 2015-01-01 00:18:50.200, 0.984, -0.051, 0.044, 0.061, 0.793, 0.183, -46.89, -86.028, -126.376, -28.827, -6.987, 2.887, 29.27, 0.06137, -0.69003, -0.02399, -0.7207,
 11:05:52.032,f6:90:cc:01:6d:25, 2015-01-01 00:18:50.200, 0.985, -0.05, 0.042, 0, 0.732, 0.183, -46.802, -86.017, -126.508, -28.827, -6.987, 2.887, 29.27, 0.06137, -0.69003, -0.02399, -0.7207,
 11:05:52.032,ed:40:fe:65:30:6c, 2015-01-01 00:18:47.095, 0.884, 0.042, 0.473, 0, -0.366, -0.061, 4.801, -61.859, -112.214, -26.507, -7.300, 4.487, 25.17, 0.49536, -0.40668, -0.31573, -0.69958,
 11:05:52.032,ed:40:fe:65:30:6c, 2015-01-01 00:18:47.095, 0.885, 0.044, 0.475, 0, -0.366, 0, 4.807, -61.864, -112.22, -26.507, -7.300, 4.487, 25.17, 0.49536, -0.40668, -0.31573, -0.69958,
 11:05:52.053,f6:90:cc:01:6d:25, 2015-01-01 00:18:50.200, 0.99, -0.052, 0.041, -0.061, 0.61, 0.122, -46.73, -86.006, -126.628, -28.827, -6.987, 2.887, 29.27, 0.06137, -0.69003, -0.02399, -0.7207,
 11:05:52.053,f6:90:cc:01:6d:25, 2015-01-01 00:18:50.200, 0.989, -0.051, 0.047, -0.122, 0.671, 0, -46.664, -86.001, -126.744, -28.827, -6.987, 2.887, 29.27, 0.06137, -0.69003, -0.02399, -0.7207,
 11:05:52.054,ed:40:fe:65:30:6c, 2015-01-01 00:18:47.095, 0.889, 0.04, 0.475, 0, -0.427, 0.061, 4.807, -61.87, -112.22, -26.507, -7.300, 4.487, 25.17, 0.4957, -0.40628, -0.31622, -0.69937,
 11:05:52.054,ed:40:fe:65:30:6c, 2015-01-01 00:18:47.095, 0.888, 0.042, 0.473, -0.061, -0.366, 0, 4.807, -61.88, -112.22, -26.507, -7.300, 4.487, 25.17, 0.4957, -0.40628, -0.31622, -0.69937,
 11:05:52.056,e3:ca:2d:fd:e0:8c, 2015-01-01 00:18:47.450, 1.013, -0.122, -0.048, 0.305, -0.305, 0.244, -111.324, -82.601, -100.827, -25.087, -5.307, -4.787, 23.53, -0.15091, -0.68198, 0.24124, -0.67365,
 11:05:52.056,e3:ca:2d:fd:e0:8c, 2015-01-01 00:18:47.450, 1.019, -0.121, -0.047, 0.183, 0, 0.305, -111.297, -82.595, -100.844, -25.087, -5.307, -4.787, 23.53, -0.15091, -0.68198, 0.24124, -0.67365,
 11:05:52.075,ed:35:33:d3:6c:f8, 2015-01-01 00:18:50.530, 0.832, -0.037, 0.551, 0.122, 0, 0, -4.07, -56.382, -163.757, -23.407, -7.847, -12.687, 30.37, -0.10754, 0.47177, 0.03497, 0.87439,
 11:05:52.075,ed:35:33:d3:6c:f8, 2015-01-01 00:18:50.530, 0.832, -0.04, 0.549, 0.061, -0.244, 0.061, -4.07, -56.382, -163.757, -23.407, -7.847, -12.687, 30.37, -0.10754, 0.47177, 0.03497, 0.87439,
 11:05:52.097,ed:35:33:d3:6c:f8, 2015-01-01 00:18:50.530, 0.831, -0.035, 0.549, 0.366, -0.305, -0.061, -4.065, -56.387, -163.757, -23.407, -7.847, -12.687, 30.37, -0.10779, 0.47183, 0.03568, 0.8743,
 11:05:52.097,ed:35:33:d3:6c:f8, 2015-01-01 00:18:50.530, 0.83, -0.036, 0.55, 0, 0, 0.122, -4.059, -56.393, -163.757, -23.407, -7.847, -12.687, 30.37, -0.10779, 0.47183, 0.03568, 0.8743,
 11:05:52.097,f6:90:cc:01:6d:25, 2015-01-01 00:18:50.200, 0.985, -0.051, 0.043, -0.122, 0.916, 0, -46.555, -85.99, -126.903, -28.827, -6.987, 2.887, 29.27, 0.06137, -0.69003, -0.02399, -0.7207,
 11:05:52.097,f6:90:cc:01:6d:25, 2015-01-01 00:18:50.200, 0.984, -0.052, 0.042, -0.061, 0.793, 0, -46.412, -85.979, -127.09, -28.827, -6.987, 2.887, 29.27, 0.06137, -0.69003, -0.02399, -0.7207,
 11:05:52.099,ed:40:fe:65:30:6c, 2015-01-01 00:18:47.095, 0.887, 0.045, 0.474, 0.244, -0.427, 0, 4.812, -61.886, -112.22, -26.507, -7.300, 4.487, 25.17, 0.4957, -0.40628, -0.31622, -0.69937,
 11:05:52.099,ed:40:fe:65:30:6c, 2015-01-01 00:18:47.095, 0.886, 0.041, 0.473, -0.122, -0.305, 0.183, 4.818, -61.891, -112.22, -26.507, -7.300, 4.487, 25.17, 0.4957, -0.40628, -0.31622, -0.69937,
 11:05:52.100,e3:ca:2d:fd:e0:8c, 2015-01-01 00:18:47.450, 1.013, -0.122, -0.045, 0.061, 0.061, 0.244, -111.253, -82.595, -100.882, -25.087, -5.307, -4.787, 23.53, -0.14987, -0.68216, 0.24078, -0.67389,
 11:05:52.100,e3:ca:2d:fd:e0:8c, 2015-01-01 00:18:47.450, 1.01, -0.121, -0.046, 0.183, 0.122, 0.305, -111.215, -82.59, -100.909, -25.087, -5.307, -4.787, 23.53, -0.14987, -0.68216, 0.24078, -0.67389,
 11:05:52.142,ed:35:33:d3:6c:f8, 2015-01-01 00:18:50.530, 0.829, -0.041, 0.547, 0, -0.244, 0.061, -4.059, -56.393, -163.751, -23.407, -7.847, -12.687, 30.37, -0.10779, 0.47183, 0.03568, 0.8743,
 11:05:52.142,ed:35:33:d3:6c:f8, 2015-01-01 00:18:50.530, 0.828, -0.038, 0.547, 0, -0.427, 0, -4.065, -56.398, -163.751, -23.407, -7.847, -12.687, 30.37, -0.10779, 0.47183, 0.03568, 0.8743,
 11:05:52.144,ed:40:fe:65:30:6c, 2015-01-01 00:18:47.455, 0.885, 0.04, 0.471, -0.183, -0.427, 0, 4.812, -61.897, -112.214, -26.507, -7.300, 4.487, 25.17, 0.4957, -0.40628, -0.31622, -0.69937,
 11:05:52.144,ed:40:fe:65:30:6c, 2015-01-01 00:18:47.455, 0.884, 0.042, 0.471, -0.305, -0.488, 0, 4.812, -61.902, -112.22, -26.507, -7.300, 4.487, 25.17, 0.4957, -0.40628, -0.31622, -0.69937,
 11:05:52.144,f6:90:cc:01:6d:25, 2015-01-01 00:18:50.200, 0.984, -0.049, 0.042, -0.122, 0.671, 0, -46.302, -85.974, -127.255, -28.827, -6.987, 2.887, 29.27, 0.06137, -0.69003, -0.02399, -0.7207,
 11:05:52.144,f6:90:cc:01:6d:25, 2015-01-01 00:18:50.200, 0.984, -0.05, 0.043, -0.305, 0.61, 0, -46.208, -85.963, -127.392, -28.827, -6.987, 2.887, 29.27, 0.06137, -0.69003, -0.02399, -0.7207,
 11:05:52.145,e3:ca:2d:fd:e0:8c, 2015-01-01 00:18:47.760, 1.011, -0.123, -0.045, 0.122, 0.488, 0.305, -111.16, -82.584, -100.959, -25.087, -5.307, -4.787, 23.53, -0.14987, -0.68216, 0.24078, -0.67389,
 11:05:52.145,e3:ca:2d:fd:e0:8c, 2015-01-01 00:18:47.760, 1.014, -0.124, -0.046, -0.122, 0.854, 0.244, -111.055, -82.584, -101.058, -25.087, -5.307, -4.787, 23.53, -0.14987, -0.68216, 0.24078, -0.67389,
 11:05:52.164,ed:35:33:d3:6c:f8, 2015-01-01 00:18:50.865, 0.827, -0.036, 0.547, -0.122, -0.366, 0, -4.065, -56.409, -163.746, -23.407, -7.847, -12.687, 30.37, -0.10779, 0.47183, 0.03568, 0.8743,
 11:05:52.164,ed:35:33:d3:6c:f8, 2015-01-01 00:18:50.865, 0.828, -0.036, 0.546, -0.183, -0.122, 0, -4.065, -56.415, -163.746, -23.407, -7.847, -12.687, 30.37, -0.10779, 0.47183, 0.03568, 0.8743,
 11:05:52.168,e3:ca:2d:fd:e0:8c, 2015-01-01 00:18:47.760, 1.015, -0.123, -0.046, -0.305, 0.793, 0.183, -110.918, -82.59, -101.19, -25.087, -5.307, -4.787, 23.53, -0.14987, -0.68216, 0.24078, -0.67389,
 11:05:52.168,e3:ca:2d:fd:e0:8c, 2015-01-01 00:18:47.760, 1.013, -0.125, -0.046, -0.427, 0.549, 0.122, -110.808, -82.59, -101.305, -25.087, -5.307, -4.787, 23.53, -0.14987, -0.68216, 0.24078, -0.67389,
 11:05:52.188,ed:40:fe:65:30:6c, 2015-01-01 00:18:47.455, 0.884, 0.043, 0.472, -0.305, -0.549, 0, 4.812, -61.913, -112.22, -26.507, -7.300, 4.487, 25.17, 0.4957, -0.40628, -0.31622, -0.69937,
 11:05:52.188,ed:40:fe:65:30:6c, 2015-01-01 00:18:47.455, 0.885, 0.042, 0.471, -0.305, -0.488, 0, 4.812, -61.919, -112.22, -26.507, -7.300, 4.487, 25.17, 0.4957, -0.40628, -0.31622, -0.69937,
 11:05:52.188,f6:90:cc:01:6d:25, 2015-01-01 00:18:50.200, 0.983, -0.052, 0.045, -0.732, 0.732, 0, -46.132, -85.957, -127.529, -28.827, -6.987, 2.887, 29.27, 0.06137, -0.69003, -0.02399, -0.7207,
 11:05:52.188,f6:90:cc:01:6d:25, 2015-01-01 00:18:50.200, 0.983, -0.054, 0.044, -0.793, 0.671, 0, -46.044, -85.952, -127.683, -28.827, -6.987, 2.887, 29.27, 0.06137, -0.69003, -0.02399, -0.7207,
 11:05:52.209,ed:35:33:d3:6c:f8, 2015-01-01 00:18:50.865, 0.83, -0.039, 0.547, -0.183, 0, 0, -4.065, -56.415, -163.746, -23.407, -7.847, -12.687, 30.37, -0.10779, 0.47183, 0.03568, 0.8743,
 11:05:52.209,ed:35:33:d3:6c:f8, 2015-01-01 00:18:50.865, 0.829, -0.04, 0.547, -0.122, -0.061, 0, -4.07, -56.42, -163.746, -23.407, -7.847, -12.687, 30.37, -0.10779, 0.47183, 0.03568, 0.8743,
 11:05:52.211,ed:40:fe:65:30:6c, 2015-01-01 00:18:47.455, 0.886, 0.04, 0.47, -0.305, -0.427, 0, 4.812, -61.93, -112.225, -26.507, -7.300, 4.487, 25.17, 0.4957, -0.40628, -0.31622, -0.69937,
 11:05:52.211,ed:40:fe:65:30:6c, 2015-01-01 00:18:47.455, 0.886, 0.04, 0.471, -0.183, -0.549, 0, 4.807, -61.935, -112.225, -26.507, -7.300, 4.487, 25.17, 0.4957, -0.40628, -0.31622, -0.69937,
 11:05:52.212,e3:ca:2d:fd:e0:8c, 2015-01-01 00:18:47.760, 1.012, -0.124, -0.048, -0.244, 0.488, 0, -110.731, -82.595, -101.387, -25.087, -5.307, -4.787, 23.53, -0.14987, -0.68216, 0.24078, -0.67389,
 11:05:52.212,e3:ca:2d:fd:e0:8c, 2015-01-01 00:18:47.760, 1.015, -0.125, -0.046, -0.244, 0.61, 0.061, -110.66, -82.595, -101.464, -25.087, -5.307, -4.787, 23.53, -0.14987, -0.68216, 0.24078, -0.67389,
 11:05:52.234,f6:90:cc:01:6d:25, 2015-01-01 00:18:50.200, 0.984, -0.053, 0.042, -0.61, 0.61, 0, -45.967, -85.941, -127.82, -28.827, -6.987, 2.887, 29.27, 0.06137, -0.69003, -0.02399, -0.7207,
 11:05:52.234,f6:90:cc:01:6d:25, 2015-01-01 00:18:50.200, 0.985, -0.054, 0.042, -0.549, 0.549, 0, -45.906, -85.935, -127.947, -28.827, -6.987, 2.887, 29.27, 0.06137, -0.69003, -0.02399, -0.7207,
 11:05:52.255,ed:35:33:d3:6c:f8, 2015-01-01 00:18:50.865, 0.83, -0.04, 0.547, -0.244, -0.061, 0, -4.07, -56.42, -163.746, -23.407, -7.847, -12.687, 30.37, -0.10779, 0.47183, 0.03568, 0.8743,
 11:05:52.255,ed:35:33:d3:6c:f8, 2015-01-01 00:18:50.865, 0.829, -0.04, 0.546, -0.244, -0.122, 0, -4.076, -56.42, -163.746, -23.407, -7.847, -12.687, 30.37, -0.10779, 0.47183, 0.03568, 0.8743,
 11:05:52.255,f6:90:cc:01:6d:25, 2015-01-01 00:18:50.200, 0.985, -0.056, 0.043, -0.488, 0.427, 0, -45.868, -85.93, -128.057, -28.907, -6.580, 2.720, 29.27, 0.06137, -0.69003, -0.02399, -0.7207,
 11:05:52.255,f6:90:cc:01:6d:25, 2015-01-01 00:18:50.200, 0.984, -0.055, 0.048, -0.305, 0.488, 0, -45.84, -85.924, -128.156, -28.907, -6.580, 2.720, 29.27, 0.06137, -0.69003, -0.02399, -0.7207,
 11:05:52.256,ed:40:fe:65:30:6c, 2015-01-01 00:18:47.455, 0.887, 0.038, 0.471, -0.244, -0.549, 0, 4.807, -61.946, -112.225, -26.507, -7.300, 4.487, 25.17, 0.4957, -0.40628, -0.31622, -0.69937,
 11:05:52.256,ed:40:fe:65:30:6c, 2015-01-01 00:18:47.455, 0.886, 0.038, 0.471, -0.244, -0.427, 0, 4.807, -61.957, -112.231, -26.507, -7.300, 4.487, 25.17, 0.4957, -0.40628, -0.31622, -0.69937,
 11:05:52.259,e3:ca:2d:fd:e0:8c, 2015-01-01 00:18:47.760, 1.014, -0.124, -0.045, -0.244, 0.732, 0, -110.572, -82.601, -101.558, -25.087, -5.307, -4.787, 23.53, -0.14987, -0.68216, 0.24078, -0.67389,
 11:05:52.259,e3:ca:2d:fd:e0:8c, 2015-01-01 00:18:47.760, 1.013, -0.125, -0.042, -0.244, 0.793, 0.061, -110.468, -82.606, -101.667, -25.087, -5.307, -4.787, 23.53, -0.14987, -0.68216, 0.24078, -0.67389,
 11:05:52.300,ed:35:33:d3:6c:f8, 2015-01-01 00:18:50.865, 0.83, -0.04, 0.548, -0.183, 0, 0.305, -4.081, -56.426, -163.746, -23.407, -7.847, -12.687, 30.37, -0.10779, 0.47183, 0.03568, 0.8743,
 11:05:52.300,ed:35:33:d3:6c:f8, 2015-01-01 00:18:50.865, 0.828, -0.042, 0.547, -0.061, 0.122, 0.305, -4.092, -56.426, -163.735, -23.407, -7.847, -12.687, 30.37, -0.10779, 0.47183, 0.03568, 0.8743,
 11:05:52.300,f6:90:cc:01:6d:25, 2015-01-01 00:18:50.200, 0.984, -0.054, 0.044, -0.488, 0.427, 0, -45.807, -85.919, -128.254, -28.907, -6.580, 2.720, 29.27, 0.06137, -0.69003, -0.02399, -0.7207,
 11:05:52.300,f6:90:cc:01:6d:25, 2015-01-01 00:18:50.200, 0.984, -0.053, 0.047, -0.244, 0.366, 0, -45.791, -85.913, -128.342, -28.907, -6.580, 2.720, 29.27, 0.06137, -0.69003, -0.02399, -0.7207,
 11:05:52.301,ed:40:fe:65:30:6c, 2015-01-01 00:18:47.455, 0.886, 0.039, 0.472, -0.183, -0.305, 0, 4.807, -61.963, -112.231, -26.507, -7.300, 4.487, 25.17, 0.4957, -0.40628, -0.31622, -0.69937,
 11:05:52.301,ed:40:fe:65:30:6c, 2015-01-01 00:18:47.455, 0.886, 0.037, 0.471, -0.061, -0.244, 0, 4.801, -61.968, -112.231, -26.507, -7.300, 4.487, 25.17, 0.4957, -0.40628, -0.31622, -0.69937,
 11:05:52.303,e3:ca:2d:fd:e0:8c, 2015-01-01 00:18:47.760, 1.01, -0.123, -0.044, -0.122, 0.61, -0.061, -110.358, -82.606, -101.777, -25.087, -5.307, -4.787, 23.53, -0.14987, -0.68216, 0.24078, -0.67389,
 11:05:52.303,e3:ca:2d:fd:e0:8c, 2015-01-01 00:18:47.760, 1.011, -0.124, -0.041, -0.061, 0.61, -0.061, -110.275, -82.612, -101.865, -25.087, -5.307, -4.787, 23.53, -0.14987, -0.68216, 0.24078, -0.67389,
 11:05:52.347,e3:ca:2d:fd:e0:8c, 2015-01-01 00:18:47.760, 1.013, -0.123, -0.042, 0, 0.61, -0.061, -110.187, -82.617, -101.953, -25.487, -4.947, -5.053, 23.53, -0.14987, -0.68216, 0.24078, -0.67389,
 11:05:52.347,e3:ca:2d:fd:e0:8c, 2015-01-01 00:18:47.760, 1.014, -0.123, -0.042, -0.061, 0.549, -0.061, -110.094, -82.623, -102.036, -25.487, -4.947, -5.053, 23.53, -0.14987, -0.68216, 0.24078, -0.67389,
 11:05:52.367,ed:35:33:d3:6c:f8, 2015-01-01 00:18:50.865, 0.829, -0.041, 0.548, 0.122, 0, 0.244, -4.103, -56.42, -163.724, -23.407, -7.847, -12.687, 30.37, -0.10779, 0.47183, 0.03568, 0.8743,
 11:05:52.367,ed:35:33:d3:6c:f8, 2015-01-01 00:18:50.865, 0.829, -0.04, 0.547, 0.366, 0.061, 0.183, -4.103, -56.42, -163.713, -23.407, -7.847, -12.687, 30.37, -0.10779, 0.47183, 0.03568, 0.8743,
 11:05:52.371,ed:40:fe:65:30:6c, 2015-01-01 00:18:47.455, 0.886, 0.04, 0.472, 0.061, -0.305, 0, 4.801, -61.974, -112.231, -26.560, -7.073, 4.587, 25.17, 0.4957, -0.40628, -0.31622, -0.69937,
 11:05:52.371,ed:40:fe:65:30:6c, 2015-01-01 00:18:47.455, 0.886, 0.039, 0.471, 0.183, -0.305, 0, 4.807, -61.974, -112.231, -26.560, -7.073, 4.587, 25.17, 0.4957, -0.40628, -0.31622, -0.69937,
 11:05:52.373,e3:ca:2d:fd:e0:8c, 2015-01-01 00:18:47.760, 1.012, -0.123, -0.042, 0, 0.549, -0.061, -110.012, -82.628, -102.112, -25.487, -4.947, -5.053, 23.53, -0.14993, -0.68118, 0.24057, -0.67493,
 11:05:52.373,e3:ca:2d:fd:e0:8c, 2015-01-01 00:18:47.760, 1.012, -0.124, -0.043, 0, 0.427, -0.061, -109.935, -82.634, -102.184, -25.487, -4.947, -5.053, 23.53, -0.14993, -0.68118, 0.24057, -0.67493,
 11:05:52.390,ed:35:33:d3:6c:f8, 2015-01-01 00:18:50.865, 0.827, -0.041, 0.546, 0.427, 0, 0.183, -4.103, -56.42, -163.707, -23.433, -7.400, -13.493, 30.37, -0.10779, 0.47183, 0.03568, 0.8743,
 11:05:52.390,ed:35:33:d3:6c:f8, 2015-01-01 00:18:50.865, 0.828, -0.042, 0.547, 0.427, 0.366, 0.061, -4.098, -56.42, -163.702, -23.433, -7.400, -13.493, 30.37, -0.10779, 0.47183, 0.03568, 0.8743,
 11:05:52.391,ed:40:fe:65:30:6c, 2015-01-01 00:18:47.455, 0.885, 0.039, 0.471, 0.183, -0.183, 0, 4.812, -61.979, -112.236, -26.560, -7.073, 4.587, 25.17, 0.49539, -0.40701, -0.31665, -0.69894,
 11:05:52.391,ed:40:fe:65:30:6c, 2015-01-01 00:18:47.455, 0.885, 0.038, 0.47, 0.305, -0.183, 0, 4.818, -61.985, -112.236, -26.560, -7.073, 4.587, 25.17, 0.49539, -0.40701, -0.31665, -0.69894,
 11:05:52.413,f6:90:cc:01:6d:25, 2015-01-01 00:18:50.200, 0.983, -0.052, 0.046, -0.061, 0.305, 0, -45.775, -85.908, -128.414, -28.907, -6.580, 2.720, 29.27, 0.05527, -0.68909, -0.0174, -0.72229,
 11:05:52.413,f6:90:cc:01:6d:25, 2015-01-01 00:18:50.200, 0.984, -0.054, 0.046, 0, 0.366, -0.305, -45.725, -85.908, -128.518, -28.907, -6.580, 2.720, 29.27, 0.05527, -0.68909, -0.0174, -0.72229,
 11:05:52.418,e3:ca:2d:fd:e0:8c, 2015-01-01 00:18:47.760, 1.013, -0.123, -0.044, 0, 0.427, -0.122, -109.869, -82.639, -102.244, -25.487, -4.947, -5.053, 23.53, -0.14993, -0.68118, 0.24057, -0.67493,
 11:05:52.418,e3:ca:2d:fd:e0:8c, 2015-01-01 00:18:47.760, 1.014, -0.122, -0.041, 0, 0.488, -0.122, -109.808, -82.645, -102.299, -25.487, -4.947, -5.053, 23.53, -0.14993, -0.68118, 0.24057, -0.67493,
 11:05:52.434,ed:35:33:d3:6c:f8, 2015-01-01 00:18:50.865, 0.828, -0.04, 0.545, 0.549, 0.305, -0.061, -4.092, -56.415, -163.702, -23.433, -7.400, -13.493, 30.37, -0.10779, 0.47183, 0.03568, 0.8743,
 11:05:52.434,ed:35:33:d3:6c:f8, 2015-01-01 00:18:50.865, 0.827, -0.035, 0.548, 0.305, 0.305, -0.244, -4.081, -56.409, -163.707, -23.433, -7.400, -13.493, 30.37, -0.10779, 0.47183, 0.03568, 0.8743,
 11:05:52.436,f6:90:cc:01:6d:25, 2015-01-01 00:18:50.555, 0.983, -0.052, 0.047, 0.122, 0.366, -0.366, -45.632, -85.908, -128.661, -28.907, -6.580, 2.720, 29.27, 0.05527, -0.68909, -0.0174, -0.72229,
 11:05:52.436,f6:90:cc:01:6d:25, 2015-01-01 00:18:50.555, 0.982, -0.053, 0.044, -0.183, 0.244, -0.366, -45.544, -85.908, -128.798, -28.907, -6.580, 2.720, 29.27, 0.05527, -0.68909, -0.0174, -0.72229,
 11:05:52.437,ed:40:fe:65:30:6c, 2015-01-01 00:18:47.455, 0.885, 0.041, 0.469, 0.183, -0.122, 0, 4.823, -61.985, -112.236, -26.560, -7.073, 4.587, 25.17, 0.49539, -0.40701, -0.31665, -0.69894,
 11:05:52.437,ed:40:fe:65:30:6c, 2015-01-01 00:18:47.455, 0.885, 0.043, 0.471, 0.183, 0, 0, 4.823, -61.985, -112.236, -26.560, -7.073, 4.587, 25.17, 0.49539, -0.40701, -0.31665, -0.69894,
 11:05:52.457,f6:90:cc:01:6d:25, 2015-01-01 00:18:50.555, 0.984, -0.051, 0.044, 0, 0.122, -0.366, -45.483, -85.913, -128.914, -28.907, -6.580, 2.720, 29.27, 0.05527, -0.68909, -0.0174, -0.72229,
 11:05:52.457,f6:90:cc:01:6d:25, 2015-01-01 00:18:50.555, 0.984, -0.049, 0.047, 0, 0.122, -0.427, -45.428, -85.919, -129.018, -28.907, -6.580, 2.720, 29.27, 0.05527, -0.68909, -0.0174, -0.72229,
 11:05:52.457,ed:35:33:d3:6c:f8, 2015-01-01 00:18:50.865, 0.828, -0.037, 0.548, 0, 0.244, 0, -4.07, -56.404, -163.713, -23.433, -7.400, -13.493, 30.37, -0.10806, 0.47195, 0.03586, 0.87418,
 11:05:52.457,ed:35:33:d3:6c:f8, 2015-01-01 00:18:50.865, 0.828, -0.041, 0.548, -0.244, 0.244, -0.061, -4.07, -56.404, -163.718, -23.433, -7.400, -13.493, 30.37, -0.10806, 0.47195, 0.03586, 0.87418,
 11:05:52.459,ed:40:fe:65:30:6c, 2015-01-01 00:18:47.790, 0.885, 0.04, 0.471, -0.244, 0, 0, 4.823, -61.985, -112.236, -26.560, -7.073, 4.587, 25.17, 0.49539, -0.40701, -0.31665, -0.69894,
 11:05:52.459,ed:40:fe:65:30:6c, 2015-01-01 00:18:47.790, 0.886, 0.04, 0.471, -0.549, 0, 0, 4.818, -61.985, -112.236, -26.560, -7.073, 4.587, 25.17, 0.49539, -0.40701, -0.31665, -0.69894,
 11:05:52.461,e3:ca:2d:fd:e0:8c, 2015-01-01 00:18:48.050, 1.013, -0.123, -0.041, -0.122, 0.305, -0.183, -109.742, -82.65, -102.36, -25.487, -4.947, -5.053, 23.53, -0.14993, -0.68118, 0.24057, -0.67493,
 11:05:52.461,e3:ca:2d:fd:e0:8c, 2015-01-01 00:18:48.050, 1.01, -0.124, -0.04, -0.061, 0.183, -0.183, -109.709, -82.656, -102.387, -25.487, -4.947, -5.053, 23.53, -0.14993, -0.68118, 0.24057, -0.67493,
 11:05:52.480,f6:90:cc:01:6d:25, 2015-01-01 00:18:50.555, 0.983, -0.053, 0.048, -0.244, 0.183, -0.488, -45.346, -85.919, -129.144, -28.907, -6.580, 2.720, 29.27, 0.05527, -0.68909, -0.0174, -0.72229,
 11:05:52.480,f6:90:cc:01:6d:25, 2015-01-01 00:18:50.555, 0.984, -0.052, 0.047, -0.305, 0.244, -0.488, -45.253, -85.924, -129.287, -28.907, -6.580, 2.720, 29.27, 0.05527, -0.68909, -0.0174, -0.72229,
 11:05:52.502,ed:35:33:d3:6c:f8, 2015-01-01 00:18:50.865, 0.833, -0.035, 0.548, -0.183, 0.366, -0.488, -4.07, -56.398, -163.724, -23.433, -7.400, -13.493, 30.37, -0.10806, 0.47195, 0.03586, 0.87418,
 11:05:52.502,ed:35:33:d3:6c:f8, 2015-01-01 00:18:50.865, 0.833, -0.03, 0.55, 0.122, 0.244, -0.366, -4.054, -56.393, -163.74, -23.433, -7.400, -13.493, 30.37, -0.10806, 0.47195, 0.03586, 0.87418,
 11:05:52.503,f6:90:cc:01:6d:25, 2015-01-01 00:18:50.555, 0.99, -0.048, 0.044, -0.549, 0.244, -0.366, -45.165, -85.93, -129.43, -28.907, -6.580, 2.720, 29.27, 0.05527, -0.68909, -0.0174, -0.72229,
 11:05:52.503,f6:90:cc:01:6d:25, 2015-01-01 00:18:50.555, 0.988, -0.05, 0.042, -0.488, 0.183, -0.366, -45.099, -85.93, -129.551, -28.907, -6.580, 2.720, 29.27, 0.05527, -0.68909, -0.0174, -0.72229,
 11:05:52.504,ed:40:fe:65:30:6c, 2015-01-01 00:18:47.790, 0.892, 0.045, 0.47, -0.549, 0.122, -0.366, 4.812, -61.979, -112.242, -26.560, -7.073, 4.587, 25.17, 0.49539, -0.40701, -0.31665, -0.69894,
 11:05:52.504,ed:40:fe:65:30:6c, 2015-01-01 00:18:47.790, 0.891, 0.045, 0.472, -0.122, 0, -0.122, 4.818, -61.979, -112.253, -26.560, -7.073, 4.587, 25.17, 0.49539, -0.40701, -0.31665, -0.69894,
 11:05:52.506,e3:ca:2d:fd:e0:8c, 2015-01-01 00:18:48.050, 1.014, -0.123, -0.043, -0.244, 0.122, -0.183, -109.688, -82.661, -102.404, -25.487, -4.947, -5.053, 23.53, -0.14993, -0.68118, 0.24057, -0.67493,
 11:05:52.506,e3:ca:2d:fd:e0:8c, 2015-01-01 00:18:48.050, 1.017, -0.124, -0.041, -0.366, 0.427, -0.305, -109.666, -82.667, -102.42, -25.487, -4.947, -5.053, 23.53, -0.14993, -0.68118, 0.24057, -0.67493,
 11:05:52.524,ed:35:33:d3:6c:f8, 2015-01-01 00:18:51.220, 0.83, -0.037, 0.551, -0.549, 0.488, 0.122, -4.048, -56.387, -163.751, -23.433, -7.400, -13.493, 30.37, -0.10806, 0.47195, 0.03586, 0.87418,
 11:05:52.524,ed:35:33:d3:6c:f8, 2015-01-01 00:18:51.220, 0.827, -0.04, 0.549, -0.366, 0, -0.122, -4.054, -56.382, -163.751, -23.433, -7.400, -13.493, 30.37, -0.10806, 0.47195, 0.03586, 0.87418,
 11:05:52.548,f6:90:cc:01:6d:25, 2015-01-01 00:18:50.555, 0.987, -0.053, 0.044, -0.427, 0.305, -0.305, -45.038, -85.935, -129.666, -28.907, -6.580, 2.720, 29.27, 0.05527, -0.68909, -0.0174, -0.72229,
 11:05:52.548,f6:90:cc:01:6d:25, 2015-01-01 00:18:50.555, 0.983, -0.051, 0.048, -0.366, 0.427, -0.183, -44.967, -85.935, -129.798, -28.907, -6.580, 2.720, 29.27, 0.05527, -0.68909, -0.0174, -0.72229,
 11:05:52.549,ed:40:fe:65:30:6c, 2015-01-01 00:18:47.790, 0.887, 0.042, 0.472, -0.61, 0, 0.244, 4.812, -61.979, -112.253, -26.560, -7.073, 4.587, 25.17, 0.49539, -0.40701, -0.31665, -0.69894,
 11:05:52.549,ed:40:fe:65:30:6c, 2015-01-01 00:18:47.790, 0.884, 0.04, 0.471, -0.549, -0.122, 0, 4.796, -61.979, -112.247, -26.560, -7.073, 4.587, 25.17, 0.49539, -0.40701, -0.31665, -0.69894,
 11:05:52.551,e3:ca:2d:fd:e0:8c, 2015-01-01 00:18:48.050, 1.017, -0.125, -0.042, -0.366, 0.793, -0.305, -109.605, -82.672, -102.48, -25.487, -4.947, -5.053, 23.53, -0.14993, -0.68118, 0.24057, -0.67493,
 11:05:52.551,e3:ca:2d:fd:e0:8c, 2015-01-01 00:18:48.050, 1.013, -0.124, -0.041, -0.305, 0.671, -0.244, -109.506, -82.683, -102.579, -25.487, -4.947, -5.053, 23.53, -0.14993, -0.68118, 0.24057, -0.67493,
 11:05:52.569,ed:35:33:d3:6c:f8, 2015-01-01 00:18:51.220, 0.824, -0.039, 0.549, -0.244, 0, -0.061, -4.059, -56.382, -163.751, -23.433, -7.400, -13.493, 30.37, -0.10806, 0.47195, 0.03586, 0.87418,
 11:05:52.569,ed:35:33:d3:6c:f8, 2015-01-01 00:18:51.220, 0.824, -0.041, 0.548, -0.183, 0.244, 0.183, -4.059, -56.382, -163.751, -23.433, -7.400, -13.493, 30.37, -0.10806, 0.47195, 0.03586, 0.87418,
 11:05:52.573,e3:ca:2d:fd:e0:8c, 2015-01-01 00:18:48.050, 1.009, -0.123, -0.042, -0.061, 0.427, -0.183, -109.424, -82.694, -102.656, -25.487, -4.947, -5.053, 23.53, -0.14993, -0.68118, 0.24057, -0.67493,
 11:05:52.573,e3:ca:2d:fd:e0:8c, 2015-01-01 00:18:48.050, 1.01, -0.122, -0.042, -0.061, 0.183, -0.183, -109.374, -82.7, -102.706, -25.487, -4.947, -5.053, 23.53, -0.14993, -0.68118, 0.24057, -0.67493,
 11:05:52.593,f6:90:cc:01:6d:25, 2015-01-01 00:18:50.555, 0.979, -0.052, 0.046, -0.305, 0.549, -0.305, -44.874, -85.93, -129.946, -28.907, -6.580, 2.720, 29.27, 0.05527, -0.68909, -0.0174, -0.72229,
 11:05:52.593,f6:90:cc:01:6d:25, 2015-01-01 00:18:50.555, 0.979, -0.051, 0.044, -0.427, 0.427, -0.366, -44.758, -85.93, -130.117, -28.907, -6.580, 2.720, 29.27, 0.05527, -0.68909, -0.0174, -0.72229,
 11:05:52.594,ed:40:fe:65:30:6c, 2015-01-01 00:18:47.790, 0.882, 0.039, 0.472, -0.488, -0.061, 0.061, 4.79, -61.979, -112.247, -26.560, -7.073, 4.587, 25.17, 0.49539, -0.40701, -0.31665, -0.69894,
 11:05:52.594,ed:40:fe:65:30:6c, 2015-01-01 00:18:47.790, 0.882, 0.038, 0.47, 0, -0.122, 0.122, 4.785, -61.979, -112.242, -26.560, -7.073, 4.587, 25.17, 0.49539, -0.40701, -0.31665, -0.69894,
 11:05:52.614,ed:35:33:d3:6c:f8, 2015-01-01 00:18:51.220, 0.825, -0.04, 0.546, 0.427, 0.061, 0.122, -4.065, -56.376, -163.746, -23.433, -7.400, -13.493, 30.37, -0.10806, 0.47195, 0.03586, 0.87418,
 11:05:52.614,ed:35:33:d3:6c:f8, 2015-01-01 00:18:51.220, 0.826, -0.038, 0.546, 0.61, -0.061, 0, -4.059, -56.376, -163.746, -23.433, -7.400, -13.493, 30.37, -0.10806, 0.47195, 0.03586, 0.87418,
 11:05:52.617,ed:40:fe:65:30:6c, 2015-01-01 00:18:47.790, 0.883, 0.039, 0.468, 0.427, -0.305, 0, 4.785, -61.985, -112.242, -26.560, -7.073, 4.587, 25.17, 0.49539, -0.40701, -0.31665, -0.69894,
 11:05:52.617,ed:40:fe:65:30:6c, 2015-01-01 00:18:47.790, 0.885, 0.042, 0.469, 0.488, -0.366, -0.122, 4.801, -61.99, -112.242, -26.560, -7.073, 4.587, 25.17, 0.49539, -0.40701, -0.31665, -0.69894,
 11:05:52.619,e3:ca:2d:fd:e0:8c, 2015-01-01 00:18:48.050, 1.01, -0.122, -0.042, -0.183, 0.244, -0.183, -109.352, -82.7, -102.722, -25.487, -4.947, -5.053, 23.53, -0.14993, -0.68118, 0.24057, -0.67493,
 11:05:52.619,e3:ca:2d:fd:e0:8c, 2015-01-01 00:18:48.050, 1.013, -0.122, -0.04, -0.122, 0.366, -0.183, -109.319, -82.705, -102.755, -25.487, -4.947, -5.053, 23.53, -0.14993, -0.68118, 0.24057, -0.67493,
 11:05:52.639,f6:90:cc:01:6d:25, 2015-01-01 00:18:50.555, 0.981, -0.049, 0.044, -0.122, 0.244, -0.427, -44.665, -85.93, -130.265, -28.907, -6.580, 2.720, 29.27, 0.05527, -0.68909, -0.0174, -0.72229,
 11:05:52.639,f6:90:cc:01:6d:25, 2015-01-01 00:18:50.555, 0.984, -0.049, 0.045, -0.061, 0.183, -0.427, -44.583, -85.935, -130.397, -28.907, -6.580, 2.720, 29.27, 0.05527, -0.68909, -0.0174, -0.72229,
 11:05:52.659,ed:35:33:d3:6c:f8, 2015-01-01 00:18:51.220, 0.829, -0.036, 0.549, 0.549, 0, -0.183, -4.043, -56.376, -163.746, -23.433, -7.400, -13.493, 30.37, -0.10806, 0.47195, 0.03586, 0.87418,
 11:05:52.659,ed:35:33:d3:6c:f8, 2015-01-01 00:18:51.220, 0.827, -0.033, 0.551, 0.366, 0.061, -0.183, -4.026, -56.376, -163.751, -23.433, -7.400, -13.493, 30.37, -0.10806, 0.47195, 0.03586, 0.87418,
 11:05:52.661,f6:90:cc:01:6d:25, 2015-01-01 00:18:50.555, 0.987, -0.049, 0.05, -0.061, 0.183, -0.427, -44.506, -85.941, -130.523, -28.480, -6.607, 3.207, 29.27, 0.05527, -0.68909, -0.0174, -0.72229,
 11:05:52.661,f6:90:cc:01:6d:25, 2015-01-01 00:18:50.555, 0.985, -0.048, 0.048, -0.061, 0.183, -0.366, -44.429, -85.941, -130.644, -28.480, -6.607, 3.207, 29.27, 0.05527, -0.68909, -0.0174, -0.72229,
 11:05:52.663,e3:ca:2d:fd:e0:8c, 2015-01-01 00:18:48.050, 1.016, -0.122, -0.038, -0.061, 0.305, -0.183, -109.276, -82.711, -102.799, -25.447, -4.973, -4.160, 23.53, -0.14993, -0.68118, 0.24057, -0.67493,
 11:05:52.663,e3:ca:2d:fd:e0:8c, 2015-01-01 00:18:48.050, 1.013, -0.121, -0.039, 0, 0.122, -0.122, -109.237, -82.716, -102.827, -25.447, -4.973, -4.160, 23.53, -0.14993, -0.68118, 0.24057, -0.67493,
 11:05:52.663,ed:40:fe:65:30:6c, 2015-01-01 00:18:47.790, 0.887, 0.044, 0.472, 0.244, -0.427, -0.305, 4.818, -61.996, -112.253, -26.560, -7.073, 4.587, 25.17, 0.49539, -0.40701, -0.31665, -0.69894,
 11:05:52.663,ed:40:fe:65:30:6c, 2015-01-01 00:18:47.790, 0.885, 0.044, 0.473, 0.122, -0.427, -0.183, 4.834, -62.007, -112.264, -26.560, -7.073, 4.587, 25.17, 0.49539, -0.40701, -0.31665, -0.69894,
 11:05:52.704,ed:35:33:d3:6c:f8, 2015-01-01 00:18:51.220, 0.831, -0.035, 0.55, -0.122, 0.122, 0, -4.016, -56.376, -163.757, -23.433, -7.400, -13.493, 30.37, -0.10806, 0.47195, 0.03586, 0.87418,
 11:05:52.704,ed:35:33:d3:6c:f8, 2015-01-01 00:18:51.220, 0.83, -0.034, 0.551, 0.122, 0, -0.305, -4.016, -56.376, -163.762, -23.433, -7.400, -13.493, 30.37, -0.10806, 0.47195, 0.03586, 0.87418,
 11:05:52.707,f6:90:cc:01:6d:25, 2015-01-01 00:18:50.555, 0.986, -0.048, 0.048, -0.183, 0.183, -0.305, -44.363, -85.946, -130.748, -28.480, -6.607, 3.207, 29.27, 0.05527, -0.68909, -0.0174, -0.72229,
 11:05:52.707,f6:90:cc:01:6d:25, 2015-01-01 00:18:50.555, 0.985, -0.047, 0.047, -0.244, 0.122, -0.183, -44.324, -85.946, -130.825, -28.480, -6.607, 3.207, 29.27, 0.05527, -0.68909, -0.0174, -0.72229,
 11:05:52.709,e3:ca:2d:fd:e0:8c, 2015-01-01 00:18:48.050, 1.012, -0.122, -0.038, 0, 0.122, -0.122, -109.215, -82.722, -102.838, -25.447, -4.973, -4.160, 23.53, -0.15005, -0.68069, 0.23965, -0.67572,
 11:05:52.709,e3:ca:2d:fd:e0:8c, 2015-01-01 00:18:48.050, 1.014, -0.122, -0.039, -0.061, 0.122, -0.061, -109.193, -82.722, -102.849, -25.447, -4.973, -4.160, 23.53, -0.15005, -0.68069, 0.23965, -0.67572,
 11:05:52.727,ed:35:33:d3:6c:f8, 2015-01-01 00:18:51.220, 0.83, -0.031, 0.55, 0.122, -0.122, -0.122, -3.999, -56.376, -163.768, -23.893, -7.353, -12.633, 30.37, -0.10806, 0.47195, 0.03586, 0.87418,
 11:05:52.727,ed:35:33:d3:6c:f8, 2015-01-01 00:18:51.220, 0.831, -0.035, 0.547, -0.305, -0.122, -0.061, -3.994, -56.376, -163.773, -23.893, -7.353, -12.633, 30.37, -0.10806, 0.47195, 0.03586, 0.87418,
 11:05:52.729,ed:40:fe:65:30:6c, 2015-01-01 00:18:47.790, 0.888, 0.045, 0.473, -0.183, -0.305, -0.061, 4.845, -62.012, -112.275, -26.773, -7.407, 5.273, 25.17, 0.49539, -0.40701, -0.31665, -0.69894,
 11:05:52.729,ed:40:fe:65:30:6c, 2015-01-01 00:18:47.790, 0.887, 0.045, 0.472, 0, -0.305, -0.305, 4.85, -62.012, -112.28, -26.773, -7.407, 5.273, 25.17, 0.49539, -0.40701, -0.31665, -0.69894,
 11:05:52.730,e3:ca:2d:fd:e0:8c, 2015-01-01 00:18:48.365, 1.015, -0.122, -0.039, -0.122, 0.366, -0.061, -109.149, -82.727, -102.881, -25.447, -4.973, -4.160, 23.53, -0.15005, -0.68069, 0.23965, -0.67572,
 11:05:52.730,e3:ca:2d:fd:e0:8c, 2015-01-01 00:18:48.365, 1.015, -0.121, -0.041, -0.183, 0.61, 0.061, -109.067, -82.733, -102.958, -25.447, -4.973, -4.160, 23.53, -0.15005, -0.68069, 0.23965, -0.67572,
 11:05:52.772,f6:90:cc:01:6d:25, 2015-01-01 00:18:50.555, 0.985, -0.049, 0.043, -0.305, 0.061, -0.183, -44.308, -85.952, -130.88, -28.480, -6.607, 3.207, 29.27, 0.04819, -0.68887, -0.01178, -0.72311,
 11:05:52.772,f6:90:cc:01:6d:25, 2015-01-01 00:18:50.555, 0.986, -0.047, 0.043, -0.244, 0.061, -0.122, -44.302, -85.952, -130.924, -28.480, -6.607, 3.207, 29.27, 0.04819, -0.68887, -0.01178, -0.72311,
 11:05:52.772,ed:35:33:d3:6c:f8, 2015-01-01 00:18:51.220, 0.831, -0.036, 0.544, -0.244, -0.244, -0.183, -3.994, -56.382, -163.779, -23.893, -7.353, -12.633, 30.37, -0.10806, 0.47195, 0.03586, 0.87418,
 11:05:52.772,ed:35:33:d3:6c:f8, 2015-01-01 00:18:51.220, 0.828, -0.035, 0.545, -0.427, 0, -0.183, -3.988, -56.387, -163.784, -23.893, -7.353, -12.633, 30.37, -0.10806, 0.47195, 0.03586, 0.87418,
 11:05:52.774,ed:40:fe:65:30:6c, 2015-01-01 00:18:47.790, 0.888, 0.046, 0.471, 0, -0.427, 0, 4.861, -62.018, -112.291, -26.773, -7.407, 5.273, 25.17, 0.49515, -0.40717, -0.31693, -0.69891,
 11:05:52.774,ed:40:fe:65:30:6c, 2015-01-01 00:18:47.790, 0.889, 0.043, 0.466, -0.366, -0.366, 0, 4.867, -62.023, -112.291, -26.773, -7.407, 5.273, 25.17, 0.49515, -0.40717, -0.31693, -0.69891,
 11:05:52.775,e3:ca:2d:fd:e0:8c, 2015-01-01 00:18:48.365, 1.016, -0.12, -0.04, -0.183, 0.854, 0.122, -108.951, -82.733, -103.074, -25.447, -4.973, -4.160, 23.53, -0.15005, -0.68069, 0.23965, -0.67572,
 11:05:52.775,e3:ca:2d:fd:e0:8c, 2015-01-01 00:18:48.365, 1.014, -0.121, -0.041, -0.305, 0.732, 0.244, -108.82, -82.738, -103.2, -25.447, -4.973, -4.160, 23.53, -0.15005, -0.68069, 0.23965, -0.67572,
 11:05:52.795,f6:90:cc:01:6d:25, 2015-01-01 00:18:50.555, 0.986, -0.048, 0.045, -0.427, 0.061, -0.122, -44.308, -85.957, -130.968, -28.480, -6.607, 3.207, 29.27, 0.04819, -0.68887, -0.01178, -0.72311,
 11:05:52.795,f6:90:cc:01:6d:25, 2015-01-01 00:18:50.555, 0.984, -0.047, 0.046, -0.427, 0.122, -0.061, -44.308, -85.957, -131.006, -28.480, -6.607, 3.207, 29.27, 0.04819, -0.68887, -0.01178, -0.72311,
 11:05:52.819,ed:40:fe:65:30:6c, 2015-01-01 00:18:47.790, 0.888, 0.043, 0.466, -0.366, -0.488, -0.122, 4.867, -62.034, -112.297, -26.773, -7.407, 5.273, 25.17, 0.49515, -0.40717, -0.31693, -0.69891,
 11:05:52.819,ed:40:fe:65:30:6c, 2015-01-01 00:18:47.790, 0.886, 0.043, 0.467, -0.427, -0.305, -0.183, 4.872, -62.04, -112.302, -26.773, -7.407, 5.273, 25.17, 0.49515, -0.40717, -0.31693, -0.69891,
 11:05:52.820,e3:ca:2d:fd:e0:8c, 2015-01-01 00:18:48.365, 1.011, -0.122, -0.042, -0.366, 0.488, 0.183, -108.721, -82.738, -103.304, -25.447, -4.973, -4.160, 23.53, -0.15005, -0.68069, 0.23965, -0.67572,
 11:05:52.820,e3:ca:2d:fd:e0:8c, 2015-01-01 00:18:48.365, 1.013, -0.123, -0.042, -0.305, 0.244, 0.183, -108.66, -82.738, -103.365, -25.447, -4.973, -4.160, 23.53, -0.15005, -0.68069, 0.23965, -0.67572,
 11:05:52.842,ed:40:fe:65:30:6c, 2015-01-01 00:18:48.145, 0.885, 0.043, 0.467, -0.305, -0.183, -0.183, 4.878, -62.045, -112.313, -26.773, -7.407, 5.273, 25.17, 0.49515, -0.40717, -0.31693, -0.69891,
 11:05:52.842,ed:40:fe:65:30:6c, 2015-01-01 00:18:48.145, 0.887, 0.042, 0.467, -0.244, -0.122, -0.061, 4.883, -62.045, -112.319, -26.773, -7.407, 5.273, 25.17, 0.49515, -0.40717, -0.31693, -0.69891,
 11:05:52.862,ed:35:33:d3:6c:f8, 2015-01-01 00:18:51.220, 0.827, -0.035, 0.545, -0.305, 0.244, -0.183, -3.988, -56.387, -163.79, -23.893, -7.353, -12.633, 30.37, -0.10791, 0.47174, 0.03616, 0.8743,
 11:05:52.862,ed:35:33:d3:6c:f8, 2015-01-01 00:18:51.220, 0.829, -0.035, 0.546, -0.244, 0.244, -0.122, -3.988, -56.387, -163.795, -23.893, -7.353, -12.633, 30.37, -0.10791, 0.47174, 0.03616, 0.8743,
 11:05:52.863,f6:90:cc:01:6d:25, 2015-01-01 00:18:50.555, 0.981, -0.048, 0.044, -0.427, 0.305, 0, -44.291, -85.957, -131.067, -28.480, -6.607, 3.207, 29.27, 0.04819, -0.68887, -0.01178, -0.72311,
 11:05:52.863,f6:90:cc:01:6d:25, 2015-01-01 00:18:50.555, 0.983, -0.05, 0.042, -0.305, 0.305, -0.061, -44.264, -85.952, -131.138, -28.480, -6.607, 3.207, 29.27, 0.04819, -0.68887, -0.01178, -0.72311,
 11:05:52.865,ed:40:fe:65:30:6c, 2015-01-01 00:18:48.145, 0.887, 0.041, 0.469, -0.122, -0.183, 0, 4.883, -62.051, -112.319, -26.773, -7.407, 5.273, 25.17, 0.49515, -0.40717, -0.31693, -0.69891,
 11:05:52.865,ed:40:fe:65:30:6c, 2015-01-01 00:18:48.145, 0.888, 0.042, 0.469, 0, -0.122, -0.061, 4.889, -62.051, -112.319, -26.773, -7.407, 5.273, 25.17, 0.49515, -0.40717, -0.31693, -0.69891,
 11:05:52.865,e3:ca:2d:fd:e0:8c, 2015-01-01 00:18:48.365, 1.015, -0.122, -0.039, -0.183, 0.366, 0.244, -108.611, -82.733, -103.42, -25.447, -4.973, -4.160, 23.53, -0.15005, -0.68069, 0.23965, -0.67572,
 11:05:52.865,e3:ca:2d:fd:e0:8c, 2015-01-01 00:18:48.365, 1.014, -0.123, -0.038, -0.061, 0.427, 0.305, -108.539, -82.733, -103.497, -25.447, -4.973, -4.160, 23.53, -0.15005, -0.68069, 0.23965, -0.67572,
 11:05:52.885,ed:35:33:d3:6c:f8, 2015-01-01 00:18:51.555, 0.829, -0.037, 0.547, -0.183, 0.061, 0, -3.983, -56.382, -163.801, -23.893, -7.353, -12.633, 30.37, -0.10791, 0.47174, 0.03616, 0.8743,
 11:05:52.885,ed:35:33:d3:6c:f8, 2015-01-01 00:18:51.555, 0.83, -0.037, 0.548, 0, 0, 0, -3.983, -56.382, -163.801, -23.893, -7.353, -12.633, 30.37, -0.10791, 0.47174, 0.03616, 0.8743,
 11:05:52.885,f6:90:cc:01:6d:25, 2015-01-01 00:18:50.555, 0.985, -0.05, 0.045, -0.183, 0.183, -0.122, -44.242, -85.957, -131.21, -28.480, -6.607, 3.207, 29.33, 0.04819, -0.68887, -0.01178, -0.72311,
 11:05:52.885,f6:90:cc:01:6d:25, 2015-01-01 00:18:50.555, 0.986, -0.049, 0.047, -0.061, 0.244, -0.061, -44.22, -85.952, -131.276, -28.480, -6.607, 3.207, 29.33, 0.04819, -0.68887, -0.01178, -0.72311,
 11:05:52.907,ed:35:33:d3:6c:f8, 2015-01-01 00:18:51.555, 0.829, -0.037, 0.548, 0.122, 0.122, 0, -3.983, -56.382, -163.801, -23.893, -7.353, -12.633, 30.37, -0.10791, 0.47174, 0.03616, 0.8743,
 11:05:52.907,ed:35:33:d3:6c:f8, 2015-01-01 00:18:51.555, 0.83, -0.036, 0.549, 0.122, 0.244, 0.061, -3.977, -56.382, -163.801, -23.893, -7.353, -12.633, 30.37, -0.10791, 0.47174, 0.03616, 0.8743,
 11:05:52.909,ed:40:fe:65:30:6c, 2015-01-01 00:18:48.145, 0.887, 0.042, 0.47, 0.061, -0.122, -0.061, 4.894, -62.056, -112.324, -26.773, -7.407, 5.273, 25.17, 0.49515, -0.40717, -0.31693, -0.69891,
 11:05:52.909,ed:40:fe:65:30:6c, 2015-01-01 00:18:48.145, 0.887, 0.042, 0.47, 0.061, 0.061, 0, 4.9, -62.056, -112.324, -26.773, -7.407, 5.273, 25.17, 0.49515, -0.40717, -0.31693, -0.69891,
 11:05:52.910,e3:ca:2d:fd:e0:8c, 2015-01-01 00:18:48.365, 1.012, -0.125, -0.037, 0, 0.244, 0.183, -108.474, -82.733, -103.557, -25.447, -4.973, -4.160, 23.53, -0.15005, -0.68069, 0.23965, -0.67572,
 11:05:52.910,e3:ca:2d:fd:e0:8c, 2015-01-01 00:18:48.365, 1.01, -0.124, -0.036, 0, 0, 0.183, -108.441, -82.727, -103.585, -25.447, -4.973, -4.160, 23.53, -0.15005, -0.68069, 0.23965, -0.67572,
 11:05:52.930,ed:35:33:d3:6c:f8, 2015-01-01 00:18:51.555, 0.828, -0.037, 0.55, 0.122, 0.366, 0.122, -3.972, -56.376, -163.795, -23.893, -7.353, -12.633, 30.37, -0.10791, 0.47174, 0.03616, 0.8743,
 11:05:52.930,ed:35:33:d3:6c:f8, 2015-01-01 00:18:51.555, 0.827, -0.036, 0.549, 0.244, 0.122, 0.122, -3.972, -56.371, -163.795, -23.893, -7.353, -12.633, 30.37, -0.10791, 0.47174, 0.03616, 0.8743,
 11:05:52.930,f6:90:cc:01:6d:25, 2015-01-01 00:18:50.555, 0.984, -0.051, 0.048, -0.061, 0.366, 0, -44.187, -85.952, -131.347, -28.480, -6.607, 3.207, 29.33, 0.04819, -0.68887, -0.01178, -0.72311,
 11:05:52.930,f6:90:cc:01:6d:25, 2015-01-01 00:18:50.555, 0.983, -0.052, 0.048, 0, 0.427, 0, -44.143, -85.946, -131.435, -28.480, -6.607, 3.207, 29.33, 0.04819, -0.68887, -0.01178, -0.72311,
 11:05:52.933,e3:ca:2d:fd:e0:8c, 2015-01-01 00:18:48.365, 1.012, -0.123, -0.037, 0, 0.183, 0.183, -108.408, -82.727, -103.607, -25.573, -4.653, -4.753, 23.53, -0.15005, -0.68069, 0.23965, -0.67572,
 11:05:52.933,e3:ca:2d:fd:e0:8c, 2015-01-01 00:18:48.365, 1.013, -0.123, -0.036, 0, 0.244, 0.122, -108.358, -82.722, -103.651, -25.573, -4.653, -4.753, 23.53, -0.15005, -0.68069, 0.23965, -0.67572,
 11:05:52.953,f6:90:cc:01:6d:25, 2015-01-01 00:18:51.115, 0.984, -0.05, 0.045, 0, 0.366, 0, -44.105, -85.941, -131.512, -28.480, -6.607, 3.207, 29.33, 0.04819, -0.68887, -0.01178, -0.72311,
 11:05:52.953,f6:90:cc:01:6d:25, 2015-01-01 00:18:51.115, 0.983, -0.05, 0.049, -0.061, 0.427, 0, -44.061, -85.935, -131.6, -28.480, -6.607, 3.207, 29.33, 0.04819, -0.68887, -0.01178, -0.72311,
 11:05:52.953,ed:40:fe:65:30:6c, 2015-01-01 00:18:48.145, 0.886, 0.042, 0.471, 0.061, 0.122, 0.061, 4.905, -62.051, -112.324, -26.773, -7.407, 5.273, 25.17, 0.49515, -0.40717, -0.31693, -0.69891,
 11:05:52.953,ed:40:fe:65:30:6c, 2015-01-01 00:18:48.145, 0.885, 0.042, 0.471, 0.122, 0.183, 0.061, 4.905, -62.051, -112.319, -26.773, -7.407, 5.273, 25.17, 0.49515, -0.40717, -0.31693, -0.69891,
 11:05:52.973,ed:35:33:d3:6c:f8, 2015-01-01 00:18:51.555, 0.827, -0.037, 0.549, 0.183, 0.183, 0.122, -3.966, -56.371, -163.79, -23.893, -7.353, -12.633, 30.37, -0.10791, 0.47174, 0.03616, 0.8743,
 11:05:52.973,ed:35:33:d3:6c:f8, 2015-01-01 00:18:51.555, 0.828, -0.038, 0.547, 0.183, 0.183, 0.122, -3.966, -56.371, -163.784, -23.893, -7.353, -12.633, 30.37, -0.10791, 0.47174, 0.03616, 0.8743,
 11:05:52.977,ed:40:fe:65:30:6c, 2015-01-01 00:18:48.145, 0.885, 0.042, 0.47, 0.122, 0.244, 0.122, 4.905, -62.045, -112.313, -26.773, -7.407, 5.273, 25.17, 0.49515, -0.40717, -0.31693, -0.69891,
 11:05:52.977,ed:40:fe:65:30:6c, 2015-01-01 00:18:48.145, 0.885, 0.041, 0.469, 0.061, 0.183, 0.122, 4.905, -62.04, -112.308, -26.773, -7.407, 5.273, 25.17, 0.49515, -0.40717, -0.31693, -0.69891,
 11:05:52.978,e3:ca:2d:fd:e0:8c, 2015-01-01 00:18:48.365, 1.012, -0.124, -0.037, 0, 0.244, 0.061, -108.303, -82.722, -103.689, -25.573, -4.653, -4.753, 23.53, -0.15005, -0.68069, 0.23965, -0.67572,
 11:05:52.978,e3:ca:2d:fd:e0:8c, 2015-01-01 00:18:48.365, 1.011, -0.124, -0.038, 0, 0.183, 0.061, -108.254, -82.727, -103.722, -25.573, -4.653, -4.753, 23.53, -0.15005, -0.68069, 0.23965, -0.67572,
 11:05:52.998,f6:90:cc:01:6d:25, 2015-01-01 00:18:51.115, 0.983, -0.05, 0.047, 0, 0.366, 0, -44.022, -85.935, -131.677, -28.480, -6.607, 3.207, 29.33, 0.04819, -0.68887, -0.01178, -0.72311,
 11:05:52.998,f6:90:cc:01:6d:25, 2015-01-01 00:18:51.115, 0.982, -0.052, 0.047, 0, 0.366, 0, -43.989, -85.93, -131.754, -28.480, -6.607, 3.207, 29.33, 0.04819, -0.68887, -0.01178, -0.72311,
 11:05:53.019,ed:35:33:d3:6c:f8, 2015-01-01 00:18:51.555, 0.827, -0.037, 0.547, 0.244, 0.244, 0.183, -3.961, -56.365, -163.784, -23.893, -7.353, -12.633, 30.37, -0.10791, 0.47174, 0.03616, 0.8743,
 11:05:53.019,ed:35:33:d3:6c:f8, 2015-01-01 00:18:51.555, 0.827, -0.035, 0.547, 0.183, 0.366, 0.244, -3.961, -56.36, -163.773, -23.893, -7.353, -12.633, 30.37, -0.10791, 0.47174, 0.03616, 0.8743,
 11:05:53.020,f6:90:cc:01:6d:25, 2015-01-01 00:18:51.115, 0.982, -0.051, 0.046, 0.061, 0.305, 0, -43.962, -85.924, -131.825, -28.480, -6.607, 3.207, 29.33, 0.04819, -0.68887, -0.01178, -0.72311,
 11:05:53.020,f6:90:cc:01:6d:25, 2015-01-01 00:18:51.115, 0.983, -0.049, 0.048, 0.061, 0.244, 0, -43.945, -85.924, -131.88, -28.480, -6.607, 3.207, 29.33, 0.04819, -0.68887, -0.01178, -0.72311,
 11:05:53.022,ed:40:fe:65:30:6c, 2015-01-01 00:18:48.145, 0.885, 0.041, 0.467, 0.061, 0.244, 0.122, 4.905, -62.034, -112.302, -26.773, -7.407, 5.273, 25.17, 0.49515, -0.40717, -0.31693, -0.69891,
 11:05:53.022,ed:40:fe:65:30:6c, 2015-01-01 00:18:48.145, 0.886, 0.043, 0.469, 0.183, 0.305, 0.183, 4.905, -62.029, -112.297, -26.773, -7.407, 5.273, 25.17, 0.49515, -0.40717, -0.31693, -0.69891,
 11:05:53.023,e3:ca:2d:fd:e0:8c, 2015-01-01 00:18:48.365, 1.012, -0.124, -0.039, -0.061, 0.061, 0, -108.221, -82.727, -103.744, -25.573, -4.653, -4.753, 23.53, -0.14963, -0.68011, 0.23926, -0.67654,
 11:05:53.023,e3:ca:2d:fd:e0:8c, 2015-01-01 00:18:48.365, 1.013, -0.122, -0.038, -0.183, 0, 0, -108.21, -82.727, -103.749, -25.573, -4.653, -4.753, 23.53, -0.14963, -0.68011, 0.23926, -0.67654,
 11:05:53.066,f6:90:cc:01:6d:25, 2015-01-01 00:18:51.115, 0.982, -0.052, 0.047, 0, 0.183, -0.061, -43.934, -85.919, -131.929, -28.480, -6.607, 3.207, 29.33, 0.04819, -0.68887, -0.01178, -0.72311,
 11:05:53.066,f6:90:cc:01:6d:25, 2015-01-01 00:18:51.115, 0.985, -0.051, 0.046, 0.122, 0.122, -0.122, -43.923, -85.919, -131.984, -28.480, -6.607, 3.207, 29.33, 0.04819, -0.68887, -0.01178, -0.72311,
 11:05:53.066,ed:35:33:d3:6c:f8, 2015-01-01 00:18:51.555, 0.827, -0.038, 0.549, 0.122, 0.549, 0.366, -3.966, -56.354, -163.768, -23.893, -7.353, -12.633, 30.37, -0.10791, 0.47174, 0.03616, 0.8743,
 11:05:53.066,ed:35:33:d3:6c:f8, 2015-01-01 00:18:51.555, 0.829, -0.042, 0.55, 0, 0.488, 0.488, -3.972, -56.343, -163.751, -23.893, -7.353, -12.633, 30.37, -0.10791, 0.47174, 0.03616, 0.8743,
 11:05:53.067,e3:ca:2d:fd:e0:8c, 2015-01-01 00:18:48.675, 1.013, -0.122, -0.04, -0.183, -0.183, 0, -108.215, -82.727, -103.733, -25.573, -4.653, -4.753, 23.53, -0.14963, -0.68011, 0.23926, -0.67654,
 11:05:53.067,e3:ca:2d:fd:e0:8c, 2015-01-01 00:18:48.675, 1.012, -0.123, -0.039, -0.183, -0.366, -0.061, -108.248, -82.722, -103.694, -25.573, -4.653, -4.753, 23.53, -0.14963, -0.68011, 0.23926, -0.67654,
 11:05:53.091,ed:40:fe:65:30:6c, 2015-01-01 00:18:48.145, 0.886, 0.038, 0.47, 0.244, 0.366, 0.366, 4.9, -62.023, -112.286, -26.700, -7.320, 4.827, 25.17, 0.49515, -0.40717, -0.31693, -0.69891,
 11:05:53.091,ed:40:fe:65:30:6c, 2015-01-01 00:18:48.145, 0.888, 0.039, 0.471, -0.122, 0.366, 0.366, 4.889, -62.018, -112.269, -26.700, -7.320, 4.827, 25.17, 0.49515, -0.40717, -0.31693, -0.69891,
 11:05:53.110,f6:90:cc:01:6d:25, 2015-01-01 00:18:51.115, 0.99, -0.048, 0.045, 0.061, 0.183, -0.122, -43.901, -85.919, -132.05, -28.480, -6.607, 3.207, 29.33, 0.04819, -0.68887, -0.01178, -0.72311,
 11:05:53.110,f6:90:cc:01:6d:25, 2015-01-01 00:18:51.115, 0.99, -0.049, 0.047, -0.061, 0.244, 0, -43.896, -85.919, -132.1, -28.480, -6.607, 3.207, 29.33, 0.04819, -0.68887, -0.01178, -0.72311,
 11:05:53.112,ed:40:fe:65:30:6c, 2015-01-01 00:18:48.145, 0.893, 0.044, 0.468, -0.122, 0.366, 0, 4.883, -62.007, -112.264, -26.700, -7.320, 4.827, 25.17, 0.49542, -0.40695, -0.31711, -0.69876,
 11:05:53.112,ed:40:fe:65:30:6c, 2015-01-01 00:18:48.145, 0.89, 0.046, 0.472, 0.183, 0.366, -0.122, 4.889, -62.001, -112.264, -26.700, -7.320, 4.827, 25.17, 0.49542, -0.40695, -0.31711, -0.69876,
 11:05:53.112,e3:ca:2d:fd:e0:8c, 2015-01-01 00:18:48.675, 1.016, -0.124, -0.038, -0.244, -0.305, -0.122, -108.298, -82.722, -103.64, -25.573, -4.653, -4.753, 23.53, -0.14963, -0.68011, 0.23926, -0.67654,
 11:05:53.112,e3:ca:2d:fd:e0:8c, 2015-01-01 00:18:48.675, 1.018, -0.125, -0.037, -0.244, -0.183, -0.244, -108.336, -82.727, -103.59, -25.573, -4.653, -4.753, 23.53, -0.14963, -0.68011, 0.23926, -0.67654,
 11:05:53.133,ed:35:33:d3:6c:f8, 2015-01-01 00:18:51.555, 0.834, -0.037, 0.547, 0.122, 0.122, 0, -3.983, -56.332, -163.74, -23.487, -7.680, -13.640, 30.37, -0.10791, 0.47174, 0.03616, 0.8743,
 11:05:53.133,ed:35:33:d3:6c:f8, 2015-01-01 00:18:51.555, 0.831, -0.031, 0.552, 0.305, 0.183, -0.244, -3.972, -56.332, -163.746, -23.487, -7.680, -13.640, 30.37, -0.10791, 0.47174, 0.03616, 0.8743,
 11:05:53.135,e3:ca:2d:fd:e0:8c, 2015-01-01 00:18:48.675, 1.014, -0.125, -0.037, -0.122, -0.061, -0.122, -108.353, -82.727, -103.563, -25.573, -4.653, -4.753, 23.53, -0.14963, -0.68011, 0.23926, -0.67654,
 11:05:53.135,e3:ca:2d:fd:e0:8c, 2015-01-01 00:18:48.675, 1.011, -0.124, -0.041, -0.061, -0.122, -0.061, -108.358, -82.733, -103.546, -25.573, -4.653, -4.753, 23.53, -0.14963, -0.68011, 0.23926, -0.67654,
 11:05:53.154,ed:35:33:d3:6c:f8, 2015-01-01 00:18:51.555, 0.827, -0.037, 0.551, 0.122, 0.366, 0.244, -3.961, -56.332, -163.751, -23.487, -7.680, -13.640, 30.37, -0.10834, 0.47128, 0.03647, 0.87448,
 11:05:53.154,ed:35:33:d3:6c:f8, 2015-01-01 00:18:51.555, 0.824, -0.04, 0.549, 0.122, 0.122, 0.061, -3.966, -56.327, -163.74, -23.487, -7.680, -13.640, 30.37, -0.10834, 0.47128, 0.03647, 0.87448,
 11:05:53.156,f6:90:cc:01:6d:25, 2015-01-01 00:18:51.115, 0.983, -0.052, 0.044, -0.122, 0.427, 0, -43.852, -85.913, -132.188, -28.480, -6.607, 3.207, 29.33, 0.04819, -0.68887, -0.01178, -0.72311,
 11:05:53.156,f6:90:cc:01:6d:25, 2015-01-01 00:18:51.115, 0.981, -0.051, 0.046, 0.122, 0.488, 0, -43.797, -85.908, -132.286, -28.480, -6.607, 3.207, 29.33, 0.04819, -0.68887, -0.01178, -0.72311,
 11:05:53.158,ed:40:fe:65:30:6c, 2015-01-01 00:18:48.145, 0.884, 0.041, 0.472, 0.061, 0.366, 0.305, 4.883, -61.996, -112.253, -26.700, -7.320, 4.827, 25.17, 0.49542, -0.40695, -0.31711, -0.69876,
 11:05:53.158,ed:40:fe:65:30:6c, 2015-01-01 00:18:48.145, 0.882, 0.04, 0.471, 0.061, 0.366, 0.122, 4.883, -61.985, -112.247, -26.700, -7.320, 4.827, 25.17, 0.49542, -0.40695, -0.31711, -0.69876,
 11:05:53.178,ed:40:fe:65:30:6c, 2015-01-01 00:18:48.505, 0.881, 0.041, 0.472, 0.122, 0.305, 0.061, 4.883, -61.979, -112.242, -26.700, -7.320, 4.827, 25.17, 0.49542, -0.40695, -0.31711, -0.69876,
 11:05:53.178,ed:40:fe:65:30:6c, 2015-01-01 00:18:48.505, 0.881, 0.04, 0.471, 0.061, 0.305, 0.183, 4.878, -61.974, -112.236, -26.700, -7.320, 4.827, 25.17, 0.49542, -0.40695, -0.31711, -0.69876,
 11:05:53.181,e3:ca:2d:fd:e0:8c, 2015-01-01 00:18:48.675, 1.01, -0.121, -0.04, 0, -0.305, -0.061, -108.38, -82.727, -103.513, -25.573, -4.653, -4.753, 23.53, -0.14963, -0.68011, 0.23926, -0.67654,
 11:05:53.181,e3:ca:2d:fd:e0:8c, 2015-01-01 00:18:48.675, 1.011, -0.122, -0.039, 0, -0.366, -0.122, -108.424, -82.727, -103.458, -25.573, -4.653, -4.753, 23.53, -0.14963, -0.68011, 0.23926, -0.67654,
 11:05:53.199,ed:35:33:d3:6c:f8, 2015-01-01 00:18:51.555, 0.823, -0.038, 0.55, 0.244, 0, 0, -3.961, -56.327, -163.74, -23.487, -7.680, -13.640, 30.37, -0.10834, 0.47128, 0.03647, 0.87448,
 11:05:53.199,ed:35:33:d3:6c:f8, 2015-01-01 00:18:51.555, 0.823, -0.038, 0.549, 0.061, 0, 0.183, -3.955, -56.327, -163.74, -23.487, -7.680, -13.640, 30.37, -0.10834, 0.47128, 0.03647, 0.87448,
 11:05:53.223,f6:90:cc:01:6d:25, 2015-01-01 00:18:51.115, 0.979, -0.049, 0.047, 0.305, 0.305, -0.061, -43.764, -85.908, -132.363, -28.740, -6.960, 3.367, 29.33, 0.04819, -0.68887, -0.01178, -0.72311,
 11:05:53.223,f6:90:cc:01:6d:25, 2015-01-01 00:18:51.115, 0.98, -0.051, 0.046, 0.305, 0.183, -0.183, -43.726, -85.908, -132.44, -28.740, -6.960, 3.367, 29.33, 0.04819, -0.68887, -0.01178, -0.72311,
 11:05:53.223,ed:35:33:d3:6c:f8, 2015-01-01 00:18:51.915, 0.826, -0.039, 0.549, 0.244, 0, 0.183, -3.961, -56.327, -163.735, -23.487, -7.680, -13.640, 30.37, -0.10834, 0.47128, 0.03647, 0.87448,
 11:05:53.223,ed:35:33:d3:6c:f8, 2015-01-01 00:18:51.915, 0.827, -0.04, 0.548, 0.427, 0, 0.061, -3.961, -56.327, -163.729, -23.487, -7.680, -13.640, 30.37, -0.10834, 0.47128, 0.03647, 0.87448,
 11:05:53.225,e3:ca:2d:fd:e0:8c, 2015-01-01 00:18:48.675, 1.014, -0.124, -0.039, -0.183, -0.488, -0.122, -108.484, -82.727, -103.387, -25.573, -4.653, -4.753, 23.53, -0.14963, -0.68011, 0.23926, -0.67654,
 11:05:53.225,e3:ca:2d:fd:e0:8c, 2015-01-01 00:18:48.675, 1.014, -0.124, -0.038, -0.122, -0.549, -0.122, -108.556, -82.727, -103.299, -25.573, -4.653, -4.753, 23.53, -0.14963, -0.68011, 0.23926, -0.67654,
 11:05:53.246,ed:40:fe:65:30:6c, 2015-01-01 00:18:48.505, 0.884, 0.04, 0.47, 0.183, 0.122, 0.122, 4.878, -61.968, -112.225, -26.700, -7.320, 4.827, 25.17, 0.49542, -0.40695, -0.31711, -0.69876,
 11:05:53.246,ed:40:fe:65:30:6c, 2015-01-01 00:18:48.505, 0.886, 0.039, 0.471, 0.305, 0.122, 0, 4.883, -61.968, -112.225, -26.700, -7.320, 4.827, 25.17, 0.49542, -0.40695, -0.31711, -0.69876,
 11:05:53.246,f6:90:cc:01:6d:25, 2015-01-01 00:18:51.115, 0.983, -0.051, 0.047, 0.183, 0.061, 0, -43.753, -85.908, -132.457, -28.740, -6.960, 3.367, 29.33, 0.04132, -0.6886, -0.00525, -0.72388,
 11:05:53.246,f6:90:cc:01:6d:25, 2015-01-01 00:18:51.115, 0.985, -0.049, 0.049, 0.305, 0, 0, -43.781, -85.908, -132.462, -28.740, -6.960, 3.367, 29.33, 0.04132, -0.6886, -0.00525, -0.72388,
 11:05:53.267,ed:35:33:d3:6c:f8, 2015-01-01 00:18:51.915, 0.83, -0.039, 0.55, 0.366, 0.122, -0.183, -3.95, -56.321, -163.729, -23.487, -7.680, -13.640, 30.37, -0.10834, 0.47128, 0.03647, 0.87448,
 11:05:53.267,ed:35:33:d3:6c:f8, 2015-01-01 00:18:51.915, 0.827, -0.035, 0.552, 0.366, 0.183, -0.427, -3.939, -56.321, -163.735, -23.487, -7.680, -13.640, 30.37, -0.10834, 0.47128, 0.03647, 0.87448,
 11:05:53.269,ed:40:fe:65:30:6c, 2015-01-01 00:18:48.505, 0.887, 0.042, 0.473, 0.183, 0.244, -0.244, 4.894, -61.963, -112.231, -26.700, -7.320, 4.827, 25.17, 0.49542, -0.40695, -0.31711, -0.69876,
 11:05:53.269,ed:40:fe:65:30:6c, 2015-01-01 00:18:48.505, 0.884, 0.042, 0.475, 0.305, 0.183, -0.427, 4.916, -61.957, -112.247, -26.700, -7.320, 4.827, 25.17, 0.49542, -0.40695, -0.31711, -0.69876,
 11:05:53.270,e3:ca:2d:fd:e0:8c, 2015-01-01 00:18:48.675, 1.014, -0.124, -0.037, -0.122, -0.61, -0.183, -108.638, -82.727, -103.206, -25.273, -4.967, -4.647, 23.53, -0.14963, -0.68011, 0.23926, -0.67654,
 11:05:53.270,e3:ca:2d:fd:e0:8c, 2015-01-01 00:18:48.675, 1.012, -0.123, -0.037, -0.244, -0.549, -0.305, -108.726, -82.727, -103.107, -25.273, -4.967, -4.647, 23.53, -0.14963, -0.68011, 0.23926, -0.67654,
 11:05:53.289,ed:35:33:d3:6c:f8, 2015-01-01 00:18:51.915, 0.826, -0.036, 0.55, 0.183, 0.122, -0.244, -3.917, -56.321, -163.751, -23.487, -7.680, -13.640, 30.37, -0.10834, 0.47128, 0.03647, 0.87448,
 11:05:53.289,ed:35:33:d3:6c:f8, 2015-01-01 00:18:51.915, 0.828, -0.035, 0.552, 0, -0.122, -0.549, -3.906, -56.316, -163.762, -23.487, -7.680, -13.640, 30.37, -0.10834, 0.47128, 0.03647, 0.87448,
 11:05:53.290,f6:90:cc:01:6d:25, 2015-01-01 00:18:51.115, 0.986, -0.05, 0.048, 0.061, 0, 0, -43.813, -85.908, -132.462, -28.740, -6.960, 3.367, 29.33, 0.04132, -0.6886, -0.00525, -0.72388,
 11:05:53.290,f6:90:cc:01:6d:25, 2015-01-01 00:18:51.115, 0.984, -0.049, 0.05, 0, 0, 0, -43.846, -85.908, -132.468, -28.740, -6.960, 3.367, 29.33, 0.04132, -0.6886, -0.00525, -0.72388,
 11:05:53.314,ed:40:fe:65:30:6c, 2015-01-01 00:18:48.505, 0.885, 0.042, 0.472, 0.061, 0.305, -0.305, 4.927, -61.946, -112.264, -26.700, -7.320, 4.827, 25.17, 0.49542, -0.40695, -0.31711, -0.69876,
 11:05:53.314,ed:40:fe:65:30:6c, 2015-01-01 00:18:48.505, 0.887, 0.045, 0.473, -0.122, 0.244, -0.488, 4.944, -61.941, -112.28, -26.700, -7.320, 4.827, 25.17, 0.49542, -0.40695, -0.31711, -0.69876,
 11:05:53.315,e3:ca:2d:fd:e0:8c, 2015-01-01 00:18:48.675, 1.013, -0.122, -0.037, -0.244, -0.427, -0.305, -108.798, -82.733, -103.019, -25.273, -4.967, -4.647, 23.53, -0.14868, -0.68088, 0.23816, -0.67636,
 11:05:53.315,e3:ca:2d:fd:e0:8c, 2015-01-01 00:18:48.675, 1.015, -0.122, -0.038, -0.244, -0.427, -0.305, -108.864, -82.733, -102.942, -25.273, -4.967, -4.647, 23.53, -0.14868, -0.68088, 0.23816, -0.67636,
 11:05:53.334,ed:35:33:d3:6c:f8, 2015-01-01 00:18:51.915, 0.827, -0.032, 0.551, -0.061, -0.122, -0.427, -3.889, -56.321, -163.779, -23.487, -7.680, -13.640, 30.37, -0.10834, 0.47128, 0.03647, 0.87448,
 11:05:53.334,ed:35:33:d3:6c:f8, 2015-01-01 00:18:51.915, 0.827, -0.033, 0.549, -0.549, 0, -0.305, -3.878, -56.321, -163.795, -23.487, -7.680, -13.640, 30.37, -0.10834, 0.47128, 0.03647, 0.87448,
 11:05:53.335,f6:90:cc:01:6d:25, 2015-01-01 00:18:51.475, 0.983, -0.05, 0.048, -0.122, 0, 0, -43.874, -85.908, -132.473, -28.740, -6.960, 3.367, 29.33, 0.04132, -0.6886, -0.00525, -0.72388,
 11:05:53.335,f6:90:cc:01:6d:25, 2015-01-01 00:18:51.475, 0.986, -0.048, 0.049, -0.122, 0.061, 0, -43.89, -85.908, -132.49, -28.740, -6.960, 3.367, 29.33, 0.04132, -0.6886, -0.00525, -0.72388,
 11:05:53.337,e3:ca:2d:fd:e0:8c, 2015-01-01 00:18:48.965, 1.015, -0.122, -0.039, -0.183, -0.427, -0.305, -108.924, -82.738, -102.859, -25.273, -4.967, -4.647, 23.53, -0.14868, -0.68088, 0.23816, -0.67636,
 11:05:53.337,e3:ca:2d:fd:e0:8c, 2015-01-01 00:18:48.965, 1.014, -0.122, -0.039, -0.183, -0.366, -0.183, -108.973, -82.738, -102.794, -25.273, -4.967, -4.647, 23.53, -0.14868, -0.68088, 0.23816, -0.67636,
 11:05:53.358,f6:90:cc:01:6d:25, 2015-01-01 00:18:51.475, 0.984, -0.048, 0.047, -0.061, 0.061, 0, -43.901, -85.908, -132.506, -28.740, -6.960, 3.367, 29.33, 0.04132, -0.6886, -0.00525, -0.72388,
 11:05:53.358,f6:90:cc:01:6d:25, 2015-01-01 00:18:51.475, 0.983, -0.049, 0.046, -0.061, 0.122, 0, -43.907, -85.908, -132.534, -28.740, -6.960, 3.367, 29.33, 0.04132, -0.6886, -0.00525, -0.72388,
 11:05:53.379,ed:35:33:d3:6c:f8, 2015-01-01 00:18:51.915, 0.828, -0.036, 0.55, -0.427, 0, -0.305, -3.878, -56.321, -163.806, -23.487, -7.680, -13.640, 30.37, -0.10834, 0.47128, 0.03647, 0.87448,
 11:05:53.379,ed:35:33:d3:6c:f8, 2015-01-01 00:18:51.915, 0.825, -0.036, 0.549, -0.488, -0.061, -0.244, -3.878, -56.321, -163.817, -23.487, -7.680, -13.640, 30.37, -0.10834, 0.47128, 0.03647, 0.87448,
 11:05:53.382,ed:40:fe:65:30:6c, 2015-01-01 00:18:48.505, 0.885, 0.046, 0.473, -0.061, 0.061, -0.366, 4.96, -61.935, -112.297, -26.700, -7.320, 4.827, 25.17, 0.49542, -0.40695, -0.31711, -0.69876,
 11:05:53.382,ed:40:fe:65:30:6c, 2015-01-01 00:18:48.505, 0.884, 0.044, 0.471, -0.549, 0.183, -0.183, 4.96, -61.93, -112.302, -26.700, -7.320, 4.827, 25.17, 0.49542, -0.40695, -0.31711, -0.69876,
 11:05:53.383,e3:ca:2d:fd:e0:8c, 2015-01-01 00:18:48.965, 1.013, -0.122, -0.042, -0.244, -0.305, -0.183, -109.017, -82.744, -102.733, -25.273, -4.967, -4.647, 23.53, -0.14868, -0.68088, 0.23816, -0.67636,
 11:05:53.383,e3:ca:2d:fd:e0:8c, 2015-01-01 00:18:48.965, 1.014, -0.123, -0.042, -0.244, -0.366, -0.244, -109.072, -82.744, -102.673, -25.273, -4.967, -4.647, 23.53, -0.14868, -0.68088, 0.23816, -0.67636,
 11:05:53.403,f6:90:cc:01:6d:25, 2015-01-01 00:18:51.475, 0.983, -0.051, 0.045, -0.244, 0.244, 0, -43.89, -85.908, -132.583, -28.740, -6.960, 3.367, 29.33, 0.04132, -0.6886, -0.00525, -0.72388,
 11:05:53.403,f6:90:cc:01:6d:25, 2015-01-01 00:18:51.475, 0.983, -0.051, 0.045, -0.183, 0.061, 0, -43.912, -85.908, -132.599, -28.740, -6.960, 3.367, 29.33, 0.04132, -0.6886, -0.00525, -0.72388,
 11:05:53.404,ed:40:fe:65:30:6c, 2015-01-01 00:18:48.505, 0.884, 0.042, 0.472, -0.366, 0.061, -0.183, 4.966, -61.93, -112.313, -26.860, -7.167, 5.120, 25.17, 0.49542, -0.40695, -0.31711, -0.69876,
 11:05:53.404,ed:40:fe:65:30:6c, 2015-01-01 00:18:48.505, 0.883, 0.042, 0.471, -0.427, 0, -0.122, 4.966, -61.924, -112.319, -26.860, -7.167, 5.120, 25.17, 0.49542, -0.40695, -0.31711, -0.69876,
 11:05:53.425,f6:90:cc:01:6d:25, 2015-01-01 00:18:51.475, 0.984, -0.047, 0.045, 0.061, -0.122, 0, -43.956, -85.908, -132.594, -28.740, -6.960, 3.367, 29.33, 0.04132, -0.6886, -0.00525, -0.72388,
 11:05:53.425,f6:90:cc:01:6d:25, 2015-01-01 00:18:51.475, 0.986, -0.048, 0.046, 0, -0.183, 0, -44.011, -85.913, -132.572, -28.740, -6.960, 3.367, 29.33, 0.04132, -0.6886, -0.00525, -0.72388,
 11:05:53.425,ed:35:33:d3:6c:f8, 2015-01-01 00:18:51.915, 0.827, -0.037, 0.55, -0.488, -0.061, -0.183, -3.878, -56.327, -163.823, -23.487, -7.680, -13.640, 30.37, -0.10834, 0.47128, 0.03647, 0.87448,
 11:05:53.425,ed:35:33:d3:6c:f8, 2015-01-01 00:18:51.915, 0.829, -0.037, 0.549, -0.122, -0.061, -0.183, -3.878, -56.327, -163.834, -23.487, -7.680, -13.640, 30.37, -0.10834, 0.47128, 0.03647, 0.87448,
 11:05:53.429,e3:ca:2d:fd:e0:8c, 2015-01-01 00:18:48.965, 1.014, -0.122, -0.042, -0.183, -0.488, -0.244, -109.138, -82.744, -102.59, -25.273, -4.967, -4.647, 23.53, -0.14868, -0.68088, 0.23816, -0.67636,
 11:05:53.429,e3:ca:2d:fd:e0:8c, 2015-01-01 00:18:48.965, 1.013, -0.122, -0.042, -0.122, -0.549, -0.183, -109.221, -82.744, -102.497, -25.273, -4.967, -4.647, 23.53, -0.14868, -0.68088, 0.23816, -0.67636,
 11:05:53.450,ed:40:fe:65:30:6c, 2015-01-01 00:18:48.505, 0.885, 0.042, 0.472, -0.366, 0, -0.061, 4.96, -61.924, -112.319, -26.860, -7.167, 5.120, 25.17, 0.49542, -0.40695, -0.31711, -0.69876,
 11:05:53.450,ed:40:fe:65:30:6c, 2015-01-01 00:18:48.505, 0.886, 0.042, 0.471, -0.183, -0.061, -0.122, 4.966, -61.924, -112.324, -26.860, -7.167, 5.120, 25.17, 0.49542, -0.40695, -0.31711, -0.69876,
 11:05:53.471,f6:90:cc:01:6d:25, 2015-01-01 00:18:51.475, 0.986, -0.049, 0.048, 0.183, -0.122, 0, -44.072, -85.919, -132.545, -28.740, -6.960, 3.367, 29.33, 0.04132, -0.6886, -0.00525, -0.72388,
 11:05:53.471,f6:90:cc:01:6d:25, 2015-01-01 00:18:51.475, 0.985, -0.05, 0.045, 0.122, -0.061, 0, -44.116, -85.919, -132.528, -28.740, -6.960, 3.367, 29.33, 0.04132, -0.6886, -0.00525, -0.72388,
 11:05:53.472,ed:40:fe:65:30:6c, 2015-01-01 00:18:48.505, 0.887, 0.044, 0.472, -0.061, -0.122, -0.244, 4.971, -61.924, -112.335, -26.860, -7.167, 5.120, 25.17, 0.49548, -0.40625, -0.31705, -0.69916,
 11:05:53.472,ed:40:fe:65:30:6c, 2015-01-01 00:18:48.505, 0.887, 0.045, 0.473, 0, -0.122, -0.183, 4.982, -61.924, -112.346, -26.860, -7.167, 5.120, 25.17, 0.49548, -0.40625, -0.31705, -0.69916,
 11:05:53.473,e3:ca:2d:fd:e0:8c, 2015-01-01 00:18:48.965, 1.014, -0.122, -0.04, -0.061, -0.549, -0.183, -109.297, -82.744, -102.409, -25.273, -4.967, -4.647, 23.53, -0.14868, -0.68088, 0.23816, -0.67636,
 11:05:53.473,e3:ca:2d:fd:e0:8c, 2015-01-01 00:18:48.965, 1.015, -0.122, -0.039, 0, -0.549, -0.061, -109.374, -82.744, -102.321, -25.273, -4.967, -4.647, 23.53, -0.14868, -0.68088, 0.23816, -0.67636,
 11:05:53.492,ed:35:33:d3:6c:f8, 2015-01-01 00:18:51.915, 0.829, -0.035, 0.55, 0, -0.122, -0.305, -3.873, -56.327, -163.839, -23.280, -7.687, -12.880, 30.37, -0.10834, 0.47128, 0.03647, 0.87448,
 11:05:53.492,ed:35:33:d3:6c:f8, 2015-01-01 00:18:51.915, 0.829, -0.034, 0.55, 0, -0.183, -0.244, -3.862, -56.332, -163.85, -23.280, -7.687, -12.880, 30.37, -0.10834, 0.47128, 0.03647, 0.87448,
 11:05:53.495,e3:ca:2d:fd:e0:8c, 2015-01-01 00:18:48.965, 1.014, -0.123, -0.04, 0.061, -0.427, -0.061, -109.429, -82.744, -102.25, -25.273, -4.967, -4.647, 23.53, -0.14868, -0.68088, 0.23816, -0.67636,
 11:05:53.495,e3:ca:2d:fd:e0:8c, 2015-01-01 00:18:48.965, 1.012, -0.121, -0.04, 0, -0.244, -0.061, -109.457, -82.744, -102.2, -25.273, -4.967, -4.647, 23.53, -0.14868, -0.68088, 0.23816, -0.67636,
 11:05:53.515,ed:35:33:d3:6c:f8, 2015-01-01 00:18:51.915, 0.829, -0.033, 0.55, 0, -0.122, -0.122, -3.856, -56.332, -163.856, -23.280, -7.687, -12.880, 30.37, -0.10794, 0.47128, 0.03687, 0.87451,
 11:05:53.515,ed:35:33:d3:6c:f8, 2015-01-01 00:18:51.915, 0.829, -0.036, 0.549, 0.061, -0.183, 0.061, -3.851, -56.338, -163.856, -23.280, -7.687, -12.880, 30.37, -0.10794, 0.47128, 0.03687, 0.87451,
 11:05:53.515,f6:90:cc:01:6d:25, 2015-01-01 00:18:51.475, 0.985, -0.048, 0.047, 0.366, 0, 0, -44.154, -85.919, -132.523, -28.740, -6.960, 3.367, 29.33, 0.04132, -0.6886, -0.00525, -0.72388,
 11:05:53.515,f6:90:cc:01:6d:25, 2015-01-01 00:18:51.475, 0.984, -0.048, 0.046, 0.427, -0.061, 0, -44.176, -85.924, -132.523, -28.740, -6.960, 3.367, 29.33, 0.04132, -0.6886, -0.00525, -0.72388,
 11:05:53.516,ed:40:fe:65:30:6c, 2015-01-01 00:18:48.505, 0.887, 0.045, 0.472, 0.061, -0.122, -0.061, 4.993, -61.93, -112.346, -26.860, -7.167, 5.120, 25.17, 0.49548, -0.40625, -0.31705, -0.69916,
 11:05:53.516,ed:40:fe:65:30:6c, 2015-01-01 00:18:48.505, 0.887, 0.042, 0.471, 0.183, -0.061, 0.061, 4.999, -61.93, -112.346, -26.860, -7.167, 5.120, 25.17, 0.49548, -0.40625, -0.31705, -0.69916,
 11:05:53.539,ed:40:fe:65:30:6c, 2015-01-01 00:18:48.860, 0.885, 0.044, 0.47, 0.244, 0, 0.122, 4.999, -61.93, -112.341, -26.860, -7.167, 5.120, 25.17, 0.49548, -0.40625, -0.31705, -0.69916,
 11:05:53.539,ed:40:fe:65:30:6c, 2015-01-01 00:18:48.860, 0.885, 0.045, 0.471, 0.183, 0, 0.122, 5.004, -61.924, -112.335, -26.860, -7.167, 5.120, 25.17, 0.49548, -0.40625, -0.31705, -0.69916,
 11:05:53.540,e3:ca:2d:fd:e0:8c, 2015-01-01 00:18:48.965, 1.013, -0.12, -0.041, 0, -0.122, 0, -109.462, -82.744, -102.178, -25.347, -4.807, -4.667, 23.53, -0.14868, -0.68088, 0.23816, -0.67636,
 11:05:53.540,e3:ca:2d:fd:e0:8c, 2015-01-01 00:18:48.965, 1.013, -0.122, -0.042, 0, -0.183, 0, -109.473, -82.744, -102.151, -25.347, -4.807, -4.667, 23.53, -0.14868, -0.68088, 0.23816, -0.67636,
 11:05:53.560,ed:35:33:d3:6c:f8, 2015-01-01 00:18:51.915, 0.828, -0.035, 0.548, 0.061, -0.244, 0.122, -3.851, -56.343, -163.85, -23.280, -7.687, -12.880, 30.37, -0.10794, 0.47128, 0.03687, 0.87451,
 11:05:53.560,ed:35:33:d3:6c:f8, 2015-01-01 00:18:51.915, 0.828, -0.032, 0.548, 0.061, -0.244, 0.183, -3.851, -56.349, -163.845, -23.280, -7.687, -12.880, 30.37, -0.10794, 0.47128, 0.03687, 0.87451,
 11:05:53.583,ed:35:33:d3:6c:f8, 2015-01-01 00:18:51.915, 0.829, -0.031, 0.547, 0, -0.061, 0.305, -3.856, -56.349, -163.839, -23.280, -7.687, -12.880, 30.37, -0.10794, 0.47128, 0.03687, 0.87451,
 11:05:53.583,ed:35:33:d3:6c:f8, 2015-01-01 00:18:51.915, 0.829, -0.033, 0.548, 0.122, 0, 0.427, -3.862, -56.354, -163.823, -23.280, -7.687, -12.880, 30.37, -0.10794, 0.47128, 0.03687, 0.87451,
 11:05:53.583,f6:90:cc:01:6d:25, 2015-01-01 00:18:51.475, 0.984, -0.049, 0.047, 0.427, 0, 0, -44.203, -85.924, -132.517, -28.407, -6.420, 3.767, 29.33, 0.04132, -0.6886, -0.00525, -0.72388,
 11:05:53.583,f6:90:cc:01:6d:25, 2015-01-01 00:18:51.475, 0.983, -0.05, 0.046, 0.366, 0.061, 0, -44.22, -85.924, -132.523, -28.407, -6.420, 3.767, 29.33, 0.04132, -0.6886, -0.00525, -0.72388,
 11:05:53.584,ed:40:fe:65:30:6c, 2015-01-01 00:18:48.860, 0.885, 0.046, 0.47, 0.244, 0.061, 0.305, 5.004, -61.924, -112.324, -26.860, -7.167, 5.120, 25.17, 0.49548, -0.40625, -0.31705, -0.69916,
 11:05:53.584,ed:40:fe:65:30:6c, 2015-01-01 00:18:48.860, 0.887, 0.045, 0.471, 0.305, 0.061, 0.427, 4.999, -61.924, -112.308, -26.860, -7.167, 5.120, 25.17, 0.49548, -0.40625, -0.31705, -0.69916,
 11:05:53.586,e3:ca:2d:fd:e0:8c, 2015-01-01 00:18:48.965, 1.013, -0.123, -0.042, 0, -0.244, 0, -109.495, -82.738, -102.118, -25.347, -4.807, -4.667, 23.53, -0.14764, -0.68182, 0.23694, -0.67609,
 11:05:53.586,e3:ca:2d:fd:e0:8c, 2015-01-01 00:18:48.965, 1.013, -0.122, -0.042, 0, -0.366, -0.061, -109.534, -82.738, -102.068, -25.347, -4.807, -4.667, 23.53, -0.14764, -0.68182, 0.23694, -0.67609,
 11:05:53.605,f6:90:cc:01:6d:25, 2015-01-01 00:18:51.475, 0.985, -0.049, 0.044, 0.305, 0.061, 0, -44.225, -85.93, -132.539, -28.407, -6.420, 3.767, 29.33, 0.03787, -0.68884, -0.00183, -0.72385,
 11:05:53.605,f6:90:cc:01:6d:25, 2015-01-01 00:18:51.475, 0.986, -0.048, 0.044, 0.305, 0.061, 0, -44.236, -85.93, -132.556, -28.407, -6.420, 3.767, 29.33, 0.03787, -0.68884, -0.00183, -0.72385,
 11:05:53.630,ed:40:fe:65:30:6c, 2015-01-01 00:18:48.860, 0.887, 0.044, 0.47, 0.427, 0.061, 0.427, 4.993, -61.924, -112.291, -26.860, -7.167, 5.120, 25.17, 0.49548, -0.40625, -0.31705, -0.69916,
 11:05:53.630,ed:40:fe:65:30:6c, 2015-01-01 00:18:48.860, 0.885, 0.046, 0.472, 0.61, 0.183, 0.244, 4.999, -61.919, -112.28, -26.860, -7.167, 5.120, 25.17, 0.49548, -0.40625, -0.31705, -0.69916,
 11:05:53.630,e3:ca:2d:fd:e0:8c, 2015-01-01 00:18:49.235, 1.015, -0.122, -0.042, -0.061, -0.305, 0, -109.572, -82.738, -102.019, -25.347, -4.807, -4.667, 23.53, -0.14764, -0.68182, 0.23694, -0.67609,
 11:05:53.630,e3:ca:2d:fd:e0:8c, 2015-01-01 00:18:49.235, 1.015, -0.123, -0.041, 0, -0.305, -0.061, -109.611, -82.738, -101.97, -25.347, -4.807, -4.667, 23.53, -0.14764, -0.68182, 0.23694, -0.67609,
 11:05:53.649,ed:35:33:d3:6c:f8, 2015-01-01 00:18:51.915, 0.83, -0.034, 0.547, 0.244, -0.122, 0.366, -3.867, -56.354, -163.812, -23.280, -7.687, -12.880, 30.37, -0.10794, 0.47128, 0.03687, 0.87451,
 11:05:53.649,ed:35:33:d3:6c:f8, 2015-01-01 00:18:51.915, 0.828, -0.033, 0.549, 0.305, 0, 0.305, -3.867, -56.354, -163.795, -23.280, -7.687, -12.880, 30.37, -0.10794, 0.47128, 0.03687, 0.87451,
 11:05:53.651,f6:90:cc:01:6d:25, 2015-01-01 00:18:51.475, 0.984, -0.047, 0.046, 0.305, 0.061, 0, -44.247, -85.93, -132.572, -28.407, -6.420, 3.767, 29.33, 0.03787, -0.68884, -0.00183, -0.72385,
 11:05:53.651,f6:90:cc:01:6d:25, 2015-01-01 00:18:51.475, 0.982, -0.051, 0.045, 0.305, 0.122, 0, -44.253, -85.93, -132.589, -28.407, -6.420, 3.767, 29.33, 0.03787, -0.68884, -0.00183, -0.72385,
 11:05:53.671,ed:35:33:d3:6c:f8, 2015-01-01 00:18:51.915, 0.826, -0.038, 0.547, 0, 0, 0.488, -3.873, -56.354, -163.784, -23.280, -7.687, -12.880, 30.42, -0.10794, 0.47128, 0.03687, 0.87451,
 11:05:53.671,ed:35:33:d3:6c:f8, 2015-01-01 00:18:51.915, 0.83, -0.038, 0.55, -0.305, 0, 0.366, -3.884, -56.354, -163.768, -23.280, -7.687, -12.880, 30.42, -0.10794, 0.47128, 0.03687, 0.87451,
 11:05:53.673,f6:90:cc:01:6d:25, 2015-01-01 00:18:51.830, 0.983, -0.049, 0.048, 0.366, 0.183, 0, -44.253, -85.93, -132.621, -28.407, -6.420, 3.767, 29.33, 0.03787, -0.68884, -0.00183, -0.72385,
 11:05:53.673,f6:90:cc:01:6d:25, 2015-01-01 00:18:51.830, 0.988, -0.044, 0.046, 0.244, 0.122, 0, -44.242, -85.93, -132.654, -28.407, -6.420, 3.767, 29.33, 0.03787, -0.68884, -0.00183, -0.72385,
 11:05:53.674,ed:40:fe:65:30:6c, 2015-01-01 00:18:48.860, 0.883, 0.04, 0.47, 0.305, 0.183, 0.427, 4.999, -61.919, -112.264, -26.860, -7.167, 5.120, 25.17, 0.49548, -0.40625, -0.31705, -0.69916,
 11:05:53.674,ed:40:fe:65:30:6c, 2015-01-01 00:18:48.860, 0.886, 0.042, 0.473, -0.183, 0.183, 0.366, 4.988, -61.913, -112.247, -26.860, -7.167, 5.120, 25.17, 0.49548, -0.40625, -0.31705, -0.69916,
 11:05:53.675,e3:ca:2d:fd:e0:8c, 2015-01-01 00:18:49.235, 1.012, -0.121, -0.041, 0.122, -0.305, 0, -109.644, -82.733, -101.926, -25.347, -4.807, -4.667, 23.53, -0.14764, -0.68182, 0.23694, -0.67609,
 11:05:53.675,e3:ca:2d:fd:e0:8c, 2015-01-01 00:18:49.235, 1.012, -0.12, -0.041, 0.122, -0.183, 0.061, -109.655, -82.733, -101.893, -25.347, -4.807, -4.667, 23.53, -0.14764, -0.68182, 0.23694, -0.67609,
 11:05:53.698,e3:ca:2d:fd:e0:8c, 2015-01-01 00:18:49.235, 1.016, -0.121, -0.042, 0, -0.244, 0.061, -109.677, -82.733, -101.865, -25.347, -4.807, -4.667, 23.53, -0.14764, -0.68182, 0.23694, -0.67609,
 11:05:53.698,e3:ca:2d:fd:e0:8c, 2015-01-01 00:18:49.235, 1.016, -0.122, -0.041, 0, -0.183, 0.061, -109.693, -82.727, -101.838, -25.347, -4.807, -4.667, 23.53, -0.14764, -0.68182, 0.23694, -0.67609,
 11:05:53.717,ed:35:33:d3:6c:f8, 2015-01-01 00:18:51.915, 0.833, -0.032, 0.551, -0.183, -0.244, -0.061, -3.889, -56.36, -163.762, -23.280, -7.687, -12.880, 30.42, -0.10794, 0.47128, 0.03687, 0.87451,
 11:05:53.717,ed:35:33:d3:6c:f8, 2015-01-01 00:18:51.915, 0.83, -0.028, 0.55, 0.183, -0.244, 0.244, -3.889, -56.365, -163.757, -23.280, -7.687, -12.880, 30.42, -0.10794, 0.47128, 0.03687, 0.87451,
 11:05:53.718,f6:90:cc:01:6d:25, 2015-01-01 00:18:51.830, 0.987, -0.047, 0.047, 0.122, 0.061, 0, -44.242, -85.93, -132.682, -28.407, -6.420, 3.767, 29.33, 0.03787, -0.68884, -0.00183, -0.72385,
 11:05:53.718,f6:90:cc:01:6d:25, 2015-01-01 00:18:51.830, 0.984, -0.049, 0.045, 0.305, 0, 0, -44.247, -85.93, -132.693, -28.407, -6.420, 3.767, 29.33, 0.03787, -0.68884, -0.00183, -0.72385,
 11:05:53.719,ed:40:fe:65:30:6c, 2015-01-01 00:18:48.860, 0.89, 0.047, 0.473, -0.122, 0.183, 0, 4.988, -61.908, -112.242, -26.860, -7.167, 5.120, 25.17, 0.49548, -0.40625, -0.31705, -0.69916,
 11:05:53.719,ed:40:fe:65:30:6c, 2015-01-01 00:18:48.860, 0.887, 0.048, 0.472, 0.366, 0.061, 0.244, 4.993, -61.908, -112.231, -26.860, -7.167, 5.120, 25.17, 0.49548, -0.40625, -0.31705, -0.69916,
 11:05:53.739,ed:35:33:d3:6c:f8, 2015-01-01 00:18:52.430, 0.827, -0.036, 0.551, -0.244, 0.366, 0.61, -3.9, -56.365, -163.74, -23.280, -7.687, -12.880, 30.42, -0.10794, 0.47128, 0.03687, 0.87451,
 11:05:53.739,ed:35:33:d3:6c:f8, 2015-01-01 00:18:52.430, 0.825, -0.038, 0.55, 0.122, 0, 0.183, -3.911, -56.36, -163.729, -23.280, -7.687, -12.880, 30.42, -0.10794, 0.47128, 0.03687, 0.87451,
 11:05:53.743,e3:ca:2d:fd:e0:8c, 2015-01-01 00:18:49.235, 1.014, -0.123, -0.042, 0, -0.122, 0.122, -109.693, -82.727, -101.821, -25.347, -4.807, -4.667, 23.53, -0.14764, -0.68182, 0.23694, -0.67609,
 11:05:53.743,e3:ca:2d:fd:e0:8c, 2015-01-01 00:18:49.235, 1.011, -0.122, -0.042, 0, -0.122, 0.183, -109.693, -82.722, -101.816, -25.347, -4.807, -4.667, 23.53, -0.14764, -0.68182, 0.23694, -0.67609,
 11:05:53.743,ed:40:fe:65:30:6c, 2015-01-01 00:18:48.860, 0.884, 0.044, 0.474, 0.122, 0.305, 0.61, 4.977, -61.902, -112.209, -26.627, -7.313, 4.740, 25.17, 0.49548, -0.40625, -0.31705, -0.69916,
 11:05:53.743,ed:40:fe:65:30:6c, 2015-01-01 00:18:48.860, 0.882, 0.042, 0.472, 0.244, 0.183, 0.305, 4.977, -61.897, -112.192, -26.627, -7.313, 4.740, 25.17, 0.49548, -0.40625, -0.31705, -0.69916,
 11:05:53.763,f6:90:cc:01:6d:25, 2015-01-01 00:18:51.830, 0.983, -0.047, 0.044, 0.366, -0.061, 0, -44.269, -85.935, -132.693, -28.407, -6.420, 3.767, 29.33, 0.03787, -0.68884, -0.00183, -0.72385,
 11:05:53.763,f6:90:cc:01:6d:25, 2015-01-01 00:18:51.830, 0.981, -0.049, 0.048, 0.305, 0, 0, -44.297, -85.935, -132.687, -28.407, -6.420, 3.767, 29.33, 0.03787, -0.68884, -0.00183, -0.72385,
 11:05:53.784,ed:35:33:d3:6c:f8, 2015-01-01 00:18:52.430, 0.824, -0.036, 0.549, 0, -0.366, 0.244, -3.911, -56.365, -163.718, -23.280, -7.687, -12.880, 30.42, -0.10794, 0.47128, 0.03687, 0.87451,
 11:05:53.784,ed:35:33:d3:6c:f8, 2015-01-01 00:18:52.430, 0.826, -0.039, 0.548, -0.061, -0.366, 0.549, -3.922, -56.371, -163.707, -23.280, -7.687, -12.880, 30.42, -0.10794, 0.47128, 0.03687, 0.87451,
 11:05:53.786,f6:90:cc:01:6d:25, 2015-01-01 00:18:51.830, 0.981, -0.052, 0.045, 0.305, 0.061, 0, -44.308, -85.941, -132.693, -28.407, -6.420, 3.767, 29.33, 0.03787, -0.68884, -0.00183, -0.72385,
 11:05:53.786,f6:90:cc:01:6d:25, 2015-01-01 00:18:51.830, 0.983, -0.051, 0.045, 0.305, 0.061, 0, -44.319, -85.941, -132.709, -28.407, -6.420, 3.767, 29.33, 0.03787, -0.68884, -0.00183, -0.72385,
 11:05:53.787,ed:40:fe:65:30:6c, 2015-01-01 00:18:48.860, 0.881, 0.042, 0.473, 0.366, 0.061, 0.305, 4.977, -61.897, -112.181, -26.627, -7.313, 4.740, 25.17, 0.49548, -0.40625, -0.31705, -0.69916,
 11:05:53.787,ed:40:fe:65:30:6c, 2015-01-01 00:18:48.860, 0.883, 0.039, 0.472, 0.183, 0.061, 0.61, 4.96, -61.897, -112.154, -26.627, -7.313, 4.740, 25.17, 0.49548, -0.40625, -0.31705, -0.69916,
 11:05:53.788,e3:ca:2d:fd:e0:8c, 2015-01-01 00:18:49.235, 1.011, -0.121, -0.041, 0, -0.122, 0.244, -109.688, -82.716, -101.805, -25.347, -4.807, -4.667, 23.53, -0.14764, -0.68182, 0.23694, -0.67609,
 11:05:53.788,e3:ca:2d:fd:e0:8c, 2015-01-01 00:18:49.235, 1.012, -0.122, -0.042, 0, -0.183, 0.183, -109.693, -82.716, -101.794, -25.347, -4.807, -4.667, 23.53, -0.14764, -0.68182, 0.23694, -0.67609,
 11:05:53.830,ed:35:33:d3:6c:f8, 2015-01-01 00:18:52.430, 0.827, -0.04, 0.546, 0.183, -0.305, 0.61, -3.933, -56.376, -163.685, -23.280, -7.687, -12.880, 30.42, -0.10794, 0.47128, 0.03687, 0.87451,
 11:05:53.830,ed:35:33:d3:6c:f8, 2015-01-01 00:18:52.430, 0.829, -0.039, 0.547, 0.122, -0.183, 0.488, -3.95, -56.382, -163.663, -23.280, -7.687, -12.880, 30.42, -0.10794, 0.47128, 0.03687, 0.87451,
 11:05:53.831,f6:90:cc:01:6d:25, 2015-01-01 00:18:51.830, 0.984, -0.051, 0.047, 0.427, 0, 0, -44.335, -85.941, -132.72, -28.407, -6.420, 3.767, 29.33, 0.03787, -0.68884, -0.00183, -0.72385,
 11:05:53.831,f6:90:cc:01:6d:25, 2015-01-01 00:18:51.830, 0.986, -0.05, 0.047, 0.366, -0.061, 0, -44.363, -85.941, -132.715, -28.407, -6.420, 3.767, 29.33, 0.03787, -0.68884, -0.00183, -0.72385,
 11:05:53.833,e3:ca:2d:fd:e0:8c, 2015-01-01 00:18:49.235, 1.013, -0.123, -0.042, -0.061, -0.244, 0.122, -109.709, -82.711, -101.766, -25.167, -4.620, -4.253, 23.53, -0.14764, -0.68182, 0.23694, -0.67609,
 11:05:53.833,e3:ca:2d:fd:e0:8c, 2015-01-01 00:18:49.235, 1.013, -0.124, -0.042, 0, -0.244, 0, -109.731, -82.711, -101.733, -25.167, -4.620, -4.253, 23.53, -0.14764, -0.68182, 0.23694, -0.67609,
 11:05:53.854,ed:40:fe:65:30:6c, 2015-01-01 00:18:48.860, 0.884, 0.04, 0.471, 0.427, 0, 0.549, 4.949, -61.897, -112.132, -26.627, -7.313, 4.740, 25.17, 0.49655, -0.40561, -0.3175, -0.69855,
 11:05:53.854,ed:40:fe:65:30:6c, 2015-01-01 00:18:48.860, 0.885, 0.041, 0.472, 0.366, 0, 0.488, 4.944, -61.897, -112.11, -26.627, -7.313, 4.740, 25.17, 0.49655, -0.40561, -0.3175, -0.69855,
 11:05:53.874,ed:35:33:d3:6c:f8, 2015-01-01 00:18:52.430, 0.831, -0.036, 0.55, 0.122, 0, 0.366, -3.955, -56.382, -163.647, -23.280, -7.687, -12.880, 30.42, -0.10794, 0.47128, 0.03687, 0.87451,
 11:05:53.874,ed:35:33:d3:6c:f8, 2015-01-01 00:18:52.430, 0.829, -0.034, 0.552, 0.061, -0.061, 0.305, -3.966, -56.382, -163.636, -23.280, -7.687, -12.880, 30.42, -0.10794, 0.47128, 0.03687, 0.87451,
 11:05:53.875,f6:90:cc:01:6d:25, 2015-01-01 00:18:51.830, 0.987, -0.05, 0.046, 0.244, -0.061, 0, -44.396, -85.946, -132.709, -28.407, -6.420, 3.767, 29.33, 0.03787, -0.68884, -0.00183, -0.72385,
 11:05:53.875,f6:90:cc:01:6d:25, 2015-01-01 00:18:51.830, 0.984, -0.05, 0.045, 0.061, -0.061, 0, -44.44, -85.946, -132.698, -28.407, -6.420, 3.767, 29.33, 0.03787, -0.68884, -0.00183, -0.72385,
 11:05:53.876,ed:40:fe:65:30:6c, 2015-01-01 00:18:49.195, 0.887, 0.043, 0.473, 0.244, 0.061, 0.305, 4.938, -61.891, -112.099, -26.627, -7.313, 4.740, 25.17, 0.49655, -0.40561, -0.3175, -0.69855,
 11:05:53.876,ed:40:fe:65:30:6c, 2015-01-01 00:18:49.195, 0.886, 0.044, 0.475, 0.244, 0, 0.305, 4.933, -61.891, -112.083, -26.627, -7.313, 4.740, 25.17, 0.49655, -0.40561, -0.3175, -0.69855,
 11:05:53.877,e3:ca:2d:fd:e0:8c, 2015-01-01 00:18:49.235, 1.015, -0.124, -0.042, 0, -0.305, 0, -109.764, -82.705, -101.689, -25.167, -4.620, -4.253, 23.53, -0.14642, -0.68237, 0.23611, -0.67606,
 11:05:53.877,e3:ca:2d:fd:e0:8c, 2015-01-01 00:18:49.235, 1.015, -0.125, -0.042, 0.122, -0.366, 0, -109.803, -82.705, -101.635, -25.167, -4.620, -4.253, 23.53, -0.14642, -0.68237, 0.23611, -0.67606,
 11:05:53.901,e3:ca:2d:fd:e0:8c, 2015-01-01 00:18:49.525, 1.012, -0.124, -0.041, 0, -0.122, 0, -109.814, -82.705, -101.607, -25.167, -4.620, -4.253, 23.53, -0.14642, -0.68237, 0.23611, -0.67606,
 11:05:53.901,e3:ca:2d:fd:e0:8c, 2015-01-01 00:18:49.525, 1.013, -0.122, -0.041, 0, 0, 0, -109.808, -82.705, -101.607, -25.167, -4.620, -4.253, 23.53, -0.14642, -0.68237, 0.23611, -0.67606,
 11:05:53.921,ed:40:fe:65:30:6c, 2015-01-01 00:18:49.195, 0.885, 0.041, 0.473, 0.244, 0, 0.549, 4.922, -61.891, -112.061, -26.627, -7.313, 4.740, 25.17, 0.49655, -0.40561, -0.3175, -0.69855,
 11:05:53.921,ed:40:fe:65:30:6c, 2015-01-01 00:18:49.195, 0.886, 0.04, 0.471, 0.122, 0, 0.366, 4.911, -61.891, -112.044, -26.627, -7.313, 4.740, 25.17, 0.49655, -0.40561, -0.3175, -0.69855,
 11:05:53.942,ed:35:33:d3:6c:f8, 2015-01-01 00:18:52.430, 0.829, -0.038, 0.548, 0, -0.122, 0.549, -3.972, -56.382, -163.619, -23.280, -7.687, -12.880, 30.42, -0.10794, 0.47128, 0.03687, 0.87451,
 11:05:53.942,ed:35:33:d3:6c:f8, 2015-01-01 00:18:52.430, 0.829, -0.04, 0.547, 0, -0.305, 0.366, -3.988, -56.387, -163.603, -23.280, -7.687, -12.880, 30.42, -0.10794, 0.47128, 0.03687, 0.87451,
 11:05:53.943,f6:90:cc:01:6d:25, 2015-01-01 00:18:51.830, 0.984, -0.05, 0.045, 0, 0.061, 0, -44.467, -85.946, -132.698, -28.667, -6.813, 2.980, 29.33, 0.03787, -0.68884, -0.00183, -0.72385,
 11:05:53.943,f6:90:cc:01:6d:25, 2015-01-01 00:18:51.830, 0.985, -0.049, 0.046, 0.061, 0.122, 0, -44.484, -85.946, -132.72, -28.667, -6.813, 2.980, 29.33, 0.03787, -0.68884, -0.00183, -0.72385,
 11:05:53.943,ed:40:fe:65:30:6c, 2015-01-01 00:18:49.195, 0.886, 0.043, 0.47, 0.488, 0, 0.244, 4.916, -61.891, -112.033, -26.627, -7.313, 4.740, 25.17, 0.49655, -0.40561, -0.3175, -0.69855,
 11:05:53.943,ed:40:fe:65:30:6c, 2015-01-01 00:18:49.195, 0.886, 0.044, 0.471, 0.244, 0.061, 0.427, 4.905, -61.891, -112.017, -26.627, -7.313, 4.740, 25.17, 0.49655, -0.40561, -0.3175, -0.69855,
 11:05:53.947,e3:ca:2d:fd:e0:8c, 2015-01-01 00:18:49.525, 1.013, -0.121, -0.041, 0, 0, 0, -109.792, -82.705, -101.607, -25.167, -4.620, -4.253, 23.53, -0.14642, -0.68237, 0.23611, -0.67606,
 11:05:53.947,e3:ca:2d:fd:e0:8c, 2015-01-01 00:18:49.525, 1.014, -0.121, -0.042, 0, 0, 0, -109.781, -82.705, -101.607, -25.167, -4.620, -4.253, 23.53, -0.14642, -0.68237, 0.23611, -0.67606,
 11:05:53.964,ed:35:33:d3:6c:f8, 2015-01-01 00:18:52.430, 0.829, -0.035, 0.545, 0.427, -0.305, 0.305, -3.988, -56.393, -163.592, -23.153, -7.693, -13.527, 30.42, -0.10794, 0.47128, 0.03687, 0.87451,
 11:05:53.964,ed:35:33:d3:6c:f8, 2015-01-01 00:18:52.430, 0.83, -0.035, 0.547, -0.061, 0.183, 0.61, -3.999, -56.393, -163.575, -23.153, -7.693, -13.527, 30.42, -0.10794, 0.47128, 0.03687, 0.87451,
 11:05:53.966,f6:90:cc:01:6d:25, 2015-01-01 00:18:51.830, 0.983, -0.049, 0.045, 0.183, 0.244, 0, -44.473, -85.946, -132.759, -28.667, -6.813, 2.980, 29.33, 0.03491, -0.68903, 0.00092, -0.72382,
 11:05:53.966,f6:90:cc:01:6d:25, 2015-01-01 00:18:51.830, 0.984, -0.049, 0.044, 0.122, 0.305, 0, -44.451, -85.946, -132.819, -28.667, -6.813, 2.980, 29.33, 0.03491, -0.68903, 0.00092, -0.72382,
 11:05:53.989,f6:90:cc:01:6d:25, 2015-01-01 00:18:51.830, 0.984, -0.049, 0.043, 0.305, 0.183, 0, -44.434, -85.941, -132.869, -28.667, -6.813, 2.980, 29.33, 0.03491, -0.68903, 0.00092, -0.72382,
 11:05:53.989,f6:90:cc:01:6d:25, 2015-01-01 00:18:51.830, 0.983, -0.049, 0.045, 0.122, 0.183, 0, -44.429, -85.941, -132.907, -28.667, -6.813, 2.980, 29.33, 0.03491, -0.68903, 0.00092, -0.72382,
 11:05:53.989,ed:40:fe:65:30:6c, 2015-01-01 00:18:49.195, 0.886, 0.041, 0.472, 0.305, 0.122, 0.427, 4.9, -61.886, -112, -26.627, -7.313, 4.740, 25.17, 0.49655, -0.40561, -0.3175, -0.69855,
 11:05:53.989,ed:40:fe:65:30:6c, 2015-01-01 00:18:49.195, 0.885, 0.039, 0.473, 0.305, 0.183, 0.244, 4.9, -61.886, -111.989, -26.627, -7.313, 4.740, 25.17, 0.49655, -0.40561, -0.3175, -0.69855,
 11:05:53.990,ed:35:33:d3:6c:f8, 2015-01-01 00:18:52.430, 0.83, -0.039, 0.548, 0, 0.244, 0.488, -4.016, -56.387, -163.553, -23.153, -7.693, -13.527, 30.42, -0.10794, 0.47128, 0.03687, 0.87451,
 11:05:53.990,ed:35:33:d3:6c:f8, 2015-01-01 00:18:52.430, 0.829, -0.041, 0.548, 0.061, 0.305, 0.305, -4.021, -56.387, -163.542, -23.153, -7.693, -13.527, 30.42, -0.10794, 0.47128, 0.03687, 0.87451,
 11:05:53.991,e3:ca:2d:fd:e0:8c, 2015-01-01 00:18:49.525, 1.014, -0.122, -0.044, 0, 0, 0, -109.77, -82.705, -101.607, -25.167, -4.620, -4.253, 23.53, -0.14642, -0.68237, 0.23611, -0.67606,
 11:05:53.991,e3:ca:2d:fd:e0:8c, 2015-01-01 00:18:49.525, 1.014, -0.123, -0.044, 0, 0, 0, -109.764, -82.705, -101.607, -25.167, -4.620, -4.253, 23.53, -0.14642, -0.68237, 0.23611, -0.67606,
 11:05:54.034,ed:40:fe:65:30:6c, 2015-01-01 00:18:49.195, 0.884, 0.041, 0.472, 0.427, 0.183, 0.061, 4.905, -61.88, -111.984, -26.627, -7.313, 4.740, 25.17, 0.49655, -0.40561, -0.3175, -0.69855,
 11:05:54.034,ed:40:fe:65:30:6c, 2015-01-01 00:18:49.195, 0.884, 0.042, 0.474, 0.305, 0.183, -0.183, 4.922, -61.875, -111.989, -26.627, -7.313, 4.740, 25.17, 0.49655, -0.40561, -0.3175, -0.69855,
 11:05:54.036,e3:ca:2d:fd:e0:8c, 2015-01-01 00:18:49.525, 1.013, -0.123, -0.042, 0, 0, 0, -109.753, -82.705, -101.602, -25.167, -4.620, -4.253, 23.53, -0.14642, -0.68237, 0.23611, -0.67606,
 11:05:54.036,e3:ca:2d:fd:e0:8c, 2015-01-01 00:18:49.525, 1.012, -0.123, -0.043, -0.061, -0.122, 0, -109.764, -82.705, -101.585, -25.167, -4.620, -4.253, 23.53, -0.14642, -0.68237, 0.23611, -0.67606,
 11:05:54.054,ed:35:33:d3:6c:f8, 2015-01-01 00:18:52.430, 0.827, -0.04, 0.548, 0.305, 0.183, 0.061, -4.021, -56.382, -163.537, -23.153, -7.693, -13.527, 30.42, -0.10794, 0.47128, 0.03687, 0.87451,
 11:05:54.054,ed:35:33:d3:6c:f8, 2015-01-01 00:18:52.430, 0.828, -0.037, 0.55, 0.305, 0.122, -0.061, -4.016, -56.376, -163.537, -23.153, -7.693, -13.527, 30.42, -0.10794, 0.47128, 0.03687, 0.87451,
 11:05:54.057,f6:90:cc:01:6d:25, 2015-01-01 00:18:51.830, 0.983, -0.048, 0.044, 0, 0.183, 0, -44.423, -85.941, -132.951, -28.667, -6.813, 2.980, 29.33, 0.03491, -0.68903, 0.00092, -0.72382,
 11:05:54.057,f6:90:cc:01:6d:25, 2015-01-01 00:18:51.830, 0.984, -0.048, 0.046, 0, 0.122, 0, -44.429, -85.941, -132.984, -28.667, -6.813, 2.980, 29.33, 0.03491, -0.68903, 0.00092, -0.72382,
 11:05:54.078,f6:90:cc:01:6d:25, 2015-01-01 00:18:52.230, 0.985, -0.049, 0.046, -0.061, 0, 0, -44.451, -85.941, -133, -28.667, -6.813, 2.980, 29.33, 0.03491, -0.68903, 0.00092, -0.72382,
 11:05:54.078,f6:90:cc:01:6d:25, 2015-01-01 00:18:52.230, 0.985, -0.05, 0.047, -0.122, 0.061, 0, -44.473, -85.941, -133.006, -28.667, -6.813, 2.980, 29.33, 0.03491, -0.68903, 0.00092, -0.72382,
 11:05:54.078,ed:35:33:d3:6c:f8, 2015-01-01 00:18:52.430, 0.828, -0.035, 0.55, 0.061, 0, -0.305, -4.005, -56.376, -163.542, -23.153, -7.693, -13.527, 30.42, -0.10968, 0.47165, 0.03705, 0.87408,
 11:05:54.078,ed:35:33:d3:6c:f8, 2015-01-01 00:18:52.430, 0.829, -0.034, 0.55, -0.122, -0.061, -0.427, -3.994, -56.382, -163.553, -23.153, -7.693, -13.527, 30.42, -0.10968, 0.47165, 0.03705, 0.87408,
 11:05:54.079,ed:40:fe:65:30:6c, 2015-01-01 00:18:49.195, 0.885, 0.044, 0.474, 0.061, 0.183, -0.244, 4.933, -61.87, -112, -26.627, -7.313, 4.740, 25.17, 0.49655, -0.40561, -0.3175, -0.69855,
 11:05:54.079,ed:40:fe:65:30:6c, 2015-01-01 00:18:49.195, 0.885, 0.045, 0.475, -0.183, 0.122, -0.244, 4.938, -61.87, -112.011, -26.627, -7.313, 4.740, 25.17, 0.49655, -0.40561, -0.3175, -0.69855,
 11:05:54.080,e3:ca:2d:fd:e0:8c, 2015-01-01 00:18:49.525, 1.013, -0.122, -0.042, -0.061, -0.122, 0, -109.781, -82.7, -101.569, -25.167, -4.620, -4.253, 23.53, -0.14642, -0.68237, 0.23611, -0.67606,
 11:05:54.080,e3:ca:2d:fd:e0:8c, 2015-01-01 00:18:49.525, 1.014, -0.122, -0.042, -0.061, -0.061, 0, -109.781, -82.7, -101.558, -25.167, -4.620, -4.253, 23.53, -0.14642, -0.68237, 0.23611, -0.67606,
 11:05:54.103,e3:ca:2d:fd:e0:8c, 2015-01-01 00:18:49.525, 1.013, -0.122, -0.041, -0.061, -0.061, 0, -109.781, -82.7, -101.552, -25.313, -4.973, -4.633, 23.53, -0.14642, -0.68237, 0.23611, -0.67606,
 11:05:54.103,e3:ca:2d:fd:e0:8c, 2015-01-01 00:18:49.525, 1.013, -0.123, -0.041, -0.122, -0.122, 0, -109.792, -82.7, -101.53, -25.313, -4.973, -4.633, 23.53, -0.14642, -0.68237, 0.23611, -0.67606,
 11:05:54.122,f6:90:cc:01:6d:25, 2015-01-01 00:18:52.230, 0.984, -0.05, 0.047, -0.122, 0.183, 0, -44.484, -85.941, -133.033, -28.667, -6.813, 2.980, 29.33, 0.03491, -0.68903, 0.00092, -0.72382,
 11:05:54.122,f6:90:cc:01:6d:25, 2015-01-01 00:18:52.230, 0.983, -0.049, 0.046, -0.061, 0.183, 0, -44.478, -85.941, -133.072, -28.667, -6.813, 2.980, 29.33, 0.03491, -0.68903, 0.00092, -0.72382,
 11:05:54.123,ed:35:33:d3:6c:f8, 2015-01-01 00:18:52.430, 0.829, -0.037, 0.548, -0.122, 0, -0.183, -3.988, -56.382, -163.564, -23.153, -7.693, -13.527, 30.42, -0.10968, 0.47165, 0.03705, 0.87408,
 11:05:54.123,ed:35:33:d3:6c:f8, 2015-01-01 00:18:52.430, 0.827, -0.038, 0.547, -0.061, 0.122, -0.122, -3.983, -56.382, -163.57, -23.153, -7.693, -13.527, 30.42, -0.10968, 0.47165, 0.03705, 0.87408,
 11:05:54.144,ed:35:33:d3:6c:f8, 2015-01-01 00:18:52.830, 0.827, -0.036, 0.549, -0.305, 0.305, -0.061, -3.983, -56.376, -163.575, -23.153, -7.693, -13.527, 30.42, -0.10968, 0.47165, 0.03705, 0.87408,
 11:05:54.144,ed:35:33:d3:6c:f8, 2015-01-01 00:18:52.830, 0.827, -0.035, 0.55, -0.427, 0.061, 0, -3.988, -56.376, -163.575, -23.153, -7.693, -13.527, 30.42, -0.10968, 0.47165, 0.03705, 0.87408,
 11:05:54.147,ed:40:fe:65:30:6c, 2015-01-01 00:18:49.195, 0.887, 0.041, 0.474, -0.122, 0.061, -0.122, 4.944, -61.864, -112.017, -26.733, -7.313, 4.807, 25.17, 0.49655, -0.40561, -0.3175, -0.69855,
 11:05:54.147,ed:40:fe:65:30:6c, 2015-01-01 00:18:49.195, 0.884, 0.042, 0.472, -0.061, 0.122, -0.061, 4.944, -61.859, -112.017, -26.733, -7.313, 4.807, 25.17, 0.49655, -0.40561, -0.3175, -0.69855,
 11:05:54.148,e3:ca:2d:fd:e0:8c, 2015-01-01 00:18:49.525, 1.011, -0.122, -0.042, -0.061, -0.061, 0, -109.792, -82.7, -101.525, -25.313, -4.973, -4.633, 23.53, -0.14642, -0.68237, 0.23611, -0.67606,
 11:05:54.148,e3:ca:2d:fd:e0:8c, 2015-01-01 00:18:49.525, 1.012, -0.123, -0.042, 0, -0.061, 0, -109.792, -82.7, -101.514, -25.313, -4.973, -4.633, 23.53, -0.14642, -0.68237, 0.23611, -0.67606,
 11:05:54.169,f6:90:cc:01:6d:25, 2015-01-01 00:18:52.230, 0.983, -0.051, 0.047, 0, 0.244, 0, -44.467, -85.941, -133.121, -28.667, -6.813, 2.980, 29.33, 0.03491, -0.68903, 0.00092, -0.72382,
 11:05:54.169,f6:90:cc:01:6d:25, 2015-01-01 00:18:52.230, 0.984, -0.051, 0.045, 0, 0.244, 0, -44.451, -85.935, -133.171, -28.667, -6.813, 2.980, 29.33, 0.03491, -0.68903, 0.00092, -0.72382,
 11:05:54.169,ed:40:fe:65:30:6c, 2015-01-01 00:18:49.195, 0.883, 0.042, 0.473, -0.183, 0.244, -0.061, 4.949, -61.853, -112.017, -26.733, -7.313, 4.807, 25.17, 0.49747, -0.40503, -0.31775, -0.69815,
 11:05:54.169,ed:40:fe:65:30:6c, 2015-01-01 00:18:49.195, 0.884, 0.044, 0.474, -0.305, 0.244, 0, 4.944, -61.848, -112.017, -26.733, -7.313, 4.807, 25.17, 0.49747, -0.40503, -0.31775, -0.69815,
 11:05:54.190,ed:35:33:d3:6c:f8, 2015-01-01 00:18:52.830, 0.829, -0.037, 0.55, -0.427, 0, 0.122, -3.994, -56.376, -163.575, -23.153, -7.693, -13.527, 30.42, -0.10968, 0.47165, 0.03705, 0.87408,
 11:05:54.190,ed:35:33:d3:6c:f8, 2015-01-01 00:18:52.830, 0.829, -0.04, 0.547, -0.061, 0, 0.305, -4.005, -56.376, -163.57, -23.153, -7.693, -13.527, 30.42, -0.10968, 0.47165, 0.03705, 0.87408,
 11:05:54.190,f6:90:cc:01:6d:25, 2015-01-01 00:18:52.230, 0.984, -0.051, 0.045, 0.183, 0.122, 0, -44.451, -85.935, -133.204, -28.667, -6.813, 2.980, 29.33, 0.03491, -0.68903, 0.00092, -0.72382,
 11:05:54.190,f6:90:cc:01:6d:25, 2015-01-01 00:18:52.230, 0.985, -0.051, 0.044, 0.122, 0.183, 0, -44.451, -85.935, -133.237, -28.667, -6.813, 2.980, 29.33, 0.03491, -0.68903, 0.00092, -0.72382,
 11:05:54.193,e3:ca:2d:fd:e0:8c, 2015-01-01 00:18:49.525, 1.014, -0.124, -0.042, -0.061, -0.122, 0, -109.797, -82.7, -101.497, -25.313, -4.973, -4.633, 23.53, -0.14554, -0.68271, 0.23529, -0.67621,
 11:05:54.193,e3:ca:2d:fd:e0:8c, 2015-01-01 00:18:49.525, 1.014, -0.124, -0.042, -0.061, 0, 0, -109.792, -82.7, -101.497, -25.313, -4.973, -4.633, 23.53, -0.14554, -0.68271, 0.23529, -0.67621,
 11:05:54.234,ed:35:33:d3:6c:f8, 2015-01-01 00:18:52.830, 0.829, -0.04, 0.547, 0.183, 0.061, 0.305, -4.01, -56.371, -163.559, -23.153, -7.693, -13.527, 30.42, -0.10968, 0.47165, 0.03705, 0.87408,
 11:05:54.234,ed:35:33:d3:6c:f8, 2015-01-01 00:18:52.830, 0.826, -0.039, 0.549, 0.427, 0.427, 0.183, -4.01, -56.371, -163.548, -23.153, -7.693, -13.527, 30.42, -0.10968, 0.47165, 0.03705, 0.87408,
 11:05:54.235,f6:90:cc:01:6d:25, 2015-01-01 00:18:52.230, 0.984, -0.047, 0.046, 0.244, 0.122, 0, -44.462, -85.935, -133.27, -28.667, -6.813, 2.980, 29.33, 0.03491, -0.68903, 0.00092, -0.72382,
 11:05:54.235,f6:90:cc:01:6d:25, 2015-01-01 00:18:52.230, 0.981, -0.05, 0.047, 0.122, 0.122, 0, -44.467, -85.935, -133.297, -28.667, -6.813, 2.980, 29.33, 0.03491, -0.68903, 0.00092, -0.72382,
 11:05:54.236,ed:40:fe:65:30:6c, 2015-01-01 00:18:49.195, 0.884, 0.043, 0.475, -0.305, 0.183, 0.183, 4.933, -61.842, -112.011, -26.733, -7.313, 4.807, 25.17, 0.49747, -0.40503, -0.31775, -0.69815,
 11:05:54.236,ed:40:fe:65:30:6c, 2015-01-01 00:18:49.195, 0.885, 0.039, 0.472, 0, 0.122, 0.305, 4.922, -61.842, -111.995, -26.733, -7.313, 4.807, 25.17, 0.49747, -0.40503, -0.31775, -0.69815,
 11:05:54.237,e3:ca:2d:fd:e0:8c, 2015-01-01 00:18:49.840, 1.015, -0.123, -0.043, 0, 0, 0, -109.781, -82.7, -101.497, -25.313, -4.973, -4.633, 23.53, -0.14554, -0.68271, 0.23529, -0.67621,
 11:05:54.237,e3:ca:2d:fd:e0:8c, 2015-01-01 00:18:49.840, 1.013, -0.123, -0.042, 0.061, -0.061, 0, -109.781, -82.7, -101.486, -25.313, -4.973, -4.633, 23.53, -0.14554, -0.68271, 0.23529, -0.67621,
 11:05:54.259,ed:40:fe:65:30:6c, 2015-01-01 00:18:49.555, 0.886, 0.04, 0.471, 0.305, 0.122, 0.305, 4.916, -61.837, -111.984, -26.733, -7.313, 4.807, 25.17, 0.49747, -0.40503, -0.31775, -0.69815,
 11:05:54.259,ed:40:fe:65:30:6c, 2015-01-01 00:18:49.555, 0.883, 0.042, 0.474, 0.671, 0.122, 0, 4.933, -61.837, -111.984, -26.733, -7.313, 4.807, 25.17, 0.49747, -0.40503, -0.31775, -0.69815,
 11:05:54.260,e3:ca:2d:fd:e0:8c, 2015-01-01 00:18:49.840, 1.011, -0.122, -0.042, 0.183, -0.244, 0, -109.803, -82.694, -101.448, -25.313, -4.973, -4.633, 23.53, -0.14554, -0.68271, 0.23529, -0.67621,
 11:05:54.260,e3:ca:2d:fd:e0:8c, 2015-01-01 00:18:49.840, 1.013, -0.122, -0.042, 0.244, -0.183, 0, -109.814, -82.694, -101.42, -25.313, -4.973, -4.633, 23.53, -0.14554, -0.68271, 0.23529, -0.67621,
 11:05:54.278,ed:35:33:d3:6c:f8, 2015-01-01 00:18:52.830, 0.826, -0.04, 0.549, 0.366, 0.305, 0.244, -4.005, -56.36, -163.542, -23.153, -7.693, -13.527, 30.42, -0.10968, 0.47165, 0.03705, 0.87408,
 11:05:54.278,ed:35:33:d3:6c:f8, 2015-01-01 00:18:52.830, 0.831, -0.038, 0.55, 0.427, 0.122, -0.122, -3.999, -56.36, -163.542, -23.153, -7.693, -13.527, 30.42, -0.10968, 0.47165, 0.03705, 0.87408,
 11:05:54.281,f6:90:cc:01:6d:25, 2015-01-01 00:18:52.230, 0.983, -0.05, 0.045, 0.183, 0.061, 0, -44.484, -85.935, -133.314, -28.667, -6.813, 2.980, 29.33, 0.03491, -0.68903, 0.00092, -0.72382,
 11:05:54.281,f6:90:cc:01:6d:25, 2015-01-01 00:18:52.230, 0.988, -0.047, 0.046, 0, 0.122, 0, -44.489, -85.935, -133.341, -28.667, -6.813, 2.980, 29.33, 0.03491, -0.68903, 0.00092, -0.72382,
 11:05:54.282,ed:40:fe:65:30:6c, 2015-01-01 00:18:49.555, 0.881, 0.04, 0.473, 0.488, 0.122, 0, 4.944, -61.831, -111.984, -26.733, -7.313, 4.807, 25.17, 0.49747, -0.40503, -0.31775, -0.69815,
 11:05:54.282,ed:40:fe:65:30:6c, 2015-01-01 00:18:49.555, 0.885, 0.042, 0.473, 0.244, 0.122, -0.122, 4.955, -61.831, -111.989, -26.733, -7.313, 4.807, 25.17, 0.49747, -0.40503, -0.31775, -0.69815,
 11:05:54.301,ed:35:33:d3:6c:f8, 2015-01-01 00:18:52.830, 0.833, -0.028, 0.55, 0.488, 0, -0.366, -3.983, -56.36, -163.548, -23.153, -7.693, -13.527, 30.42, -0.10968, 0.47165, 0.03705, 0.87408,
 11:05:54.301,ed:35:33:d3:6c:f8, 2015-01-01 00:18:52.830, 0.83, -0.03, 0.549, 0.427, 0, 0.061, -3.966, -56.36, -163.553, -23.153, -7.693, -13.527, 30.42, -0.10968, 0.47165, 0.03705, 0.87408,
 11:05:54.303,ed:40:fe:65:30:6c, 2015-01-01 00:18:49.555, 0.888, 0.049, 0.475, 0.122, 0.122, -0.305, 4.966, -61.826, -112, -26.733, -7.313, 4.807, 25.17, 0.49747, -0.40503, -0.31775, -0.69815,
 11:05:54.303,ed:40:fe:65:30:6c, 2015-01-01 00:18:49.555, 0.885, 0.042, 0.474, 0, 0.183, 0.366, 4.977, -61.826, -111.995, -26.733, -7.313, 4.807, 25.17, 0.49747, -0.40503, -0.31775, -0.69815,
 11:05:54.306,e3:ca:2d:fd:e0:8c, 2015-01-01 00:18:49.840, 1.016, -0.121, -0.041, 0, -0.122, 0, -109.825, -82.694, -101.404, -25.313, -4.973, -4.633, 23.53, -0.14554, -0.68271, 0.23529, -0.67621,
 11:05:54.306,e3:ca:2d:fd:e0:8c, 2015-01-01 00:18:49.840, 1.017, -0.12, -0.043, -0.183, 0, 0, -109.819, -82.694, -101.404, -25.313, -4.973, -4.633, 23.53, -0.14554, -0.68271, 0.23529, -0.67621,
 11:05:54.347,f6:90:cc:01:6d:25, 2015-01-01 00:18:52.230, 0.988, -0.045, 0.043, -0.061, 0.122, 0, -44.5, -85.935, -133.363, -28.840, -6.447, 2.947, 29.33, 0.03491, -0.68903, 0.00092, -0.72382,
 11:05:54.347,f6:90:cc:01:6d:25, 2015-01-01 00:18:52.230, 0.985, -0.049, 0.046, 0, 0.183, 0, -44.495, -85.935, -133.401, -28.840, -6.447, 2.947, 29.33, 0.03491, -0.68903, 0.00092, -0.72382,
 11:05:54.347,ed:35:33:d3:6c:f8, 2015-01-01 00:18:52.830, 0.829, -0.038, 0.549, -0.122, 0.427, 0.305, -3.966, -56.354, -163.548, -23.153, -7.693, -13.527, 30.42, -0.10968, 0.47165, 0.03705, 0.87408,
 11:05:54.347,ed:35:33:d3:6c:f8, 2015-01-01 00:18:52.830, 0.825, -0.038, 0.549, 0, 0.366, 0.122, -3.972, -56.349, -163.542, -23.153, -7.693, -13.527, 30.42, -0.10968, 0.47165, 0.03705, 0.87408,
 11:05:54.349,ed:40:fe:65:30:6c, 2015-01-01 00:18:49.555, 0.882, 0.042, 0.474, 0, 0.183, 0.244, 4.966, -61.82, -111.978, -26.733, -7.313, 4.807, 25.17, 0.49747, -0.40503, -0.31775, -0.69815,
 11:05:54.349,ed:40:fe:65:30:6c, 2015-01-01 00:18:49.555, 0.88, 0.042, 0.474, 0, 0.244, 0.122, 4.96, -61.815, -111.973, -26.733, -7.313, 4.807, 25.17, 0.49747, -0.40503, -0.31775, -0.69815,
 11:05:54.353,e3:ca:2d:fd:e0:8c, 2015-01-01 00:18:49.840, 1.014, -0.122, -0.043, -0.122, 0.061, 0, -109.808, -82.694, -101.415, -25.313, -4.973, -4.633, 23.53, -0.14554, -0.68271, 0.23529, -0.67621,
 11:05:54.353,e3:ca:2d:fd:e0:8c, 2015-01-01 00:18:49.840, 1.011, -0.123, -0.043, 0, 0, 0, -109.797, -82.694, -101.415, -25.313, -4.973, -4.633, 23.53, -0.14554, -0.68271, 0.23529, -0.67621,
 11:05:54.370,f6:90:cc:01:6d:25, 2015-01-01 00:18:52.230, 0.983, -0.051, 0.046, 0.183, 0, 0, -44.511, -85.935, -133.412, -28.840, -6.447, 2.947, 29.33, 0.03061, -0.68896, 0.00513, -0.72406,
 11:05:54.370,f6:90:cc:01:6d:25, 2015-01-01 00:18:52.230, 0.982, -0.047, 0.046, 0.366, 0, 0, -44.533, -85.941, -133.418, -28.840, -6.447, 2.947, 29.33, 0.03061, -0.68896, 0.00513, -0.72406,
 11:05:54.394,ed:40:fe:65:30:6c, 2015-01-01 00:18:49.555, 0.881, 0.042, 0.472, 0.061, 0.183, 0, 4.96, -61.809, -111.967, -26.733, -7.313, 4.807, 25.17, 0.49747, -0.40503, -0.31775, -0.69815,
 11:05:54.394,ed:40:fe:65:30:6c, 2015-01-01 00:18:49.555, 0.882, 0.042, 0.474, 0.244, 0.061, -0.061, 4.966, -61.804, -111.967, -26.733, -7.313, 4.807, 25.17, 0.49747, -0.40503, -0.31775, -0.69815,
 11:05:54.395,e3:ca:2d:fd:e0:8c, 2015-01-01 00:18:49.840, 1.01, -0.122, -0.043, 0.122, 0, 0, -109.792, -82.694, -101.415, -25.313, -4.973, -4.633, 23.53, -0.14554, -0.68271, 0.23529, -0.67621,
 11:05:54.395,e3:ca:2d:fd:e0:8c, 2015-01-01 00:18:49.840, 1.012, -0.123, -0.042, 0, -0.061, 0, -109.792, -82.694, -101.404, -25.313, -4.973, -4.633, 23.53, -0.14554, -0.68271, 0.23529, -0.67621,
 11:05:54.414,ed:35:33:d3:6c:f8, 2015-01-01 00:18:52.830, 0.824, -0.037, 0.548, -0.122, 0.305, 0.061, -3.972, -56.343, -163.537, -23.800, -7.487, -13.607, 30.42, -0.10968, 0.47165, 0.03705, 0.87408,
 11:05:54.414,ed:35:33:d3:6c:f8, 2015-01-01 00:18:52.830, 0.825, -0.038, 0.548, 0.122, 0.061, 0, -3.972, -56.338, -163.537, -23.800, -7.487, -13.607, 30.42, -0.10968, 0.47165, 0.03705, 0.87408,
 11:05:54.416,f6:90:cc:01:6d:25, 2015-01-01 00:18:52.230, 0.981, -0.049, 0.046, 0.061, 0.061, 0, -44.544, -85.941, -133.429, -28.840, -6.447, 2.947, 29.33, 0.03061, -0.68896, 0.00513, -0.72406,
 11:05:54.416,f6:90:cc:01:6d:25, 2015-01-01 00:18:52.230, 0.982, -0.05, 0.045, 0, 0.122, 0, -44.55, -85.941, -133.451, -28.840, -6.447, 2.947, 29.33, 0.03061, -0.68896, 0.00513, -0.72406,
 11:05:54.436,ed:35:33:d3:6c:f8, 2015-01-01 00:18:52.830, 0.827, -0.038, 0.548, 0.244, 0.061, 0, -3.966, -56.338, -163.537, -23.800, -7.487, -13.607, 30.42, -0.10992, 0.47128, 0.03732, 0.87424,
 11:05:54.436,ed:35:33:d3:6c:f8, 2015-01-01 00:18:52.830, 0.828, -0.037, 0.55, 0.244, 0, -0.122, -3.955, -56.338, -163.542, -23.800, -7.487, -13.607, 30.42, -0.10992, 0.47128, 0.03732, 0.87424,
 11:05:54.437,f6:90:cc:01:6d:25, 2015-01-01 00:18:52.590, 0.984, -0.049, 0.046, 0, 0.122, 0, -44.555, -85.941, -133.478, -28.840, -6.447, 2.947, 29.33, 0.03061, -0.68896, 0.00513, -0.72406,
 11:05:54.437,f6:90:cc:01:6d:25, 2015-01-01 00:18:52.590, 0.985, -0.049, 0.048, 0, 0.122, 0, -44.555, -85.941, -133.506, -28.840, -6.447, 2.947, 29.33, 0.03061, -0.68896, 0.00513, -0.72406,
 11:05:54.441,e3:ca:2d:fd:e0:8c, 2015-01-01 00:18:49.840, 1.012, -0.123, -0.043, 0, -0.061, 0, -109.797, -82.694, -101.393, -25.133, -4.787, -4.473, 23.53, -0.14554, -0.68271, 0.23529, -0.67621,
 11:05:54.441,e3:ca:2d:fd:e0:8c, 2015-01-01 00:18:49.840, 1.014, -0.121, -0.041, -0.061, 0, 0, -109.786, -82.694, -101.393, -25.133, -4.787, -4.473, 23.53, -0.14554, -0.68271, 0.23529, -0.67621,
 11:05:54.461,ed:40:fe:65:30:6c, 2015-01-01 00:18:49.555, 0.884, 0.042, 0.474, 0.122, 0, -0.061, 4.977, -61.804, -111.967, -26.733, -7.313, 4.807, 25.17, 0.49747, -0.40503, -0.31775, -0.69815,
 11:05:54.461,ed:40:fe:65:30:6c, 2015-01-01 00:18:49.555, 0.886, 0.044, 0.476, 0.122, 0, -0.061, 4.982, -61.804, -111.973, -26.733, -7.313, 4.807, 25.17, 0.49747, -0.40503, -0.31775, -0.69815,
 11:05:54.464,e3:ca:2d:fd:e0:8c, 2015-01-01 00:18:49.840, 1.015, -0.122, -0.043, 0, -0.122, 0, -109.797, -82.694, -101.376, -25.133, -4.787, -4.473, 23.53, -0.14471, -0.68298, 0.23453, -0.67636,
 11:05:54.464,e3:ca:2d:fd:e0:8c, 2015-01-01 00:18:49.840, 1.014, -0.124, -0.042, 0.061, -0.061, 0, -109.797, -82.694, -101.365, -25.133, -4.787, -4.473, 23.53, -0.14471, -0.68298, 0.23453, -0.67636,
 11:05:54.482,ed:35:33:d3:6c:f8, 2015-01-01 00:18:52.830, 0.83, -0.034, 0.551, 0.122, 0, -0.122, -3.95, -56.338, -163.542, -23.800, -7.487, -13.607, 30.42, -0.10992, 0.47128, 0.03732, 0.87424,
 11:05:54.482,ed:35:33:d3:6c:f8, 2015-01-01 00:18:52.830, 0.828, -0.034, 0.55, 0, 0, 0, -3.944, -56.338, -163.548, -23.800, -7.487, -13.607, 30.42, -0.10992, 0.47128, 0.03732, 0.87424,
 11:05:54.483,f6:90:cc:01:6d:25, 2015-01-01 00:18:52.590, 0.987, -0.049, 0.047, 0.061, 0.061, 0, -44.566, -85.941, -133.522, -28.840, -6.447, 2.947, 29.33, 0.03061, -0.68896, 0.00513, -0.72406,
 11:05:54.483,f6:90:cc:01:6d:25, 2015-01-01 00:18:52.590, 0.984, -0.048, 0.047, 0.122, 0, 0, -44.583, -85.941, -133.533, -28.840, -6.447, 2.947, 29.33, 0.03061, -0.68896, 0.00513, -0.72406,
 11:05:54.484,ed:40:fe:65:30:6c, 2015-01-01 00:18:49.555, 0.884, 0.044, 0.475, 0.061, 0, 0.061, 4.988, -61.798, -111.973, -26.433, -7.387, 5.113, 25.17, 0.49747, -0.40503, -0.31775, -0.69815,
 11:05:54.484,ed:40:fe:65:30:6c, 2015-01-01 00:18:49.555, 0.884, 0.043, 0.475, 0, 0.061, 0.122, 4.988, -61.798, -111.967, -26.433, -7.387, 5.113, 25.17, 0.49747, -0.40503, -0.31775, -0.69815,
 11:05:54.505,ed:35:33:d3:6c:f8, 2015-01-01 00:18:53.185, 0.828, -0.037, 0.548, -0.061, 0.122, 0.122, -3.944, -56.338, -163.548, -23.800, -7.487, -13.607, 30.42, -0.10992, 0.47128, 0.03732, 0.87424,
 11:05:54.505,ed:35:33:d3:6c:f8, 2015-01-01 00:18:53.185, 0.828, -0.035, 0.549, 0, -0.061, -0.061, -3.944, -56.338, -163.542, -23.800, -7.487, -13.607, 30.42, -0.10992, 0.47128, 0.03732, 0.87424,
 11:05:54.508,e3:ca:2d:fd:e0:8c, 2015-01-01 00:18:49.840, 1.012, -0.123, -0.042, 0.061, -0.122, 0, -109.803, -82.694, -101.349, -25.133, -4.787, -4.473, 23.53, -0.14471, -0.68298, 0.23453, -0.67636,
 11:05:54.508,e3:ca:2d:fd:e0:8c, 2015-01-01 00:18:49.840, 1.012, -0.123, -0.041, 0.122, -0.061, 0, -109.803, -82.694, -101.338, -25.133, -4.787, -4.473, 23.53, -0.14471, -0.68298, 0.23453, -0.67636,
 11:05:54.529,ed:40:fe:65:30:6c, 2015-01-01 00:18:49.555, 0.884, 0.043, 0.474, -0.061, 0.122, 0, 4.988, -61.798, -111.967, -26.433, -7.387, 5.113, 25.17, 0.49747, -0.40503, -0.31775, -0.69815,
 11:05:54.529,ed:40:fe:65:30:6c, 2015-01-01 00:18:49.555, 0.883, 0.046, 0.474, 0, 0, 0.061, 4.988, -61.793, -111.962, -26.433, -7.387, 5.113, 25.17, 0.49747, -0.40503, -0.31775, -0.69815,
 11:05:54.529,f6:90:cc:01:6d:25, 2015-01-01 00:18:52.590, 0.984, -0.049, 0.045, 0, 0.061, 0, -44.594, -85.941, -133.544, -28.840, -6.447, 2.947, 29.33, 0.03061, -0.68896, 0.00513, -0.72406,
 11:05:54.529,f6:90:cc:01:6d:25, 2015-01-01 00:18:52.590, 0.984, -0.049, 0.045, 0.061, 0.061, 0, -44.604, -85.941, -133.555, -28.840, -6.447, 2.947, 29.33, 0.03061, -0.68896, 0.00513, -0.72406,
 11:05:54.551,f6:90:cc:01:6d:25, 2015-01-01 00:18:52.590, 0.984, -0.049, 0.045, 0, 0.244, 0, -44.583, -85.941, -133.61, -28.840, -6.447, 2.947, 29.33, 0.03061, -0.68896, 0.00513, -0.72406,
 11:05:54.551,f6:90:cc:01:6d:25, 2015-01-01 00:18:52.590, 0.984, -0.049, 0.044, -0.061, 0.183, 0, -44.577, -85.941, -133.649, -28.840, -6.447, 2.947, 29.33, 0.03061, -0.68896, 0.00513, -0.72406,
 11:05:54.552,ed:40:fe:65:30:6c, 2015-01-01 00:18:49.555, 0.885, 0.042, 0.474, -0.183, 0, 0.244, 4.988, -61.793, -111.962, -26.433, -7.387, 5.113, 25.17, 0.49811, -0.4043, -0.31796, -0.69803,
 11:05:54.552,ed:40:fe:65:30:6c, 2015-01-01 00:18:49.555, 0.885, 0.041, 0.473, -0.183, 0, 0.183, 4.977, -61.793, -111.951, -26.433, -7.387, 5.113, 25.17, 0.49811, -0.4043, -0.31796, -0.69803,
 11:05:54.553,e3:ca:2d:fd:e0:8c, 2015-01-01 00:18:50.130, 1.012, -0.121, -0.04, 0.061, 0, 0, -109.786, -82.694, -101.338, -25.133, -4.787, -4.473, 23.53, -0.14471, -0.68298, 0.23453, -0.67636,
 11:05:54.553,e3:ca:2d:fd:e0:8c, 2015-01-01 00:18:50.130, 1.014, -0.12, -0.043, -0.061, 0, 0, -109.781, -82.694, -101.338, -25.133, -4.787, -4.473, 23.53, -0.14471, -0.68298, 0.23453, -0.67636,
 11:05:54.572,ed:35:33:d3:6c:f8, 2015-01-01 00:18:53.185, 0.827, -0.032, 0.55, 0, 0, 0.061, -3.939, -56.338, -163.542, -23.800, -7.487, -13.607, 30.42, -0.10992, 0.47128, 0.03732, 0.87424,
 11:05:54.572,ed:35:33:d3:6c:f8, 2015-01-01 00:18:53.185, 0.829, -0.038, 0.549, -0.305, 0, 0.183, -3.944, -56.338, -163.542, -23.800, -7.487, -13.607, 30.42, -0.10992, 0.47128, 0.03732, 0.87424,
 11:05:54.595,ed:35:33:d3:6c:f8, 2015-01-01 00:18:53.185, 0.828, -0.039, 0.549, -0.244, 0, 0.061, -3.95, -56.338, -163.537, -23.800, -7.487, -13.607, 30.42, -0.10992, 0.47128, 0.03732, 0.87424,
 11:05:54.595,ed:35:33:d3:6c:f8, 2015-01-01 00:18:53.185, 0.828, -0.036, 0.549, -0.183, 0.122, 0, -3.955, -56.338, -163.537, -23.800, -7.487, -13.607, 30.42, -0.10992, 0.47128, 0.03732, 0.87424,
 11:05:54.597,ed:40:fe:65:30:6c, 2015-01-01 00:18:49.555, 0.883, 0.043, 0.474, -0.183, -0.061, 0.061, 4.971, -61.793, -111.945, -26.433, -7.387, 5.113, 25.17, 0.49811, -0.4043, -0.31796, -0.69803,
 11:05:54.597,ed:40:fe:65:30:6c, 2015-01-01 00:18:49.555, 0.884, 0.044, 0.474, 0, -0.122, 0, 4.971, -61.793, -111.94, -26.433, -7.387, 5.113, 25.17, 0.49811, -0.4043, -0.31796, -0.69803,
 11:05:54.599,e3:ca:2d:fd:e0:8c, 2015-01-01 00:18:50.130, 1.013, -0.123, -0.044, -0.122, 0, 0, -109.775, -82.694, -101.338, -25.133, -4.787, -4.473, 23.53, -0.14471, -0.68298, 0.23453, -0.67636,
 11:05:54.599,e3:ca:2d:fd:e0:8c, 2015-01-01 00:18:50.130, 1.013, -0.123, -0.043, 0, 0, 0, -109.764, -82.694, -101.338, -25.133, -4.787, -4.473, 23.53, -0.14471, -0.68298, 0.23453, -0.67636,
 11:05:54.618,f6:90:cc:01:6d:25, 2015-01-01 00:18:52.590, 0.984, -0.048, 0.044, 0, 0.122, 0, -44.577, -85.941, -133.676, -28.840, -6.447, 2.947, 29.33, 0.03061, -0.68896, 0.00513, -0.72406,
 11:05:54.618,f6:90:cc:01:6d:25, 2015-01-01 00:18:52.590, 0.984, -0.048, 0.043, 0, 0.061, 0, -44.599, -85.941, -133.687, -28.840, -6.447, 2.947, 29.33, 0.03061, -0.68896, 0.00513, -0.72406,
 11:05:54.641,f6:90:cc:01:6d:25, 2015-01-01 00:18:52.590, 0.984, -0.049, 0.045, 0, 0.061, 0, -44.615, -85.941, -133.704, -28.653, -6.980, 3.233, 29.33, 0.03061, -0.68896, 0.00513, -0.72406,
 11:05:54.641,f6:90:cc:01:6d:25, 2015-01-01 00:18:52.590, 0.984, -0.049, 0.046, 0, 0.122, 0, -44.621, -85.946, -133.731, -28.653, -6.980, 3.233, 29.33, 0.03061, -0.68896, 0.00513, -0.72406,
 11:05:54.641,ed:35:33:d3:6c:f8, 2015-01-01 00:18:53.185, 0.828, -0.036, 0.548, -0.183, 0.183, 0.061, -3.955, -56.332, -163.531, -23.800, -7.487, -13.607, 30.42, -0.10992, 0.47128, 0.03732, 0.87424,
 11:05:54.641,ed:35:33:d3:6c:f8, 2015-01-01 00:18:53.185, 0.828, -0.035, 0.548, 0, 0, 0, -3.955, -56.332, -163.531, -23.800, -7.487, -13.607, 30.42, -0.10992, 0.47128, 0.03732, 0.87424,
 11:05:54.642,ed:40:fe:65:30:6c, 2015-01-01 00:18:49.935, 0.884, 0.044, 0.473, 0.061, -0.061, 0.061, 4.971, -61.793, -111.94, -26.433, -7.387, 5.113, 25.17, 0.49811, -0.4043, -0.31796, -0.69803,
 11:05:54.642,ed:40:fe:65:30:6c, 2015-01-01 00:18:49.935, 0.884, 0.045, 0.474, 0, 0, 0.061, 4.977, -61.793, -111.94, -26.433, -7.387, 5.113, 25.17, 0.49811, -0.4043, -0.31796, -0.69803,
 11:05:54.644,e3:ca:2d:fd:e0:8c, 2015-01-01 00:18:50.130, 1.013, -0.122, -0.042, 0.122, 0, 0, -109.753, -82.694, -101.338, -25.133, -4.787, -4.473, 23.53, -0.14471, -0.68298, 0.23453, -0.67636,
 11:05:54.644,e3:ca:2d:fd:e0:8c, 2015-01-01 00:18:50.130, 1.014, -0.122, -0.042, 0, -0.122, 0, -109.753, -82.694, -101.332, -25.133, -4.787, -4.473, 23.53, -0.14471, -0.68298, 0.23453, -0.67636,
 11:05:54.666,e3:ca:2d:fd:e0:8c, 2015-01-01 00:18:50.130, 1.013, -0.122, -0.042, 0, -0.122, 0, -109.764, -82.694, -101.316, -25.133, -4.787, -4.473, 23.53, -0.14471, -0.68298, 0.23453, -0.67636,
 11:05:54.666,e3:ca:2d:fd:e0:8c, 2015-01-01 00:18:50.130, 1.013, -0.121, -0.042, -0.061, -0.061, 0, -109.77, -82.694, -101.299, -25.133, -4.787, -4.473, 23.53, -0.14471, -0.68298, 0.23453, -0.67636,
 11:05:54.684,ed:35:33:d3:6c:f8, 2015-01-01 00:18:53.185, 0.828, -0.035, 0.55, 0, 0, 0, -3.955, -56.332, -163.531, -23.800, -7.487, -13.607, 30.42, -0.10992, 0.47128, 0.03732, 0.87424,
 11:05:54.684,ed:35:33:d3:6c:f8, 2015-01-01 00:18:53.185, 0.828, -0.035, 0.549, 0, 0.061, -0.061, -3.95, -56.332, -163.531, -23.800, -7.487, -13.607, 30.42, -0.10992, 0.47128, 0.03732, 0.87424,
 11:05:54.686,f6:90:cc:01:6d:25, 2015-01-01 00:18:52.590, 0.985, -0.047, 0.046, 0, 0.122, 0, -44.621, -85.946, -133.759, -28.653, -6.980, 3.233, 29.33, 0.03061, -0.68896, 0.00513, -0.72406,
 11:05:54.686,f6:90:cc:01:6d:25, 2015-01-01 00:18:52.590, 0.984, -0.049, 0.044, -0.244, 0.122, 0, -44.632, -85.946, -133.786, -28.653, -6.980, 3.233, 29.33, 0.03061, -0.68896, 0.00513, -0.72406,
 11:05:54.688,ed:40:fe:65:30:6c, 2015-01-01 00:18:49.935, 0.884, 0.045, 0.475, -0.061, 0, 0.061, 4.977, -61.793, -111.934, -26.433, -7.387, 5.113, 25.17, 0.49811, -0.4043, -0.31796, -0.69803,
 11:05:54.688,ed:40:fe:65:30:6c, 2015-01-01 00:18:49.935, 0.885, 0.043, 0.474, -0.122, 0, 0.122, 4.977, -61.793, -111.934, -26.433, -7.387, 5.113, 25.17, 0.49811, -0.4043, -0.31796, -0.69803,
 11:05:54.708,ed:35:33:d3:6c:f8, 2015-01-01 00:18:53.185, 0.828, -0.036, 0.549, -0.122, 0, 0.061, -3.95, -56.332, -163.537, -23.207, -7.560, -13.667, 30.42, -0.10992, 0.47128, 0.03732, 0.87424,
 11:05:54.708,ed:35:33:d3:6c:f8, 2015-01-01 00:18:53.185, 0.829, -0.037, 0.549, -0.183, 0, 0.183, -3.955, -56.332, -163.531, -23.207, -7.560, -13.667, 30.42, -0.10992, 0.47128, 0.03732, 0.87424,
 11:05:54.710,e3:ca:2d:fd:e0:8c, 2015-01-01 00:18:50.130, 1.014, -0.122, -0.042, 0, -0.061, 0, -109.775, -82.694, -101.294, -25.133, -4.787, -4.473, 23.53, -0.14471, -0.68298, 0.23453, -0.67636,
 11:05:54.710,e3:ca:2d:fd:e0:8c, 2015-01-01 00:18:50.130, 1.013, -0.123, -0.041, 0, 0, 0, -109.775, -82.694, -101.283, -25.133, -4.787, -4.473, 23.53, -0.14471, -0.68298, 0.23453, -0.67636,
 11:05:54.710,ed:40:fe:65:30:6c, 2015-01-01 00:18:49.935, 0.885, 0.042, 0.474, -0.183, 0.061, 0.244, 4.971, -61.787, -111.929, -26.433, -7.387, 5.113, 25.17, 0.49811, -0.4043, -0.31796, -0.69803,
 11:05:54.710,ed:40:fe:65:30:6c, 2015-01-01 00:18:49.935, 0.884, 0.043, 0.474, -0.061, 0.061, 0.183, 4.966, -61.787, -111.918, -26.433, -7.387, 5.113, 25.17, 0.49811, -0.4043, -0.31796, -0.69803,
 11:05:54.753,f6:90:cc:01:6d:25, 2015-01-01 00:18:52.590, 0.985, -0.05, 0.046, -0.122, 0.122, 0, -44.637, -85.946, -133.813, -28.653, -6.980, 3.233, 29.33, 0.02753, -0.68903, 0.00806, -0.72412,
 11:05:54.753,f6:90:cc:01:6d:25, 2015-01-01 00:18:52.590, 0.985, -0.049, 0.044, 0.061, 0.061, 0, -44.654, -85.946, -133.83, -28.653, -6.980, 3.233, 29.33, 0.02753, -0.68903, 0.00806, -0.72412,
 11:05:54.754,ed:40:fe:65:30:6c, 2015-01-01 00:18:49.935, 0.884, 0.043, 0.473, -0.061, 0.061, 0.122, 4.96, -61.787, -111.912, -26.433, -7.387, 5.113, 25.17, 0.49811, -0.4043, -0.31796, -0.69803,
 11:05:54.754,ed:40:fe:65:30:6c, 2015-01-01 00:18:49.935, 0.883, 0.042, 0.474, 0, 0.061, 0.061, 4.96, -61.782, -111.907, -26.433, -7.387, 5.113, 25.17, 0.49811, -0.4043, -0.31796, -0.69803,
 11:05:54.756,e3:ca:2d:fd:e0:8c, 2015-01-01 00:18:50.130, 1.013, -0.122, -0.042, 0, 0, 0, -109.77, -82.694, -101.283, -25.680, -4.607, -4.573, 23.53, -0.14471, -0.68298, 0.23453, -0.67636,
 11:05:54.756,e3:ca:2d:fd:e0:8c, 2015-01-01 00:18:50.130, 1.013, -0.123, -0.041, -0.061, 0, 0, -109.759, -82.694, -101.283, -25.680, -4.607, -4.573, 23.53, -0.14471, -0.68298, 0.23453, -0.67636,
 11:05:54.774,ed:35:33:d3:6c:f8, 2015-01-01 00:18:53.185, 0.828, -0.036, 0.548, -0.061, 0, 0.183, -3.961, -56.332, -163.526, -23.207, -7.560, -13.667, 30.42, -0.10992, 0.47128, 0.03732, 0.87424,
 11:05:54.774,ed:35:33:d3:6c:f8, 2015-01-01 00:18:53.185, 0.828, -0.036, 0.548, 0, 0.061, 0.122, -3.961, -56.332, -163.521, -23.207, -7.560, -13.667, 30.42, -0.10992, 0.47128, 0.03732, 0.87424,
 11:05:54.776,f6:90:cc:01:6d:25, 2015-01-01 00:18:52.925, 0.984, -0.049, 0.045, 0, 0.183, 0, -44.648, -85.946, -133.868, -28.653, -6.980, 3.233, 29.33, 0.02753, -0.68903, 0.00806, -0.72412,
 11:05:54.776,f6:90:cc:01:6d:25, 2015-01-01 00:18:52.925, 0.984, -0.05, 0.046, -0.061, 0.244, 0, -44.626, -85.946, -133.918, -28.653, -6.980, 3.233, 29.33, 0.02753, -0.68903, 0.00806, -0.72412,
 11:05:54.800,ed:40:fe:65:30:6c, 2015-01-01 00:18:49.935, 0.882, 0.042, 0.473, 0, 0, 0.122, 4.96, -61.782, -111.901, -26.433, -7.387, 5.113, 25.17, 0.49811, -0.4043, -0.31796, -0.69803,
 11:05:54.800,ed:40:fe:65:30:6c, 2015-01-01 00:18:49.935, 0.884, 0.042, 0.473, 0, 0.122, 0.122, 4.96, -61.782, -111.896, -26.433, -7.387, 5.113, 25.17, 0.49811, -0.4043, -0.31796, -0.69803,
 11:05:54.800,f6:90:cc:01:6d:25, 2015-01-01 00:18:52.925, 0.983, -0.051, 0.045, -0.061, 0.244, 0, -44.615, -85.941, -133.967, -28.653, -6.980, 3.233, 29.33, 0.02753, -0.68903, 0.00806, -0.72412,
 11:05:54.800,f6:90:cc:01:6d:25, 2015-01-01 00:18:52.925, 0.983, -0.051, 0.045, -0.122, 0.183, 0, -44.615, -85.941, -134.011, -28.653, -6.980, 3.233, 29.33, 0.02753, -0.68903, 0.00806, -0.72412,
 11:05:54.801,ed:35:33:d3:6c:f8, 2015-01-01 00:18:53.185, 0.828, -0.037, 0.55, 0, 0.183, 0.061, -3.961, -56.332, -163.515, -23.207, -7.560, -13.667, 30.42, -0.11008, 0.47125, 0.03741, 0.87424,
 11:05:54.801,ed:35:33:d3:6c:f8, 2015-01-01 00:18:53.185, 0.827, -0.038, 0.548, 0.061, 0.122, 0.061, -3.961, -56.332, -163.515, -23.207, -7.560, -13.667, 30.42, -0.11008, 0.47125, 0.03741, 0.87424,
 11:05:54.801,e3:ca:2d:fd:e0:8c, 2015-01-01 00:18:50.130, 1.012, -0.124, -0.042, -0.061, 0, 0, -109.753, -82.694, -101.283, -25.680, -4.607, -4.573, 23.53, -0.14392, -0.68323, 0.23373, -0.67657,
 11:05:54.801,e3:ca:2d:fd:e0:8c, 2015-01-01 00:18:50.130, 1.013, -0.123, -0.042, 0, -0.061, 0, -109.748, -82.694, -101.283, -25.680, -4.607, -4.573, 23.53, -0.14392, -0.68323, 0.23373, -0.67657,
 11:05:54.842,ed:35:33:d3:6c:f8, 2015-01-01 00:18:53.185, 0.829, -0.037, 0.549, 0, 0.122, 0.122, -3.961, -56.327, -163.51, -23.207, -7.560, -13.667, 30.42, -0.11008, 0.47125, 0.03741, 0.87424,
 11:05:54.842,ed:35:33:d3:6c:f8, 2015-01-01 00:18:53.185, 0.827, -0.036, 0.551, -0.061, 0.305, 0.061, -3.961, -56.321, -163.51, -23.207, -7.560, -13.667, 30.42, -0.11008, 0.47125, 0.03741, 0.87424,
 11:05:54.842,f6:90:cc:01:6d:25, 2015-01-01 00:18:52.925, 0.985, -0.048, 0.045, -0.183, 0.244, 0, -44.604, -85.941, -134.061, -28.653, -6.980, 3.233, 29.33, 0.02753, -0.68903, 0.00806, -0.72412,
 11:05:54.842,f6:90:cc:01:6d:25, 2015-01-01 00:18:52.925, 0.984, -0.05, 0.045, -0.061, 0.122, 0, -44.615, -85.941, -134.088, -28.653, -6.980, 3.233, 29.33, 0.02753, -0.68903, 0.00806, -0.72412,
 11:05:54.846,e3:ca:2d:fd:e0:8c, 2015-01-01 00:18:50.440, 1.014, -0.123, -0.042, 0, -0.122, 0, -109.748, -82.694, -101.272, -25.680, -4.607, -4.573, 23.53, -0.14392, -0.68323, 0.23373, -0.67657,
 11:05:54.846,e3:ca:2d:fd:e0:8c, 2015-01-01 00:18:50.440, 1.013, -0.124, -0.042, 0, -0.122, 0, -109.759, -82.694, -101.255, -25.680, -4.607, -4.573, 23.53, -0.14392, -0.68323, 0.23373, -0.67657,
 11:05:54.865,ed:35:33:d3:6c:f8, 2015-01-01 00:18:53.545, 0.826, -0.041, 0.549, -0.122, 0.244, 0.366, -3.972, -56.321, -163.499, -23.207, -7.560, -13.667, 30.42, -0.11008, 0.47125, 0.03741, 0.87424,
 11:05:54.865,ed:35:33:d3:6c:f8, 2015-01-01 00:18:53.545, 0.83, -0.041, 0.549, 0, 0.061, 0.122, -3.977, -56.316, -163.493, -23.207, -7.560, -13.667, 30.42, -0.11008, 0.47125, 0.03741, 0.87424,
 11:05:54.866,ed:40:fe:65:30:6c, 2015-01-01 00:18:49.935, 0.884, 0.044, 0.477, 0.061, 0.122, 0.061, 4.955, -61.776, -111.89, -26.567, -7.440, 4.987, 25.17, 0.49811, -0.4043, -0.31796, -0.69803,
 11:05:54.867,ed:40:fe:65:30:6c, 2015-01-01 00:18:49.935, 0.882, 0.039, 0.474, 0, 0.183, 0, 4.96, -61.776, -111.89, -26.567, -7.440, 4.987, 25.17, 0.49811, -0.4043, -0.31796, -0.69803,
 11:05:54.869,e3:ca:2d:fd:e0:8c, 2015-01-01 00:18:50.440, 1.012, -0.123, -0.042, 0.061, -0.061, 0, -109.764, -82.694, -101.239, -25.680, -4.607, -4.573, 23.53, -0.14392, -0.68323, 0.23373, -0.67657,
 11:05:54.869,e3:ca:2d:fd:e0:8c, 2015-01-01 00:18:50.440, 1.015, -0.123, -0.042, 0, -0.122, 0, -109.764, -82.694, -101.228, -25.680, -4.607, -4.573, 23.53, -0.14392, -0.68323, 0.23373, -0.67657,
 11:05:54.889,f6:90:cc:01:6d:25, 2015-01-01 00:18:52.925, 0.983, -0.052, 0.046, 0, 0.122, 0, -44.626, -85.941, -134.116, -28.653, -6.980, 3.233, 29.33, 0.02753, -0.68903, 0.00806, -0.72412,
 11:05:54.889,f6:90:cc:01:6d:25, 2015-01-01 00:18:52.925, 0.988, -0.051, 0.046, 0, 0.061, 0, -44.648, -85.941, -134.127, -28.653, -6.980, 3.233, 29.33, 0.02753, -0.68903, 0.00806, -0.72412,
 11:05:54.889,ed:40:fe:65:30:6c, 2015-01-01 00:18:49.935, 0.884, 0.039, 0.474, -0.061, 0.122, 0, 4.96, -61.771, -111.89, -26.567, -7.440, 4.987, 25.17, 0.4985, -0.40408, -0.31793, -0.69788,
 11:05:54.889,ed:40:fe:65:30:6c, 2015-01-01 00:18:49.935, 0.888, 0.043, 0.476, 0, 0.122, 0, 4.96, -61.765, -111.89, -26.567, -7.440, 4.987, 25.17, 0.4985, -0.40408, -0.31793, -0.69788,
 11:05:54.909,ed:35:33:d3:6c:f8, 2015-01-01 00:18:53.545, 0.831, -0.034, 0.55, 0.183, 0.183, -0.122, -3.972, -56.316, -163.493, -23.207, -7.560, -13.667, 30.42, -0.11008, 0.47125, 0.03741, 0.87424,
 11:05:54.909,ed:35:33:d3:6c:f8, 2015-01-01 00:18:53.545, 0.828, -0.032, 0.55, 0.305, 0.061, 0.061, -3.961, -56.316, -163.493, -23.207, -7.560, -13.667, 30.42, -0.11008, 0.47125, 0.03741, 0.87424,
 11:05:54.913,e3:ca:2d:fd:e0:8c, 2015-01-01 00:18:50.440, 1.015, -0.123, -0.041, -0.122, -0.061, 0, -109.77, -82.689, -101.212, -25.680, -4.607, -4.573, 23.53, -0.14392, -0.68323, 0.23373, -0.67657,
 11:05:54.913,e3:ca:2d:fd:e0:8c, 2015-01-01 00:18:50.440, 1.014, -0.123, -0.043, -0.122, 0, 0, -109.77, -82.689, -101.206, -25.680, -4.607, -4.573, 23.53, -0.14392, -0.68323, 0.23373, -0.67657,
 11:05:54.933,f6:90:cc:01:6d:25, 2015-01-01 00:18:52.925, 0.984, -0.049, 0.044, -0.183, 0.244, 0, -44.659, -85.941, -134.16, -28.653, -6.980, 3.233, 29.33, 0.02753, -0.68903, 0.00806, -0.72412,
 11:05:54.933,f6:90:cc:01:6d:25, 2015-01-01 00:18:52.925, 0.983, -0.052, 0.044, 0, 0.122, 0, -44.654, -85.935, -134.209, -28.653, -6.980, 3.233, 29.33, 0.02753, -0.68903, 0.00806, -0.72412,
 11:05:54.935,ed:40:fe:65:30:6c, 2015-01-01 00:18:49.935, 0.886, 0.048, 0.475, 0.366, 0.122, 0, 4.96, -61.76, -111.89, -26.567, -7.440, 4.987, 25.17, 0.4985, -0.40408, -0.31793, -0.69788,
 11:05:54.935,ed:40:fe:65:30:6c, 2015-01-01 00:18:49.935, 0.884, 0.042, 0.476, 0.061, 0.244, 0.366, 4.966, -61.76, -111.885, -26.567, -7.440, 4.987, 25.17, 0.4985, -0.40408, -0.31793, -0.69788,
 11:05:54.954,ed:35:33:d3:6c:f8, 2015-01-01 00:18:53.545, 0.827, -0.039, 0.55, 0, 0.366, 0.305, -3.966, -56.31, -163.488, -23.207, -7.560, -13.667, 30.42, -0.11008, 0.47125, 0.03741, 0.87424,
 11:05:54.954,ed:35:33:d3:6c:f8, 2015-01-01 00:18:53.545, 0.825, -0.04, 0.551, 0.061, 0.122, 0.122, -3.972, -56.305, -163.482, -23.207, -7.560, -13.667, 30.42, -0.11008, 0.47125, 0.03741, 0.87424,
 11:05:54.958,e3:ca:2d:fd:e0:8c, 2015-01-01 00:18:50.440, 1.013, -0.124, -0.044, 0, -0.183, 0, -109.764, -82.689, -101.195, -25.680, -4.607, -4.573, 23.53, -0.14392, -0.68323, 0.23373, -0.67657,
 11:05:54.958,e3:ca:2d:fd:e0:8c, 2015-01-01 00:18:50.440, 1.013, -0.122, -0.042, 0, 0, 0, -109.775, -82.689, -101.179, -25.680, -4.607, -4.573, 23.53, -0.14392, -0.68323, 0.23373, -0.67657,
 11:05:54.958,ed:40:fe:65:30:6c, 2015-01-01 00:18:50.270, 0.882, 0.041, 0.475, 0, 0.122, 0.305, 4.955, -61.754, -111.868, -26.567, -7.440, 4.987, 25.17, 0.4985, -0.40408, -0.31793, -0.69788,
 11:05:54.958,ed:40:fe:65:30:6c, 2015-01-01 00:18:50.270, 0.882, 0.041, 0.476, 0, 0, 0.183, 4.949, -61.754, -111.857, -26.567, -7.440, 4.987, 25.17, 0.4985, -0.40408, -0.31793, -0.69788,
 11:05:54.979,f6:90:cc:01:6d:25, 2015-01-01 00:18:52.925, 0.983, -0.049, 0.044, 0.244, -0.061, 0, -44.676, -85.935, -134.225, -28.653, -6.980, 3.233, 29.33, 0.02753, -0.68903, 0.00806, -0.72412,
 11:05:54.979,f6:90:cc:01:6d:25, 2015-01-01 00:18:52.925, 0.982, -0.049, 0.044, 0.122, 0.061, 0, -44.714, -85.941, -134.22, -28.653, -6.980, 3.233, 29.33, 0.02753, -0.68903, 0.00806, -0.72412,
 11:05:55.000,ed:35:33:d3:6c:f8, 2015-01-01 00:18:53.545, 0.826, -0.038, 0.551, 0, -0.061, 0.122, -3.972, -56.305, -163.477, -23.207, -7.560, -13.667, 30.42, -0.11008, 0.47125, 0.03741, 0.87424,
 11:05:55.000,ed:35:33:d3:6c:f8, 2015-01-01 00:18:53.545, 0.827, -0.04, 0.549, 0, -0.122, 0.244, -3.977, -56.31, -163.466, -23.207, -7.560, -13.667, 30.42, -0.11008, 0.47125, 0.03741, 0.87424,
 11:05:55.001,f6:90:cc:01:6d:25, 2015-01-01 00:18:52.925, 0.983, -0.051, 0.045, -0.061, 0.061, 0, -44.742, -85.941, -134.236, -28.840, -6.793, 3.340, 29.33, 0.02753, -0.68903, 0.00806, -0.72412,
 11:05:55.001,f6:90:cc:01:6d:25, 2015-01-01 00:18:52.925, 0.983, -0.052, 0.045, 0, 0.061, 0, -44.764, -85.941, -134.253, -28.840, -6.793, 3.340, 29.33, 0.02753, -0.68903, 0.00806, -0.72412,
 11:05:55.001,ed:40:fe:65:30:6c, 2015-01-01 00:18:50.270, 0.883, 0.04, 0.475, 0, -0.061, 0.183, 4.944, -61.754, -111.852, -26.567, -7.440, 4.987, 25.17, 0.4985, -0.40408, -0.31793, -0.69788,
 11:05:55.001,ed:40:fe:65:30:6c, 2015-01-01 00:18:50.270, 0.883, 0.04, 0.473, 0.061, -0.122, 0.122, 4.938, -61.754, -111.846, -26.567, -7.440, 4.987, 25.17, 0.4985, -0.40408, -0.31793, -0.69788,
 11:05:55.002,e3:ca:2d:fd:e0:8c, 2015-01-01 00:18:50.440, 1.013, -0.123, -0.042, -0.122, 0, 0, -109.77, -82.689, -101.179, -25.680, -4.607, -4.573, 23.53, -0.14392, -0.68323, 0.23373, -0.67657,
 11:05:55.002,e3:ca:2d:fd:e0:8c, 2015-01-01 00:18:50.440, 1.011, -0.124, -0.043, -0.122, 0, 0, -109.764, -82.689, -101.179, -25.680, -4.607, -4.573, 23.53, -0.14392, -0.68323, 0.23373, -0.67657,
 11:05:55.026,e3:ca:2d:fd:e0:8c, 2015-01-01 00:18:50.440, 1.012, -0.123, -0.042, 0, -0.061, 0, -109.759, -82.689, -101.173, -25.280, -4.807, -3.993, 23.53, -0.14392, -0.68323, 0.23373, -0.67657,
 11:05:55.026,e3:ca:2d:fd:e0:8c, 2015-01-01 00:18:50.440, 1.014, -0.122, -0.041, 0, -0.122, 0, -109.764, -82.689, -101.162, -25.280, -4.807, -3.993, 23.53, -0.14392, -0.68323, 0.23373, -0.67657,
 11:05:55.045,ed:35:33:d3:6c:f8, 2015-01-01 00:18:53.545, 0.827, -0.04, 0.547, 0.122, -0.244, 0.122, -3.983, -56.31, -163.46, -23.207, -7.560, -13.667, 30.42, -0.11008, 0.47125, 0.03741, 0.87424,
 11:05:55.045,ed:35:33:d3:6c:f8, 2015-01-01 00:18:53.545, 0.827, -0.039, 0.548, 0.061, 0, 0, -3.983, -56.316, -163.46, -23.207, -7.560, -13.667, 30.42, -0.11008, 0.47125, 0.03741, 0.87424,
 11:05:55.045,f6:90:cc:01:6d:25, 2015-01-01 00:18:52.925, 0.984, -0.05, 0.047, 0.061, 0.183, -0.305, -44.769, -85.941, -134.286, -28.840, -6.793, 3.340, 29.33, 0.02753, -0.68903, 0.00806, -0.72412,
 11:05:55.045,f6:90:cc:01:6d:25, 2015-01-01 00:18:52.925, 0.986, -0.049, 0.047, 0, 0.183, -0.305, -44.709, -85.946, -134.385, -28.840, -6.793, 3.340, 29.33, 0.02753, -0.68903, 0.00806, -0.72412,
 11:05:55.046,ed:40:fe:65:30:6c, 2015-01-01 00:18:50.270, 0.883, 0.04, 0.474, 0.122, -0.183, 0, 4.944, -61.754, -111.841, -26.567, -7.440, 4.987, 25.17, 0.4985, -0.40408, -0.31793, -0.69788,
 11:05:55.046,ed:40:fe:65:30:6c, 2015-01-01 00:18:50.270, 0.884, 0.042, 0.475, 0.183, -0.122, 0, 4.944, -61.76, -111.846, -26.567, -7.440, 4.987, 25.17, 0.4985, -0.40408, -0.31793, -0.69788,
 11:05:55.067,ed:35:33:d3:6c:f8, 2015-01-01 00:18:53.545, 0.829, -0.036, 0.551, 0.183, 0.122, 0, -3.977, -56.31, -163.46, -23.100, -7.540, -12.867, 30.42, -0.11008, 0.47125, 0.03741, 0.87424,
 11:05:55.067,ed:35:33:d3:6c:f8, 2015-01-01 00:18:53.545, 0.827, -0.035, 0.551, 0.183, 0, -0.061, -3.972, -56.31, -163.46, -23.100, -7.540, -12.867, 30.42, -0.11008, 0.47125, 0.03741, 0.87424,
 11:05:55.070,e3:ca:2d:fd:e0:8c, 2015-01-01 00:18:50.440, 1.014, -0.123, -0.042, 0, -0.183, 0, -109.775, -82.689, -101.14, -25.280, -4.807, -3.993, 23.53, -0.14392, -0.68323, 0.23373, -0.67657,
 11:05:55.070,e3:ca:2d:fd:e0:8c, 2015-01-01 00:18:50.440, 1.013, -0.123, -0.042, 0, -0.122, 0, -109.792, -82.689, -101.118, -25.280, -4.807, -3.993, 23.53, -0.14392, -0.68323, 0.23373, -0.67657,
 11:05:55.092,ed:40:fe:65:30:6c, 2015-01-01 00:18:50.270, 0.883, 0.044, 0.477, 0.122, -0.122, 0, 4.949, -61.76, -111.846, -26.567, -7.440, 4.987, 25.17, 0.4985, -0.40408, -0.31793, -0.69788,
 11:05:55.092,ed:40:fe:65:30:6c, 2015-01-01 00:18:50.270, 0.885, 0.042, 0.476, 0.122, -0.061, 0, 4.955, -61.76, -111.846, -26.567, -7.440, 4.987, 25.17, 0.4985, -0.40408, -0.31793, -0.69788,
 11:05:55.112,ed:35:33:d3:6c:f8, 2015-01-01 00:18:53.545, 0.83, -0.038, 0.549, 0, -0.061, 0, -3.972, -56.31, -163.46, -23.100, -7.540, -12.867, 30.42, -0.11008, 0.47125, 0.03741, 0.87424,
 11:05:55.112,ed:35:33:d3:6c:f8, 2015-01-01 00:18:53.545, 0.829, -0.036, 0.548, 0.122, -0.305, -0.122, -3.966, -56.316, -163.466, -23.100, -7.540, -12.867, 30.42, -0.11008, 0.47125, 0.03741, 0.87424,
 11:05:55.113,f6:90:cc:01:6d:25, 2015-01-01 00:18:52.925, 0.984, -0.049, 0.046, -0.061, 0.122, -0.244, -44.654, -85.946, -134.484, -28.840, -6.793, 3.340, 29.33, 0.02332, -0.689, 0.01215, -0.72424,
 11:05:55.113,f6:90:cc:01:6d:25, 2015-01-01 00:18:52.925, 0.986, -0.05, 0.043, 0, 0.122, -0.122, -44.621, -85.952, -134.55, -28.840, -6.793, 3.340, 29.33, 0.02332, -0.689, 0.01215, -0.72424,
 11:05:55.117,e3:ca:2d:fd:e0:8c, 2015-01-01 00:18:50.440, 1.014, -0.123, -0.041, 0, 0, 0, -109.792, -82.683, -101.102, -25.280, -4.807, -3.993, 23.53, -0.14313, -0.6835, 0.23303, -0.6767,
 11:05:55.117,e3:ca:2d:fd:e0:8c, 2015-01-01 00:18:50.440, 1.014, -0.122, -0.041, -0.061, 0, 0, -109.781, -82.683, -101.102, -25.280, -4.807, -3.993, 23.53, -0.14313, -0.6835, 0.23303, -0.6767,
 11:05:55.117,ed:40:fe:65:30:6c, 2015-01-01 00:18:50.270, 0.885, 0.042, 0.475, 0, -0.061, -0.122, 4.96, -61.76, -111.846, -26.567, -7.440, 4.987, 25.17, 0.4985, -0.40408, -0.31793, -0.69788,
 11:05:55.117,ed:40:fe:65:30:6c, 2015-01-01 00:18:50.270, 0.885, 0.045, 0.474, 0.061, -0.061, -0.061, 4.966, -61.76, -111.852, -26.567, -7.440, 4.987, 25.17, 0.4985, -0.40408, -0.31793, -0.69788,
 11:05:55.136,f6:90:cc:01:6d:25, 2015-01-01 00:18:53.280, 0.985, -0.048, 0.047, 0, 0.122, -0.244, -44.604, -85.952, -134.61, -28.840, -6.793, 3.340, 29.33, 0.02332, -0.689, 0.01215, -0.72424,
 11:05:55.136,f6:90:cc:01:6d:25, 2015-01-01 00:18:53.280, 0.984, -0.049, 0.045, 0, 0.244, -0.244, -44.555, -85.957, -134.692, -28.840, -6.793, 3.340, 29.33, 0.02332, -0.689, 0.01215, -0.72424,
 11:05:55.158,f6:90:cc:01:6d:25, 2015-01-01 00:18:53.280, 0.984, -0.049, 0.044, -0.122, 0.305, -0.244, -44.489, -85.957, -134.797, -28.840, -6.793, 3.340, 29.33, 0.02332, -0.689, 0.01215, -0.72424,
 11:05:55.158,f6:90:cc:01:6d:25, 2015-01-01 00:18:53.280, 0.983, -0.048, 0.044, -0.061, 0.244, -0.183, -44.423, -85.957, -134.901, -28.840, -6.793, 3.340, 29.33, 0.02332, -0.689, 0.01215, -0.72424,
 11:05:55.159,ed:40:fe:65:30:6c, 2015-01-01 00:18:50.270, 0.885, 0.042, 0.474, -0.244, 0, 0.061, 4.966, -61.76, -111.852, -26.567, -7.440, 4.987, 25.17, 0.4985, -0.40408, -0.31793, -0.69788,
 11:05:55.159,ed:40:fe:65:30:6c, 2015-01-01 00:18:50.270, 0.884, 0.041, 0.473, -0.244, 0, 0, 4.96, -61.754, -111.852, -26.567, -7.440, 4.987, 25.17, 0.4985, -0.40408, -0.31793, -0.69788,
 11:05:55.160,e3:ca:2d:fd:e0:8c, 2015-01-01 00:18:50.755, 1.013, -0.122, -0.042, -0.122, 0, 0, -109.775, -82.689, -101.102, -25.280, -4.807, -3.993, 23.53, -0.14313, -0.6835, 0.23303, -0.6767,
 11:05:55.160,e3:ca:2d:fd:e0:8c, 2015-01-01 00:18:50.755, 1.014, -0.123, -0.043, -0.122, -0.061, 0, -109.764, -82.689, -101.102, -25.280, -4.807, -3.993, 23.53, -0.14313, -0.6835, 0.23303, -0.6767,
 11:05:55.180,ed:35:33:d3:6c:f8, 2015-01-01 00:18:53.545, 0.83, -0.034, 0.548, 0, -0.061, 0, -3.961, -56.321, -163.466, -23.100, -7.540, -12.867, 30.42, -0.11047, 0.4711, 0.03757, 0.87427,
 11:05:55.180,ed:35:33:d3:6c:f8, 2015-01-01 00:18:53.545, 0.829, -0.039, 0.548, -0.366, 0.183, 0.061, -3.966, -56.321, -163.466, -23.100, -7.540, -12.867, 30.42, -0.11047, 0.4711, 0.03757, 0.87427,
 11:05:55.204,f6:90:cc:01:6d:25, 2015-01-01 00:18:53.280, 0.983, -0.048, 0.043, 0, 0.183, -0.244, -44.374, -85.957, -134.989, -28.840, -6.793, 3.340, 29.33, 0.02332, -0.689, 0.01215, -0.72424,
 11:05:55.204,f6:90:cc:01:6d:25, 2015-01-01 00:18:53.280, 0.984, -0.048, 0.045, -0.061, 0.183, -0.244, -44.324, -85.957, -135.077, -28.840, -6.793, 3.340, 29.33, 0.02332, -0.689, 0.01215, -0.72424,
 11:05:55.206,e3:ca:2d:fd:e0:8c, 2015-01-01 00:18:50.755, 1.014, -0.122, -0.044, 0, -0.061, 0, -109.77, -82.689, -101.091, -25.280, -4.807, -3.993, 23.53, -0.14313, -0.6835, 0.23303, -0.6767,
 11:05:55.206,e3:ca:2d:fd:e0:8c, 2015-01-01 00:18:50.755, 1.014, -0.122, -0.044, -0.122, 0, 0, -109.77, -82.689, -101.085, -25.280, -4.807, -3.993, 23.53, -0.14313, -0.6835, 0.23303, -0.6767,
 11:05:55.224,ed:35:33:d3:6c:f8, 2015-01-01 00:18:53.880, 0.827, -0.04, 0.549, -0.244, 0.244, -0.122, -3.972, -56.316, -163.466, -23.100, -7.540, -12.867, 30.42, -0.11047, 0.4711, 0.03757, 0.87427,
 11:05:55.224,ed:35:33:d3:6c:f8, 2015-01-01 00:18:53.880, 0.826, -0.038, 0.551, -0.122, 0.244, -0.244, -3.966, -56.31, -163.477, -23.100, -7.540, -12.867, 30.42, -0.11047, 0.4711, 0.03757, 0.87427,
 11:05:55.228,e3:ca:2d:fd:e0:8c, 2015-01-01 00:18:50.755, 1.013, -0.123, -0.044, -0.122, -0.122, 0, -109.77, -82.689, -101.08, -25.280, -4.807, -3.993, 23.53, -0.14313, -0.6835, 0.23303, -0.6767,
 11:05:55.228,e3:ca:2d:fd:e0:8c, 2015-01-01 00:18:50.755, 1.014, -0.123, -0.042, -0.061, -0.122, 0, -109.786, -82.683, -101.063, -25.280, -4.807, -3.993, 23.53, -0.14313, -0.6835, 0.23303, -0.6767,
 11:05:55.228,ed:40:fe:65:30:6c, 2015-01-01 00:18:50.270, 0.883, 0.042, 0.476, -0.122, 0, -0.183, 4.96, -61.754, -111.852, -26.220, -6.713, 4.947, 25.17, 0.4985, -0.40408, -0.31793, -0.69788,
 11:05:55.228,ed:40:fe:65:30:6c, 2015-01-01 00:18:50.270, 0.883, 0.043, 0.475, -0.061, 0, -0.244, 4.971, -61.754, -111.863, -26.220, -6.713, 4.947, 25.17, 0.4985, -0.40408, -0.31793, -0.69788,
 11:05:55.248,ed:35:33:d3:6c:f8, 2015-01-01 00:18:53.880, 0.827, -0.036, 0.55, 0.122, 0, -0.305, -3.955, -56.31, -163.488, -23.100, -7.540, -12.867, 30.42, -0.11047, 0.4711, 0.03757, 0.87427,
 11:05:55.248,ed:35:33:d3:6c:f8, 2015-01-01 00:18:53.880, 0.828, -0.035, 0.549, 0.244, -0.061, -0.366, -3.939, -56.316, -163.499, -23.100, -7.540, -12.867, 30.42, -0.11047, 0.4711, 0.03757, 0.87427,
 11:05:55.250,ed:40:fe:65:30:6c, 2015-01-01 00:18:50.270, 0.884, 0.044, 0.474, 0.061, -0.061, -0.305, 4.982, -61.754, -111.874, -26.220, -6.713, 4.947, 25.17, 0.49869, -0.40384, -0.31805, -0.69781,
 11:05:55.250,ed:40:fe:65:30:6c, 2015-01-01 00:18:50.270, 0.884, 0.044, 0.474, 0, 0, -0.244, 4.993, -61.754, -111.885, -26.220, -6.713, 4.947, 25.17, 0.49869, -0.40384, -0.31805, -0.69781,
 11:05:55.269,ed:35:33:d3:6c:f8, 2015-01-01 00:18:53.880, 0.828, -0.035, 0.548, 0.122, -0.061, -0.366, -3.928, -56.316, -163.515, -23.100, -7.540, -12.867, 30.42, -0.11047, 0.4711, 0.03757, 0.87427,
 11:05:55.269,ed:35:33:d3:6c:f8, 2015-01-01 00:18:53.880, 0.829, -0.036, 0.549, -0.061, 0.244, -0.244, -3.917, -56.316, -163.521, -23.100, -7.540, -12.867, 30.42, -0.11047, 0.4711, 0.03757, 0.87427,
 11:05:55.270,f6:90:cc:01:6d:25, 2015-01-01 00:18:53.280, 0.985, -0.049, 0.044, -0.122, 0.122, -0.183, -44.286, -85.963, -135.159, -28.840, -6.793, 3.340, 29.33, 0.02332, -0.689, 0.01215, -0.72424,
 11:05:55.270,f6:90:cc:01:6d:25, 2015-01-01 00:18:53.280, 0.985, -0.049, 0.046, -0.061, 0.122, -0.122, -44.269, -85.963, -135.22, -28.840, -6.793, 3.340, 29.33, 0.02332, -0.689, 0.01215, -0.72424,
 11:05:55.273,e3:ca:2d:fd:e0:8c, 2015-01-01 00:18:50.755, 1.013, -0.122, -0.042, -0.061, -0.061, 0, -109.792, -82.683, -101.047, -25.280, -4.807, -3.993, 23.53, -0.14313, -0.6835, 0.23303, -0.6767,
 11:05:55.273,e3:ca:2d:fd:e0:8c, 2015-01-01 00:18:50.755, 1.013, -0.123, -0.039, -0.122, 0, 0, -109.792, -82.683, -101.047, -25.280, -4.807, -3.993, 23.53, -0.14313, -0.6835, 0.23303, -0.6767,
 11:05:55.293,f6:90:cc:01:6d:25, 2015-01-01 00:18:53.280, 0.985, -0.049, 0.044, -0.122, 0.122, -0.122, -44.258, -85.968, -135.275, -28.840, -6.793, 3.340, 29.33, 0.02332, -0.689, 0.01215, -0.72424,
 11:05:55.293,f6:90:cc:01:6d:25, 2015-01-01 00:18:53.280, 0.985, -0.049, 0.048, 0, 0.183, -0.183, -44.236, -85.968, -135.335, -28.840, -6.793, 3.340, 29.33, 0.02332, -0.689, 0.01215, -0.72424,
 11:05:55.295,ed:40:fe:65:30:6c, 2015-01-01 00:18:50.270, 0.885, 0.043, 0.474, 0, 0, -0.244, 5.004, -61.749, -111.896, -26.220, -6.713, 4.947, 25.17, 0.49869, -0.40384, -0.31805, -0.69781,
 11:05:55.295,ed:40:fe:65:30:6c, 2015-01-01 00:18:50.270, 0.884, 0.042, 0.475, -0.122, 0, -0.061, 5.015, -61.749, -111.901, -26.220, -6.713, 4.947, 25.17, 0.49869, -0.40384, -0.31805, -0.69781,
 11:05:55.314,ed:35:33:d3:6c:f8, 2015-01-01 00:18:53.880, 0.828, -0.036, 0.55, -0.183, 0.122, -0.061, -3.917, -56.31, -163.526, -23.100, -7.540, -12.867, 30.42, -0.11047, 0.4711, 0.03757, 0.87427,
 11:05:55.314,ed:35:33:d3:6c:f8, 2015-01-01 00:18:53.880, 0.828, -0.035, 0.551, -0.244, 0.183, 0, -3.917, -56.31, -163.526, -23.100, -7.540, -12.867, 30.42, -0.11047, 0.4711, 0.03757, 0.87427,
 11:05:55.317,ed:40:fe:65:30:6c, 2015-01-01 00:18:50.625, 0.884, 0.044, 0.476, -0.183, 0.061, 0, 5.015, -61.749, -111.907, -26.220, -6.713, 4.947, 25.17, 0.49869, -0.40384, -0.31805, -0.69781,
 11:05:55.317,ed:40:fe:65:30:6c, 2015-01-01 00:18:50.625, 0.883, 0.043, 0.476, -0.305, 0.061, 0, 5.01, -61.743, -111.907, -26.220, -6.713, 4.947, 25.17, 0.49869, -0.40384, -0.31805, -0.69781,
 11:05:55.318,e3:ca:2d:fd:e0:8c, 2015-01-01 00:18:50.755, 1.013, -0.122, -0.041, -0.183, 0, 0, -109.786, -82.683, -101.047, -25.280, -4.807, -3.993, 23.53, -0.14313, -0.6835, 0.23303, -0.6767,
 11:05:55.318,e3:ca:2d:fd:e0:8c, 2015-01-01 00:18:50.755, 1.013, -0.122, -0.042, -0.122, -0.061, 0, -109.786, -82.683, -101.041, -25.280, -4.807, -3.993, 23.53, -0.14313, -0.6835, 0.23303, -0.6767,
 11:05:55.338,f6:90:cc:01:6d:25, 2015-01-01 00:18:53.280, 0.985, -0.049, 0.046, 0, 0.305, -0.183, -44.187, -85.968, -135.428, -28.840, -6.793, 3.340, 29.33, 0.02332, -0.689, 0.01215, -0.72424,
 11:05:55.338,f6:90:cc:01:6d:25, 2015-01-01 00:18:53.280, 0.984, -0.049, 0.045, 0, 0.366, -0.244, -44.11, -85.968, -135.538, -28.840, -6.793, 3.340, 29.33, 0.02332, -0.689, 0.01215, -0.72424,
 11:05:55.359,ed:35:33:d3:6c:f8, 2015-01-01 00:18:53.880, 0.827, -0.035, 0.552, -0.366, 0.183, 0, -3.922, -56.305, -163.526, -23.100, -7.540, -12.867, 30.42, -0.11047, 0.4711, 0.03757, 0.87427,
 11:05:55.359,ed:35:33:d3:6c:f8, 2015-01-01 00:18:53.880, 0.827, -0.035, 0.551, -0.183, 0, 0, -3.922, -56.305, -163.526, -23.100, -7.540, -12.867, 30.42, -0.11047, 0.4711, 0.03757, 0.87427,
 11:05:55.360,f6:90:cc:01:6d:25, 2015-01-01 00:18:53.280, 0.983, -0.049, 0.045, 0, 0.366, -0.244, -44.022, -85.968, -135.665, -29.227, -6.527, 3.380, 29.33, 0.02332, -0.689, 0.01215, -0.72424,
 11:05:55.360,f6:90:cc:01:6d:25, 2015-01-01 00:18:53.280, 0.984, -0.049, 0.044, 0, 0.305, -0.122, -43.956, -85.968, -135.769, -29.227, -6.527, 3.380, 29.33, 0.02332, -0.689, 0.01215, -0.72424,
 11:05:55.361,ed:40:fe:65:30:6c, 2015-01-01 00:18:50.625, 0.883, 0.044, 0.476, -0.244, 0, 0.122, 5.004, -61.743, -111.901, -26.220, -6.713, 4.947, 25.17, 0.49869, -0.40384, -0.31805, -0.69781,
 11:05:55.361,ed:40:fe:65:30:6c, 2015-01-01 00:18:50.625, 0.883, 0.044, 0.475, -0.244, 0, 0.122, 4.999, -61.743, -111.896, -26.220, -6.713, 4.947, 25.17, 0.49869, -0.40384, -0.31805, -0.69781,
 11:05:55.364,e3:ca:2d:fd:e0:8c, 2015-01-01 00:18:50.755, 1.013, -0.123, -0.042, -0.122, 0, 0, -109.781, -82.683, -101.036, -24.953, -4.753, -5.020, 23.53, -0.14313, -0.6835, 0.23303, -0.6767,
 11:05:55.364,e3:ca:2d:fd:e0:8c, 2015-01-01 00:18:50.755, 1.014, -0.123, -0.043, -0.122, 0, 0, -109.775, -82.689, -101.036, -24.953, -4.753, -5.020, 23.53, -0.14313, -0.6835, 0.23303, -0.6767,
 11:05:55.405,ed:35:33:d3:6c:f8, 2015-01-01 00:18:53.880, 0.827, -0.035, 0.55, -0.061, -0.122, 0.061, -3.922, -56.305, -163.526, -23.100, -7.540, -12.867, 30.42, -0.11047, 0.4711, 0.03757, 0.87427,
 11:05:55.405,ed:35:33:d3:6c:f8, 2015-01-01 00:18:53.880, 0.827, -0.036, 0.549, 0, -0.183, 0.244, -3.928, -56.31, -163.521, -23.100, -7.540, -12.867, 30.42, -0.11047, 0.4711, 0.03757, 0.87427,
 11:05:55.406,ed:40:fe:65:30:6c, 2015-01-01 00:18:50.625, 0.883, 0.043, 0.474, -0.122, -0.122, 0.305, 4.988, -61.743, -111.885, -26.220, -6.713, 4.947, 25.17, 0.49869, -0.40384, -0.31805, -0.69781,
 11:05:55.406,ed:40:fe:65:30:6c, 2015-01-01 00:18:50.625, 0.882, 0.043, 0.474, 0, -0.183, 0.427, 4.977, -61.743, -111.874, -26.220, -6.713, 4.947, 25.17, 0.49869, -0.40384, -0.31805, -0.69781,
 11:05:55.406,f6:90:cc:01:6d:25, 2015-01-01 00:18:53.280, 0.984, -0.05, 0.046, 0.122, 0.305, -0.183, -43.907, -85.968, -135.862, -29.227, -6.527, 3.380, 29.33, 0.02332, -0.689, 0.01215, -0.72424,
 11:05:55.406,f6:90:cc:01:6d:25, 2015-01-01 00:18:53.280, 0.984, -0.049, 0.046, 0.183, 0.366, -0.183, -43.835, -85.968, -135.972, -29.227, -6.527, 3.380, 29.33, 0.02332, -0.689, 0.01215, -0.72424,
 11:05:55.408,e3:ca:2d:fd:e0:8c, 2015-01-01 00:18:50.755, 1.014, -0.123, -0.043, -0.183, 0.061, 0, -109.764, -82.689, -101.041, -24.953, -4.753, -5.020, 23.53, -0.14249, -0.68372, 0.23239, -0.67685,
 11:05:55.408,e3:ca:2d:fd:e0:8c, 2015-01-01 00:18:50.755, 1.014, -0.123, -0.043, -0.061, -0.061, 0, -109.759, -82.689, -101.041, -24.953, -4.753, -5.020, 23.53, -0.14249, -0.68372, 0.23239, -0.67685,
 11:05:55.427,ed:35:33:d3:6c:f8, 2015-01-01 00:18:53.880, 0.826, -0.036, 0.548, 0, -0.061, 0.427, -3.939, -56.31, -163.504, -23.127, -7.807, -13.960, 30.42, -0.11047, 0.4711, 0.03757, 0.87427,
 11:05:55.427,ed:35:33:d3:6c:f8, 2015-01-01 00:18:53.880, 0.828, -0.034, 0.55, 0, 0, 0.549, -3.95, -56.31, -163.488, -23.127, -7.807, -13.960, 30.42, -0.11047, 0.4711, 0.03757, 0.87427,
 11:05:55.430,e3:ca:2d:fd:e0:8c, 2015-01-01 00:18:51.045, 1.013, -0.122, -0.044, 0, -0.244, 0, -109.775, -82.683, -101.019, -24.953, -4.753, -5.020, 23.53, -0.14249, -0.68372, 0.23239, -0.67685,
 11:05:55.430,e3:ca:2d:fd:e0:8c, 2015-01-01 00:18:51.045, 1.013, -0.121, -0.043, 0.122, -0.366, 0, -109.814, -82.683, -100.97, -24.953, -4.753, -5.020, 23.53, -0.14249, -0.68372, 0.23239, -0.67685,
 11:05:55.452,ed:40:fe:65:30:6c, 2015-01-01 00:18:50.625, 0.884, 0.044, 0.473, 0, -0.183, 0.549, 4.966, -61.749, -111.852, -26.220, -6.713, 4.947, 25.17, 0.49869, -0.40384, -0.31805, -0.69781,
 11:05:55.452,ed:40:fe:65:30:6c, 2015-01-01 00:18:50.625, 0.883, 0.046, 0.477, 0.305, -0.183, 0.488, 4.955, -61.754, -111.83, -26.220, -6.713, 4.947, 25.17, 0.49869, -0.40384, -0.31805, -0.69781,
 11:05:55.472,ed:35:33:d3:6c:f8, 2015-01-01 00:18:53.880, 0.826, -0.035, 0.551, 0.183, 0.183, 0.549, -3.961, -56.31, -163.466, -23.127, -7.807, -13.960, 30.42, -0.11047, 0.4711, 0.03757, 0.87427,
 11:05:55.472,ed:35:33:d3:6c:f8, 2015-01-01 00:18:53.880, 0.826, -0.039, 0.55, 0.122, 0, 0.793, -3.977, -56.305, -163.444, -23.127, -7.807, -13.960, 30.42, -0.11047, 0.4711, 0.03757, 0.87427,
 11:05:55.474,f6:90:cc:01:6d:25, 2015-01-01 00:18:53.280, 0.984, -0.047, 0.047, 0.305, 0.366, -0.183, -43.764, -85.963, -136.082, -29.227, -6.527, 3.380, 29.33, 0.01846, -0.68872, 0.01605, -0.72455,
 11:05:55.474,f6:90:cc:01:6d:25, 2015-01-01 00:18:53.280, 0.983, -0.047, 0.044, 0.244, 0.244, -0.183, -43.698, -85.963, -136.181, -29.227, -6.527, 3.380, 29.33, 0.01846, -0.68872, 0.01605, -0.72455,
 11:05:55.474,ed:40:fe:65:30:6c, 2015-01-01 00:18:50.625, 0.881, 0.041, 0.475, 0.305, -0.183, 0.671, 4.944, -61.754, -111.808, -26.220, -6.713, 4.947, 25.17, 0.49869, -0.40384, -0.31805, -0.69781,
 11:05:55.474,ed:40:fe:65:30:6c, 2015-01-01 00:18:50.625, 0.885, 0.042, 0.475, 0.183, -0.244, 0.549, 4.927, -61.76, -111.78, -26.220, -6.713, 4.947, 25.17, 0.49869, -0.40384, -0.31805, -0.69781,
 11:05:55.475,e3:ca:2d:fd:e0:8c, 2015-01-01 00:18:51.045, 1.013, -0.122, -0.041, 0, -0.244, 0, -109.852, -82.683, -100.926, -24.953, -4.753, -5.020, 23.53, -0.14249, -0.68372, 0.23239, -0.67685,
 11:05:55.475,e3:ca:2d:fd:e0:8c, 2015-01-01 00:18:51.045, 1.012, -0.121, -0.041, -0.061, 0, 0, -109.863, -82.683, -100.909, -24.953, -4.753, -5.020, 23.53, -0.14249, -0.68372, 0.23239, -0.67685,
 11:05:55.496,f6:90:cc:01:6d:25, 2015-01-01 00:18:53.640, 0.983, -0.049, 0.046, 0.183, 0.244, -0.183, -43.643, -85.963, -136.274, -29.227, -6.527, 3.380, 29.33, 0.01846, -0.68872, 0.01605, -0.72455,
 11:05:55.496,f6:90:cc:01:6d:25, 2015-01-01 00:18:53.640, 0.987, -0.047, 0.046, 0.122, 0.183, -0.244, -43.588, -85.968, -136.362, -29.227, -6.527, 3.380, 29.33, 0.01846, -0.68872, 0.01605, -0.72455,
 11:05:55.518,f6:90:cc:01:6d:25, 2015-01-01 00:18:53.640, 0.988, -0.043, 0.049, -0.061, 0.305, -0.183, -43.528, -85.968, -136.456, -29.227, -6.527, 3.380, 29.33, 0.01846, -0.68872, 0.01605, -0.72455,
 11:05:55.518,f6:90:cc:01:6d:25, 2015-01-01 00:18:53.640, 0.986, -0.042, 0.046, -0.061, 0.366, 0, -43.473, -85.968, -136.544, -29.227, -6.527, 3.380, 29.33, 0.01846, -0.68872, 0.01605, -0.72455,
 11:05:55.520,ed:40:fe:65:30:6c, 2015-01-01 00:18:50.625, 0.886, 0.049, 0.476, 0.183, -0.244, 0.183, 4.922, -61.765, -111.769, -26.220, -6.713, 4.947, 25.17, 0.49869, -0.40384, -0.31805, -0.69781,
 11:05:55.520,ed:40:fe:65:30:6c, 2015-01-01 00:18:50.625, 0.887, 0.052, 0.475, 0.427, -0.305, 0.305, 4.927, -61.765, -111.758, -26.220, -6.713, 4.947, 25.17, 0.49869, -0.40384, -0.31805, -0.69781,
 11:05:55.522,e3:ca:2d:fd:e0:8c, 2015-01-01 00:18:51.045, 1.015, -0.121, -0.04, -0.061, 0, 0, -109.858, -82.683, -100.909, -24.953, -4.753, -5.020, 23.53, -0.14249, -0.68372, 0.23239, -0.67685,
 11:05:55.522,e3:ca:2d:fd:e0:8c, 2015-01-01 00:18:51.045, 1.015, -0.121, -0.041, -0.061, 0, 0, -109.847, -82.683, -100.909, -24.953, -4.753, -5.020, 23.53, -0.14249, -0.68372, 0.23239, -0.67685,
 11:05:55.540,ed:35:33:d3:6c:f8, 2015-01-01 00:18:53.880, 0.83, -0.037, 0.55, 0.366, -0.122, 0.427, -3.983, -56.31, -163.422, -23.127, -7.807, -13.960, 30.42, -0.11057, 0.47104, 0.0376, 0.8743,
 11:05:55.540,ed:35:33:d3:6c:f8, 2015-01-01 00:18:53.880, 0.83, -0.027, 0.551, 0.61, -0.183, 0.061, -3.977, -56.31, -163.416, -23.127, -7.807, -13.960, 30.42, -0.11057, 0.47104, 0.0376, 0.8743,
 11:05:55.564,ed:35:33:d3:6c:f8, 2015-01-01 00:18:54.235, 0.829, -0.029, 0.551, 0.183, 0.366, 0.488, -3.977, -56.305, -163.405, -23.127, -7.807, -13.960, 30.42, -0.11057, 0.47104, 0.0376, 0.8743,
 11:05:55.564,ed:35:33:d3:6c:f8, 2015-01-01 00:18:54.235, 0.827, -0.039, 0.552, -0.061, 0.61, 0.427, -3.983, -56.294, -163.389, -23.127, -7.807, -13.960, 30.42, -0.11057, 0.47104, 0.0376, 0.8743,
 11:05:55.564,f6:90:cc:01:6d:25, 2015-01-01 00:18:53.640, 0.984, -0.049, 0.046, -0.183, 0.305, 0.122, -43.44, -85.963, -136.599, -29.227, -6.527, 3.380, 29.33, 0.01846, -0.68872, 0.01605, -0.72455,
 11:05:55.564,f6:90:cc:01:6d:25, 2015-01-01 00:18:53.640, 0.982, -0.049, 0.045, -0.122, 0.061, 0, -43.445, -85.963, -136.626, -29.227, -6.527, 3.380, 29.33, 0.01846, -0.68872, 0.01605, -0.72455,
 11:05:55.565,e3:ca:2d:fd:e0:8c, 2015-01-01 00:18:51.045, 1.014, -0.122, -0.043, -0.244, 0, 0, -109.841, -82.683, -100.909, -24.953, -4.753, -5.020, 23.53, -0.14249, -0.68372, 0.23239, -0.67685,
 11:05:55.565,e3:ca:2d:fd:e0:8c, 2015-01-01 00:18:51.045, 1.012, -0.125, -0.045, -0.183, 0, 0, -109.836, -82.683, -100.909, -24.953, -4.753, -5.020, 23.53, -0.14249, -0.68372, 0.23239, -0.67685,
 11:05:55.588,ed:40:fe:65:30:6c, 2015-01-01 00:18:50.625, 0.884, 0.044, 0.476, 0, -0.061, 0.61, 4.922, -61.771, -111.742, -26.493, -7.213, 4.613, 25.17, 0.49869, -0.40384, -0.31805, -0.69781,
 11:05:55.588,ed:40:fe:65:30:6c, 2015-01-01 00:18:50.625, 0.882, 0.041, 0.477, 0, -0.122, 0.366, 4.911, -61.771, -111.72, -26.493, -7.213, 4.613, 25.17, 0.49869, -0.40384, -0.31805, -0.69781,
 11:05:55.608,f6:90:cc:01:6d:25, 2015-01-01 00:18:53.640, 0.981, -0.05, 0.045, -0.183, 0.061, 0, -43.462, -85.963, -136.637, -29.227, -6.527, 3.380, 29.33, 0.01846, -0.68872, 0.01605, -0.72455,
 11:05:55.608,f6:90:cc:01:6d:25, 2015-01-01 00:18:53.640, 0.981, -0.048, 0.047, -0.305, 0.061, 0, -43.489, -85.963, -136.653, -29.227, -6.527, 3.380, 29.33, 0.01846, -0.68872, 0.01605, -0.72455,
 11:05:55.609,ed:40:fe:65:30:6c, 2015-01-01 00:18:50.625, 0.88, 0.041, 0.475, -0.244, -0.244, 0.427, 4.9, -61.771, -111.703, -26.493, -7.213, 4.613, 25.17, 0.49939, -0.40384, -0.31824, -0.69724,
 11:05:55.609,ed:40:fe:65:30:6c, 2015-01-01 00:18:50.625, 0.883, 0.04, 0.473, -0.122, -0.366, 0.488, 4.883, -61.776, -111.687, -26.493, -7.213, 4.613, 25.17, 0.49939, -0.40384, -0.31824, -0.69724,
 11:05:55.610,e3:ca:2d:fd:e0:8c, 2015-01-01 00:18:51.045, 1.011, -0.123, -0.043, -0.183, 0.061, 0, -109.83, -82.689, -100.915, -24.953, -4.753, -5.020, 23.53, -0.14249, -0.68372, 0.23239, -0.67685,
 11:05:55.610,e3:ca:2d:fd:e0:8c, 2015-01-01 00:18:51.045, 1.012, -0.122, -0.042, -0.244, 0.122, 0, -109.814, -82.689, -100.926, -24.953, -4.753, -5.020, 23.53, -0.14249, -0.68372, 0.23239, -0.67685,
 11:05:55.630,ed:35:33:d3:6c:f8, 2015-01-01 00:18:54.235, 0.823, -0.039, 0.553, 0, 0.244, 0.244, -3.988, -56.288, -163.378, -23.127, -7.807, -13.960, 30.42, -0.11057, 0.47104, 0.0376, 0.8743,
 11:05:55.630,ed:35:33:d3:6c:f8, 2015-01-01 00:18:54.235, 0.825, -0.038, 0.551, -0.061, -0.183, 0.427, -3.994, -56.288, -163.367, -23.127, -7.807, -13.960, 30.42, -0.11057, 0.47104, 0.0376, 0.8743,
 11:05:55.633,e3:ca:2d:fd:e0:8c, 2015-01-01 00:18:51.045, 1.012, -0.123, -0.042, -0.183, 0.061, 0, -109.797, -82.689, -100.937, -25.453, -4.460, -4.760, 23.53, -0.14249, -0.68372, 0.23239, -0.67685,
 11:05:55.633,e3:ca:2d:fd:e0:8c, 2015-01-01 00:18:51.045, 1.013, -0.124, -0.043, -0.061, 0, 0, -109.792, -82.689, -100.942, -25.453, -4.460, -4.760, 23.53, -0.14249, -0.68372, 0.23239, -0.67685,
 11:05:55.652,f6:90:cc:01:6d:25, 2015-01-01 00:18:53.640, 0.983, -0.049, 0.046, -0.366, 0.122, 0, -43.506, -85.963, -136.675, -29.227, -6.527, 3.380, 29.33, 0.01846, -0.68872, 0.01605, -0.72455,
 11:05:55.652,f6:90:cc:01:6d:25, 2015-01-01 00:18:53.640, 0.986, -0.05, 0.045, -0.183, 0.122, 0, -43.522, -85.963, -136.703, -29.227, -6.527, 3.380, 29.33, 0.01846, -0.68872, 0.01605, -0.72455,
 11:05:55.652,ed:35:33:d3:6c:f8, 2015-01-01 00:18:54.235, 0.825, -0.041, 0.547, 0, -0.244, 0.488, -4.005, -56.294, -163.345, -23.127, -7.807, -13.960, 30.42, -0.11057, 0.47104, 0.0376, 0.8743,
 11:05:55.652,ed:35:33:d3:6c:f8, 2015-01-01 00:18:54.235, 0.828, -0.041, 0.547, 0.183, 0, 0.366, -4.016, -56.294, -163.334, -23.127, -7.807, -13.960, 30.42, -0.11057, 0.47104, 0.0376, 0.8743,
 11:05:55.674,ed:35:33:d3:6c:f8, 2015-01-01 00:18:54.235, 0.83, -0.04, 0.548, 0.183, 0.244, 0.305, -4.021, -56.288, -163.323, -23.127, -7.807, -13.960, 30.42, -0.11057, 0.47104, 0.0376, 0.8743,
 11:05:55.674,ed:35:33:d3:6c:f8, 2015-01-01 00:18:54.235, 0.829, -0.038, 0.552, 0.122, 0.305, 0.061, -4.021, -56.283, -163.317, -23.127, -7.807, -13.960, 30.42, -0.11057, 0.47104, 0.0376, 0.8743,
 11:05:55.677,e3:ca:2d:fd:e0:8c, 2015-01-01 00:18:51.045, 1.017, -0.124, -0.042, -0.122, 0.122, 0, -109.775, -82.689, -100.953, -25.453, -4.460, -4.760, 23.53, -0.14249, -0.68372, 0.23239, -0.67685,
 11:05:55.677,e3:ca:2d:fd:e0:8c, 2015-01-01 00:18:51.045, 1.015, -0.124, -0.042, -0.122, 0.183, 0, -109.748, -82.689, -100.975, -25.453, -4.460, -4.760, 23.53, -0.14249, -0.68372, 0.23239, -0.67685,
 11:05:55.677,ed:40:fe:65:30:6c, 2015-01-01 00:18:50.625, 0.883, 0.039, 0.471, 0, -0.427, 0.366, 4.872, -61.787, -111.671, -26.493, -7.213, 4.613, 25.17, 0.49939, -0.40384, -0.31824, -0.69724,
 11:05:55.677,ed:40:fe:65:30:6c, 2015-01-01 00:18:50.625, 0.886, 0.04, 0.471, 0.122, -0.366, 0.244, 4.867, -61.793, -111.66, -26.493, -7.213, 4.613, 25.17, 0.49939, -0.40384, -0.31824, -0.69724,
 11:05:55.698,f6:90:cc:01:6d:25, 2015-01-01 00:18:53.640, 0.988, -0.047, 0.046, -0.244, 0.244, 0, -43.522, -85.963, -136.747, -29.227, -6.527, 3.380, 29.33, 0.01846, -0.68872, 0.01605, -0.72455,
 11:05:55.698,f6:90:cc:01:6d:25, 2015-01-01 00:18:53.640, 0.985, -0.048, 0.047, -0.305, 0.366, 0, -43.495, -85.957, -136.813, -29.227, -6.527, 3.380, 29.33, 0.01846, -0.68872, 0.01605, -0.72455,
 11:05:55.700,ed:40:fe:65:30:6c, 2015-01-01 00:18:50.985, 0.888, 0.042, 0.473, 0, -0.488, 0.122, 4.867, -61.798, -111.654, -26.493, -7.213, 4.613, 25.17, 0.49939, -0.40384, -0.31824, -0.69724,
 11:05:55.700,ed:40:fe:65:30:6c, 2015-01-01 00:18:50.985, 0.885, 0.042, 0.474, 0, -0.549, 0.061, 4.867, -61.809, -111.654, -26.493, -7.213, 4.613, 25.17, 0.49939, -0.40384, -0.31824, -0.69724,
 11:05:55.722,ed:40:fe:65:30:6c, 2015-01-01 00:18:50.985, 0.885, 0.04, 0.474, -0.183, -0.366, 0.122, 4.867, -61.82, -111.649, -26.493, -7.213, 4.613, 25.17, 0.49939, -0.40384, -0.31824, -0.69724,
 11:05:55.722,ed:40:fe:65:30:6c, 2015-01-01 00:18:50.985, 0.885, 0.04, 0.474, -0.305, -0.305, 0.061, 4.861, -61.826, -111.649, -26.493, -7.213, 4.613, 25.17, 0.49939, -0.40384, -0.31824, -0.69724,
 11:05:55.723,e3:ca:2d:fd:e0:8c, 2015-01-01 00:18:51.045, 1.013, -0.123, -0.043, -0.122, 0.183, 0, -109.715, -82.689, -101.003, -25.453, -4.460, -4.760, 23.53, -0.14203, -0.68387, 0.2319, -0.67694,
 11:05:55.723,e3:ca:2d:fd:e0:8c, 2015-01-01 00:18:51.045, 1.012, -0.123, -0.042, -0.061, 0.122, 0, -109.688, -82.689, -101.025, -25.453, -4.460, -4.760, 23.53, -0.14203, -0.68387, 0.2319, -0.67694,
 11:05:55.741,ed:35:33:d3:6c:f8, 2015-01-01 00:18:54.235, 0.828, -0.038, 0.551, 0, 0.122, 0.122, -4.021, -56.283, -163.317, -23.127, -7.807, -13.960, 30.42, -0.11057, 0.47104, 0.0376, 0.8743,
 11:05:55.741,ed:35:33:d3:6c:f8, 2015-01-01 00:18:54.235, 0.828, -0.041, 0.551, -0.244, 0.061, 0.122, -4.026, -56.283, -163.312, -23.127, -7.807, -13.960, 30.42, -0.11057, 0.47104, 0.0376, 0.8743,
 11:05:55.743,f6:90:cc:01:6d:25, 2015-01-01 00:18:53.640, 0.985, -0.051, 0.045, -0.488, 0.366, 0, -43.467, -85.957, -136.89, -28.600, -7.007, 2.673, 29.33, 0.01846, -0.68872, 0.01605, -0.72455,
 11:05:55.743,f6:90:cc:01:6d:25, 2015-01-01 00:18:53.640, 0.984, -0.049, 0.047, -0.305, 0.244, 0, -43.462, -85.952, -136.945, -28.600, -7.007, 2.673, 29.33, 0.01846, -0.68872, 0.01605, -0.72455,
 11:05:55.766,ed:35:33:d3:6c:f8, 2015-01-01 00:18:54.235, 0.829, -0.038, 0.55, 0.061, -0.061, 0.122, -4.032, -56.283, -163.306, -23.520, -7.680, -12.040, 30.42, -0.11057, 0.47104, 0.0376, 0.8743,
 11:05:55.766,ed:35:33:d3:6c:f8, 2015-01-01 00:18:54.235, 0.828, -0.04, 0.549, -0.061, 0, 0.244, -4.037, -56.283, -163.301, -23.520, -7.680, -12.040, 30.42, -0.11057, 0.47104, 0.0376, 0.8743,
 11:05:55.768,e3:ca:2d:fd:e0:8c, 2015-01-01 00:18:51.360, 1.013, -0.122, -0.043, -0.061, 0.244, 0, -109.655, -82.694, -101.052, -25.453, -4.460, -4.760, 23.53, -0.14203, -0.68387, 0.2319, -0.67694,
 11:05:55.768,e3:ca:2d:fd:e0:8c, 2015-01-01 00:18:51.360, 1.014, -0.122, -0.041, -0.244, 0.427, 0, -109.605, -82.694, -101.102, -25.453, -4.460, -4.760, 23.53, -0.14203, -0.68387, 0.2319, -0.67694,
 11:05:55.768,ed:40:fe:65:30:6c, 2015-01-01 00:18:50.985, 0.885, 0.04, 0.474, 0, -0.427, 0.122, 4.856, -61.831, -111.643, -26.493, -7.213, 4.613, 25.17, 0.49939, -0.40384, -0.31824, -0.69724,
 11:05:55.768,ed:40:fe:65:30:6c, 2015-01-01 00:18:50.985, 0.886, 0.039, 0.47, -0.244, -0.427, 0.122, 4.85, -61.837, -111.643, -26.493, -7.213, 4.613, 25.17, 0.49939, -0.40384, -0.31824, -0.69724,
 11:05:55.788,f6:90:cc:01:6d:25, 2015-01-01 00:18:53.640, 0.984, -0.049, 0.044, -0.366, 0.183, 0, -43.467, -85.952, -136.989, -28.600, -7.007, 2.673, 29.33, 0.01846, -0.68872, 0.01605, -0.72455,
 11:05:55.788,f6:90:cc:01:6d:25, 2015-01-01 00:18:53.640, 0.985, -0.049, 0.046, -0.366, 0.305, 0, -43.462, -85.952, -137.043, -28.600, -7.007, 2.673, 29.33, 0.01846, -0.68872, 0.01605, -0.72455,
 11:05:55.810,f6:90:cc:01:6d:25, 2015-01-01 00:18:53.640, 0.984, -0.047, 0.046, -0.305, 0.305, 0, -43.445, -85.946, -137.104, -28.600, -7.007, 2.673, 29.33, 0.0141, -0.68845, 0.02008, -0.72482,
 11:05:55.810,f6:90:cc:01:6d:25, 2015-01-01 00:18:53.640, 0.983, -0.048, 0.047, -0.427, 0.427, 0, -43.412, -85.941, -137.186, -28.600, -7.007, 2.673, 29.33, 0.0141, -0.68845, 0.02008, -0.72482,
 11:05:55.810,ed:35:33:d3:6c:f8, 2015-01-01 00:18:54.235, 0.829, -0.042, 0.547, -0.061, -0.183, 0, -4.043, -56.283, -163.295, -23.520, -7.680, -12.040, 30.42, -0.11057, 0.47104, 0.0376, 0.8743,
 11:05:55.810,ed:35:33:d3:6c:f8, 2015-01-01 00:18:54.235, 0.827, -0.04, 0.547, -0.061, 0.061, -0.244, -4.037, -56.288, -163.301, -23.520, -7.680, -12.040, 30.42, -0.11057, 0.47104, 0.0376, 0.8743,
 11:05:55.812,e3:ca:2d:fd:e0:8c, 2015-01-01 00:18:51.360, 1.013, -0.124, -0.042, -0.366, 0.427, 0, -109.539, -82.7, -101.162, -25.453, -4.460, -4.760, 23.53, -0.14203, -0.68387, 0.2319, -0.67694,
 11:05:55.812,e3:ca:2d:fd:e0:8c, 2015-01-01 00:18:51.360, 1.012, -0.123, -0.042, -0.305, 0.366, 0, -109.484, -82.7, -101.223, -25.453, -4.460, -4.760, 23.53, -0.14203, -0.68387, 0.2319, -0.67694,
 11:05:55.812,ed:40:fe:65:30:6c, 2015-01-01 00:18:50.985, 0.886, 0.039, 0.47, -0.183, -0.427, -0.122, 4.85, -61.848, -111.649, -26.493, -7.213, 4.613, 25.17, 0.49939, -0.40384, -0.31824, -0.69724,
 11:05:55.812,ed:40:fe:65:30:6c, 2015-01-01 00:18:50.985, 0.884, 0.042, 0.472, -0.244, -0.366, -0.366, 4.861, -61.853, -111.66, -26.493, -7.213, 4.613, 25.17, 0.49939, -0.40384, -0.31824, -0.69724,
 11:05:55.833,ed:35:33:d3:6c:f8, 2015-01-01 00:18:54.235, 0.826, -0.037, 0.55, -0.122, 0.427, -0.305, -4.032, -56.283, -163.312, -23.520, -7.680, -12.040, 30.42, -0.11145, 0.47089, 0.03766, 0.87424,
 11:05:55.833,ed:35:33:d3:6c:f8, 2015-01-01 00:18:54.235, 0.827, -0.037, 0.55, -0.183, 0.366, -0.305, -4.026, -56.272, -163.328, -23.520, -7.680, -12.040, 30.42, -0.11145, 0.47089, 0.03766, 0.87424,
 11:05:55.835,e3:ca:2d:fd:e0:8c, 2015-01-01 00:18:51.360, 1.011, -0.122, -0.042, -0.183, 0.244, 0, -109.435, -82.7, -101.266, -25.453, -4.460, -4.760, 23.53, -0.14203, -0.68387, 0.2319, -0.67694,
 11:05:55.835,e3:ca:2d:fd:e0:8c, 2015-01-01 00:18:51.360, 1.013, -0.123, -0.042, -0.061, 0.183, 0, -109.402, -82.705, -101.299, -25.453, -4.460, -4.760, 23.53, -0.14203, -0.68387, 0.2319, -0.67694,
 11:05:55.855,f6:90:cc:01:6d:25, 2015-01-01 00:18:53.640, 0.983, -0.048, 0.046, -0.549, 0.427, 0, -43.38, -85.941, -137.274, -28.600, -7.007, 2.673, 29.33, 0.0141, -0.68845, 0.02008, -0.72482,
 11:05:55.855,f6:90:cc:01:6d:25, 2015-01-01 00:18:53.640, 0.984, -0.049, 0.046, -0.488, 0.427, 0, -43.341, -85.935, -137.357, -28.600, -7.007, 2.673, 29.33, 0.0141, -0.68845, 0.02008, -0.72482,
 11:05:55.857,ed:40:fe:65:30:6c, 2015-01-01 00:18:50.985, 0.883, 0.043, 0.473, -0.305, -0.244, -0.366, 4.867, -61.859, -111.676, -26.493, -7.213, 4.613, 25.17, 0.49939, -0.40384, -0.31824, -0.69724,
 11:05:55.857,ed:40:fe:65:30:6c, 2015-01-01 00:18:50.985, 0.885, 0.041, 0.473, -0.244, -0.244, -0.244, 4.878, -61.859, -111.687, -26.493, -7.213, 4.613, 25.17, 0.49939, -0.40384, -0.31824, -0.69724,
 11:05:55.880,ed:35:33:d3:6c:f8, 2015-01-01 00:18:54.235, 0.828, -0.038, 0.551, -0.061, 0.061, -0.305, -4.016, -56.272, -163.339, -23.520, -7.680, -12.040, 30.42, -0.11145, 0.47089, 0.03766, 0.87424,
 11:05:55.880,ed:35:33:d3:6c:f8, 2015-01-01 00:18:54.235, 0.829, -0.038, 0.55, -0.183, 0, -0.244, -4.01, -56.272, -163.345, -23.520, -7.680, -12.040, 30.42, -0.11145, 0.47089, 0.03766, 0.87424,
 11:05:55.882,e3:ca:2d:fd:e0:8c, 2015-01-01 00:18:51.360, 1.016, -0.123, -0.042, -0.244, 0.183, 0, -109.374, -82.705, -101.327, -25.453, -4.460, -4.760, 23.53, -0.14203, -0.68387, 0.2319, -0.67694,
 11:05:55.882,e3:ca:2d:fd:e0:8c, 2015-01-01 00:18:51.360, 1.015, -0.123, -0.041, -0.244, 0.244, 0, -109.336, -82.705, -101.36, -25.453, -4.460, -4.760, 23.53, -0.14203, -0.68387, 0.2319, -0.67694,
 11:05:55.902,f6:90:cc:01:6d:25, 2015-01-01 00:18:54.020, 0.986, -0.049, 0.047, -0.427, 0.244, 0, -43.33, -85.93, -137.417, -28.600, -7.007, 2.673, 29.33, 0.0141, -0.68845, 0.02008, -0.72482,
 11:05:55.902,f6:90:cc:01:6d:25, 2015-01-01 00:18:54.020, 0.986, -0.048, 0.047, -0.305, 0.183, 0, -43.336, -85.93, -137.461, -28.600, -7.007, 2.673, 29.33, 0.0141, -0.68845, 0.02008, -0.72482,
 11:05:55.905,ed:40:fe:65:30:6c, 2015-01-01 00:18:50.985, 0.886, 0.041, 0.474, -0.244, -0.305, -0.122, 4.878, -61.864, -111.698, -26.493, -7.213, 4.613, 25.17, 0.49939, -0.40384, -0.31824, -0.69724,
 11:05:55.905,ed:40:fe:65:30:6c, 2015-01-01 00:18:50.985, 0.887, 0.042, 0.472, -0.427, -0.305, -0.061, 4.878, -61.87, -111.703, -26.493, -7.213, 4.613, 25.17, 0.49939, -0.40384, -0.31824, -0.69724,
 11:05:55.923,f6:90:cc:01:6d:25, 2015-01-01 00:18:54.020, 0.984, -0.048, 0.048, -0.183, 0.244, -0.305, -43.286, -85.93, -137.554, -28.600, -7.007, 2.673, 29.33, 0.0141, -0.68845, 0.02008, -0.72482,
 11:05:55.923,f6:90:cc:01:6d:25, 2015-01-01 00:18:54.020, 0.984, -0.047, 0.046, -0.244, 0.305, -0.305, -43.204, -85.935, -137.675, -28.600, -7.007, 2.673, 29.33, 0.0141, -0.68845, 0.02008, -0.72482,
 11:05:55.923,ed:35:33:d3:6c:f8, 2015-01-01 00:18:54.575, 0.829, -0.037, 0.549, -0.366, 0, -0.183, -4.01, -56.277, -163.356, -23.520, -7.680, -12.040, 30.42, -0.11145, 0.47089, 0.03766, 0.87424,
 11:05:55.923,ed:35:33:d3:6c:f8, 2015-01-01 00:18:54.575, 0.827, -0.037, 0.55, -0.549, 0.122, -0.061, -4.021, -56.272, -163.356, -23.520, -7.680, -12.040, 30.42, -0.11145, 0.47089, 0.03766, 0.87424,
 11:05:55.925,e3:ca:2d:fd:e0:8c, 2015-01-01 00:18:51.360, 1.013, -0.121, -0.04, -0.183, 0.244, 0, -109.297, -82.705, -101.398, -25.453, -4.460, -4.760, 23.53, -0.14203, -0.68387, 0.2319, -0.67694,
 11:05:55.925,e3:ca:2d:fd:e0:8c, 2015-01-01 00:18:51.360, 1.012, -0.121, -0.041, -0.061, 0.305, 0, -109.254, -82.711, -101.442, -25.453, -4.460, -4.760, 23.53, -0.14203, -0.68387, 0.2319, -0.67694,
 11:05:55.925,ed:40:fe:65:30:6c, 2015-01-01 00:18:50.985, 0.885, 0.042, 0.472, -0.549, -0.244, 0, 4.867, -61.875, -111.703, -26.660, -7.280, 4.953, 25.17, 0.49939, -0.40384, -0.31824, -0.69724,
 11:05:55.925,ed:40:fe:65:30:6c, 2015-01-01 00:18:50.985, 0.884, 0.042, 0.472, -0.671, -0.122, 0, 4.861, -61.875, -111.703, -26.660, -7.280, 4.953, 25.17, 0.49939, -0.40384, -0.31824, -0.69724,
 11:05:55.967,ed:35:33:d3:6c:f8, 2015-01-01 00:18:54.575, 0.827, -0.038, 0.551, -0.549, 0.183, -0.061, -4.026, -56.272, -163.361, -23.520, -7.680, -12.040, 30.42, -0.11145, 0.47089, 0.03766, 0.87424,
 11:05:55.967,ed:35:33:d3:6c:f8, 2015-01-01 00:18:54.575, 0.826, -0.039, 0.549, -0.366, 0, -0.122, -4.032, -56.272, -163.361, -23.520, -7.680, -12.040, 30.42, -0.11145, 0.47089, 0.03766, 0.87424,
 11:05:55.967,f6:90:cc:01:6d:25, 2015-01-01 00:18:54.020, 0.984, -0.048, 0.047, -0.244, 0.305, -0.244, -43.132, -85.935, -137.791, -28.600, -7.007, 2.673, 29.33, 0.0141, -0.68845, 0.02008, -0.72482,
 11:05:55.967,f6:90:cc:01:6d:25, 2015-01-01 00:18:54.020, 0.983, -0.047, 0.047, -0.427, 0.366, -0.122, -43.072, -85.935, -137.895, -28.600, -7.007, 2.673, 29.33, 0.0141, -0.68845, 0.02008, -0.72482,
 11:05:55.970,ed:40:fe:65:30:6c, 2015-01-01 00:18:50.985, 0.884, 0.041, 0.472, -0.549, -0.183, 0, 4.85, -61.88, -111.703, -26.660, -7.280, 4.953, 25.17, 0.49939, -0.40384, -0.31824, -0.69724,
 11:05:55.970,ed:40:fe:65:30:6c, 2015-01-01 00:18:50.985, 0.883, 0.042, 0.472, -0.427, -0.183, -0.183, 4.85, -61.88, -111.709, -26.660, -7.280, 4.953, 25.17, 0.49939, -0.40384, -0.31824, -0.69724,
 11:05:55.972,e3:ca:2d:fd:e0:8c, 2015-01-01 00:18:51.360, 1.011, -0.124, -0.04, -0.061, 0.427, 0, -109.188, -82.711, -101.503, -25.453, -4.460, -4.760, 23.53, -0.14203, -0.68387, 0.2319, -0.67694,
 11:05:55.972,e3:ca:2d:fd:e0:8c, 2015-01-01 00:18:51.360, 1.013, -0.124, -0.04, -0.122, 0.427, 0, -109.122, -82.716, -101.563, -25.453, -4.460, -4.760, 23.53, -0.14203, -0.68387, 0.2319, -0.67694,
 11:05:55.991,ed:35:33:d3:6c:f8, 2015-01-01 00:18:54.575, 0.827, -0.037, 0.55, -0.122, 0.061, -0.305, -4.026, -56.272, -163.372, -23.520, -7.680, -12.040, 30.42, -0.11145, 0.47089, 0.03766, 0.87424,
 11:05:55.991,ed:35:33:d3:6c:f8, 2015-01-01 00:18:54.575, 0.827, -0.037, 0.55, -0.183, 0, -0.305, -4.016, -56.272, -163.383, -23.520, -7.680, -12.040, 30.42, -0.11145, 0.47089, 0.03766, 0.87424,
 11:05:55.993,e3:ca:2d:fd:e0:8c, 2015-01-01 00:18:51.360, 1.014, -0.123, -0.04, -0.305, 0.305, 0, -109.067, -82.716, -101.613, -25.180, -4.667, -4.067, 23.53, -0.14203, -0.68387, 0.2319, -0.67694,
 11:05:55.993,e3:ca:2d:fd:e0:8c, 2015-01-01 00:18:51.360, 1.014, -0.12, -0.042, -0.183, 0.244, 0, -109.028, -82.722, -101.651, -25.180, -4.667, -4.067, 23.53, -0.14203, -0.68387, 0.2319, -0.67694,
 11:05:56.013,f6:90:cc:01:6d:25, 2015-01-01 00:18:54.020, 0.983, -0.048, 0.047, -0.427, 0.305, -0.244, -43.006, -85.935, -138.005, -28.600, -7.007, 2.673, 29.33, 0.0141, -0.68845, 0.02008, -0.72482,
 11:05:56.013,f6:90:cc:01:6d:25, 2015-01-01 00:18:54.020, 0.985, -0.048, 0.045, -0.366, 0.244, -0.244, -42.946, -85.935, -138.109, -28.600, -7.007, 2.673, 29.33, 0.0141, -0.68845, 0.02008, -0.72482,
 11:05:56.015,ed:40:fe:65:30:6c, 2015-01-01 00:18:50.985, 0.885, 0.042, 0.472, -0.366, -0.244, -0.305, 4.856, -61.886, -111.725, -26.660, -7.280, 4.953, 25.17, 0.49896, -0.40475, -0.31836, -0.69696,
 11:05:56.015,ed:40:fe:65:30:6c, 2015-01-01 00:18:50.985, 0.886, 0.042, 0.473, -0.61, -0.244, -0.183, 4.856, -61.886, -111.731, -26.660, -7.280, 4.953, 25.17, 0.49896, -0.40475, -0.31836, -0.69696,
 11:05:56.034,ed:35:33:d3:6c:f8, 2015-01-01 00:18:54.575, 0.828, -0.035, 0.551, -0.183, -0.183, -0.305, -4.01, -56.277, -163.394, -23.520, -7.680, -12.040, 30.42, -0.11145, 0.47089, 0.03766, 0.87424,
 11:05:56.034,ed:35:33:d3:6c:f8, 2015-01-01 00:18:54.575, 0.829, -0.035, 0.549, -0.305, -0.244, -0.183, -4.01, -56.283, -163.4, -23.520, -7.680, -12.040, 30.42, -0.11145, 0.47089, 0.03766, 0.87424,
 11:05:56.039,e3:ca:2d:fd:e0:8c, 2015-01-01 00:18:51.360, 1.015, -0.12, -0.04, -0.061, 0.305, 0, -108.979, -82.722, -101.695, -25.180, -4.667, -4.067, 23.53, -0.14203, -0.68387, 0.2319, -0.67694,
 11:05:56.039,e3:ca:2d:fd:e0:8c, 2015-01-01 00:18:51.360, 1.014, -0.122, -0.041, -0.183, 0.305, 0, -108.935, -82.722, -101.739, -25.180, -4.667, -4.067, 23.53, -0.14203, -0.68387, 0.2319, -0.67694,
 11:05:56.058,ed:40:fe:65:30:6c, 2015-01-01 00:18:50.985, 0.885, 0.043, 0.472, -0.549, -0.366, -0.122, 4.856, -61.891, -111.742, -26.660, -7.280, 4.953, 25.17, 0.49896, -0.40475, -0.31836, -0.69696,
 11:05:56.058,ed:40:fe:65:30:6c, 2015-01-01 00:18:50.985, 0.887, 0.043, 0.471, -0.549, -0.305, 0, 4.85, -61.897, -111.742, -26.660, -7.280, 4.953, 25.17, 0.49896, -0.40475, -0.31836, -0.69696,
 11:05:56.058,f6:90:cc:01:6d:25, 2015-01-01 00:18:54.020, 0.984, -0.046, 0.047, -0.427, 0.183, -0.244, -42.902, -85.935, -138.197, -28.600, -7.007, 2.673, 29.33, 0.0141, -0.68845, 0.02008, -0.72482,
 11:05:56.058,f6:90:cc:01:6d:25, 2015-01-01 00:18:54.020, 0.985, -0.046, 0.048, -0.305, 0.122, -0.183, -42.88, -85.941, -138.257, -28.600, -7.007, 2.673, 29.33, 0.0141, -0.68845, 0.02008, -0.72482,
 11:05:56.080,f6:90:cc:01:6d:25, 2015-01-01 00:18:54.020, 0.982, -0.048, 0.048, -0.122, 0.183, -0.122, -42.847, -85.941, -138.323, -28.807, -6.607, 3.233, 29.33, 0.0141, -0.68845, 0.02008, -0.72482,
 11:05:56.080,f6:90:cc:01:6d:25, 2015-01-01 00:18:54.020, 0.982, -0.049, 0.048, 0, 0.244, -0.122, -42.808, -85.941, -138.4, -28.807, -6.607, 3.233, 29.33, 0.0141, -0.68845, 0.02008, -0.72482,
 11:05:56.081,ed:40:fe:65:30:6c, 2015-01-01 00:18:50.985, 0.883, 0.045, 0.471, -0.183, -0.244, 0.061, 4.845, -61.902, -111.742, -26.660, -7.280, 4.953, 25.17, 0.49896, -0.40475, -0.31836, -0.69696,
 11:05:56.081,ed:40:fe:65:30:6c, 2015-01-01 00:18:50.985, 0.881, 0.042, 0.471, -0.427, -0.122, 0.549, 4.828, -61.908, -111.725, -26.660, -7.280, 4.953, 25.17, 0.49896, -0.40475, -0.31836, -0.69696,
 11:05:56.083,e3:ca:2d:fd:e0:8c, 2015-01-01 00:18:51.360, 1.012, -0.123, -0.039, -0.183, 0.183, 0, -108.902, -82.727, -101.772, -25.180, -4.667, -4.067, 23.53, -0.14191, -0.68332, 0.23141, -0.6777,
 11:05:56.083,e3:ca:2d:fd:e0:8c, 2015-01-01 00:18:51.360, 1.011, -0.123, -0.039, -0.061, 0.122, 0, -108.875, -82.727, -101.794, -25.180, -4.667, -4.067, 23.53, -0.14191, -0.68332, 0.23141, -0.6777,
 11:05:56.103,ed:35:33:d3:6c:f8, 2015-01-01 00:18:54.575, 0.828, -0.033, 0.549, -0.244, 0, 0, -4.01, -56.283, -163.405, -23.520, -7.680, -12.040, 30.42, -0.11145, 0.47089, 0.03766, 0.87424,
 11:05:56.103,ed:35:33:d3:6c:f8, 2015-01-01 00:18:54.575, 0.824, -0.033, 0.549, -0.305, 0.305, 0.366, -4.021, -56.277, -163.394, -23.520, -7.680, -12.040, 30.42, -0.11145, 0.47089, 0.03766, 0.87424,
 11:05:56.124,ed:35:33:d3:6c:f8, 2015-01-01 00:18:54.575, 0.826, -0.037, 0.551, -0.671, 0.305, 0.549, -4.043, -56.272, -163.378, -23.380, -7.767, -13.540, 30.42, -0.11145, 0.47089, 0.03766, 0.87424,
 11:05:56.124,ed:35:33:d3:6c:f8, 2015-01-01 00:18:54.575, 0.832, -0.036, 0.548, -0.427, -0.061, 0.183, -4.059, -56.272, -163.367, -23.380, -7.767, -13.540, 30.42, -0.11145, 0.47089, 0.03766, 0.87424,
 11:05:56.126,f6:90:cc:01:6d:25, 2015-01-01 00:18:54.020, 0.985, -0.046, 0.047, -0.122, 0.244, -0.061, -42.775, -85.941, -138.461, -28.807, -6.607, 3.233, 29.33, 0.0141, -0.68845, 0.02008, -0.72482,
 11:05:56.126,f6:90:cc:01:6d:25, 2015-01-01 00:18:54.020, 0.99, -0.045, 0.047, -0.366, 0.244, 0.061, -42.775, -85.935, -138.499, -28.807, -6.607, 3.233, 29.33, 0.0141, -0.68845, 0.02008, -0.72482,
 11:05:56.128,e3:ca:2d:fd:e0:8c, 2015-01-01 00:18:51.715, 1.012, -0.121, -0.039, 0, 0.122, 0, -108.847, -82.727, -101.81, -25.180, -4.667, -4.067, 23.53, -0.14191, -0.68332, 0.23141, -0.6777,
 11:05:56.128,e3:ca:2d:fd:e0:8c, 2015-01-01 00:18:51.715, 1.018, -0.121, -0.039, -0.122, 0.122, 0, -108.825, -82.733, -101.832, -25.180, -4.667, -4.067, 23.53, -0.14191, -0.68332, 0.23141, -0.6777,
 11:05:56.171,ed:40:fe:65:30:6c, 2015-01-01 00:18:50.985, 0.887, 0.043, 0.471, -0.793, -0.061, 0.488, 4.801, -61.908, -111.703, -26.660, -7.280, 4.953, 25.17, 0.49896, -0.40475, -0.31836, -0.69696,
 11:05:56.171,ed:40:fe:65:30:6c, 2015-01-01 00:18:50.985, 0.891, 0.046, 0.471, -0.305, -0.061, 0.183, 4.785, -61.908, -111.693, -26.660, -7.280, 4.953, 25.17, 0.49896, -0.40475, -0.31836, -0.69696,
 11:05:56.173,e3:ca:2d:fd:e0:8c, 2015-01-01 00:18:51.715, 1.018, -0.122, -0.04, -0.183, 0.183, 0, -108.792, -82.733, -101.854, -25.180, -4.667, -4.067, 23.53, -0.14191, -0.68332, 0.23141, -0.6777,
 11:05:56.173,e3:ca:2d:fd:e0:8c, 2015-01-01 00:18:51.715, 1.014, -0.122, -0.04, 0, 0.488, 0, -108.726, -82.733, -101.915, -25.180, -4.667, -4.067, 23.53, -0.14191, -0.68332, 0.23141, -0.6777,
 11:05:56.191,ed:35:33:d3:6c:f8, 2015-01-01 00:18:54.575, 0.833, -0.033, 0.554, 0.122, 0, 0.061, -4.054, -56.272, -163.361, -23.380, -7.767, -13.540, 30.42, -0.11145, 0.47089, 0.03766, 0.87424,
 11:05:56.191,ed:35:33:d3:6c:f8, 2015-01-01 00:18:54.575, 0.828, -0.039, 0.552, 0.183, 0.427, 0.793, -4.065, -56.266, -163.345, -23.380, -7.767, -13.540, 30.42, -0.11145, 0.47089, 0.03766, 0.87424,
 11:05:56.193,f6:90:cc:01:6d:25, 2015-01-01 00:18:54.020, 0.986, -0.049, 0.045, -0.305, 0.183, 0, -42.775, -85.935, -138.538, -28.807, -6.607, 3.233, 29.33, 0.009, -0.68802, 0.0246, -0.72516,
 11:05:56.193,f6:90:cc:01:6d:25, 2015-01-01 00:18:54.020, 0.983, -0.047, 0.045, -0.061, 0.244, 0, -42.764, -85.935, -138.587, -28.807, -6.607, 3.233, 29.33, 0.009, -0.68802, 0.0246, -0.72516,
 11:05:56.195,ed:40:fe:65:30:6c, 2015-01-01 00:18:50.985, 0.889, 0.041, 0.474, 0.305, -0.183, 0.427, 4.785, -61.913, -111.676, -26.660, -7.280, 4.953, 25.25, 0.49896, -0.40475, -0.31836, -0.69696,
 11:05:56.195,ed:40:fe:65:30:6c, 2015-01-01 00:18:50.985, 0.884, 0.038, 0.472, 0.366, -0.122, 0.732, 4.768, -61.913, -111.649, -26.660, -7.280, 4.953, 25.25, 0.49896, -0.40475, -0.31836, -0.69696,
 11:05:56.196,e3:ca:2d:fd:e0:8c, 2015-01-01 00:18:51.715, 1.01, -0.122, -0.04, 0.061, 0.427, 0, -108.655, -82.738, -101.986, -25.180, -4.667, -4.067, 23.53, -0.14191, -0.68332, 0.23141, -0.6777,
 11:05:56.196,e3:ca:2d:fd:e0:8c, 2015-01-01 00:18:51.715, 1.01, -0.121, -0.04, 0.122, 0.244, 0, -108.605, -82.744, -102.03, -25.180, -4.667, -4.067, 23.53, -0.14191, -0.68332, 0.23141, -0.6777,
 11:05:56.215,ed:35:33:d3:6c:f8, 2015-01-01 00:18:54.575, 0.825, -0.045, 0.55, 0.488, 0.122, 0.427, -4.07, -56.261, -163.323, -23.380, -7.767, -13.540, 30.42, -0.11108, 0.47076, 0.03726, 0.87439,
 11:05:56.215,ed:35:33:d3:6c:f8, 2015-01-01 00:18:54.575, 0.824, -0.041, 0.549, 0.977, -0.244, 0, -4.048, -56.272, -163.323, -23.380, -7.767, -13.540, 30.42, -0.11108, 0.47076, 0.03726, 0.87439,
 11:05:56.215,f6:90:cc:01:6d:25, 2015-01-01 00:18:54.355, 0.981, -0.045, 0.048, 0, 0.183, 0, -42.759, -85.935, -138.625, -28.807, -6.607, 3.233, 29.33, 0.009, -0.68802, 0.0246, -0.72516,
 11:05:56.215,f6:90:cc:01:6d:25, 2015-01-01 00:18:54.355, 0.981, -0.045, 0.047, 0, 0.183, 0, -42.748, -85.935, -138.664, -28.807, -6.607, 3.233, 29.33, 0.009, -0.68802, 0.0246, -0.72516,
 11:05:56.239,ed:40:fe:65:30:6c, 2015-01-01 00:18:50.985, 0.883, 0.037, 0.471, 0.549, -0.244, 0.122, 4.774, -61.919, -111.638, -26.660, -7.280, 4.953, 25.25, 0.49896, -0.40475, -0.31836, -0.69696,
 11:05:56.239,ed:40:fe:65:30:6c, 2015-01-01 00:18:50.985, 0.882, 0.042, 0.471, 0.549, -0.244, -0.122, 4.796, -61.924, -111.643, -26.660, -7.280, 4.953, 25.25, 0.49896, -0.40475, -0.31836, -0.69696,
 11:05:56.241,e3:ca:2d:fd:e0:8c, 2015-01-01 00:18:51.715, 1.013, -0.121, -0.04, 0, 0.122, 0, -108.578, -82.744, -102.052, -25.180, -4.667, -4.067, 23.53, -0.14191, -0.68332, 0.23141, -0.6777,
 11:05:56.241,e3:ca:2d:fd:e0:8c, 2015-01-01 00:18:51.715, 1.013, -0.123, -0.039, -0.122, 0.061, 0, -108.561, -82.744, -102.063, -25.180, -4.667, -4.067, 23.53, -0.14191, -0.68332, 0.23141, -0.6777,
 11:05:56.260,f6:90:cc:01:6d:25, 2015-01-01 00:18:54.355, 0.982, -0.046, 0.046, -0.244, 0.183, 0, -42.742, -85.935, -138.702, -28.807, -6.607, 3.233, 29.33, 0.009, -0.68802, 0.0246, -0.72516,
 11:05:56.260,f6:90:cc:01:6d:25, 2015-01-01 00:18:54.355, 0.983, -0.047, 0.047, -0.305, 0.244, 0, -42.726, -85.935, -138.752, -28.807, -6.607, 3.233, 29.33, 0.009, -0.68802, 0.0246, -0.72516,
 11:05:56.261,ed:40:fe:65:30:6c, 2015-01-01 00:18:51.565, 0.884, 0.042, 0.471, 0.366, -0.244, -0.061, 4.807, -61.924, -111.649, -26.660, -7.280, 4.953, 25.25, 0.49896, -0.40475, -0.31836, -0.69696,
 11:05:56.261,ed:40:fe:65:30:6c, 2015-01-01 00:18:51.565, 0.885, 0.043, 0.469, 0.366, -0.305, 0, 4.818, -61.93, -111.649, -26.660, -7.280, 4.953, 25.25, 0.49896, -0.40475, -0.31836, -0.69696,
 11:05:56.282,ed:35:33:d3:6c:f8, 2015-01-01 00:18:54.575, 0.825, -0.035, 0.55, 0.671, -0.061, 0, -4.037, -56.272, -163.323, -23.380, -7.767, -13.540, 30.42, -0.11108, 0.47076, 0.03726, 0.87439,
 11:05:56.282,ed:35:33:d3:6c:f8, 2015-01-01 00:18:54.575, 0.826, -0.036, 0.548, 0.549, 0, 0, -4.021, -56.272, -163.323, -23.380, -7.767, -13.540, 30.42, -0.11108, 0.47076, 0.03726, 0.87439,
 11:05:56.283,f6:90:cc:01:6d:25, 2015-01-01 00:18:54.355, 0.985, -0.049, 0.047, -0.122, 0.183, 0, -42.72, -85.935, -138.79, -28.807, -6.607, 3.233, 29.33, 0.009, -0.68802, 0.0246, -0.72516,
 11:05:56.283,f6:90:cc:01:6d:25, 2015-01-01 00:18:54.355, 0.986, -0.048, 0.048, 0, 0.183, -0.061, -42.698, -85.935, -138.845, -28.807, -6.607, 3.233, 29.33, 0.009, -0.68802, 0.0246, -0.72516,
 11:05:56.284,ed:40:fe:65:30:6c, 2015-01-01 00:18:51.565, 0.886, 0.041, 0.471, 0.305, -0.305, 0, 4.828, -61.935, -111.649, -26.660, -7.280, 4.953, 25.25, 0.49896, -0.40475, -0.31836, -0.69696,
 11:05:56.284,ed:40:fe:65:30:6c, 2015-01-01 00:18:51.565, 0.886, 0.041, 0.472, 0, -0.244, 0.122, 4.828, -61.941, -111.649, -26.660, -7.280, 4.953, 25.25, 0.49896, -0.40475, -0.31836, -0.69696,
 11:05:56.285,e3:ca:2d:fd:e0:8c, 2015-01-01 00:18:51.715, 1.014, -0.123, -0.039, -0.122, 0.122, 0, -108.545, -82.744, -102.079, -25.180, -4.667, -4.067, 23.53, -0.14191, -0.68332, 0.23141, -0.6777,
 11:05:56.285,e3:ca:2d:fd:e0:8c, 2015-01-01 00:18:51.715, 1.014, -0.123, -0.038, 0, 0.122, 0, -108.523, -82.744, -102.096, -25.180, -4.667, -4.067, 23.53, -0.14191, -0.68332, 0.23141, -0.6777,
 11:05:56.305,ed:35:33:d3:6c:f8, 2015-01-01 00:18:54.950, 0.827, -0.037, 0.548, 0.488, -0.061, 0, -4.01, -56.272, -163.323, -23.380, -7.767, -13.540, 30.42, -0.11108, 0.47076, 0.03726, 0.87439,
 11:05:56.305,ed:35:33:d3:6c:f8, 2015-01-01 00:18:54.950, 0.829, -0.038, 0.55, 0, 0.061, 0.061, -4.01, -56.272, -163.323, -23.380, -7.767, -13.540, 30.42, -0.11108, 0.47076, 0.03726, 0.87439,
 11:05:56.328,f6:90:cc:01:6d:25, 2015-01-01 00:18:54.355, 0.984, -0.049, 0.047, -0.183, 0.183, 0, -42.698, -85.93, -138.878, -28.807, -6.607, 3.233, 29.33, 0.009, -0.68802, 0.0246, -0.72516,
 11:05:56.328,f6:90:cc:01:6d:25, 2015-01-01 00:18:54.355, 0.987, -0.047, 0.048, -0.366, 0.305, 0.061, -42.687, -85.93, -138.928, -28.807, -6.607, 3.233, 29.33, 0.009, -0.68802, 0.0246, -0.72516,
 11:05:56.328,ed:35:33:d3:6c:f8, 2015-01-01 00:18:54.950, 0.826, -0.037, 0.551, 0, 0, 0.122, -4.016, -56.272, -163.317, -23.380, -7.767, -13.540, 30.42, -0.11108, 0.47076, 0.03726, 0.87439,
 11:05:56.328,ed:35:33:d3:6c:f8, 2015-01-01 00:18:54.950, 0.829, -0.038, 0.548, -0.244, -0.061, 0.183, -4.021, -56.272, -163.312, -23.380, -7.767, -13.540, 30.42, -0.11108, 0.47076, 0.03726, 0.87439,
 11:05:56.329,ed:40:fe:65:30:6c, 2015-01-01 00:18:51.565, 0.885, 0.041, 0.471, 0, -0.305, 0.183, 4.823, -61.946, -111.638, -26.660, -7.280, 4.953, 25.25, 0.49896, -0.40475, -0.31836, -0.69696,
 11:05:56.329,ed:40:fe:65:30:6c, 2015-01-01 00:18:51.565, 0.888, 0.042, 0.472, -0.305, -0.244, 0.122, 4.818, -61.952, -111.638, -26.660, -7.280, 4.953, 25.25, 0.49896, -0.40475, -0.31836, -0.69696,
 11:05:56.330,e3:ca:2d:fd:e0:8c, 2015-01-01 00:18:51.715, 1.012, -0.123, -0.037, 0.061, 0.183, 0, -108.49, -82.749, -102.123, -25.420, -4.573, -4.407, 23.53, -0.14191, -0.68332, 0.23141, -0.6777,
 11:05:56.330,e3:ca:2d:fd:e0:8c, 2015-01-01 00:18:51.715, 1.014, -0.124, -0.037, -0.061, 0.183, 0, -108.452, -82.749, -102.151, -25.420, -4.573, -4.407, 23.53, -0.14191, -0.68332, 0.23141, -0.6777,
 11:05:56.372,ed:35:33:d3:6c:f8, 2015-01-01 00:18:54.950, 0.83, -0.037, 0.552, -0.183, -0.122, -0.061, -4.021, -56.277, -163.312, -23.380, -7.767, -13.540, 30.42, -0.11108, 0.47076, 0.03726, 0.87439,
 11:05:56.372,ed:35:33:d3:6c:f8, 2015-01-01 00:18:54.950, 0.827, -0.037, 0.551, -0.244, 0, 0.183, -4.032, -56.277, -163.306, -23.380, -7.767, -13.540, 30.42, -0.11108, 0.47076, 0.03726, 0.87439,
 11:05:56.374,f6:90:cc:01:6d:25, 2015-01-01 00:18:54.355, 0.986, -0.049, 0.049, -0.366, 0.183, 0, -42.687, -85.93, -138.966, -28.807, -6.607, 3.233, 29.33, 0.009, -0.68802, 0.0246, -0.72516,
 11:05:56.374,f6:90:cc:01:6d:25, 2015-01-01 00:18:54.355, 0.983, -0.049, 0.048, -0.305, 0.244, 0, -42.676, -85.924, -139.016, -28.807, -6.607, 3.233, 29.33, 0.009, -0.68802, 0.0246, -0.72516,
 11:05:56.375,ed:40:fe:65:30:6c, 2015-01-01 00:18:51.565, 0.887, 0.041, 0.472, -0.122, -0.244, 0.061, 4.818, -61.957, -111.632, -26.660, -7.280, 4.953, 25.25, 0.49896, -0.40475, -0.31836, -0.69696,
 11:05:56.375,ed:40:fe:65:30:6c, 2015-01-01 00:18:51.565, 0.886, 0.041, 0.471, -0.305, -0.183, 0.244, 4.801, -61.957, -111.627, -26.660, -7.280, 4.953, 25.25, 0.49896, -0.40475, -0.31836, -0.69696,
 11:05:56.375,e3:ca:2d:fd:e0:8c, 2015-01-01 00:18:51.715, 1.014, -0.123, -0.037, -0.122, 0.122, 0, -108.424, -82.749, -102.167, -25.420, -4.573, -4.407, 23.53, -0.14154, -0.68307, 0.2308, -0.67822,
 11:05:56.375,e3:ca:2d:fd:e0:8c, 2015-01-01 00:18:51.715, 1.013, -0.123, -0.038, -0.061, 0.061, 0, -108.402, -82.749, -102.184, -25.420, -4.573, -4.407, 23.53, -0.14154, -0.68307, 0.2308, -0.67822,
 11:05:56.395,ed:35:33:d3:6c:f8, 2015-01-01 00:18:54.950, 0.827, -0.041, 0.548, -0.244, 0, 0, -4.037, -56.277, -163.306, -23.380, -7.767, -13.540, 30.42, -0.11108, 0.47076, 0.03726, 0.87439,
 11:05:56.395,ed:35:33:d3:6c:f8, 2015-01-01 00:18:54.950, 0.827, -0.041, 0.548, -0.061, 0, 0, -4.037, -56.277, -163.306, -23.380, -7.767, -13.540, 30.42, -0.11108, 0.47076, 0.03726, 0.87439,
 11:05:56.399,e3:ca:2d:fd:e0:8c, 2015-01-01 00:18:52.005, 1.012, -0.122, -0.04, 0, 0.061, 0, -108.38, -82.755, -102.189, -25.420, -4.573, -4.407, 23.53, -0.14154, -0.68307, 0.2308, -0.67822,
 11:05:56.399,e3:ca:2d:fd:e0:8c, 2015-01-01 00:18:52.005, 1.013, -0.123, -0.04, 0, 0.122, 0, -108.353, -82.755, -102.206, -25.420, -4.573, -4.407, 23.53, -0.14154, -0.68307, 0.2308, -0.67822,
 11:05:56.419,f6:90:cc:01:6d:25, 2015-01-01 00:18:54.355, 0.984, -0.048, 0.045, -0.122, 0.183, -0.061, -42.654, -85.924, -139.076, -28.807, -6.607, 3.233, 29.33, 0.009, -0.68802, 0.0246, -0.72516,
 11:05:56.419,f6:90:cc:01:6d:25, 2015-01-01 00:18:54.355, 0.984, -0.047, 0.046, -0.244, 0.183, -0.061, -42.643, -85.924, -139.125, -28.807, -6.607, 3.233, 29.33, 0.009, -0.68802, 0.0246, -0.72516,
 11:05:56.420,ed:40:fe:65:30:6c, 2015-01-01 00:18:51.565, 0.886, 0.038, 0.469, -0.183, -0.183, 0.122, 4.801, -61.963, -111.621, -26.660, -7.280, 4.953, 25.25, 0.49896, -0.40475, -0.31836, -0.69696,
 11:05:56.420,ed:40:fe:65:30:6c, 2015-01-01 00:18:51.565, 0.885, 0.038, 0.469, -0.061, -0.244, 0.061, 4.796, -61.968, -111.616, -26.660, -7.280, 4.953, 25.25, 0.49896, -0.40475, -0.31836, -0.69696,
 11:05:56.441,ed:35:33:d3:6c:f8, 2015-01-01 00:18:54.950, 0.827, -0.04, 0.548, -0.122, 0, 0, -4.037, -56.277, -163.306, -23.380, -7.767, -13.540, 30.42, -0.11108, 0.47076, 0.03726, 0.87439,
 11:05:56.441,ed:35:33:d3:6c:f8, 2015-01-01 00:18:54.950, 0.828, -0.037, 0.548, 0.061, 0, 0, -4.037, -56.277, -163.306, -23.380, -7.767, -13.540, 30.42, -0.11108, 0.47076, 0.03726, 0.87439,
 11:05:56.443,e3:ca:2d:fd:e0:8c, 2015-01-01 00:18:52.005, 1.013, -0.122, -0.039, -0.122, 0.122, 0, -108.331, -82.755, -102.222, -25.420, -4.573, -4.407, 23.53, -0.14154, -0.68307, 0.2308, -0.67822,
 11:05:56.443,e3:ca:2d:fd:e0:8c, 2015-01-01 00:18:52.005, 1.012, -0.123, -0.04, -0.183, 0, 0, -108.32, -82.755, -102.228, -25.420, -4.573, -4.407, 23.53, -0.14154, -0.68307, 0.2308, -0.67822,
 11:05:56.464,ed:40:fe:65:30:6c, 2015-01-01 00:18:51.565, 0.886, 0.04, 0.469, -0.122, -0.244, 0, 4.796, -61.968, -111.621, -26.660, -7.280, 4.953, 25.25, 0.49896, -0.40475, -0.31836, -0.69696,
 11:05:56.464,ed:40:fe:65:30:6c, 2015-01-01 00:18:51.565, 0.886, 0.041, 0.468, 0, -0.183, 0, 4.801, -61.974, -111.621, -26.660, -7.280, 4.953, 25.25, 0.49896, -0.40475, -0.31836, -0.69696,
 11:05:56.484,ed:35:33:d3:6c:f8, 2015-01-01 00:18:54.950, 0.828, -0.036, 0.548, 0.061, 0.061, 0.122, -4.037, -56.277, -163.301, -23.380, -7.767, -13.540, 30.42, -0.11108, 0.47076, 0.03726, 0.87439,
 11:05:56.484,ed:35:33:d3:6c:f8, 2015-01-01 00:18:54.950, 0.828, -0.037, 0.549, 0, 0.244, 0.244, -4.043, -56.277, -163.295, -23.380, -7.767, -13.540, 30.42, -0.11108, 0.47076, 0.03726, 0.87439,
 11:05:56.487,ed:40:fe:65:30:6c, 2015-01-01 00:18:51.565, 0.886, 0.042, 0.47, 0, -0.061, 0.183, 4.796, -61.974, -111.61, -26.780, -7.100, 4.980, 25.25, 0.49896, -0.40475, -0.31836, -0.69696,
 11:05:56.487,ed:40:fe:65:30:6c, 2015-01-01 00:18:51.565, 0.886, 0.041, 0.47, 0.061, 0, 0.183, 4.79, -61.974, -111.605, -26.780, -7.100, 4.980, 25.25, 0.49896, -0.40475, -0.31836, -0.69696,
 11:05:56.490,e3:ca:2d:fd:e0:8c, 2015-01-01 00:18:52.005, 1.012, -0.122, -0.04, -0.122, -0.061, 0, -108.325, -82.755, -102.222, -25.420, -4.573, -4.407, 23.53, -0.14154, -0.68307, 0.2308, -0.67822,
 11:05:56.490,e3:ca:2d:fd:e0:8c, 2015-01-01 00:18:52.005, 1.012, -0.122, -0.039, 0, -0.183, 0, -108.342, -82.755, -102.2, -25.420, -4.573, -4.407, 23.53, -0.14154, -0.68307, 0.2308, -0.67822,
 11:05:56.508,f6:90:cc:01:6d:25, 2015-01-01 00:18:54.355, 0.983, -0.049, 0.047, -0.244, 0.244, -0.061, -42.632, -85.924, -139.18, -28.680, -6.747, 2.973, 29.33, 0.009, -0.68802, 0.0246, -0.72516,
 11:05:56.508,f6:90:cc:01:6d:25, 2015-01-01 00:18:54.355, 0.984, -0.048, 0.047, -0.061, 0.183, 0, -42.627, -85.919, -139.23, -28.680, -6.747, 2.973, 29.33, 0.009, -0.68802, 0.0246, -0.72516,
 11:05:56.530,f6:90:cc:01:6d:25, 2015-01-01 00:18:54.355, 0.983, -0.048, 0.047, 0, 0.183, 0, -42.632, -85.919, -139.268, -28.680, -6.747, 2.973, 29.33, 0.00491, -0.68774, 0.0285, -0.72531,
 11:05:56.530,f6:90:cc:01:6d:25, 2015-01-01 00:18:54.355, 0.984, -0.048, 0.046, 0, 0.122, 0, -42.632, -85.919, -139.301, -28.680, -6.747, 2.973, 29.33, 0.00491, -0.68774, 0.0285, -0.72531,
 11:05:56.531,ed:40:fe:65:30:6c, 2015-01-01 00:18:51.565, 0.887, 0.042, 0.47, 0.122, 0.061, 0.183, 4.79, -61.974, -111.599, -26.780, -7.100, 4.980, 25.25, 0.49896, -0.40475, -0.31836, -0.69696,
 11:05:56.531,ed:40:fe:65:30:6c, 2015-01-01 00:18:51.565, 0.887, 0.04, 0.469, 0.061, 0.061, 0.183, 4.785, -61.974, -111.588, -26.780, -7.100, 4.980, 25.25, 0.49896, -0.40475, -0.31836, -0.69696,
 11:05:56.534,e3:ca:2d:fd:e0:8c, 2015-01-01 00:18:52.005, 1.013, -0.122, -0.039, 0, -0.305, 0, -108.38, -82.749, -102.156, -25.420, -4.573, -4.407, 23.53, -0.14154, -0.68307, 0.2308, -0.67822,
 11:05:56.534,e3:ca:2d:fd:e0:8c, 2015-01-01 00:18:52.005, 1.013, -0.123, -0.037, -0.122, -0.244, 0, -108.408, -82.749, -102.118, -25.420, -4.573, -4.407, 23.53, -0.14154, -0.68307, 0.2308, -0.67822,
 11:05:56.552,ed:35:33:d3:6c:f8, 2015-01-01 00:18:54.950, 0.828, -0.038, 0.549, 0.122, 0.183, 0.183, -4.048, -56.272, -163.284, -23.760, -7.853, -12.913, 30.42, -0.11108, 0.47076, 0.03726, 0.87439,
 11:05:56.552,ed:35:33:d3:6c:f8, 2015-01-01 00:18:54.950, 0.829, -0.038, 0.549, 0.122, 0.061, 0.183, -4.048, -56.272, -163.279, -23.760, -7.853, -12.913, 30.42, -0.11108, 0.47076, 0.03726, 0.87439,
 11:05:56.555,f6:90:cc:01:6d:25, 2015-01-01 00:18:54.355, 0.985, -0.048, 0.047, 0.061, 0.061, 0, -42.649, -85.919, -139.323, -28.680, -6.747, 2.973, 29.33, 0.00491, -0.68774, 0.0285, -0.72531,
 11:05:56.555,f6:90:cc:01:6d:25, 2015-01-01 00:18:54.355, 0.985, -0.048, 0.047, 0.061, 0.122, 0, -42.671, -85.919, -139.345, -28.680, -6.747, 2.973, 29.33, 0.00491, -0.68774, 0.0285, -0.72531,
 11:05:56.575,ed:35:33:d3:6c:f8, 2015-01-01 00:18:54.950, 0.829, -0.038, 0.548, 0, 0.061, 0.244, -4.054, -56.272, -163.273, -23.760, -7.853, -12.913, 30.42, -0.11163, 0.47079, 0.03763, 0.8743,
 11:05:56.575,ed:35:33:d3:6c:f8, 2015-01-01 00:18:54.950, 0.828, -0.037, 0.55, 0, 0.122, 0.244, -4.059, -56.272, -163.262, -23.760, -7.853, -12.913, 30.42, -0.11163, 0.47079, 0.03763, 0.8743,
 11:05:56.578,e3:ca:2d:fd:e0:8c, 2015-01-01 00:18:52.005, 1.013, -0.122, -0.038, -0.061, -0.244, 0, -108.435, -82.749, -102.079, -25.420, -4.573, -4.407, 23.53, -0.14154, -0.68307, 0.2308, -0.67822,
 11:05:56.578,e3:ca:2d:fd:e0:8c, 2015-01-01 00:18:52.005, 1.012, -0.122, -0.036, 0, -0.244, 0, -108.463, -82.749, -102.041, -25.420, -4.573, -4.407, 23.53, -0.14154, -0.68307, 0.2308, -0.67822,
 11:05:56.598,f6:90:cc:01:6d:25, 2015-01-01 00:18:54.355, 0.984, -0.048, 0.049, 0.122, 0.183, 0, -42.676, -85.919, -139.373, -28.680, -6.747, 2.973, 29.33, 0.00491, -0.68774, 0.0285, -0.72531,
 11:05:56.598,f6:90:cc:01:6d:25, 2015-01-01 00:18:54.355, 0.983, -0.047, 0.05, 0.183, 0.244, 0, -42.665, -85.919, -139.411, -28.680, -6.747, 2.973, 29.33, 0.00491, -0.68774, 0.0285, -0.72531,
 11:05:56.599,ed:40:fe:65:30:6c, 2015-01-01 00:18:51.565, 0.887, 0.042, 0.469, 0, 0.122, 0.122, 4.779, -61.968, -111.583, -26.780, -7.100, 4.980, 25.25, 0.49924, -0.40527, -0.31876, -0.69626,
 11:05:56.599,ed:40:fe:65:30:6c, 2015-01-01 00:18:51.565, 0.885, 0.042, 0.47, 0, 0.244, 0.244, 4.774, -61.968, -111.572, -26.780, -7.100, 4.980, 25.25, 0.49924, -0.40527, -0.31876, -0.69626,
 11:05:56.601,e3:ca:2d:fd:e0:8c, 2015-01-01 00:18:52.005, 1.011, -0.122, -0.037, 0, -0.305, 0, -108.49, -82.749, -101.997, -25.173, -4.580, -4.247, 23.53, -0.14154, -0.68307, 0.2308, -0.67822,
 11:05:56.601,e3:ca:2d:fd:e0:8c, 2015-01-01 00:18:52.005, 1.013, -0.122, -0.04, -0.061, -0.427, 0, -108.545, -82.744, -101.931, -25.173, -4.580, -4.247, 23.53, -0.14154, -0.68307, 0.2308, -0.67822,
 11:05:56.619,ed:35:33:d3:6c:f8, 2015-01-01 00:18:54.950, 0.827, -0.037, 0.55, 0, 0.244, 0.305, -4.065, -56.266, -163.251, -23.760, -7.853, -12.913, 30.42, -0.11163, 0.47079, 0.03763, 0.8743,
 11:05:56.619,ed:35:33:d3:6c:f8, 2015-01-01 00:18:54.950, 0.826, -0.039, 0.551, 0.061, 0.244, 0.305, -4.07, -56.261, -163.24, -23.760, -7.853, -12.913, 30.42, -0.11163, 0.47079, 0.03763, 0.8743,
 11:05:56.621,f6:90:cc:01:6d:25, 2015-01-01 00:18:54.735, 0.983, -0.048, 0.047, 0.122, 0.244, 0, -42.649, -85.919, -139.466, -28.680, -6.747, 2.973, 29.33, 0.00491, -0.68774, 0.0285, -0.72531,
 11:05:56.621,f6:90:cc:01:6d:25, 2015-01-01 00:18:54.735, 0.983, -0.049, 0.048, 0.122, 0.122, 0, -42.632, -85.919, -139.51, -28.680, -6.747, 2.973, 29.33, 0.00491, -0.68774, 0.0285, -0.72531,
 11:05:56.644,ed:40:fe:65:30:6c, 2015-01-01 00:18:51.920, 0.885, 0.042, 0.471, 0.061, 0.366, 0.244, 4.768, -61.957, -111.561, -26.780, -7.100, 4.980, 25.25, 0.49924, -0.40527, -0.31876, -0.69626,
 11:05:56.644,ed:40:fe:65:30:6c, 2015-01-01 00:18:51.920, 0.885, 0.041, 0.473, 0.122, 0.427, 0.183, 4.763, -61.952, -111.55, -26.780, -7.100, 4.980, 25.25, 0.49924, -0.40527, -0.31876, -0.69626,
 11:05:56.646,e3:ca:2d:fd:e0:8c, 2015-01-01 00:18:52.005, 1.014, -0.123, -0.039, -0.183, -0.366, 0, -108.589, -82.744, -101.876, -25.173, -4.580, -4.247, 23.53, -0.14154, -0.68307, 0.2308, -0.67822,
 11:05:56.646,e3:ca:2d:fd:e0:8c, 2015-01-01 00:18:52.005, 1.013, -0.122, -0.04, 0, -0.427, 0, -108.638, -82.738, -101.816, -25.173, -4.580, -4.247, 23.53, -0.14154, -0.68307, 0.2308, -0.67822,
 11:05:56.664,ed:35:33:d3:6c:f8, 2015-01-01 00:18:55.310, 0.824, -0.039, 0.549, 0.366, 0.122, 0.244, -4.07, -56.261, -163.235, -23.760, -7.853, -12.913, 30.42, -0.11163, 0.47079, 0.03763, 0.8743,
 11:05:56.664,ed:35:33:d3:6c:f8, 2015-01-01 00:18:55.310, 0.826, -0.038, 0.55, 0.488, 0.122, 0.183, -4.065, -56.261, -163.229, -23.760, -7.853, -12.913, 30.42, -0.11163, 0.47079, 0.03763, 0.8743,
 11:05:56.666,ed:40:fe:65:30:6c, 2015-01-01 00:18:51.920, 0.883, 0.04, 0.471, 0.305, 0.366, 0.183, 4.768, -61.946, -111.544, -26.780, -7.100, 4.980, 25.25, 0.49924, -0.40527, -0.31876, -0.69626,
 11:05:56.666,ed:40:fe:65:30:6c, 2015-01-01 00:18:51.920, 0.885, 0.042, 0.472, 0.366, 0.366, 0.122, 4.768, -61.935, -111.533, -26.780, -7.100, 4.980, 25.25, 0.49924, -0.40527, -0.31876, -0.69626,
 11:05:56.666,f6:90:cc:01:6d:25, 2015-01-01 00:18:54.735, 0.983, -0.046, 0.047, 0.305, 0.061, 0, -42.638, -85.913, -139.532, -28.680, -6.747, 2.973, 29.33, 0.00491, -0.68774, 0.0285, -0.72531,
 11:05:56.666,f6:90:cc:01:6d:25, 2015-01-01 00:18:54.735, 0.983, -0.049, 0.047, 0.427, 0.061, 0, -42.649, -85.919, -139.543, -28.680, -6.747, 2.973, 29.33, 0.00491, -0.68774, 0.0285, -0.72531,
 11:05:56.688,ed:35:33:d3:6c:f8, 2015-01-01 00:18:55.310, 0.825, -0.038, 0.55, 0.427, 0.244, 0.305, -4.065, -56.255, -163.218, -23.760, -7.853, -12.913, 30.42, -0.11163, 0.47079, 0.03763, 0.8743,
 11:05:56.688,ed:35:33:d3:6c:f8, 2015-01-01 00:18:55.310, 0.827, -0.042, 0.551, 0.183, 0.183, 0.488, -4.076, -56.25, -163.202, -23.760, -7.853, -12.913, 30.42, -0.11163, 0.47079, 0.03763, 0.8743,
 11:05:56.690,ed:40:fe:65:30:6c, 2015-01-01 00:18:51.920, 0.884, 0.037, 0.471, 0.488, 0.366, 0.366, 4.768, -61.93, -111.517, -26.780, -7.100, 4.980, 25.25, 0.49924, -0.40527, -0.31876, -0.69626,
 11:05:56.690,ed:40:fe:65:30:6c, 2015-01-01 00:18:51.920, 0.886, 0.039, 0.472, 0.061, 0.305, 0.305, 4.757, -61.924, -111.506, -26.780, -7.100, 4.980, 25.25, 0.49924, -0.40527, -0.31876, -0.69626,
 11:05:56.692,e3:ca:2d:fd:e0:8c, 2015-01-01 00:18:52.005, 1.012, -0.121, -0.039, 0, -0.488, 0, -108.699, -82.738, -101.739, -25.173, -4.580, -4.247, 23.53, -0.14072, -0.6835, 0.23004, -0.67822,
 11:05:56.692,e3:ca:2d:fd:e0:8c, 2015-01-01 00:18:52.005, 1.012, -0.121, -0.039, 0, -0.366, 0, -108.743, -82.738, -101.684, -25.173, -4.580, -4.247, 23.53, -0.14072, -0.6835, 0.23004, -0.67822,
 11:05:56.710,f6:90:cc:01:6d:25, 2015-01-01 00:18:54.735, 0.984, -0.049, 0.047, 0.305, 0.061, 0, -42.66, -85.919, -139.559, -28.680, -6.747, 2.973, 29.33, 0.00491, -0.68774, 0.0285, -0.72531,
 11:05:56.710,f6:90:cc:01:6d:25, 2015-01-01 00:18:54.735, 0.989, -0.044, 0.046, 0.183, 0.061, 0, -42.671, -85.919, -139.576, -28.680, -6.747, 2.973, 29.33, 0.00491, -0.68774, 0.0285, -0.72531,
 11:05:56.733,ed:35:33:d3:6c:f8, 2015-01-01 00:18:55.310, 0.832, -0.039, 0.548, 0.244, 0, 0.061, -4.07, -56.25, -163.196, -23.760, -7.853, -12.913, 30.42, -0.11163, 0.47079, 0.03763, 0.8743,
 11:05:56.733,ed:35:33:d3:6c:f8, 2015-01-01 00:18:55.310, 0.831, -0.032, 0.555, 0.244, 0, -0.183, -4.059, -56.25, -163.207, -23.760, -7.853, -12.913, 30.42, -0.11163, 0.47079, 0.03763, 0.8743,
 11:05:56.733,f6:90:cc:01:6d:25, 2015-01-01 00:18:54.735, 0.989, -0.047, 0.048, 0, 0.061, 0, -42.687, -85.919, -139.592, -28.680, -6.747, 2.973, 29.33, 0.00491, -0.68774, 0.0285, -0.72531,
 11:05:56.733,f6:90:cc:01:6d:25, 2015-01-01 00:18:54.735, 0.985, -0.05, 0.044, 0.061, 0.061, 0, -42.704, -85.919, -139.603, -28.680, -6.747, 2.973, 29.33, 0.00491, -0.68774, 0.0285, -0.72531,
 11:05:56.736,e3:ca:2d:fd:e0:8c, 2015-01-01 00:18:52.320, 1.016, -0.123, -0.04, -0.122, -0.305, 0, -108.776, -82.733, -101.64, -25.173, -4.580, -4.247, 23.53, -0.14072, -0.6835, 0.23004, -0.67822,
 11:05:56.736,e3:ca:2d:fd:e0:8c, 2015-01-01 00:18:52.320, 1.018, -0.123, -0.041, -0.122, -0.427, 0, -108.831, -82.733, -101.574, -25.173, -4.580, -4.247, 23.53, -0.14072, -0.6835, 0.23004, -0.67822,
 11:05:56.736,ed:40:fe:65:30:6c, 2015-01-01 00:18:51.920, 0.891, 0.043, 0.47, 0, 0.244, 0, 4.757, -61.919, -111.506, -26.780, -7.100, 4.980, 25.25, 0.49924, -0.40527, -0.31876, -0.69626,
 11:05:56.736,ed:40:fe:65:30:6c, 2015-01-01 00:18:51.920, 0.888, 0.046, 0.476, 0.244, 0.183, -0.061, 4.768, -61.913, -111.506, -26.780, -7.100, 4.980, 25.25, 0.49924, -0.40527, -0.31876, -0.69626,
 11:05:56.754,ed:35:33:d3:6c:f8, 2015-01-01 00:18:55.310, 0.827, -0.034, 0.555, 0.122, 0.244, 0.366, -4.065, -56.245, -163.191, -23.760, -7.853, -12.913, 30.42, -0.11163, 0.47079, 0.03763, 0.8743,
 11:05:56.754,ed:35:33:d3:6c:f8, 2015-01-01 00:18:55.310, 0.826, -0.042, 0.551, 0, 0, 0.366, -4.076, -56.245, -163.18, -23.760, -7.853, -12.913, 30.42, -0.11163, 0.47079, 0.03763, 0.8743,
 11:05:56.778,f6:90:cc:01:6d:25, 2015-01-01 00:18:54.735, 0.983, -0.047, 0.046, 0.244, 0.061, 0, -42.72, -85.919, -139.62, -28.680, -6.747, 2.973, 29.33, 0.00491, -0.68774, 0.0285, -0.72531,
 11:05:56.778,f6:90:cc:01:6d:25, 2015-01-01 00:18:54.735, 0.981, -0.046, 0.046, 0.183, 0.122, 0, -42.737, -85.919, -139.642, -28.680, -6.747, 2.973, 29.33, 0.00491, -0.68774, 0.0285, -0.72531,
 11:05:56.780,ed:40:fe:65:30:6c, 2015-01-01 00:18:51.920, 0.886, 0.041, 0.474, 0.061, 0.183, 0.488, 4.757, -61.908, -111.484, -26.780, -7.100, 4.980, 25.25, 0.49924, -0.40527, -0.31876, -0.69626,
 11:05:56.780,ed:40:fe:65:30:6c, 2015-01-01 00:18:51.920, 0.884, 0.039, 0.471, 0, 0, 0.305, 4.746, -61.908, -111.473, -26.780, -7.100, 4.980, 25.25, 0.49924, -0.40527, -0.31876, -0.69626,
 11:05:56.781,e3:ca:2d:fd:e0:8c, 2015-01-01 00:18:52.320, 1.014, -0.123, -0.041, 0, -0.244, 0, -108.853, -82.733, -101.541, -25.173, -4.580, -4.247, 23.53, -0.14072, -0.6835, 0.23004, -0.67822,
 11:05:56.781,e3:ca:2d:fd:e0:8c, 2015-01-01 00:18:52.320, 1.013, -0.122, -0.04, 0, -0.122, 0, -108.864, -82.733, -101.519, -25.173, -4.580, -4.247, 23.53, -0.14072, -0.6835, 0.23004, -0.67822,
 11:05:56.802,e3:ca:2d:fd:e0:8c, 2015-01-01 00:18:52.320, 1.011, -0.121, -0.041, 0, -0.183, 0, -108.88, -82.733, -101.492, -25.173, -4.580, -4.247, 23.53, -0.14072, -0.6835, 0.23004, -0.67822,
 11:05:56.802,e3:ca:2d:fd:e0:8c, 2015-01-01 00:18:52.320, 1.011, -0.121, -0.04, 0, -0.061, 0, -108.88, -82.733, -101.486, -25.173, -4.580, -4.247, 23.53, -0.14072, -0.6835, 0.23004, -0.67822,
 11:05:56.823,ed:35:33:d3:6c:f8, 2015-01-01 00:18:55.310, 0.824, -0.04, 0.549, 0.183, -0.488, 0.061, -4.07, -56.255, -163.174, -23.760, -7.853, -12.913, 30.42, -0.11163, 0.47079, 0.03763, 0.8743,
 11:05:56.823,ed:35:33:d3:6c:f8, 2015-01-01 00:18:55.310, 0.823, -0.038, 0.548, -0.061, -0.305, 0.244, -4.081, -56.261, -163.169, -23.760, -7.853, -12.913, 30.42, -0.11163, 0.47079, 0.03763, 0.8743,
 11:05:56.826,f6:90:cc:01:6d:25, 2015-01-01 00:18:54.735, 0.98, -0.049, 0.047, 0.122, 0.061, 0, -42.748, -85.924, -139.664, -28.680, -6.747, 2.973, 29.33, 0.00491, -0.68774, 0.0285, -0.72531,
 11:05:56.827,f6:90:cc:01:6d:25, 2015-01-01 00:18:54.735, 0.983, -0.048, 0.049, 0.122, 0.061, 0, -42.764, -85.924, -139.675, -28.680, -6.747, 2.973, 29.33, 0.00491, -0.68774, 0.0285, -0.72531,
 11:05:56.828,ed:40:fe:65:30:6c, 2015-01-01 00:18:51.920, 0.882, 0.039, 0.47, 0.122, -0.061, 0.122, 4.746, -61.913, -111.467, -26.780, -7.100, 4.980, 25.25, 0.49924, -0.40527, -0.31876, -0.69626,
 11:05:56.828,ed:40:fe:65:30:6c, 2015-01-01 00:18:51.920, 0.883, 0.039, 0.47, 0.183, -0.122, 0.183, 4.741, -61.913, -111.456, -26.780, -7.100, 4.980, 25.25, 0.49924, -0.40527, -0.31876, -0.69626,
 11:05:56.845,ed:35:33:d3:6c:f8, 2015-01-01 00:18:55.310, 0.824, -0.04, 0.548, -0.122, 0, 0.366, -4.092, -56.261, -163.152, -23.653, -7.720, -13.273, 30.42, -0.11163, 0.47079, 0.03763, 0.8743,
 11:05:56.845,ed:35:33:d3:6c:f8, 2015-01-01 00:18:55.310, 0.827, -0.04, 0.55, 0.061, 0, 0.244, -4.098, -56.261, -163.147, -23.653, -7.720, -13.273, 30.42, -0.11163, 0.47079, 0.03763, 0.8743,
 11:05:56.847,ed:40:fe:65:30:6c, 2015-01-01 00:18:51.920, 0.885, 0.04, 0.473, 0.244, -0.183, 0.122, 4.741, -61.913, -111.451, -26.140, -6.807, 4.473, 25.25, 0.49924, -0.40527, -0.31876, -0.69626,
 11:05:56.847,ed:40:fe:65:30:6c, 2015-01-01 00:18:51.920, 0.888, 0.04, 0.474, 0.122, -0.122, 0, 4.746, -61.919, -111.445, -26.140, -6.807, 4.473, 25.25, 0.49924, -0.40527, -0.31876, -0.69626,
 11:05:56.849,e3:ca:2d:fd:e0:8c, 2015-01-01 00:18:52.320, 1.013, -0.123, -0.039, 0, -0.122, 0, -108.891, -82.733, -101.464, -25.173, -4.580, -4.247, 23.53, -0.14072, -0.6835, 0.23004, -0.67822,
 11:05:56.849,e3:ca:2d:fd:e0:8c, 2015-01-01 00:18:52.320, 1.012, -0.123, -0.04, -0.061, -0.305, 0, -108.924, -82.727, -101.42, -25.173, -4.580, -4.247, 23.53, -0.14072, -0.6835, 0.23004, -0.67822,
 11:05:56.868,f6:90:cc:01:6d:25, 2015-01-01 00:18:54.735, 0.984, -0.048, 0.049, 0.183, 0.061, 0, -42.781, -85.924, -139.691, -28.700, -7.047, 3.520, 29.33, 0.00491, -0.68774, 0.0285, -0.72531,
 11:05:56.868,f6:90:cc:01:6d:25, 2015-01-01 00:18:54.735, 0.986, -0.049, 0.049, 0.061, 0, 0, -42.803, -85.924, -139.702, -28.700, -7.047, 3.520, 29.33, 0.00491, -0.68774, 0.0285, -0.72531,
 11:05:56.889,ed:35:33:d3:6c:f8, 2015-01-01 00:18:55.310, 0.829, -0.039, 0.552, 0.122, 0, 0.122, -4.098, -56.261, -163.141, -23.653, -7.720, -13.273, 30.42, -0.11163, 0.47079, 0.03763, 0.8743,
 11:05:56.889,ed:35:33:d3:6c:f8, 2015-01-01 00:18:55.310, 0.826, -0.038, 0.554, 0.122, -0.122, -0.061, -4.092, -56.261, -163.141, -23.653, -7.720, -13.273, 30.42, -0.11163, 0.47079, 0.03763, 0.8743,
 11:05:56.892,ed:40:fe:65:30:6c, 2015-01-01 00:18:51.920, 0.884, 0.042, 0.474, 0, -0.183, -0.061, 4.752, -61.919, -111.451, -26.140, -6.807, 4.473, 25.25, 0.49924, -0.40527, -0.31876, -0.69626,
 11:05:56.892,ed:40:fe:65:30:6c, 2015-01-01 00:18:51.920, 0.886, 0.04, 0.471, -0.183, -0.183, -0.061, 4.752, -61.924, -111.451, -26.140, -6.807, 4.473, 25.25, 0.49924, -0.40527, -0.31876, -0.69626,
 11:05:56.894,e3:ca:2d:fd:e0:8c, 2015-01-01 00:18:52.320, 1.015, -0.123, -0.04, -0.061, -0.427, 0, -108.979, -82.727, -101.354, -25.173, -4.580, -4.247, 23.53, -0.14072, -0.6835, 0.23004, -0.67822,
 11:05:56.894,e3:ca:2d:fd:e0:8c, 2015-01-01 00:18:52.320, 1.014, -0.123, -0.039, -0.061, -0.427, 0, -109.034, -82.722, -101.294, -25.173, -4.580, -4.247, 23.53, -0.14072, -0.6835, 0.23004, -0.67822,
 11:05:56.914,f6:90:cc:01:6d:25, 2015-01-01 00:18:54.735, 0.985, -0.046, 0.048, 0, -0.061, 0, -42.836, -85.93, -139.697, -28.700, -7.047, 3.520, 29.33, 0.00491, -0.68774, 0.0285, -0.72531,
 11:05:56.914,f6:90:cc:01:6d:25, 2015-01-01 00:18:54.735, 0.983, -0.048, 0.048, -0.122, -0.122, 0, -42.88, -85.93, -139.68, -28.700, -7.047, 3.520, 29.33, 0.00491, -0.68774, 0.0285, -0.72531,
 11:05:56.936,f6:90:cc:01:6d:25, 2015-01-01 00:18:54.735, 0.986, -0.045, 0.048, -0.122, -0.061, 0, -42.924, -85.935, -139.669, -28.700, -7.047, 3.520, 29.33, 0.00092, -0.68768, 0.03238, -0.72522,
 11:05:56.936,f6:90:cc:01:6d:25, 2015-01-01 00:18:54.735, 0.985, -0.047, 0.048, -0.061, 0, -0.305, -42.918, -85.935, -139.697, -28.700, -7.047, 3.520, 29.33, 0.00092, -0.68768, 0.03238, -0.72522,
 11:05:56.937,e3:ca:2d:fd:e0:8c, 2015-01-01 00:18:52.320, 1.012, -0.122, -0.038, -0.183, -0.183, 0, -109.05, -82.722, -101.266, -25.373, -5.060, -4.780, 23.53, -0.14072, -0.6835, 0.23004, -0.67822,
 11:05:56.937,e3:ca:2d:fd:e0:8c, 2015-01-01 00:18:52.320, 1.013, -0.121, -0.039, -0.183, -0.305, 0, -109.083, -82.722, -101.223, -25.373, -5.060, -4.780, 23.53, -0.14072, -0.6835, 0.23004, -0.67822,
 11:05:56.956,ed:35:33:d3:6c:f8, 2015-01-01 00:18:55.310, 0.827, -0.04, 0.549, 0, -0.366, 0, -4.092, -56.272, -163.141, -23.653, -7.720, -13.273, 30.42, -0.11246, 0.47073, 0.03787, 0.87421,
 11:05:56.956,ed:35:33:d3:6c:f8, 2015-01-01 00:18:55.310, 0.829, -0.041, 0.55, -0.061, -0.366, -0.183, -4.092, -56.277, -163.147, -23.653, -7.720, -13.273, 30.42, -0.11246, 0.47073, 0.03787, 0.87421,
 11:05:56.960,ed:40:fe:65:30:6c, 2015-01-01 00:18:51.920, 0.887, 0.039, 0.471, -0.061, -0.061, -0.305, 4.757, -61.924, -111.456, -26.140, -6.807, 4.473, 25.25, 0.50009, -0.40472, -0.31885, -0.69595,
 11:05:56.960,ed:40:fe:65:30:6c, 2015-01-01 00:18:51.920, 0.886, 0.043, 0.472, 0, -0.122, -0.122, 4.768, -61.924, -111.467, -26.140, -6.807, 4.473, 25.25, 0.50009, -0.40472, -0.31885, -0.69595,
 11:05:56.960,e3:ca:2d:fd:e0:8c, 2015-01-01 00:18:52.320, 1.013, -0.121, -0.039, -0.122, -0.366, 0, -109.127, -82.722, -101.168, -25.373, -5.060, -4.780, 23.53, -0.13959, -0.68427, 0.22913, -0.67801,
 11:05:56.960,e3:ca:2d:fd:e0:8c, 2015-01-01 00:18:52.320, 1.012, -0.122, -0.04, -0.122, -0.244, 0, -109.149, -82.722, -101.129, -25.373, -5.060, -4.780, 23.53, -0.13959, -0.68427, 0.22913, -0.67801,
 11:05:56.979,ed:35:33:d3:6c:f8, 2015-01-01 00:18:55.645, 0.828, -0.036, 0.55, 0.061, -0.244, -0.122, -4.087, -56.283, -163.152, -23.653, -7.720, -13.273, 30.42, -0.11246, 0.47073, 0.03787, 0.87421,
 11:05:56.979,ed:35:33:d3:6c:f8, 2015-01-01 00:18:55.645, 0.828, -0.037, 0.549, -0.244, 0, -0.061, -4.087, -56.283, -163.152, -23.653, -7.720, -13.273, 30.42, -0.11246, 0.47073, 0.03787, 0.87421,
 11:05:56.981,ed:40:fe:65:30:6c, 2015-01-01 00:18:52.280, 0.887, 0.042, 0.47, -0.244, 0, -0.122, 4.774, -61.924, -111.473, -26.140, -6.807, 4.473, 25.25, 0.50009, -0.40472, -0.31885, -0.69595,
 11:05:56.981,ed:40:fe:65:30:6c, 2015-01-01 00:18:52.280, 0.884, 0.042, 0.471, -0.061, 0, -0.244, 4.779, -61.924, -111.478, -26.140, -6.807, 4.473, 25.25, 0.50009, -0.40472, -0.31885, -0.69595,
 11:05:57.001,ed:35:33:d3:6c:f8, 2015-01-01 00:18:55.645, 0.827, -0.039, 0.549, -0.061, 0, -0.244, -4.081, -56.283, -163.163, -23.653, -7.720, -13.273, 30.42, -0.11246, 0.47073, 0.03787, 0.87421,
 11:05:57.001,ed:35:33:d3:6c:f8, 2015-01-01 00:18:55.645, 0.827, -0.039, 0.55, -0.122, 0, -0.427, -4.07, -56.283, -163.174, -23.653, -7.720, -13.273, 30.42, -0.11246, 0.47073, 0.03787, 0.87421,
 11:05:57.003,f6:90:cc:01:6d:25, 2015-01-01 00:18:54.735, 0.985, -0.047, 0.047, 0, 0, -0.305, -42.874, -85.941, -139.763, -28.700, -7.047, 3.520, 29.33, 0.00092, -0.68768, 0.03238, -0.72522,
 11:05:57.003,f6:90:cc:01:6d:25, 2015-01-01 00:18:54.735, 0.983, -0.047, 0.046, -0.122, 0.061, -0.122, -42.847, -85.946, -139.812, -28.700, -7.047, 3.520, 29.33, 0.00092, -0.68768, 0.03238, -0.72522,
 11:05:57.005,e3:ca:2d:fd:e0:8c, 2015-01-01 00:18:52.320, 1.013, -0.123, -0.042, -0.183, -0.244, 0, -109.177, -82.716, -101.091, -25.373, -5.060, -4.780, 23.53, -0.13959, -0.68427, 0.22913, -0.67801,
 11:05:57.005,e3:ca:2d:fd:e0:8c, 2015-01-01 00:18:52.320, 1.014, -0.123, -0.042, -0.244, -0.305, 0, -109.215, -82.716, -101.047, -25.373, -5.060, -4.780, 23.53, -0.13959, -0.68427, 0.22913, -0.67801,
 11:05:57.005,ed:40:fe:65:30:6c, 2015-01-01 00:18:52.280, 0.884, 0.041, 0.471, -0.305, 0, -0.366, 4.785, -61.924, -111.495, -26.140, -6.807, 4.473, 25.25, 0.50009, -0.40472, -0.31885, -0.69595,
 11:05:57.005,ed:40:fe:65:30:6c, 2015-01-01 00:18:52.280, 0.885, 0.041, 0.471, -0.305, -0.061, -0.366, 4.796, -61.919, -111.506, -26.140, -6.807, 4.473, 25.25, 0.50009, -0.40472, -0.31885, -0.69595,
 11:05:57.025,f6:90:cc:01:6d:25, 2015-01-01 00:18:55.135, 0.983, -0.048, 0.046, -0.183, 0.122, -0.061, -42.836, -85.946, -139.85, -28.700, -7.047, 3.520, 29.33, 0.00092, -0.68768, 0.03238, -0.72522,
 11:05:57.025,f6:90:cc:01:6d:25, 2015-01-01 00:18:55.135, 0.984, -0.047, 0.045, -0.244, 0.061, -0.061, -42.836, -85.952, -139.883, -28.700, -7.047, 3.520, 29.33, 0.00092, -0.68768, 0.03238, -0.72522,
 11:05:57.047,ed:35:33:d3:6c:f8, 2015-01-01 00:18:55.645, 0.828, -0.038, 0.55, -0.183, -0.061, -0.488, -4.059, -56.288, -163.196, -23.653, -7.720, -13.273, 30.42, -0.11246, 0.47073, 0.03787, 0.87421,
 11:05:57.047,ed:35:33:d3:6c:f8, 2015-01-01 00:18:55.645, 0.829, -0.037, 0.549, -0.244, -0.305, -0.366, -4.054, -56.294, -163.207, -23.653, -7.720, -13.273, 30.42, -0.11246, 0.47073, 0.03787, 0.87421,
 11:05:57.049,ed:40:fe:65:30:6c, 2015-01-01 00:18:52.280, 0.887, 0.042, 0.471, -0.366, -0.061, -0.183, 4.807, -61.919, -111.522, -26.140, -6.807, 4.473, 25.25, 0.50009, -0.40472, -0.31885, -0.69595,
 11:05:57.049,ed:40:fe:65:30:6c, 2015-01-01 00:18:52.280, 0.888, 0.041, 0.47, -0.427, 0, -0.122, 4.807, -61.919, -111.528, -26.140, -6.807, 4.473, 25.25, 0.50009, -0.40472, -0.31885, -0.69595,
 11:05:57.049,f6:90:cc:01:6d:25, 2015-01-01 00:18:55.135, 0.985, -0.047, 0.045, -0.244, 0, -0.122, -42.847, -85.952, -139.911, -28.700, -7.047, 3.520, 29.33, 0.00092, -0.68768, 0.03238, -0.72522,
 11:05:57.049,f6:90:cc:01:6d:25, 2015-01-01 00:18:55.135, 0.986, -0.048, 0.045, -0.122, -0.061, -0.183, -42.852, -85.957, -139.944, -28.700, -7.047, 3.520, 29.33, 0.00092, -0.68768, 0.03238, -0.72522,
 11:05:57.050,e3:ca:2d:fd:e0:8c, 2015-01-01 00:18:52.610, 1.014, -0.122, -0.043, -0.244, -0.305, 0, -109.254, -82.716, -101.003, -25.373, -5.060, -4.780, 23.53, -0.13959, -0.68427, 0.22913, -0.67801,
 11:05:57.050,e3:ca:2d:fd:e0:8c, 2015-01-01 00:18:52.610, 1.014, -0.121, -0.042, -0.244, -0.366, 0, -109.303, -82.716, -100.948, -25.373, -5.060, -4.780, 23.53, -0.13959, -0.68427, 0.22913, -0.67801,
 11:05:57.093,ed:35:33:d3:6c:f8, 2015-01-01 00:18:55.645, 0.83, -0.038, 0.548, -0.366, -0.183, -0.244, -4.054, -56.299, -163.213, -23.653, -7.720, -13.273, 30.42, -0.11246, 0.47073, 0.03787, 0.87421,
 11:05:57.093,ed:35:33:d3:6c:f8, 2015-01-01 00:18:55.645, 0.829, -0.04, 0.546, -0.366, -0.061, -0.244, -4.054, -56.299, -163.224, -23.653, -7.720, -13.273, 30.42, -0.11246, 0.47073, 0.03787, 0.87421,
 11:05:57.093,f6:90:cc:01:6d:25, 2015-01-01 00:18:55.135, 0.985, -0.047, 0.047, -0.061, -0.061, -0.244, -42.852, -85.963, -139.977, -28.700, -7.047, 3.520, 29.33, 0.00092, -0.68768, 0.03238, -0.72522,
 11:05:57.093,f6:90:cc:01:6d:25, 2015-01-01 00:18:55.135, 0.984, -0.047, 0.046, 0, 0.061, -0.305, -42.83, -85.968, -140.037, -28.700, -7.047, 3.520, 29.33, 0.00092, -0.68768, 0.03238, -0.72522,
 11:05:57.094,ed:40:fe:65:30:6c, 2015-01-01 00:18:52.280, 0.886, 0.039, 0.469, -0.366, 0, -0.122, 4.807, -61.919, -111.533, -26.140, -6.807, 4.473, 25.25, 0.50009, -0.40472, -0.31885, -0.69595,
 11:05:57.094,ed:40:fe:65:30:6c, 2015-01-01 00:18:52.280, 0.886, 0.04, 0.471, -0.244, 0, -0.244, 4.807, -61.919, -111.539, -26.140, -6.807, 4.473, 25.25, 0.50009, -0.40472, -0.31885, -0.69595,
 11:05:57.095,e3:ca:2d:fd:e0:8c, 2015-01-01 00:18:52.610, 1.014, -0.122, -0.042, -0.122, -0.305, 0, -109.347, -82.711, -100.898, -25.373, -5.060, -4.780, 23.53, -0.13959, -0.68427, 0.22913, -0.67801,
 11:05:57.095,e3:ca:2d:fd:e0:8c, 2015-01-01 00:18:52.610, 1.014, -0.122, -0.04, -0.183, -0.305, 0, -109.385, -82.711, -100.854, -25.373, -5.060, -4.780, 23.53, -0.13959, -0.68427, 0.22913, -0.67801,
 11:05:57.138,ed:35:33:d3:6c:f8, 2015-01-01 00:18:55.645, 0.829, -0.04, 0.548, -0.305, 0, -0.305, -4.048, -56.305, -163.235, -23.653, -7.720, -13.273, 30.42, -0.11246, 0.47073, 0.03787, 0.87421,
 11:05:57.138,ed:35:33:d3:6c:f8, 2015-01-01 00:18:55.645, 0.827, -0.039, 0.548, -0.122, 0, -0.305, -4.043, -56.305, -163.246, -23.653, -7.720, -13.273, 30.42, -0.11246, 0.47073, 0.03787, 0.87421,
 11:05:57.138,f6:90:cc:01:6d:25, 2015-01-01 00:18:55.135, 0.984, -0.047, 0.045, -0.061, 0.122, -0.305, -42.781, -85.974, -140.12, -28.700, -7.047, 3.520, 29.33, 0.00092, -0.68768, 0.03238, -0.72522,
 11:05:57.138,f6:90:cc:01:6d:25, 2015-01-01 00:18:55.135, 0.984, -0.047, 0.047, -0.183, 0.305, -0.244, -42.709, -85.974, -140.229, -28.700, -7.047, 3.520, 29.33, 0.00092, -0.68768, 0.03238, -0.72522,
 11:05:57.139,ed:40:fe:65:30:6c, 2015-01-01 00:18:52.280, 0.885, 0.042, 0.471, -0.244, 0.061, -0.305, 4.812, -61.919, -111.55, -26.140, -6.807, 4.473, 25.25, 0.50009, -0.40472, -0.31885, -0.69595,
 11:05:57.139,ed:40:fe:65:30:6c, 2015-01-01 00:18:52.280, 0.886, 0.042, 0.472, -0.061, 0, -0.427, 4.823, -61.919, -111.566, -26.140, -6.807, 4.473, 25.25, 0.50009, -0.40472, -0.31885, -0.69595,
 11:05:57.140,e3:ca:2d:fd:e0:8c, 2015-01-01 00:18:52.610, 1.012, -0.121, -0.041, -0.122, -0.366, 0, -109.429, -82.711, -100.8, -25.373, -5.060, -4.780, 23.53, -0.13959, -0.68427, 0.22913, -0.67801,
 11:05:57.140,e3:ca:2d:fd:e0:8c, 2015-01-01 00:18:52.610, 1.013, -0.122, -0.041, -0.183, -0.244, 0, -109.468, -82.711, -100.756, -25.373, -5.060, -4.780, 23.53, -0.13959, -0.68427, 0.22913, -0.67801,
 11:05:57.163,e3:ca:2d:fd:e0:8c, 2015-01-01 00:18:52.610, 1.015, -0.123, -0.041, -0.244, -0.122, 0, -109.495, -82.705, -100.723, -25.373, -5.060, -4.780, 23.53, -0.13959, -0.68427, 0.22913, -0.67801,
 11:05:57.163,e3:ca:2d:fd:e0:8c, 2015-01-01 00:18:52.610, 1.015, -0.122, -0.041, -0.244, -0.122, 0, -109.506, -82.705, -100.706, -25.373, -5.060, -4.780, 23.53, -0.13959, -0.68427, 0.22913, -0.67801,
 11:05:57.185,f6:90:cc:01:6d:25, 2015-01-01 00:18:55.135, 0.985, -0.049, 0.045, -0.183, 0.244, -0.305, -42.638, -85.979, -140.345, -28.700, -7.047, 3.520, 29.33, 0.00092, -0.68768, 0.03238, -0.72522,
 11:05:57.185,f6:90:cc:01:6d:25, 2015-01-01 00:18:55.135, 0.985, -0.049, 0.048, -0.122, 0.305, -0.366, -42.55, -85.979, -140.477, -28.700, -7.047, 3.520, 29.33, 0.00092, -0.68768, 0.03238, -0.72522,
 11:05:57.204,ed:35:33:d3:6c:f8, 2015-01-01 00:18:55.645, 0.828, -0.038, 0.549, 0, 0, -0.427, -4.026, -56.305, -163.262, -23.653, -7.720, -13.273, 30.42, -0.11246, 0.47073, 0.03787, 0.87421,
 11:05:57.204,ed:35:33:d3:6c:f8, 2015-01-01 00:18:55.645, 0.828, -0.038, 0.55, 0, -0.122, -0.488, -4.016, -56.31, -163.279, -23.653, -7.720, -13.273, 30.42, -0.11246, 0.47073, 0.03787, 0.87421,
 11:05:57.206,e3:ca:2d:fd:e0:8c, 2015-01-01 00:18:52.610, 1.013, -0.122, -0.041, -0.122, -0.183, -0.305, -109.523, -82.711, -100.684, -25.373, -5.060, -4.780, 23.53, -0.13959, -0.68427, 0.22913, -0.67801,
 11:05:57.208,e3:ca:2d:fd:e0:8c, 2015-01-01 00:18:52.610, 1.011, -0.121, -0.042, -0.061, -0.305, -0.305, -109.561, -82.716, -100.635, -25.373, -5.060, -4.780, 23.53, -0.13959, -0.68427, 0.22913, -0.67801,
 11:05:57.208,ed:40:fe:65:30:6c, 2015-01-01 00:18:52.280, 0.886, 0.041, 0.472, -0.122, 0, -0.366, 4.839, -61.919, -111.583, -26.140, -6.807, 4.473, 25.25, 0.50009, -0.40472, -0.31885, -0.69595,
 11:05:57.208,ed:40:fe:65:30:6c, 2015-01-01 00:18:52.280, 0.886, 0.042, 0.472, -0.305, 0.061, -0.244, 4.85, -61.919, -111.599, -26.140, -6.807, 4.473, 25.25, 0.50009, -0.40472, -0.31885, -0.69595,
 11:05:57.227,ed:35:33:d3:6c:f8, 2015-01-01 00:18:55.645, 0.829, -0.037, 0.55, -0.305, -0.122, -0.427, -4.01, -56.316, -163.295, -23.493, -7.513, -12.853, 30.42, -0.11246, 0.47073, 0.03787, 0.87421,
 11:05:57.227,ed:35:33:d3:6c:f8, 2015-01-01 00:18:55.645, 0.828, -0.038, 0.549, -0.366, -0.061, -0.305, -4.005, -56.316, -163.306, -23.493, -7.513, -12.853, 30.42, -0.11246, 0.47073, 0.03787, 0.87421,
 11:05:57.228,f6:90:cc:01:6d:25, 2015-01-01 00:18:55.135, 0.983, -0.046, 0.048, -0.061, 0.183, -0.305, -42.479, -85.984, -140.587, -28.700, -7.047, 3.520, 29.33, 0.00092, -0.68768, 0.03238, -0.72522,
 11:05:57.228,f6:90:cc:01:6d:25, 2015-01-01 00:18:55.135, 0.982, -0.044, 0.048, -0.122, 0.122, -0.183, -42.44, -85.984, -140.658, -28.700, -7.047, 3.520, 29.33, 0.00092, -0.68768, 0.03238, -0.72522,
 11:05:57.228,ed:40:fe:65:30:6c, 2015-01-01 00:18:52.280, 0.884, 0.042, 0.472, -0.366, 0.183, -0.183, 4.85, -61.913, -111.605, -26.813, -7.453, 4.733, 25.25, 0.50009, -0.40472, -0.31885, -0.69595,
 11:05:57.228,ed:40:fe:65:30:6c, 2015-01-01 00:18:52.280, 0.883, 0.045, 0.474, -0.305, 0.305, -0.244, 4.856, -61.908, -111.616, -26.813, -7.453, 4.733, 25.25, 0.50009, -0.40472, -0.31885, -0.69595,
 11:05:57.250,f6:90:cc:01:6d:25, 2015-01-01 00:18:55.135, 0.981, -0.047, 0.047, -0.122, 0.061, -0.183, -42.424, -85.99, -140.718, -28.427, -6.413, 2.953, 29.33, 0.00092, -0.68768, 0.03238, -0.72522,
 11:05:57.250,f6:90:cc:01:6d:25, 2015-01-01 00:18:55.135, 0.983, -0.047, 0.048, -0.122, 0.061, -0.183, -42.402, -85.99, -140.768, -28.427, -6.413, 2.953, 29.33, 0.00092, -0.68768, 0.03238, -0.72522,
 11:05:57.254,e3:ca:2d:fd:e0:8c, 2015-01-01 00:18:52.610, 1.012, -0.121, -0.041, -0.122, -0.305, -0.305, -109.616, -82.716, -100.574, -25.493, -5.080, -4.353, 23.53, -0.13959, -0.68427, 0.22913, -0.67801,
 11:05:57.255,e3:ca:2d:fd:e0:8c, 2015-01-01 00:18:52.610, 1.012, -0.121, -0.041, -0.061, -0.244, -0.244, -109.666, -82.722, -100.514, -25.493, -5.080, -4.353, 23.53, -0.13959, -0.68427, 0.22913, -0.67801,
 11:05:57.271,ed:35:33:d3:6c:f8, 2015-01-01 00:18:55.645, 0.826, -0.035, 0.551, -0.488, 0.183, -0.305, -4.005, -56.316, -163.317, -23.493, -7.513, -12.853, 30.42, -0.11246, 0.47073, 0.03787, 0.87421,
 11:05:57.271,ed:35:33:d3:6c:f8, 2015-01-01 00:18:55.645, 0.824, -0.037, 0.549, -0.427, 0.122, -0.122, -4.01, -56.31, -163.317, -23.493, -7.513, -12.853, 30.42, -0.11246, 0.47073, 0.03787, 0.87421,
 11:05:57.275,ed:40:fe:65:30:6c, 2015-01-01 00:18:52.280, 0.881, 0.04, 0.471, -0.244, 0.305, -0.061, 4.856, -61.902, -111.621, -26.813, -7.453, 4.733, 25.25, 0.50009, -0.40472, -0.31885, -0.69595,
 11:05:57.275,ed:40:fe:65:30:6c, 2015-01-01 00:18:52.280, 0.884, 0.042, 0.473, -0.305, 0.183, -0.122, 4.856, -61.897, -111.627, -26.813, -7.453, 4.733, 25.25, 0.50009, -0.40472, -0.31885, -0.69595,
 11:05:57.294,ed:35:33:d3:6c:f8, 2015-01-01 00:18:55.645, 0.826, -0.039, 0.55, -0.305, -0.061, -0.122, -4.01, -56.316, -163.323, -23.493, -7.513, -12.853, 30.42, -0.11139, 0.47107, 0.03781, 0.87415,
 11:05:57.294,ed:35:33:d3:6c:f8, 2015-01-01 00:18:55.645, 0.833, -0.031, 0.55, -0.122, -0.244, -0.488, -3.994, -56.321, -163.339, -23.493, -7.513, -12.853, 30.42, -0.11139, 0.47107, 0.03781, 0.87415,
 11:05:57.295,f6:90:cc:01:6d:25, 2015-01-01 00:18:55.135, 0.988, -0.044, 0.045, -0.122, 0.122, -0.183, -42.374, -85.995, -140.834, -28.427, -6.413, 2.953, 29.33, 0.00092, -0.68768, 0.03238, -0.72522,
 11:05:57.295,f6:90:cc:01:6d:25, 2015-01-01 00:18:55.135, 0.989, -0.043, 0.046, -0.183, 0.122, -0.061, -42.363, -85.995, -140.878, -28.427, -6.413, 2.953, 29.33, 0.00092, -0.68768, 0.03238, -0.72522,
 11:05:57.297,ed:40:fe:65:30:6c, 2015-01-01 00:18:52.280, 0.891, 0.049, 0.472, -0.244, 0.183, -0.305, 4.856, -61.891, -111.632, -26.813, -7.453, 4.733, 25.25, 0.49945, -0.40457, -0.31873, -0.69653,
 11:05:57.297,ed:40:fe:65:30:6c, 2015-01-01 00:18:52.280, 0.89, 0.05, 0.473, 0.244, 0.061, 0.061, 4.867, -61.886, -111.638, -26.813, -7.453, 4.733, 25.25, 0.49945, -0.40457, -0.31873, -0.69653,
 11:05:57.298,e3:ca:2d:fd:e0:8c, 2015-01-01 00:18:52.610, 1.018, -0.12, -0.042, -0.183, -0.244, -0.244, -109.704, -82.727, -100.464, -25.493, -5.080, -4.353, 23.53, -0.13898, -0.68494, 0.22836, -0.67773,
 11:05:57.298,e3:ca:2d:fd:e0:8c, 2015-01-01 00:18:52.610, 1.017, -0.119, -0.042, -0.244, -0.244, -0.244, -109.742, -82.727, -100.415, -25.493, -5.080, -4.353, 23.53, -0.13898, -0.68494, 0.22836, -0.67773,
 11:05:57.339,ed:35:33:d3:6c:f8, 2015-01-01 00:18:55.645, 0.832, -0.025, 0.551, 0.061, -0.427, -0.305, -3.983, -56.327, -163.35, -23.493, -7.513, -12.853, 30.42, -0.11139, 0.47107, 0.03781, 0.87415,
 11:05:57.339,ed:35:33:d3:6c:f8, 2015-01-01 00:18:55.645, 0.831, -0.035, 0.552, -0.488, 0.061, 0.427, -3.999, -56.327, -163.334, -23.493, -7.513, -12.853, 30.42, -0.11139, 0.47107, 0.03781, 0.87415,
 11:05:57.341,ed:40:fe:65:30:6c, 2015-01-01 00:18:52.280, 0.887, 0.042, 0.475, 0, 0.122, 0.671, 4.867, -61.886, -111.632, -26.813, -7.453, 4.733, 25.25, 0.49945, -0.40457, -0.31873, -0.69653,
 11:05:57.341,ed:40:fe:65:30:6c, 2015-01-01 00:18:52.280, 0.884, 0.04, 0.47, 0.122, 0.061, 0.671, 4.85, -61.88, -111.599, -26.813, -7.453, 4.733, 25.25, 0.49945, -0.40457, -0.31873, -0.69653,
 11:05:57.343,e3:ca:2d:fd:e0:8c, 2015-01-01 00:18:52.920, 1.016, -0.12, -0.043, -0.122, -0.122, -0.122, -109.781, -82.733, -100.371, -25.493, -5.080, -4.353, 23.53, -0.13898, -0.68494, 0.22836, -0.67773,
 11:05:57.343,e3:ca:2d:fd:e0:8c, 2015-01-01 00:18:52.920, 1.013, -0.122, -0.044, 0, 0, 0.061, -109.797, -82.733, -100.355, -25.493, -5.080, -4.353, 23.53, -0.13898, -0.68494, 0.22836, -0.67773,
 11:05:57.362,ed:35:33:d3:6c:f8, 2015-01-01 00:18:56.025, 0.827, -0.041, 0.548, -0.305, -0.061, 0.549, -4.021, -56.327, -163.317, -23.493, -7.513, -12.853, 30.42, -0.11139, 0.47107, 0.03781, 0.87415,
 11:05:57.362,ed:35:33:d3:6c:f8, 2015-01-01 00:18:56.025, 0.825, -0.04, 0.548, 0.061, -0.183, 0.488, -4.032, -56.332, -163.295, -23.493, -7.513, -12.853, 30.42, -0.11139, 0.47107, 0.03781, 0.87415,
 11:05:57.363,f6:90:cc:01:6d:25, 2015-01-01 00:18:55.135, 0.987, -0.048, 0.044, 0.061, 0.061, -0.122, -42.352, -85.995, -140.916, -28.427, -6.413, 2.953, 29.33, -0.00375, -0.68765, 0.03601, -0.72507,
 11:05:57.363,f6:90:cc:01:6d:25, 2015-01-01 00:18:55.135, 0.985, -0.047, 0.045, 0.427, 0, -0.122, -42.347, -86.001, -140.949, -28.427, -6.413, 2.953, 29.33, -0.00375, -0.68765, 0.03601, -0.72507,
 11:05:57.366,e3:ca:2d:fd:e0:8c, 2015-01-01 00:18:52.920, 1.011, -0.122, -0.043, 0.122, 0, 0.122, -109.786, -82.733, -100.36, -25.493, -5.080, -4.353, 23.53, -0.13898, -0.68494, 0.22836, -0.67773,
 11:05:57.366,e3:ca:2d:fd:e0:8c, 2015-01-01 00:18:52.920, 1.012, -0.121, -0.043, 0.244, -0.061, 0.061, -109.775, -82.733, -100.36, -25.493, -5.080, -4.353, 23.53, -0.13898, -0.68494, 0.22836, -0.67773,
 11:05:57.386,f6:90:cc:01:6d:25, 2015-01-01 00:18:55.515, 0.981, -0.045, 0.045, 0.732, -0.061, -0.122, -42.352, -86.006, -140.966, -28.427, -6.413, 2.953, 29.33, -0.00375, -0.68765, 0.03601, -0.72507,
 11:05:57.386,f6:90:cc:01:6d:25, 2015-01-01 00:18:55.515, 0.981, -0.046, 0.045, 0.488, 0, -0.122, -42.347, -86.012, -140.993, -28.427, -6.413, 2.953, 29.33, -0.00375, -0.68765, 0.03601, -0.72507,
 11:05:57.387,ed:40:fe:65:30:6c, 2015-01-01 00:18:52.660, 0.881, 0.039, 0.471, 0.61, 0, 0.488, 4.834, -61.88, -111.572, -26.813, -7.453, 4.733, 25.25, 0.49945, -0.40457, -0.31873, -0.69653,
 11:05:57.387,ed:40:fe:65:30:6c, 2015-01-01 00:18:52.660, 0.882, 0.041, 0.471, 0.549, -0.061, 0.366, 4.834, -61.88, -111.555, -26.813, -7.453, 4.733, 25.25, 0.49945, -0.40457, -0.31873, -0.69653,
 11:05:57.410,ed:40:fe:65:30:6c, 2015-01-01 00:18:52.660, 0.882, 0.042, 0.471, 0.732, -0.122, 0.061, 4.839, -61.886, -111.544, -26.813, -7.453, 4.733, 25.25, 0.49945, -0.40457, -0.31873, -0.69653,
 11:05:57.410,ed:40:fe:65:30:6c, 2015-01-01 00:18:52.660, 0.883, 0.045, 0.473, 0.671, -0.183, -0.061, 4.856, -61.886, -111.544, -26.813, -7.453, 4.733, 25.25, 0.49945, -0.40457, -0.31873, -0.69653,
 11:05:57.410,e3:ca:2d:fd:e0:8c, 2015-01-01 00:18:52.920, 1.011, -0.121, -0.042, 0.183, -0.183, 0.061, -109.775, -82.733, -100.349, -25.493, -5.080, -4.353, 23.53, -0.13898, -0.68494, 0.22836, -0.67773,
 11:05:57.410,e3:ca:2d:fd:e0:8c, 2015-01-01 00:18:52.920, 1.012, -0.119, -0.042, 0.122, -0.183, 0.061, -109.792, -82.727, -100.327, -25.493, -5.080, -4.353, 23.53, -0.13898, -0.68494, 0.22836, -0.67773,
 11:05:57.430,ed:35:33:d3:6c:f8, 2015-01-01 00:18:56.025, 0.825, -0.039, 0.548, 0.183, -0.122, 0.427, -4.037, -56.332, -163.284, -23.493, -7.513, -12.853, 30.42, -0.11139, 0.47107, 0.03781, 0.87415,
 11:05:57.430,ed:35:33:d3:6c:f8, 2015-01-01 00:18:56.025, 0.825, -0.039, 0.548, 0.549, -0.183, 0.244, -4.032, -56.338, -163.273, -23.493, -7.513, -12.853, 30.42, -0.11139, 0.47107, 0.03781, 0.87415,
 11:05:57.430,f6:90:cc:01:6d:25, 2015-01-01 00:18:55.515, 0.981, -0.044, 0.047, 0.366, 0, -0.061, -42.358, -86.012, -141.01, -28.427, -6.413, 2.953, 29.33, -0.00375, -0.68765, 0.03601, -0.72507,
 11:05:57.430,f6:90:cc:01:6d:25, 2015-01-01 00:18:55.515, 0.983, -0.044, 0.046, 0.122, 0.061, 0, -42.369, -86.012, -141.026, -28.427, -6.413, 2.953, 29.33, -0.00375, -0.68765, 0.03601, -0.72507,
 11:05:57.452,ed:35:33:d3:6c:f8, 2015-01-01 00:18:56.025, 0.826, -0.035, 0.549, 0.732, -0.183, 0, -4.016, -56.343, -163.273, -23.493, -7.513, -12.853, 30.42, -0.11139, 0.47107, 0.03781, 0.87415,
 11:05:57.452,ed:35:33:d3:6c:f8, 2015-01-01 00:18:56.025, 0.829, -0.033, 0.55, 0.61, -0.122, -0.061, -3.999, -56.343, -163.273, -23.493, -7.513, -12.853, 30.42, -0.11139, 0.47107, 0.03781, 0.87415,
 11:05:57.453,f6:90:cc:01:6d:25, 2015-01-01 00:18:55.515, 0.986, -0.043, 0.049, 0.061, 0, 0, -42.385, -86.017, -141.031, -28.427, -6.413, 2.953, 29.33, -0.00375, -0.68765, 0.03601, -0.72507,
 11:05:57.453,f6:90:cc:01:6d:25, 2015-01-01 00:18:55.515, 0.988, -0.046, 0.048, 0, -0.061, 0.122, -42.435, -86.017, -141.004, -28.427, -6.413, 2.953, 29.33, -0.00375, -0.68765, 0.03601, -0.72507,
 11:05:57.454,ed:40:fe:65:30:6c, 2015-01-01 00:18:52.660, 0.886, 0.046, 0.473, 0.488, -0.122, -0.061, 4.872, -61.891, -111.544, -26.813, -7.453, 4.733, 25.25, 0.49945, -0.40457, -0.31873, -0.69653,
 11:05:57.454,ed:40:fe:65:30:6c, 2015-01-01 00:18:52.660, 0.886, 0.047, 0.474, 0.366, -0.122, 0, 4.889, -61.891, -111.55, -26.813, -7.453, 4.733, 25.25, 0.49945, -0.40457, -0.31873, -0.69653,
 11:05:57.457,e3:ca:2d:fd:e0:8c, 2015-01-01 00:18:52.920, 1.015, -0.12, -0.041, 0.061, -0.122, 0, -109.808, -82.727, -100.305, -25.493, -5.080, -4.353, 23.53, -0.13898, -0.68494, 0.22836, -0.67773,
 11:05:57.457,e3:ca:2d:fd:e0:8c, 2015-01-01 00:18:52.920, 1.015, -0.122, -0.041, 0.061, -0.183, 0.061, -109.819, -82.727, -100.283, -25.493, -5.080, -4.353, 23.53, -0.13898, -0.68494, 0.22836, -0.67773,
 11:05:57.497,f6:90:cc:01:6d:25, 2015-01-01 00:18:55.515, 0.986, -0.045, 0.048, 0, -0.122, 0.183, -42.506, -86.017, -140.949, -28.427, -6.413, 2.953, 29.33, -0.00375, -0.68765, 0.03601, -0.72507,
 11:05:57.497,f6:90:cc:01:6d:25, 2015-01-01 00:18:55.515, 0.985, -0.045, 0.046, 0, 0.061, 0.244, -42.567, -86.017, -140.905, -28.427, -6.413, 2.953, 29.33, -0.00375, -0.68765, 0.03601, -0.72507,
 11:05:57.497,ed:35:33:d3:6c:f8, 2015-01-01 00:18:56.025, 0.83, -0.031, 0.551, 0.488, -0.122, 0, -3.988, -56.349, -163.273, -23.493, -7.513, -12.853, 30.42, -0.11139, 0.47107, 0.03781, 0.87415,
 11:05:57.497,ed:35:33:d3:6c:f8, 2015-01-01 00:18:56.025, 0.829, -0.033, 0.55, 0.061, -0.061, 0.244, -3.988, -56.349, -163.262, -23.493, -7.513, -12.853, 30.42, -0.11139, 0.47107, 0.03781, 0.87415,
 11:05:57.499,ed:40:fe:65:30:6c, 2015-01-01 00:18:52.660, 0.886, 0.046, 0.474, 0.061, 0, 0.305, 4.894, -61.891, -111.539, -26.813, -7.453, 4.733, 25.25, 0.49945, -0.40457, -0.31873, -0.69653,
 11:05:57.499,ed:40:fe:65:30:6c, 2015-01-01 00:18:52.660, 0.886, 0.044, 0.474, -0.183, 0.122, 0.366, 4.883, -61.886, -111.528, -26.813, -7.453, 4.733, 25.25, 0.49945, -0.40457, -0.31873, -0.69653,
 11:05:57.501,e3:ca:2d:fd:e0:8c, 2015-01-01 00:18:52.920, 1.013, -0.121, -0.04, 0, -0.244, 0.122, -109.836, -82.727, -100.261, -25.493, -5.080, -4.353, 23.53, -0.13898, -0.68494, 0.22836, -0.67773,
 11:05:57.501,e3:ca:2d:fd:e0:8c, 2015-01-01 00:18:52.920, 1.014, -0.121, -0.041, 0, -0.244, 0.122, -109.852, -82.722, -100.228, -25.493, -5.080, -4.353, 23.53, -0.13898, -0.68494, 0.22836, -0.67773,
 11:05:57.524,e3:ca:2d:fd:e0:8c, 2015-01-01 00:18:52.920, 1.013, -0.12, -0.041, 0, -0.122, 0.183, -109.869, -82.722, -100.206, -25.293, -4.880, -4.400, 23.53, -0.13898, -0.68494, 0.22836, -0.67773,
 11:05:57.524,e3:ca:2d:fd:e0:8c, 2015-01-01 00:18:52.920, 1.014, -0.122, -0.042, 0, -0.061, 0.183, -109.863, -82.716, -100.201, -25.293, -4.880, -4.400, 23.53, -0.13898, -0.68494, 0.22836, -0.67773,
 11:05:57.543,ed:35:33:d3:6c:f8, 2015-01-01 00:18:56.025, 0.83, -0.036, 0.55, -0.366, -0.061, 0.305, -3.999, -56.349, -163.251, -23.493, -7.513, -12.853, 30.42, -0.11139, 0.47107, 0.03781, 0.87415,
 11:05:57.543,ed:35:33:d3:6c:f8, 2015-01-01 00:18:56.025, 0.828, -0.031, 0.549, -0.061, -0.305, 0.305, -4.005, -56.354, -163.24, -23.493, -7.513, -12.853, 30.42, -0.11139, 0.47107, 0.03781, 0.87415,
 11:05:57.544,ed:40:fe:65:30:6c, 2015-01-01 00:18:52.660, 0.885, 0.047, 0.471, -0.061, 0.061, 0.427, 4.872, -61.886, -111.511, -26.813, -7.453, 4.733, 25.25, 0.49945, -0.40457, -0.31873, -0.69653,
 11:05:57.544,ed:40:fe:65:30:6c, 2015-01-01 00:18:52.660, 0.885, 0.042, 0.472, 0, 0.122, 0.854, 4.856, -61.886, -111.484, -26.813, -7.453, 4.733, 25.25, 0.49945, -0.40457, -0.31873, -0.69653,
 11:05:57.565,ed:35:33:d3:6c:f8, 2015-01-01 00:18:56.025, 0.828, -0.035, 0.548, -0.305, -0.061, 0.671, -4.026, -56.354, -163.218, -23.587, -7.593, -13.513, 30.42, -0.11139, 0.47107, 0.03781, 0.87415,
 11:05:57.565,ed:35:33:d3:6c:f8, 2015-01-01 00:18:56.025, 0.825, -0.042, 0.546, 0, 0.183, 0.61, -4.048, -56.354, -163.191, -23.587, -7.593, -13.513, 30.42, -0.11139, 0.47107, 0.03781, 0.87415,
 11:05:57.566,f6:90:cc:01:6d:25, 2015-01-01 00:18:55.515, 0.985, -0.045, 0.048, 0, 0.061, 0.305, -42.632, -86.017, -140.856, -28.427, -6.413, 2.953, 29.33, -0.00375, -0.68765, 0.03601, -0.72507,
 11:05:57.566,f6:90:cc:01:6d:25, 2015-01-01 00:18:55.515, 0.984, -0.048, 0.045, 0.061, 0.183, 0.244, -42.665, -86.012, -140.845, -28.427, -6.413, 2.953, 29.33, -0.00375, -0.68765, 0.03601, -0.72507,
 11:05:57.567,ed:40:fe:65:30:6c, 2015-01-01 00:18:52.660, 0.884, 0.038, 0.47, 0.122, 0.122, 0.854, 4.828, -61.88, -111.445, -26.653, -6.973, 4.907, 25.25, 0.49945, -0.40457, -0.31873, -0.69653,
 11:05:57.567,ed:40:fe:65:30:6c, 2015-01-01 00:18:52.660, 0.881, 0.039, 0.471, 0.183, 0.183, 0.549, 4.812, -61.88, -111.412, -26.653, -6.973, 4.907, 25.25, 0.49945, -0.40457, -0.31873, -0.69653,
 11:05:57.568,e3:ca:2d:fd:e0:8c, 2015-01-01 00:18:52.920, 1.013, -0.123, -0.043, 0, -0.122, 0.183, -109.852, -82.716, -100.195, -25.293, -4.880, -4.400, 23.53, -0.13898, -0.68494, 0.22836, -0.67773,
 11:05:57.568,e3:ca:2d:fd:e0:8c, 2015-01-01 00:18:52.920, 1.012, -0.123, -0.044, 0, -0.183, 0.122, -109.852, -82.711, -100.184, -25.293, -4.880, -4.400, 23.53, -0.13898, -0.68494, 0.22836, -0.67773,
 11:05:57.590,f6:90:cc:01:6d:25, 2015-01-01 00:18:55.515, 0.984, -0.048, 0.045, 0, 0.183, 0.305, -42.715, -86.006, -140.817, -28.593, -6.553, 2.567, 29.33, -0.00375, -0.68765, 0.03601, -0.72507,
 11:05:57.590,f6:90:cc:01:6d:25, 2015-01-01 00:18:55.515, 0.982, -0.047, 0.046, 0.122, 0.061, 0.305, -42.786, -86.001, -140.768, -28.593, -6.553, 2.567, 29.33, -0.00375, -0.68765, 0.03601, -0.72507,
 11:05:57.612,ed:40:fe:65:30:6c, 2015-01-01 00:18:52.660, 0.881, 0.04, 0.473, 0.244, 0.183, 0.366, 4.801, -61.875, -111.396, -26.653, -6.973, 4.907, 25.25, 0.49945, -0.40457, -0.31873, -0.69653,
 11:05:57.612,ed:40:fe:65:30:6c, 2015-01-01 00:18:52.660, 0.885, 0.042, 0.474, 0.305, 0.122, 0.427, 4.796, -61.875, -111.379, -26.653, -6.973, 4.907, 25.25, 0.49945, -0.40457, -0.31873, -0.69653,
 11:05:57.613,e3:ca:2d:fd:e0:8c, 2015-01-01 00:18:52.920, 1.012, -0.121, -0.044, 0.122, -0.305, 0.122, -109.869, -82.711, -100.157, -25.293, -4.880, -4.400, 23.53, -0.13815, -0.6853, 0.22766, -0.67773,
 11:05:57.613,e3:ca:2d:fd:e0:8c, 2015-01-01 00:18:52.920, 1.012, -0.121, -0.044, 0.122, -0.488, 0.122, -109.907, -82.705, -100.113, -25.293, -4.880, -4.400, 23.53, -0.13815, -0.6853, 0.22766, -0.67773,
 11:05:57.633,f6:90:cc:01:6d:25, 2015-01-01 00:18:55.515, 0.981, -0.047, 0.047, 0, 0.061, 0.366, -42.874, -86.001, -140.702, -28.593, -6.553, 2.567, 29.33, -0.00375, -0.68765, 0.03601, -0.72507,
 11:05:57.633,f6:90:cc:01:6d:25, 2015-01-01 00:18:55.515, 0.983, -0.047, 0.044, -0.061, -0.061, 0.366, -42.99, -85.995, -140.614, -28.593, -6.553, 2.567, 29.33, -0.00375, -0.68765, 0.03601, -0.72507,
 11:05:57.633,ed:35:33:d3:6c:f8, 2015-01-01 00:18:56.025, 0.825, -0.039, 0.549, 0.061, 0.366, 0.488, -4.065, -56.349, -163.169, -23.587, -7.593, -13.513, 30.42, -0.11139, 0.47107, 0.03781, 0.87415,
 11:05:57.633,ed:35:33:d3:6c:f8, 2015-01-01 00:18:56.025, 0.828, -0.038, 0.551, 0.244, 0.183, 0.488, -4.076, -56.343, -163.152, -23.587, -7.593, -13.513, 30.42, -0.11139, 0.47107, 0.03781, 0.87415,
 11:05:57.655,ed:35:33:d3:6c:f8, 2015-01-01 00:18:56.025, 0.83, -0.037, 0.55, 0.488, -0.122, 0.488, -4.081, -56.343, -163.136, -23.587, -7.593, -13.513, 30.42, -0.1124, 0.47131, 0.03809, 0.87387,
 11:05:57.655,ed:35:33:d3:6c:f8, 2015-01-01 00:18:56.025, 0.831, -0.038, 0.549, 0.427, -0.183, 0.488, -4.081, -56.343, -163.12, -23.587, -7.593, -13.513, 30.42, -0.1124, 0.47131, 0.03809, 0.87387,
 11:05:57.657,f6:90:cc:01:6d:25, 2015-01-01 00:18:55.515, 0.986, -0.047, 0.044, 0, -0.183, 0.244, -43.105, -86.001, -140.532, -28.593, -6.553, 2.567, 29.33, -0.00604, -0.68771, 0.03857, -0.72485,
 11:05:57.657,f6:90:cc:01:6d:25, 2015-01-01 00:18:55.515, 0.987, -0.047, 0.046, 0, -0.183, 0.244, -43.22, -86.001, -140.444, -28.593, -6.553, 2.567, 29.33, -0.00604, -0.68771, 0.03857, -0.72485,
 11:05:57.658,e3:ca:2d:fd:e0:8c, 2015-01-01 00:18:53.235, 1.015, -0.121, -0.042, 0.061, -0.366, 0.183, -109.957, -82.7, -100.052, -25.293, -4.880, -4.400, 23.53, -0.13815, -0.6853, 0.22766, -0.67773,
 11:05:57.658,e3:ca:2d:fd:e0:8c, 2015-01-01 00:18:53.235, 1.015, -0.121, -0.042, 0, -0.122, 0.122, -109.984, -82.694, -100.02, -25.293, -4.880, -4.400, 23.53, -0.13815, -0.6853, 0.22766, -0.67773,
 11:05:57.680,ed:40:fe:65:30:6c, 2015-01-01 00:18:52.660, 0.887, 0.042, 0.474, 0.427, 0.061, 0.488, 4.79, -61.87, -111.357, -26.653, -6.973, 4.907, 25.25, 0.50073, -0.40405, -0.31915, -0.69571,
 11:05:57.680,ed:40:fe:65:30:6c, 2015-01-01 00:18:52.660, 0.888, 0.042, 0.473, 0.427, 0.061, 0.549, 4.779, -61.87, -111.335, -26.653, -6.973, 4.907, 25.25, 0.50073, -0.40405, -0.31915, -0.69571,
 11:05:57.699,ed:35:33:d3:6c:f8, 2015-01-01 00:18:56.025, 0.831, -0.038, 0.549, 0.183, 0, 0.61, -4.087, -56.343, -163.098, -23.587, -7.593, -13.513, 30.42, -0.1124, 0.47131, 0.03809, 0.87387,
 11:05:57.699,ed:35:33:d3:6c:f8, 2015-01-01 00:18:56.025, 0.828, -0.037, 0.55, 0.061, 0.122, 0.671, -4.103, -56.343, -163.076, -23.587, -7.593, -13.513, 30.42, -0.1124, 0.47131, 0.03809, 0.87387,
 11:05:57.700,f6:90:cc:01:6d:25, 2015-01-01 00:18:55.515, 0.987, -0.048, 0.045, 0.122, 0, 0.122, -43.27, -86.001, -140.422, -28.593, -6.553, 2.567, 29.33, -0.00604, -0.68771, 0.03857, -0.72485,
 11:05:57.700,f6:90:cc:01:6d:25, 2015-01-01 00:18:55.515, 0.985, -0.049, 0.047, 0.061, 0.061, 0.183, -43.325, -86.001, -140.4, -28.593, -6.553, 2.567, 29.33, -0.00604, -0.68771, 0.03857, -0.72485,
 11:05:57.701,ed:40:fe:65:30:6c, 2015-01-01 00:18:52.995, 0.887, 0.042, 0.473, 0.305, 0.061, 0.61, 4.768, -61.87, -111.313, -26.653, -6.973, 4.907, 25.25, 0.50073, -0.40405, -0.31915, -0.69571,
 11:05:57.701,ed:40:fe:65:30:6c, 2015-01-01 00:18:52.995, 0.885, 0.042, 0.474, 0.244, 0.122, 0.671, 4.757, -61.864, -111.286, -26.653, -6.973, 4.907, 25.25, 0.50073, -0.40405, -0.31915, -0.69571,
 11:05:57.703,e3:ca:2d:fd:e0:8c, 2015-01-01 00:18:53.235, 1.014, -0.123, -0.042, 0, -0.061, 0.183, -109.984, -82.694, -100.009, -25.293, -4.880, -4.400, 23.53, -0.13815, -0.6853, 0.22766, -0.67773,
 11:05:57.703,e3:ca:2d:fd:e0:8c, 2015-01-01 00:18:53.235, 1.013, -0.123, -0.042, 0.122, -0.061, 0.122, -109.979, -82.689, -100.009, -25.293, -4.880, -4.400, 23.53, -0.13815, -0.6853, 0.22766, -0.67773,
 11:05:57.722,ed:35:33:d3:6c:f8, 2015-01-01 00:18:56.380, 0.827, -0.039, 0.551, -0.183, 0.183, 0.793, -4.12, -56.343, -163.048, -23.587, -7.593, -13.513, 30.42, -0.1124, 0.47131, 0.03809, 0.87387,
 11:05:57.722,ed:35:33:d3:6c:f8, 2015-01-01 00:18:56.380, 0.826, -0.041, 0.549, -0.183, 0.061, 0.671, -4.142, -56.338, -163.026, -23.587, -7.593, -13.513, 30.42, -0.1124, 0.47131, 0.03809, 0.87387,
 11:05:57.726,e3:ca:2d:fd:e0:8c, 2015-01-01 00:18:53.235, 1.011, -0.123, -0.043, 0.061, -0.061, 0.061, -109.968, -82.689, -100.003, -25.293, -4.880, -4.400, 23.53, -0.13815, -0.6853, 0.22766, -0.67773,
 11:05:57.726,e3:ca:2d:fd:e0:8c, 2015-01-01 00:18:53.235, 1.011, -0.122, -0.042, 0, -0.122, 0, -109.968, -82.689, -99.998, -25.293, -4.880, -4.400, 23.53, -0.13815, -0.6853, 0.22766, -0.67773,
 11:05:57.745,f6:90:cc:01:6d:25, 2015-01-01 00:18:55.850, 0.983, -0.049, 0.046, 0, 0.061, 0.244, -43.396, -85.995, -140.361, -28.593, -6.553, 2.567, 29.33, -0.00604, -0.68771, 0.03857, -0.72485,
 11:05:57.745,f6:90:cc:01:6d:25, 2015-01-01 00:18:55.850, 0.982, -0.048, 0.046, 0, 0.061, 0.244, -43.462, -85.995, -140.323, -28.593, -6.553, 2.567, 29.33, -0.00604, -0.68771, 0.03857, -0.72485,
 11:05:57.747,ed:40:fe:65:30:6c, 2015-01-01 00:18:52.995, 0.883, 0.04, 0.474, 0, 0.061, 0.732, 4.735, -61.864, -111.253, -26.653, -6.973, 4.907, 25.25, 0.50073, -0.40405, -0.31915, -0.69571,
 11:05:57.747,ed:40:fe:65:30:6c, 2015-01-01 00:18:52.995, 0.882, 0.039, 0.474, -0.061, 0.061, 0.61, 4.713, -61.864, -111.226, -26.653, -6.973, 4.907, 25.25, 0.50073, -0.40405, -0.31915, -0.69571,
 11:05:57.767,ed:35:33:d3:6c:f8, 2015-01-01 00:18:56.380, 0.826, -0.042, 0.546, -0.061, -0.183, 0.488, -4.164, -56.338, -162.999, -23.587, -7.593, -13.513, 30.42, -0.1124, 0.47131, 0.03809, 0.87387,
 11:05:57.767,ed:35:33:d3:6c:f8, 2015-01-01 00:18:56.380, 0.827, -0.04, 0.548, -0.061, 0, 0.366, -4.18, -56.338, -162.982, -23.587, -7.593, -13.513, 30.42, -0.1124, 0.47131, 0.03809, 0.87387,
 11:05:57.769,ed:40:fe:65:30:6c, 2015-01-01 00:18:52.995, 0.884, 0.038, 0.47, -0.122, 0, 0.488, 4.691, -61.864, -111.204, -26.653, -6.973, 4.907, 25.25, 0.50073, -0.40405, -0.31915, -0.69571,
 11:05:57.769,ed:40:fe:65:30:6c, 2015-01-01 00:18:52.995, 0.885, 0.041, 0.472, 0, 0, 0.305, 4.68, -61.864, -111.187, -26.653, -6.973, 4.907, 25.25, 0.50073, -0.40405, -0.31915, -0.69571,
 11:05:57.772,e3:ca:2d:fd:e0:8c, 2015-01-01 00:18:53.235, 1.013, -0.122, -0.043, 0, -0.061, 0, -109.973, -82.689, -99.981, -25.293, -4.880, -4.400, 23.53, -0.13815, -0.6853, 0.22766, -0.67773,
 11:05:57.772,e3:ca:2d:fd:e0:8c, 2015-01-01 00:18:53.235, 1.014, -0.122, -0.043, 0, -0.183, 0, -109.984, -82.689, -99.965, -25.293, -4.880, -4.400, 23.53, -0.13815, -0.6853, 0.22766, -0.67773,
 11:05:57.791,f6:90:cc:01:6d:25, 2015-01-01 00:18:55.850, 0.981, -0.048, 0.044, -0.122, -0.061, 0.305, -43.572, -85.99, -140.251, -28.593, -6.553, 2.567, 29.33, -0.00604, -0.68771, 0.03857, -0.72485,
 11:05:57.791,f6:90:cc:01:6d:25, 2015-01-01 00:18:55.850, 0.984, -0.046, 0.047, -0.183, 0, 0.305, -43.665, -85.99, -140.191, -28.593, -6.553, 2.567, 29.33, -0.00604, -0.68771, 0.03857, -0.72485,
 11:05:57.813,f6:90:cc:01:6d:25, 2015-01-01 00:18:55.850, 0.983, -0.048, 0.046, -0.244, -0.061, 0.244, -43.759, -85.99, -140.125, -28.593, -6.553, 2.567, 29.33, -0.00604, -0.68771, 0.03857, -0.72485,
 11:05:57.813,f6:90:cc:01:6d:25, 2015-01-01 00:18:55.850, 0.982, -0.051, 0.046, -0.061, -0.061, 0.122, -43.824, -85.99, -140.092, -28.593, -6.553, 2.567, 29.33, -0.00604, -0.68771, 0.03857, -0.72485,
 11:05:57.814,ed:35:33:d3:6c:f8, 2015-01-01 00:18:56.380, 0.828, -0.041, 0.548, 0, 0.244, 0.427, -4.191, -56.338, -162.971, -23.587, -7.593, -13.513, 30.42, -0.1124, 0.47131, 0.03809, 0.87387,
 11:05:57.814,ed:35:33:d3:6c:f8, 2015-01-01 00:18:56.380, 0.827, -0.045, 0.548, 0.061, 0.183, 0.549, -4.202, -56.332, -162.955, -23.587, -7.593, -13.513, 30.42, -0.1124, 0.47131, 0.03809, 0.87387,
 11:05:57.815,ed:40:fe:65:30:6c, 2015-01-01 00:18:52.995, 0.884, 0.038, 0.473, 0.244, 0, 0.244, 4.675, -61.864, -111.176, -26.653, -6.973, 4.907, 25.25, 0.50073, -0.40405, -0.31915, -0.69571,
 11:05:57.815,ed:40:fe:65:30:6c, 2015-01-01 00:18:52.995, 0.884, 0.035, 0.473, 0.183, 0.061, 0.488, 4.669, -61.859, -111.16, -26.653, -6.973, 4.907, 25.25, 0.50073, -0.40405, -0.31915, -0.69571,
 11:05:57.817,e3:ca:2d:fd:e0:8c, 2015-01-01 00:18:53.235, 1.013, -0.122, -0.042, 0, -0.244, 0, -110.012, -82.683, -99.932, -25.293, -4.880, -4.400, 23.53, -0.13815, -0.6853, 0.22766, -0.67773,
 11:05:57.817,e3:ca:2d:fd:e0:8c, 2015-01-01 00:18:53.235, 1.011, -0.121, -0.042, 0, -0.305, 0, -110.039, -82.683, -99.893, -25.293, -4.880, -4.400, 23.53, -0.13815, -0.6853, 0.22766, -0.67773,
 11:05:57.858,f6:90:cc:01:6d:25, 2015-01-01 00:18:55.850, 0.984, -0.049, 0.045, 0, 0, -0.122, -43.83, -85.99, -140.12, -28.593, -6.553, 2.567, 29.33, -0.00604, -0.68771, 0.03857, -0.72485,
 11:05:57.858,f6:90:cc:01:6d:25, 2015-01-01 00:18:55.850, 0.987, -0.048, 0.047, -0.183, -0.061, -0.122, -43.852, -85.995, -140.136, -28.593, -6.553, 2.567, 29.33, -0.00604, -0.68771, 0.03857, -0.72485,
 11:05:57.858,ed:35:33:d3:6c:f8, 2015-01-01 00:18:56.380, 0.83, -0.044, 0.55, 0.122, 0.305, 0.305, -4.213, -56.332, -162.938, -23.587, -7.593, -13.513, 30.42, -0.1124, 0.47131, 0.03809, 0.87387,
 11:05:57.858,ed:35:33:d3:6c:f8, 2015-01-01 00:18:56.380, 0.831, -0.036, 0.551, 0.549, 0, 0, -4.219, -56.327, -162.933, -23.587, -7.593, -13.513, 30.42, -0.1124, 0.47131, 0.03809, 0.87387,
 11:05:57.860,ed:40:fe:65:30:6c, 2015-01-01 00:18:52.995, 0.887, 0.038, 0.474, 0.061, 0.183, 0.244, 4.658, -61.859, -111.143, -26.653, -6.973, 4.907, 25.25, 0.50073, -0.40405, -0.31915, -0.69571,
 11:05:57.860,ed:40:fe:65:30:6c, 2015-01-01 00:18:52.995, 0.888, 0.044, 0.474, 0.244, 0.061, 0, 4.653, -61.853, -111.138, -26.653, -6.973, 4.907, 25.25, 0.50073, -0.40405, -0.31915, -0.69571,
 11:05:57.860,e3:ca:2d:fd:e0:8c, 2015-01-01 00:18:53.235, 1.014, -0.121, -0.042, -0.061, -0.366, 0, -110.083, -82.683, -99.844, -25.413, -4.547, -4.367, 23.53, -0.13815, -0.6853, 0.22766, -0.67773,
 11:05:57.860,e3:ca:2d:fd:e0:8c, 2015-01-01 00:18:53.235, 1.016, -0.122, -0.042, -0.244, -0.488, 0, -110.138, -82.683, -99.778, -25.413, -4.547, -4.367, 23.53, -0.13815, -0.6853, 0.22766, -0.67773,
 11:05:57.903,f6:90:cc:01:6d:25, 2015-01-01 00:18:55.850, 0.985, -0.051, 0.042, 0, -0.183, -0.122, -43.885, -86.001, -140.136, -28.593, -6.553, 2.567, 29.33, -0.00604, -0.68771, 0.03857, -0.72485,
 11:05:57.903,f6:90:cc:01:6d:25, 2015-01-01 00:18:55.850, 0.983, -0.05, 0.043, 0.183, -0.244, -0.122, -43.934, -86.006, -140.12, -28.593, -6.553, 2.567, 29.33, -0.00604, -0.68771, 0.03857, -0.72485,
 11:05:57.905,ed:40:fe:65:30:6c, 2015-01-01 00:18:52.995, 0.888, 0.04, 0.476, 0.488, 0.122, 0.305, 4.658, -61.853, -111.132, -26.653, -6.973, 4.907, 25.25, 0.50073, -0.40405, -0.31915, -0.69571,
 11:05:57.905,ed:40:fe:65:30:6c, 2015-01-01 00:18:52.995, 0.886, 0.037, 0.474, 0.122, 0, 0.427, 4.653, -61.848, -111.116, -26.653, -6.973, 4.907, 25.25, 0.50073, -0.40405, -0.31915, -0.69571,
 11:05:57.908,e3:ca:2d:fd:e0:8c, 2015-01-01 00:18:53.235, 1.015, -0.123, -0.044, -0.244, -0.305, 0, -110.193, -82.678, -99.717, -25.413, -4.547, -4.367, 23.53, -0.13718, -0.68582, 0.22708, -0.67758,
 11:05:57.908,e3:ca:2d:fd:e0:8c, 2015-01-01 00:18:53.235, 1.012, -0.125, -0.044, -0.122, -0.244, 0, -110.226, -82.678, -99.679, -25.413, -4.547, -4.367, 23.53, -0.13718, -0.68582, 0.22708, -0.67758,
 11:05:57.926,ed:35:33:d3:6c:f8, 2015-01-01 00:18:56.380, 0.831, -0.039, 0.551, 0.366, 0.122, 0.305, -4.208, -56.327, -162.927, -23.587, -7.593, -13.513, 30.42, -0.1124, 0.47131, 0.03809, 0.87387,
 11:05:57.926,ed:35:33:d3:6c:f8, 2015-01-01 00:18:56.380, 0.829, -0.044, 0.55, 0.122, 0.122, 0.366, -4.213, -56.321, -162.916, -23.587, -7.593, -13.513, 30.42, -0.1124, 0.47131, 0.03809, 0.87387,
 11:05:57.928,e3:ca:2d:fd:e0:8c, 2015-01-01 00:18:53.525, 1.012, -0.124, -0.044, 0.061, 0, 0, -110.237, -82.678, -99.662, -25.413, -4.547, -4.367, 23.53, -0.13718, -0.68582, 0.22708, -0.67758,
 11:05:57.928,e3:ca:2d:fd:e0:8c, 2015-01-01 00:18:53.525, 1.013, -0.123, -0.043, 0, 0, 0, -110.226, -82.678, -99.662, -25.413, -4.547, -4.367, 23.53, -0.13718, -0.68582, 0.22708, -0.67758,
 11:05:57.947,ed:35:33:d3:6c:f8, 2015-01-01 00:18:56.380, 0.826, -0.041, 0.548, 0.305, -0.122, 0, -4.219, -56.321, -162.905, -23.427, -7.393, -12.913, 30.42, -0.1124, 0.47131, 0.03809, 0.87387,
 11:05:57.947,ed:35:33:d3:6c:f8, 2015-01-01 00:18:56.380, 0.827, -0.04, 0.548, -0.061, -0.122, 0.122, -4.213, -56.327, -162.905, -23.427, -7.393, -12.913, 30.42, -0.1124, 0.47131, 0.03809, 0.87387,
 11:05:57.971,f6:90:cc:01:6d:25, 2015-01-01 00:18:55.850, 0.983, -0.05, 0.044, 0.122, -0.122, -0.061, -43.989, -86.012, -140.103, -28.533, -6.973, 3.000, 29.33, -0.00604, -0.68771, 0.03857, -0.72485,
 11:05:57.971,f6:90:cc:01:6d:25, 2015-01-01 00:18:55.850, 0.984, -0.05, 0.044, 0, 0.061, 0, -44.039, -86.017, -140.098, -28.533, -6.973, 3.000, 29.33, -0.00604, -0.68771, 0.03857, -0.72485,
 11:05:57.972,e3:ca:2d:fd:e0:8c, 2015-01-01 00:18:53.525, 1.013, -0.123, -0.044, -0.061, 0, 0, -110.22, -82.678, -99.662, -25.413, -4.547, -4.367, 23.53, -0.13718, -0.68582, 0.22708, -0.67758,
 11:05:57.972,e3:ca:2d:fd:e0:8c, 2015-01-01 00:18:53.525, 1.013, -0.122, -0.045, -0.122, -0.122, 0, -110.22, -82.678, -99.651, -25.413, -4.547, -4.367, 23.53, -0.13718, -0.68582, 0.22708, -0.67758,
 11:05:57.972,ed:40:fe:65:30:6c, 2015-01-01 00:18:52.995, 0.882, 0.039, 0.472, 0.183, -0.061, 0.122, 4.647, -61.853, -111.105, -26.673, -7.327, 4.440, 25.25, 0.50073, -0.40405, -0.31915, -0.69571,
 11:05:57.972,ed:40:fe:65:30:6c, 2015-01-01 00:18:52.995, 0.884, 0.039, 0.472, 0, -0.061, 0.244, 4.642, -61.853, -111.094, -26.673, -7.327, 4.440, 25.25, 0.50073, -0.40405, -0.31915, -0.69571,
 11:05:57.992,ed:35:33:d3:6c:f8, 2015-01-01 00:18:56.380, 0.828, -0.043, 0.545, 0, -0.122, 0.305, -4.219, -56.327, -162.9, -23.427, -7.393, -12.913, 30.42, -0.1124, 0.47131, 0.03809, 0.87387,
 11:05:57.992,ed:35:33:d3:6c:f8, 2015-01-01 00:18:56.380, 0.827, -0.043, 0.546, 0, 0, 0.244, -4.23, -56.332, -162.889, -23.427, -7.393, -12.913, 30.42, -0.1124, 0.47131, 0.03809, 0.87387,
 11:05:57.994,ed:40:fe:65:30:6c, 2015-01-01 00:18:52.995, 0.885, 0.036, 0.469, 0.061, -0.122, 0.305, 4.636, -61.853, -111.083, -26.673, -7.327, 4.440, 25.25, 0.50208, -0.40378, -0.31915, -0.69492,
 11:05:57.994,ed:40:fe:65:30:6c, 2015-01-01 00:18:52.995, 0.883, 0.037, 0.471, 0.122, -0.183, 0.183, 4.631, -61.853, -111.072, -26.673, -7.327, 4.440, 25.25, 0.50208, -0.40378, -0.31915, -0.69492,
 11:05:58.015,ed:35:33:d3:6c:f8, 2015-01-01 00:18:56.380, 0.828, -0.042, 0.548, 0, 0.061, 0.122, -4.235, -56.332, -162.878, -23.427, -7.393, -12.913, 30.42, -0.11383, 0.47128, 0.03793, 0.87372,
 11:05:58.015,ed:35:33:d3:6c:f8, 2015-01-01 00:18:56.380, 0.831, -0.04, 0.549, 0.061, -0.061, 0, -4.241, -56.332, -162.878, -23.427, -7.393, -12.913, 30.42, -0.11383, 0.47128, 0.03793, 0.87372,
 11:05:58.017,f6:90:cc:01:6d:25, 2015-01-01 00:18:55.850, 0.983, -0.049, 0.044, -0.061, 0.122, -0.061, -44.061, -86.017, -140.12, -28.533, -6.973, 3.000, 29.33, -0.00937, -0.68793, 0.04221, -0.72443,
 11:05:58.017,f6:90:cc:01:6d:25, 2015-01-01 00:18:55.850, 0.983, -0.048, 0.042, 0, 0.061, -0.183, -44.066, -86.017, -140.158, -28.533, -6.973, 3.000, 29.33, -0.00937, -0.68793, 0.04221, -0.72443,
 11:05:58.017,ed:40:fe:65:30:6c, 2015-01-01 00:18:52.995, 0.885, 0.038, 0.472, 0.122, -0.183, 0.061, 4.625, -61.859, -111.072, -26.673, -7.327, 4.440, 25.25, 0.50208, -0.40378, -0.31915, -0.69492,
 11:05:58.017,ed:40:fe:65:30:6c, 2015-01-01 00:18:52.995, 0.887, 0.04, 0.473, 0.122, -0.244, 0, 4.631, -61.864, -111.072, -26.673, -7.327, 4.440, 25.25, 0.50208, -0.40378, -0.31915, -0.69492,
 11:05:58.018,e3:ca:2d:fd:e0:8c, 2015-01-01 00:18:53.525, 1.014, -0.121, -0.045, -0.061, 0, 0, -110.226, -82.678, -99.641, -25.413, -4.547, -4.367, 23.53, -0.13718, -0.68582, 0.22708, -0.67758,
 11:05:58.018,e3:ca:2d:fd:e0:8c, 2015-01-01 00:18:53.525, 1.015, -0.121, -0.044, 0, 0, 0, -110.226, -82.678, -99.641, -25.413, -4.547, -4.367, 23.53, -0.13718, -0.68582, 0.22708, -0.67758,
 11:05:58.038,f6:90:cc:01:6d:25, 2015-01-01 00:18:55.850, 0.985, -0.048, 0.043, 0, 0.122, -0.305, -44.055, -86.023, -140.219, -28.533, -6.973, 3.000, 29.33, -0.00937, -0.68793, 0.04221, -0.72443,
 11:05:58.038,f6:90:cc:01:6d:25, 2015-01-01 00:18:55.850, 0.986, -0.047, 0.045, 0, 0.061, -0.305, -44.017, -86.028, -140.306, -28.533, -6.973, 3.000, 29.33, -0.00937, -0.68793, 0.04221, -0.72443,
 11:05:58.059,ed:35:33:d3:6c:f8, 2015-01-01 00:18:56.380, 0.829, -0.038, 0.549, 0.122, -0.244, 0, -4.241, -56.332, -162.878, -23.427, -7.393, -12.913, 30.42, -0.11383, 0.47128, 0.03793, 0.87372,
 11:05:58.059,ed:35:33:d3:6c:f8, 2015-01-01 00:18:56.380, 0.831, -0.041, 0.546, 0, -0.122, 0, -4.241, -56.338, -162.878, -23.427, -7.393, -12.913, 30.42, -0.11383, 0.47128, 0.03793, 0.87372,
 11:05:58.063,e3:ca:2d:fd:e0:8c, 2015-01-01 00:18:53.525, 1.014, -0.123, -0.044, 0, 0, 0, -110.22, -82.678, -99.641, -25.413, -4.547, -4.367, 23.53, -0.13718, -0.68582, 0.22708, -0.67758,
 11:05:58.063,e3:ca:2d:fd:e0:8c, 2015-01-01 00:18:53.525, 1.012, -0.122, -0.042, 0, 0, 0, -110.215, -82.678, -99.641, -25.413, -4.547, -4.367, 23.53, -0.13718, -0.68582, 0.22708, -0.67758,
 11:05:58.084,ed:40:fe:65:30:6c, 2015-01-01 00:18:52.995, 0.886, 0.042, 0.474, 0.122, -0.305, 0.061, 4.631, -61.87, -111.066, -26.673, -7.327, 4.440, 25.25, 0.50208, -0.40378, -0.31915, -0.69492,
 11:05:58.084,ed:40:fe:65:30:6c, 2015-01-01 00:18:52.995, 0.888, 0.039, 0.471, 0.122, -0.183, 0, 4.636, -61.87, -111.066, -26.673, -7.327, 4.440, 25.25, 0.50208, -0.40378, -0.31915, -0.69492,
 11:05:58.084,f6:90:cc:01:6d:25, 2015-01-01 00:18:55.850, 0.985, -0.047, 0.045, 0.061, 0.122, -0.305, -43.984, -86.028, -140.389, -28.533, -6.973, 3.000, 29.33, -0.00937, -0.68793, 0.04221, -0.72443,
 11:05:58.084,f6:90:cc:01:6d:25, 2015-01-01 00:18:55.850, 0.985, -0.046, 0.045, 0, 0.122, -0.183, -43.945, -86.034, -140.471, -28.533, -6.973, 3.000, 29.33, -0.00937, -0.68793, 0.04221, -0.72443,
 11:05:58.105,f6:90:cc:01:6d:25, 2015-01-01 00:18:56.230, 0.984, -0.048, 0.045, -0.061, 0.244, -0.122, -43.918, -86.034, -140.537, -28.533, -6.973, 3.000, 29.33, -0.00937, -0.68793, 0.04221, -0.72443,
 11:05:58.106,f6:90:cc:01:6d:25, 2015-01-01 00:18:56.230, 0.986, -0.049, 0.045, 0, 0.366, -0.122, -43.874, -86.034, -140.62, -28.533, -6.973, 3.000, 29.33, -0.00937, -0.68793, 0.04221, -0.72443,
 11:05:58.107,ed:40:fe:65:30:6c, 2015-01-01 00:18:53.375, 0.886, 0.042, 0.47, 0.183, -0.061, -0.061, 4.642, -61.875, -111.072, -26.673, -7.327, 4.440, 25.25, 0.50208, -0.40378, -0.31915, -0.69492,
 11:05:58.107,ed:40:fe:65:30:6c, 2015-01-01 00:18:53.375, 0.886, 0.043, 0.472, 0.122, -0.061, 0.061, 4.647, -61.875, -111.072, -26.673, -7.327, 4.440, 25.25, 0.50208, -0.40378, -0.31915, -0.69492,
 11:05:58.108,e3:ca:2d:fd:e0:8c, 2015-01-01 00:18:53.525, 1.012, -0.121, -0.042, 0, 0.061, 0, -110.204, -82.678, -99.646, -25.413, -4.547, -4.367, 23.53, -0.13718, -0.68582, 0.22708, -0.67758,
 11:05:58.108,e3:ca:2d:fd:e0:8c, 2015-01-01 00:18:53.525, 1.014, -0.121, -0.042, 0, 0.122, 0, -110.187, -82.678, -99.657, -25.413, -4.547, -4.367, 23.53, -0.13718, -0.68582, 0.22708, -0.67758,
 11:05:58.126,ed:35:33:d3:6c:f8, 2015-01-01 00:18:56.740, 0.829, -0.037, 0.547, 0.244, -0.061, -0.061, -4.235, -56.343, -162.878, -23.427, -7.393, -12.913, 30.42, -0.11383, 0.47128, 0.03793, 0.87372,
 11:05:58.126,ed:35:33:d3:6c:f8, 2015-01-01 00:18:56.740, 0.83, -0.034, 0.548, 0, 0, 0, -4.23, -56.343, -162.878, -23.427, -7.393, -12.913, 30.42, -0.11383, 0.47128, 0.03793, 0.87372,
 11:05:58.131,e3:ca:2d:fd:e0:8c, 2015-01-01 00:18:53.525, 1.015, -0.122, -0.043, 0, 0.122, 0, -110.16, -82.678, -99.679, -25.427, -4.547, -4.467, 23.53, -0.13718, -0.68582, 0.22708, -0.67758,
 11:05:58.131,e3:ca:2d:fd:e0:8c, 2015-01-01 00:18:53.525, 1.014, -0.121, -0.043, 0.061, 0.122, 0, -110.132, -82.678, -99.695, -25.427, -4.547, -4.467, 23.53, -0.13718, -0.68582, 0.22708, -0.67758,
 11:05:58.149,ed:35:33:d3:6c:f8, 2015-01-01 00:18:56.740, 0.831, -0.038, 0.548, -0.305, 0, 0.183, -4.235, -56.343, -162.878, -23.427, -7.393, -12.913, 30.42, -0.11383, 0.47128, 0.03793, 0.87372,
 11:05:58.149,ed:35:33:d3:6c:f8, 2015-01-01 00:18:56.740, 0.828, -0.039, 0.548, -0.244, 0, 0.061, -4.241, -56.349, -162.872, -23.427, -7.393, -12.913, 30.42, -0.11383, 0.47128, 0.03793, 0.87372,
 11:05:58.151,f6:90:cc:01:6d:25, 2015-01-01 00:18:56.230, 0.985, -0.047, 0.046, 0.183, 0.427, -0.061, -43.813, -86.034, -140.718, -28.533, -6.973, 3.000, 29.33, -0.00937, -0.68793, 0.04221, -0.72443,
 11:05:58.151,f6:90:cc:01:6d:25, 2015-01-01 00:18:56.230, 0.982, -0.046, 0.044, 0.183, 0.427, -0.061, -43.748, -86.028, -140.823, -28.533, -6.973, 3.000, 29.33, -0.00937, -0.68793, 0.04221, -0.72443,
 11:05:58.152,ed:40:fe:65:30:6c, 2015-01-01 00:18:53.375, 0.887, 0.042, 0.471, -0.183, 0, 0.305, 4.636, -61.875, -111.061, -26.673, -7.327, 4.440, 25.25, 0.50208, -0.40378, -0.31915, -0.69492,
 11:05:58.152,ed:40:fe:65:30:6c, 2015-01-01 00:18:53.375, 0.885, 0.042, 0.472, -0.061, 0.061, 0.244, 4.631, -61.875, -111.05, -26.673, -7.327, 4.440, 25.25, 0.50208, -0.40378, -0.31915, -0.69492,
 11:05:58.173,ed:35:33:d3:6c:f8, 2015-01-01 00:18:56.740, 0.826, -0.039, 0.546, -0.183, 0.244, 0.122, -4.246, -56.349, -162.867, -23.427, -7.393, -12.913, 30.42, -0.11383, 0.47128, 0.03793, 0.87372,
 11:05:58.173,ed:35:33:d3:6c:f8, 2015-01-01 00:18:56.740, 0.828, -0.039, 0.546, 0.061, 0.305, 0.122, -4.252, -56.343, -162.867, -23.427, -7.393, -12.913, 30.42, -0.11383, 0.47128, 0.03793, 0.87372,
 11:05:58.174,ed:40:fe:65:30:6c, 2015-01-01 00:18:53.375, 0.883, 0.041, 0.471, -0.061, 0.122, 0.183, 4.625, -61.875, -111.039, -26.673, -7.327, 4.440, 25.25, 0.50208, -0.40378, -0.31915, -0.69492,
 11:05:58.174,ed:40:fe:65:30:6c, 2015-01-01 00:18:53.375, 0.885, 0.041, 0.471, 0.122, 0.183, 0.061, 4.625, -61.87, -111.033, -26.673, -7.327, 4.440, 25.25, 0.50208, -0.40378, -0.31915, -0.69492,
 11:05:58.176,e3:ca:2d:fd:e0:8c, 2015-01-01 00:18:53.525, 1.012, -0.12, -0.044, 0.122, 0.061, 0, -110.11, -82.683, -99.706, -25.427, -4.547, -4.467, 23.53, -0.13718, -0.68582, 0.22708, -0.67758,
 11:05:58.176,e3:ca:2d:fd:e0:8c, 2015-01-01 00:18:53.525, 1.012, -0.12, -0.046, 0.061, 0.061, 0, -110.099, -82.683, -99.717, -25.427, -4.547, -4.467, 23.53, -0.13718, -0.68582, 0.22708, -0.67758,
 11:05:58.217,ed:35:33:d3:6c:f8, 2015-01-01 00:18:56.740, 0.828, -0.039, 0.548, 0.305, 0.183, 0, -4.246, -56.338, -162.861, -23.427, -7.393, -12.913, 30.42, -0.11383, 0.47128, 0.03793, 0.87372,
 11:05:58.217,ed:35:33:d3:6c:f8, 2015-01-01 00:18:56.740, 0.828, -0.038, 0.549, 0.366, 0.244, -0.183, -4.235, -56.338, -162.867, -23.427, -7.393, -12.913, 30.42, -0.11383, 0.47128, 0.03793, 0.87372,
 11:05:58.219,f6:90:cc:01:6d:25, 2015-01-01 00:18:56.230, 0.983, -0.045, 0.043, 0.183, 0.366, 0, -43.687, -86.028, -140.916, -28.533, -6.973, 3.000, 29.33, -0.00937, -0.68793, 0.04221, -0.72443,
 11:05:58.219,f6:90:cc:01:6d:25, 2015-01-01 00:18:56.230, 0.983, -0.045, 0.045, 0, 0.305, 0, -43.649, -86.023, -140.988, -28.533, -6.973, 3.000, 29.33, -0.00937, -0.68793, 0.04221, -0.72443,
 11:05:58.220,ed:40:fe:65:30:6c, 2015-01-01 00:18:53.375, 0.885, 0.042, 0.471, 0.244, 0.244, 0, 4.636, -61.864, -111.033, -26.673, -7.327, 4.440, 25.25, 0.50208, -0.40378, -0.31915, -0.69492,
 11:05:58.220,ed:40:fe:65:30:6c, 2015-01-01 00:18:53.375, 0.885, 0.042, 0.474, 0.183, 0.244, -0.122, 4.647, -61.859, -111.039, -26.673, -7.327, 4.440, 25.25, 0.50208, -0.40378, -0.31915, -0.69492,
 11:05:58.221,e3:ca:2d:fd:e0:8c, 2015-01-01 00:18:53.525, 1.014, -0.121, -0.043, 0.061, 0, 0, -110.089, -82.683, -99.723, -25.427, -4.547, -4.467, 23.53, -0.13663, -0.68594, 0.22647, -0.6778,
 11:05:58.221,e3:ca:2d:fd:e0:8c, 2015-01-01 00:18:53.525, 1.014, -0.122, -0.043, 0, 0, 0, -110.089, -82.683, -99.723, -25.427, -4.547, -4.467, 23.53, -0.13663, -0.68594, 0.22647, -0.6778,
 11:05:58.241,f6:90:cc:01:6d:25, 2015-01-01 00:18:56.230, 0.985, -0.047, 0.044, -0.061, 0.305, 0, -43.621, -86.023, -141.048, -28.533, -6.973, 3.000, 29.33, -0.00937, -0.68793, 0.04221, -0.72443,
 11:05:58.241,f6:90:cc:01:6d:25, 2015-01-01 00:18:56.230, 0.985, -0.046, 0.044, -0.061, 0.244, 0.061, -43.605, -86.017, -141.108, -28.533, -6.973, 3.000, 29.33, -0.00937, -0.68793, 0.04221, -0.72443,
 11:05:58.262,ed:35:33:d3:6c:f8, 2015-01-01 00:18:56.740, 0.829, -0.038, 0.55, 0.305, 0.183, -0.183, -4.224, -56.332, -162.872, -23.427, -7.393, -12.913, 30.42, -0.11383, 0.47128, 0.03793, 0.87372,
 11:05:58.262,ed:35:33:d3:6c:f8, 2015-01-01 00:18:56.740, 0.828, -0.037, 0.55, 0.183, 0.061, -0.061, -4.208, -56.332, -162.878, -23.427, -7.393, -12.913, 30.42, -0.11383, 0.47128, 0.03793, 0.87372,
 11:05:58.264,f6:90:cc:01:6d:25, 2015-01-01 00:18:56.230, 0.985, -0.047, 0.046, -0.061, 0.305, 0, -43.594, -86.017, -141.152, -28.533, -6.973, 3.000, 29.33, -0.00937, -0.68793, 0.04221, -0.72443,
 11:05:58.264,f6:90:cc:01:6d:25, 2015-01-01 00:18:56.230, 0.983, -0.049, 0.046, 0, 0.244, 0.122, -43.588, -86.017, -141.196, -28.533, -6.973, 3.000, 29.33, -0.00937, -0.68793, 0.04221, -0.72443,
 11:05:58.265,e3:ca:2d:fd:e0:8c, 2015-01-01 00:18:53.840, 1.013, -0.12, -0.043, 0, 0, 0, -110.083, -82.683, -99.723, -25.427, -4.547, -4.467, 23.53, -0.13663, -0.68594, 0.22647, -0.6778,
 11:05:58.265,e3:ca:2d:fd:e0:8c, 2015-01-01 00:18:53.840, 1.012, -0.121, -0.042, -0.061, 0, 0, -110.083, -82.683, -99.717, -25.427, -4.547, -4.467, 23.53, -0.13663, -0.68594, 0.22647, -0.6778,
 11:05:58.265,ed:40:fe:65:30:6c, 2015-01-01 00:18:53.375, 0.885, 0.042, 0.474, 0.122, 0.183, -0.061, 4.653, -61.853, -111.039, -26.673, -7.327, 4.440, 25.25, 0.50208, -0.40378, -0.31915, -0.69492,
 11:05:58.265,ed:40:fe:65:30:6c, 2015-01-01 00:18:53.375, 0.885, 0.042, 0.474, 0, 0.183, 0, 4.658, -61.853, -111.039, -26.673, -7.327, 4.440, 25.25, 0.50208, -0.40378, -0.31915, -0.69492,
 11:05:58.285,ed:35:33:d3:6c:f8, 2015-01-01 00:18:56.740, 0.827, -0.038, 0.55, 0.061, 0.183, 0.061, -4.202, -56.332, -162.878, -23.453, -7.380, -13.780, 30.42, -0.11383, 0.47128, 0.03793, 0.87372,
 11:05:58.285,ed:35:33:d3:6c:f8, 2015-01-01 00:18:56.740, 0.827, -0.038, 0.549, 0, 0.244, 0.244, -4.202, -56.327, -162.878, -23.453, -7.380, -13.780, 30.42, -0.11383, 0.47128, 0.03793, 0.87372,
 11:05:58.311,ed:40:fe:65:30:6c, 2015-01-01 00:18:53.375, 0.884, 0.041, 0.474, 0.061, 0.244, 0.061, 4.664, -61.848, -111.039, -26.673, -7.327, 4.440, 25.25, 0.50208, -0.40378, -0.31915, -0.69492,
 11:05:58.311,ed:40:fe:65:30:6c, 2015-01-01 00:18:53.375, 0.884, 0.041, 0.473, 0, 0.244, 0.183, 4.658, -61.842, -111.028, -26.673, -7.327, 4.440, 25.25, 0.50208, -0.40378, -0.31915, -0.69492,
 11:05:58.311,e3:ca:2d:fd:e0:8c, 2015-01-01 00:18:53.840, 1.012, -0.122, -0.042, 0, 0, 0, -110.078, -82.689, -99.717, -25.427, -4.547, -4.467, 23.53, -0.13663, -0.68594, 0.22647, -0.6778,
 11:05:58.311,e3:ca:2d:fd:e0:8c, 2015-01-01 00:18:53.840, 1.012, -0.123, -0.041, 0, 0.061, 0, -110.067, -82.689, -99.723, -25.427, -4.547, -4.467, 23.53, -0.13663, -0.68594, 0.22647, -0.6778,
 11:05:58.312,f6:90:cc:01:6d:25, 2015-01-01 00:18:56.230, 0.985, -0.049, 0.044, 0, 0.244, 0.061, -43.588, -86.012, -141.224, -28.533, -6.973, 3.000, 29.33, -0.00937, -0.68793, 0.04221, -0.72443,
 11:05:58.312,f6:90:cc:01:6d:25, 2015-01-01 00:18:56.230, 0.983, -0.049, 0.048, 0, 0.244, 0.061, -43.588, -86.012, -141.262, -28.533, -6.973, 3.000, 29.33, -0.00937, -0.68793, 0.04221, -0.72443,
 11:05:58.329,ed:35:33:d3:6c:f8, 2015-01-01 00:18:56.740, 0.826, -0.04, 0.55, 0, 0.305, 0.183, -4.208, -56.321, -162.867, -23.453, -7.380, -13.780, 30.42, -0.11383, 0.47128, 0.03793, 0.87372,
 11:05:58.329,ed:35:33:d3:6c:f8, 2015-01-01 00:18:56.740, 0.827, -0.041, 0.548, 0, 0.183, 0.183, -4.208, -56.316, -162.861, -23.453, -7.380, -13.780, 30.42, -0.11383, 0.47128, 0.03793, 0.87372,
 11:05:58.333,e3:ca:2d:fd:e0:8c, 2015-01-01 00:18:53.840, 1.012, -0.124, -0.042, -0.061, 0, 0, -110.056, -82.689, -99.728, -25.427, -4.547, -4.467, 23.53, -0.13663, -0.68594, 0.22647, -0.6778,
 11:05:58.333,e3:ca:2d:fd:e0:8c, 2015-01-01 00:18:53.840, 1.012, -0.123, -0.041, -0.061, 0.061, 0, -110.045, -82.689, -99.734, -25.427, -4.547, -4.467, 23.53, -0.13663, -0.68594, 0.22647, -0.6778,
 11:05:58.377,ed:40:fe:65:30:6c, 2015-01-01 00:18:53.375, 0.883, 0.041, 0.474, 0, 0.244, 0.183, 4.658, -61.837, -111.022, -26.347, -6.887, 5.047, 25.25, 0.50208, -0.40378, -0.31915, -0.69492,
 11:05:58.377,ed:40:fe:65:30:6c, 2015-01-01 00:18:53.375, 0.883, 0.039, 0.472, -0.061, 0.305, 0.183, 4.653, -61.831, -111.011, -26.347, -6.887, 5.047, 25.25, 0.50208, -0.40378, -0.31915, -0.69492,
 11:05:58.377,f6:90:cc:01:6d:25, 2015-01-01 00:18:56.230, 0.983, -0.049, 0.044, -0.061, 0.244, 0.183, -43.599, -86.006, -141.29, -28.867, -7.060, 3.173, 29.33, -0.00937, -0.68793, 0.04221, -0.72443,
 11:05:58.377,f6:90:cc:01:6d:25, 2015-01-01 00:18:56.230, 0.984, -0.048, 0.046, -0.061, 0.244, 0.122, -43.621, -86.001, -141.306, -28.867, -7.060, 3.173, 29.33, -0.00937, -0.68793, 0.04221, -0.72443,
 11:05:58.379,e3:ca:2d:fd:e0:8c, 2015-01-01 00:18:53.840, 1.013, -0.121, -0.044, 0, 0, 0, -110.028, -82.689, -99.739, -25.427, -4.547, -4.467, 23.53, -0.13663, -0.68594, 0.22647, -0.6778,
 11:05:58.379,e3:ca:2d:fd:e0:8c, 2015-01-01 00:18:53.840, 1.013, -0.122, -0.042, 0, -0.061, 0, -110.023, -82.689, -99.734, -25.427, -4.547, -4.467, 23.53, -0.13663, -0.68594, 0.22647, -0.6778,
 11:05:58.398,ed:35:33:d3:6c:f8, 2015-01-01 00:18:56.740, 0.827, -0.039, 0.552, 0.061, 0.305, 0.061, -4.213, -56.316, -162.856, -23.453, -7.380, -13.780, 30.42, -0.11407, 0.47119, 0.03821, 0.87375,
 11:05:58.398,ed:35:33:d3:6c:f8, 2015-01-01 00:18:56.740, 0.827, -0.039, 0.55, 0.122, 0.244, 0.122, -4.208, -56.31, -162.856, -23.453, -7.380, -13.780, 30.42, -0.11407, 0.47119, 0.03821, 0.87375,
 11:05:58.398,f6:90:cc:01:6d:25, 2015-01-01 00:18:56.230, 0.984, -0.047, 0.046, -0.122, 0.183, 0.244, -43.649, -86.001, -141.312, -28.867, -7.060, 3.173, 29.33, -0.01437, -0.68741, 0.04684, -0.72455,
 11:05:58.398,f6:90:cc:01:6d:25, 2015-01-01 00:18:56.230, 0.982, -0.051, 0.045, -0.122, 0.244, 0.183, -43.687, -85.995, -141.312, -28.867, -7.060, 3.173, 29.33, -0.01437, -0.68741, 0.04684, -0.72455,
 11:05:58.399,ed:40:fe:65:30:6c, 2015-01-01 00:18:53.375, 0.884, 0.042, 0.476, 0, 0.244, 0.061, 4.653, -61.826, -111.006, -26.347, -6.887, 5.047, 25.25, 0.50266, -0.40329, -0.3194, -0.69467,
 11:05:58.399,ed:40:fe:65:30:6c, 2015-01-01 00:18:53.375, 0.884, 0.039, 0.475, 0.122, 0.305, 0.122, 4.653, -61.815, -111, -26.347, -6.887, 5.047, 25.25, 0.50266, -0.40329, -0.3194, -0.69467,
 11:05:58.419,ed:35:33:d3:6c:f8, 2015-01-01 00:18:57.075, 0.826, -0.043, 0.549, 0.061, 0.122, 0.366, -4.208, -56.305, -162.85, -23.453, -7.380, -13.780, 30.42, -0.11407, 0.47119, 0.03821, 0.87375,
 11:05:58.419,ed:35:33:d3:6c:f8, 2015-01-01 00:18:57.075, 0.83, -0.042, 0.549, 0.122, 0.122, 0.122, -4.219, -56.305, -162.839, -23.453, -7.380, -13.780, 30.42, -0.11407, 0.47119, 0.03821, 0.87375,
 11:05:58.424,e3:ca:2d:fd:e0:8c, 2015-01-01 00:18:53.840, 1.012, -0.123, -0.043, 0.122, -0.061, 0, -110.023, -82.689, -99.723, -25.427, -4.547, -4.467, 23.53, -0.13663, -0.68594, 0.22647, -0.6778,
 11:05:58.424,e3:ca:2d:fd:e0:8c, 2015-01-01 00:18:53.840, 1.014, -0.122, -0.042, 0.061, -0.061, 0, -110.023, -82.689, -99.712, -25.427, -4.547, -4.467, 23.53, -0.13663, -0.68594, 0.22647, -0.6778,
 11:05:58.443,f6:90:cc:01:6d:25, 2015-01-01 00:18:56.230, 0.984, -0.051, 0.045, 0.061, 0.244, 0.061, -43.698, -85.99, -141.339, -28.867, -7.060, 3.173, 29.33, -0.01437, -0.68741, 0.04684, -0.72455,
 11:05:58.443,f6:90:cc:01:6d:25, 2015-01-01 00:18:56.230, 0.987, -0.047, 0.046, -0.061, 0.183, 0, -43.704, -85.99, -141.378, -28.867, -7.060, 3.173, 29.33, -0.01437, -0.68741, 0.04684, -0.72455,
 11:05:58.444,ed:40:fe:65:30:6c, 2015-01-01 00:18:53.375, 0.882, 0.037, 0.473, 0.061, 0.183, 0.305, 4.647, -61.815, -110.989, -26.347, -6.887, 5.047, 25.25, 0.50266, -0.40329, -0.3194, -0.69467,
 11:05:58.444,ed:40:fe:65:30:6c, 2015-01-01 00:18:53.375, 0.887, 0.038, 0.473, 0, 0.183, 0.183, 4.636, -61.809, -110.978, -26.347, -6.887, 5.047, 25.25, 0.50266, -0.40329, -0.3194, -0.69467,
 11:05:58.464,ed:35:33:d3:6c:f8, 2015-01-01 00:18:57.075, 0.83, -0.034, 0.55, 0.427, 0, 0, -4.213, -56.299, -162.834, -23.453, -7.380, -13.780, 30.42, -0.11407, 0.47119, 0.03821, 0.87375,
 11:05:58.464,ed:35:33:d3:6c:f8, 2015-01-01 00:18:57.075, 0.828, -0.037, 0.551, 0.183, 0.244, 0.305, -4.208, -56.299, -162.834, -23.453, -7.380, -13.780, 30.42, -0.11407, 0.47119, 0.03821, 0.87375,
 11:05:58.466,ed:40:fe:65:30:6c, 2015-01-01 00:18:53.755, 0.887, 0.044, 0.474, 0.244, 0.122, 0.061, 4.642, -61.804, -110.978, -26.347, -6.887, 5.047, 25.25, 0.50266, -0.40329, -0.3194, -0.69467,
 11:05:58.466,ed:40:fe:65:30:6c, 2015-01-01 00:18:53.755, 0.885, 0.042, 0.476, 0.427, 0.122, 0.305, 4.642, -61.804, -110.967, -26.347, -6.887, 5.047, 25.25, 0.50266, -0.40329, -0.3194, -0.69467,
 11:05:58.467,f6:90:cc:01:6d:25, 2015-01-01 00:18:56.590, 0.985, -0.045, 0.044, -0.122, 0.061, 0.061, -43.72, -85.984, -141.394, -28.867, -7.060, 3.173, 29.33, -0.01437, -0.68741, 0.04684, -0.72455,
 11:05:58.467,f6:90:cc:01:6d:25, 2015-01-01 00:18:56.590, 0.984, -0.051, 0.044, 0, 0, 0.061, -43.764, -85.99, -141.394, -28.867, -7.060, 3.173, 29.33, -0.01437, -0.68741, 0.04684, -0.72455,
 11:05:58.468,e3:ca:2d:fd:e0:8c, 2015-01-01 00:18:53.840, 1.015, -0.121, -0.042, -0.122, -0.122, 0, -110.028, -82.689, -99.701, -25.020, -5.067, -4.720, 23.53, -0.13663, -0.68594, 0.22647, -0.6778,
 11:05:58.468,e3:ca:2d:fd:e0:8c, 2015-01-01 00:18:53.840, 1.015, -0.12, -0.043, -0.183, -0.061, 0, -110.034, -82.689, -99.684, -25.020, -5.067, -4.720, 23.53, -0.13663, -0.68594, 0.22647, -0.6778,
 11:05:58.487,ed:35:33:d3:6c:f8, 2015-01-01 00:18:57.075, 0.826, -0.043, 0.551, 0, 0.305, 0.366, -4.213, -56.294, -162.823, -23.453, -7.380, -13.780, 30.42, -0.11407, 0.47119, 0.03821, 0.87375,
 11:05:58.487,ed:35:33:d3:6c:f8, 2015-01-01 00:18:57.075, 0.825, -0.041, 0.551, 0.061, 0, 0.183, -4.219, -56.288, -162.812, -23.453, -7.380, -13.780, 30.42, -0.11407, 0.47119, 0.03821, 0.87375,
 11:05:58.491,e3:ca:2d:fd:e0:8c, 2015-01-01 00:18:53.840, 1.013, -0.122, -0.044, -0.061, -0.061, 0, -110.039, -82.689, -99.679, -25.020, -5.067, -4.720, 23.53, -0.13608, -0.6861, 0.22583, -0.67795,
 11:05:58.491,e3:ca:2d:fd:e0:8c, 2015-01-01 00:18:53.840, 1.011, -0.122, -0.043, 0.061, -0.061, 0, -110.039, -82.689, -99.668, -25.020, -5.067, -4.720, 23.53, -0.13608, -0.6861, 0.22583, -0.67795,
 11:05:58.510,f6:90:cc:01:6d:25, 2015-01-01 00:18:56.590, 0.983, -0.049, 0.045, 0.122, 0, 0, -43.808, -85.99, -141.389, -28.867, -7.060, 3.173, 29.33, -0.01437, -0.68741, 0.04684, -0.72455,
 11:05:58.510,f6:90:cc:01:6d:25, 2015-01-01 00:18:56.590, 0.982, -0.048, 0.044, 0.183, 0, -0.061, -43.835, -85.99, -141.394, -28.867, -7.060, 3.173, 29.33, -0.01437, -0.68741, 0.04684, -0.72455,
 11:05:58.512,ed:40:fe:65:30:6c, 2015-01-01 00:18:53.755, 0.883, 0.038, 0.475, 0, 0.183, 0.427, 4.631, -61.798, -110.945, -26.347, -6.887, 5.047, 25.25, 0.50266, -0.40329, -0.3194, -0.69467,
 11:05:58.512,ed:40:fe:65:30:6c, 2015-01-01 00:18:53.755, 0.882, 0.04, 0.475, 0.061, 0, 0.305, 4.625, -61.798, -110.934, -26.347, -6.887, 5.047, 25.25, 0.50266, -0.40329, -0.3194, -0.69467,
 11:05:58.531,ed:35:33:d3:6c:f8, 2015-01-01 00:18:57.075, 0.825, -0.041, 0.549, 0, -0.061, 0.244, -4.224, -56.288, -162.806, -23.453, -7.380, -13.780, 30.42, -0.11407, 0.47119, 0.03821, 0.87375,
 11:05:58.531,ed:35:33:d3:6c:f8, 2015-01-01 00:18:57.075, 0.825, -0.042, 0.548, 0.061, -0.061, 0.244, -4.23, -56.294, -162.795, -23.453, -7.380, -13.780, 30.42, -0.11407, 0.47119, 0.03821, 0.87375,
 11:05:58.536,e3:ca:2d:fd:e0:8c, 2015-01-01 00:18:53.840, 1.013, -0.122, -0.042, 0, -0.061, 0, -110.045, -82.689, -99.657, -25.020, -5.067, -4.720, 23.53, -0.13608, -0.6861, 0.22583, -0.67795,
 11:05:58.536,e3:ca:2d:fd:e0:8c, 2015-01-01 00:18:53.840, 1.013, -0.124, -0.043, -0.061, -0.061, 0, -110.045, -82.689, -99.651, -25.020, -5.067, -4.720, 23.53, -0.13608, -0.6861, 0.22583, -0.67795,
 11:05:58.557,ed:40:fe:65:30:6c, 2015-01-01 00:18:53.755, 0.882, 0.039, 0.474, 0, 0, 0.244, 4.614, -61.798, -110.923, -26.347, -6.887, 5.047, 25.25, 0.50266, -0.40329, -0.3194, -0.69467,
 11:05:58.557,ed:40:fe:65:30:6c, 2015-01-01 00:18:53.755, 0.882, 0.038, 0.473, 0.061, -0.061, 0.183, 4.609, -61.798, -110.912, -26.347, -6.887, 5.047, 25.25, 0.50266, -0.40329, -0.3194, -0.69467,
 11:05:58.577,ed:35:33:d3:6c:f8, 2015-01-01 00:18:57.075, 0.826, -0.042, 0.548, 0.061, 0, 0.183, -4.235, -56.294, -162.784, -23.453, -7.380, -13.780, 30.42, -0.11407, 0.47119, 0.03821, 0.87375,
 11:05:58.577,ed:35:33:d3:6c:f8, 2015-01-01 00:18:57.075, 0.827, -0.04, 0.552, 0, 0.122, 0.122, -4.241, -56.294, -162.779, -23.453, -7.380, -13.780, 30.42, -0.11407, 0.47119, 0.03821, 0.87375,
 11:05:58.578,f6:90:cc:01:6d:25, 2015-01-01 00:18:56.590, 0.983, -0.049, 0.046, 0, 0.061, 0, -43.863, -85.99, -141.411, -28.867, -7.060, 3.173, 29.33, -0.01437, -0.68741, 0.04684, -0.72455,
 11:05:58.578,f6:90:cc:01:6d:25, 2015-01-01 00:18:56.590, 0.982, -0.05, 0.045, 0, 0.122, 0, -43.879, -85.99, -141.432, -28.867, -7.060, 3.173, 29.33, -0.01437, -0.68741, 0.04684, -0.72455,
 11:05:58.579,ed:40:fe:65:30:6c, 2015-01-01 00:18:53.755, 0.882, 0.038, 0.474, 0.122, -0.061, 0.122, 4.609, -61.798, -110.907, -26.347, -6.887, 5.047, 25.25, 0.50266, -0.40329, -0.3194, -0.69467,
 11:05:58.579,ed:40:fe:65:30:6c, 2015-01-01 00:18:53.755, 0.883, 0.039, 0.477, 0.061, -0.061, 0.061, 4.609, -61.798, -110.907, -26.347, -6.887, 5.047, 25.25, 0.50266, -0.40329, -0.3194, -0.69467,
 11:05:58.580,e3:ca:2d:fd:e0:8c, 2015-01-01 00:18:54.130, 1.012, -0.123, -0.042, -0.061, -0.122, 0, -110.056, -82.689, -99.635, -25.020, -5.067, -4.720, 23.53, -0.13608, -0.6861, 0.22583, -0.67795,
 11:05:58.580,e3:ca:2d:fd:e0:8c, 2015-01-01 00:18:54.130, 1.013, -0.122, -0.042, 0, -0.183, 0, -110.067, -82.689, -99.608, -25.020, -5.067, -4.720, 23.53, -0.13608, -0.6861, 0.22583, -0.67795,
 11:05:58.600,f6:90:cc:01:6d:25, 2015-01-01 00:18:56.590, 0.983, -0.051, 0.046, 0, 0.122, 0, -43.896, -85.99, -141.46, -28.867, -7.060, 3.173, 29.33, -0.01437, -0.68741, 0.04684, -0.72455,
 11:05:58.600,f6:90:cc:01:6d:25, 2015-01-01 00:18:56.590, 0.984, -0.049, 0.048, 0, 0, 0, -43.923, -85.99, -141.471, -28.867, -7.060, 3.173, 29.33, -0.01437, -0.68741, 0.04684, -0.72455,
 11:05:58.622,ed:35:33:d3:6c:f8, 2015-01-01 00:18:57.075, 0.828, -0.038, 0.554, 0, 0, 0.122, -4.246, -56.288, -162.779, -23.453, -7.380, -13.780, 30.42, -0.11407, 0.47119, 0.03821, 0.87375,
 11:05:58.622,ed:35:33:d3:6c:f8, 2015-01-01 00:18:57.075, 0.827, -0.041, 0.55, 0, -0.183, 0.122, -4.246, -56.288, -162.773, -23.453, -7.380, -13.780, 30.42, -0.11407, 0.47119, 0.03821, 0.87375,
 11:05:58.625,ed:40:fe:65:30:6c, 2015-01-01 00:18:53.755, 0.885, 0.042, 0.478, 0, -0.122, 0.122, 4.609, -61.798, -110.901, -26.347, -6.887, 5.047, 25.25, 0.50266, -0.40329, -0.3194, -0.69467,
 11:05:58.625,ed:40:fe:65:30:6c, 2015-01-01 00:18:53.755, 0.884, 0.039, 0.475, 0, -0.122, 0.183, 4.603, -61.798, -110.896, -26.347, -6.887, 5.047, 25.25, 0.50266, -0.40329, -0.3194, -0.69467,
 11:05:58.625,e3:ca:2d:fd:e0:8c, 2015-01-01 00:18:54.130, 1.014, -0.121, -0.042, 0, -0.305, 0, -110.099, -82.683, -99.569, -25.020, -5.067, -4.720, 23.53, -0.13608, -0.6861, 0.22583, -0.67795,
 11:05:58.625,e3:ca:2d:fd:e0:8c, 2015-01-01 00:18:54.130, 1.013, -0.122, -0.042, 0, -0.305, 0, -110.132, -82.683, -99.525, -25.020, -5.067, -4.720, 23.53, -0.13608, -0.6861, 0.22583, -0.67795,
 11:05:58.646,f6:90:cc:01:6d:25, 2015-01-01 00:18:56.590, 0.985, -0.048, 0.045, 0, -0.061, 0, -43.967, -85.995, -141.465, -28.867, -7.060, 3.173, 29.33, -0.01437, -0.68741, 0.04684, -0.72455,
 11:05:58.646,f6:90:cc:01:6d:25, 2015-01-01 00:18:56.590, 0.985, -0.048, 0.045, 0, -0.061, 0, -44.011, -85.995, -141.454, -28.867, -7.060, 3.173, 29.33, -0.01437, -0.68741, 0.04684, -0.72455,
 11:05:58.669,f6:90:cc:01:6d:25, 2015-01-01 00:18:56.590, 0.986, -0.048, 0.044, 0, -0.061, 0, -44.061, -85.995, -141.449, -28.940, -6.673, 2.780, 29.33, -0.01437, -0.68741, 0.04684, -0.72455,
 11:05:58.669,f6:90:cc:01:6d:25, 2015-01-01 00:18:56.590, 0.985, -0.049, 0.046, -0.122, 0.061, 0, -44.088, -85.995, -141.454, -28.940, -6.673, 2.780, 29.33, -0.01437, -0.68741, 0.04684, -0.72455,
 11:05:58.669,ed:40:fe:65:30:6c, 2015-01-01 00:18:53.755, 0.886, 0.038, 0.474, -0.122, -0.122, 0.122, 4.598, -61.798, -110.891, -26.347, -6.887, 5.047, 25.25, 0.50266, -0.40329, -0.3194, -0.69467,
 11:05:58.669,ed:40:fe:65:30:6c, 2015-01-01 00:18:53.755, 0.885, 0.041, 0.472, 0, -0.244, 0, 4.598, -61.804, -110.891, -26.347, -6.887, 5.047, 25.25, 0.50266, -0.40329, -0.3194, -0.69467,
 11:05:58.670,e3:ca:2d:fd:e0:8c, 2015-01-01 00:18:54.130, 1.013, -0.122, -0.043, -0.122, -0.183, 0, -110.16, -82.683, -99.492, -25.020, -5.067, -4.720, 23.53, -0.13608, -0.6861, 0.22583, -0.67795,
 11:05:58.670,e3:ca:2d:fd:e0:8c, 2015-01-01 00:18:54.130, 1.014, -0.122, -0.041, -0.122, -0.061, 0, -110.165, -82.683, -99.476, -25.020, -5.067, -4.720, 23.53, -0.13608, -0.6861, 0.22583, -0.67795,
 11:05:58.694,e3:ca:2d:fd:e0:8c, 2015-01-01 00:18:54.130, 1.014, -0.122, -0.042, -0.061, -0.061, 0, -110.16, -82.683, -99.47, -25.020, -5.067, -4.720, 23.53, -0.13608, -0.6861, 0.22583, -0.67795,
 11:05:58.694,e3:ca:2d:fd:e0:8c, 2015-01-01 00:18:54.130, 1.014, -0.123, -0.044, -0.061, -0.183, 0, -110.176, -82.683, -99.448, -25.020, -5.067, -4.720, 23.53, -0.13608, -0.6861, 0.22583, -0.67795,
 11:05:58.712,ed:35:33:d3:6c:f8, 2015-01-01 00:18:57.075, 0.829, -0.043, 0.549, -0.183, -0.122, 0.061, -4.252, -56.294, -162.768, -23.420, -7.893, -13.693, 30.42, -0.11407, 0.47119, 0.03821, 0.87375,
 11:05:58.712,ed:35:33:d3:6c:f8, 2015-01-01 00:18:57.075, 0.828, -0.038, 0.547, 0.183, -0.244, 0, -4.252, -56.294, -162.768, -23.420, -7.893, -13.693, 30.42, -0.11407, 0.47119, 0.03821, 0.87375,
 11:05:58.714,f6:90:cc:01:6d:25, 2015-01-01 00:18:56.590, 0.985, -0.05, 0.046, 0, 0.183, 0, -44.094, -85.995, -141.487, -28.940, -6.673, 2.780, 29.33, -0.01437, -0.68741, 0.04684, -0.72455,
 11:05:58.714,f6:90:cc:01:6d:25, 2015-01-01 00:18:56.590, 0.984, -0.048, 0.045, 0, 0.122, 0, -44.099, -85.995, -141.515, -28.940, -6.673, 2.780, 29.33, -0.01437, -0.68741, 0.04684, -0.72455,
 11:05:58.735,ed:35:33:d3:6c:f8, 2015-01-01 00:18:57.075, 0.828, -0.039, 0.55, -0.183, 0.061, 0.183, -4.252, -56.299, -162.762, -23.420, -7.893, -13.693, 30.42, -0.11469, 0.47101, 0.03824, 0.87375,
 11:05:58.735,ed:35:33:d3:6c:f8, 2015-01-01 00:18:57.075, 0.828, -0.042, 0.55, -0.183, 0.061, 0.122, -4.263, -56.299, -162.757, -23.420, -7.893, -13.693, 30.42, -0.11469, 0.47101, 0.03824, 0.87375,
 11:05:58.737,ed:40:fe:65:30:6c, 2015-01-01 00:18:53.755, 0.886, 0.041, 0.475, 0.061, -0.122, 0.122, 4.598, -61.804, -110.885, -26.867, -7.227, 4.707, 25.25, 0.50266, -0.40329, -0.3194, -0.69467,
 11:05:58.737,ed:40:fe:65:30:6c, 2015-01-01 00:18:53.755, 0.885, 0.039, 0.474, -0.183, -0.061, 0.244, 4.592, -61.804, -110.88, -26.867, -7.227, 4.707, 25.25, 0.50266, -0.40329, -0.3194, -0.69467,
 11:05:58.739,e3:ca:2d:fd:e0:8c, 2015-01-01 00:18:54.130, 1.013, -0.122, -0.045, -0.061, -0.305, 0, -110.209, -82.683, -99.404, -25.020, -5.067, -4.720, 23.53, -0.13608, -0.6861, 0.22583, -0.67795,
 11:05:58.739,e3:ca:2d:fd:e0:8c, 2015-01-01 00:18:54.130, 1.013, -0.122, -0.044, -0.122, -0.183, 0, -110.231, -82.678, -99.377, -25.020, -5.067, -4.720, 23.53, -0.13608, -0.6861, 0.22583, -0.67795,
 11:05:58.757,ed:35:33:d3:6c:f8, 2015-01-01 00:18:57.075, 0.826, -0.041, 0.551, -0.305, 0.122, 0, -4.268, -56.294, -162.757, -23.420, -7.893, -13.693, 30.42, -0.11469, 0.47101, 0.03824, 0.87375,
 11:05:58.757,ed:35:33:d3:6c:f8, 2015-01-01 00:18:57.075, 0.827, -0.04, 0.55, -0.244, -0.061, 0, -4.274, -56.294, -162.757, -23.420, -7.893, -13.693, 30.42, -0.11469, 0.47101, 0.03824, 0.87375,
 11:05:58.759,ed:40:fe:65:30:6c, 2015-01-01 00:18:53.755, 0.883, 0.039, 0.474, -0.122, -0.061, 0.061, 4.592, -61.804, -110.874, -26.867, -7.227, 4.707, 25.25, 0.50327, -0.40308, -0.3194, -0.69434,
 11:05:58.759,ed:40:fe:65:30:6c, 2015-01-01 00:18:53.755, 0.882, 0.04, 0.475, -0.244, -0.183, 0, 4.587, -61.809, -110.874, -26.867, -7.227, 4.707, 25.25, 0.50327, -0.40308, -0.3194, -0.69434,
 11:05:58.780,f6:90:cc:01:6d:25, 2015-01-01 00:18:56.590, 0.982, -0.048, 0.044, -0.061, 0.122, 0, -44.11, -85.995, -141.542, -28.940, -6.673, 2.780, 29.33, -0.01828, -0.68726, 0.05087, -0.72433,
 11:05:58.780,f6:90:cc:01:6d:25, 2015-01-01 00:18:56.590, 0.983, -0.049, 0.044, -0.122, 0.061, 0, -44.132, -85.995, -141.559, -28.940, -6.673, 2.780, 29.33, -0.01828, -0.68726, 0.05087, -0.72433,
 11:05:58.783,e3:ca:2d:fd:e0:8c, 2015-01-01 00:18:54.130, 1.013, -0.122, -0.044, -0.122, -0.244, 0, -110.259, -82.678, -99.338, -25.300, -4.780, -4.373, 23.53, -0.13608, -0.6861, 0.22583, -0.67795,
 11:05:58.783,e3:ca:2d:fd:e0:8c, 2015-01-01 00:18:54.130, 1.014, -0.122, -0.043, -0.061, -0.244, 0, -110.292, -82.678, -99.305, -25.300, -4.780, -4.373, 23.53, -0.13608, -0.6861, 0.22583, -0.67795,
 11:05:58.803,ed:35:33:d3:6c:f8, 2015-01-01 00:18:57.075, 0.827, -0.04, 0.549, -0.061, -0.244, 0, -4.274, -56.299, -162.757, -23.420, -7.893, -13.693, 30.42, -0.11469, 0.47101, 0.03824, 0.87375,
 11:05:58.803,ed:35:33:d3:6c:f8, 2015-01-01 00:18:57.075, 0.827, -0.04, 0.549, 0, -0.244, 0, -4.274, -56.299, -162.751, -23.420, -7.893, -13.693, 30.42, -0.11469, 0.47101, 0.03824, 0.87375,
 11:05:58.803,f6:90:cc:01:6d:25, 2015-01-01 00:18:56.925, 0.984, -0.049, 0.044, 0, 0.061, 0, -44.154, -85.995, -141.575, -28.940, -6.673, 2.780, 29.33, -0.01828, -0.68726, 0.05087, -0.72433,
 11:05:58.803,f6:90:cc:01:6d:25, 2015-01-01 00:18:56.925, 0.985, -0.049, 0.046, 0, 0.061, 0, -44.182, -85.995, -141.586, -28.940, -6.673, 2.780, 29.33, -0.01828, -0.68726, 0.05087, -0.72433,
 11:05:58.804,ed:40:fe:65:30:6c, 2015-01-01 00:18:53.755, 0.884, 0.039, 0.474, -0.061, -0.244, 0.061, 4.587, -61.809, -110.874, -26.867, -7.227, 4.707, 25.25, 0.50327, -0.40308, -0.3194, -0.69434,
 11:05:58.804,ed:40:fe:65:30:6c, 2015-01-01 00:18:53.755, 0.884, 0.04, 0.473, 0, -0.244, 0.122, 4.587, -61.815, -110.869, -26.867, -7.227, 4.707, 25.25, 0.50327, -0.40308, -0.3194, -0.69434,
 11:05:58.824,ed:35:33:d3:6c:f8, 2015-01-01 00:18:57.455, 0.828, -0.04, 0.549, 0, -0.061, 0.061, -4.274, -56.305, -162.751, -23.420, -7.893, -13.693, 30.42, -0.11469, 0.47101, 0.03824, 0.87375,
 11:05:58.824,ed:35:33:d3:6c:f8, 2015-01-01 00:18:57.455, 0.828, -0.04, 0.55, 0, 0, 0.061, -4.279, -56.305, -162.751, -23.420, -7.893, -13.693, 30.42, -0.11469, 0.47101, 0.03824, 0.87375,
 11:05:58.825,f6:90:cc:01:6d:25, 2015-01-01 00:18:56.925, 0.985, -0.048, 0.047, 0.122, 0, 0, -44.209, -86.001, -141.592, -28.940, -6.673, 2.780, 29.33, -0.01828, -0.68726, 0.05087, -0.72433,
 11:05:58.825,f6:90:cc:01:6d:25, 2015-01-01 00:18:56.925, 0.985, -0.047, 0.045, 0.061, 0.061, 0, -44.231, -86.001, -141.603, -28.940, -6.673, 2.780, 29.33, -0.01828, -0.68726, 0.05087, -0.72433,
 11:05:58.826,ed:40:fe:65:30:6c, 2015-01-01 00:18:54.110, 0.886, 0.039, 0.474, -0.061, -0.244, 0.183, 4.581, -61.82, -110.863, -26.867, -7.227, 4.707, 25.25, 0.50327, -0.40308, -0.3194, -0.69434,
 11:05:58.826,ed:40:fe:65:30:6c, 2015-01-01 00:18:54.110, 0.885, 0.041, 0.474, 0, -0.183, 0.122, 4.581, -61.82, -110.858, -26.867, -7.227, 4.707, 25.25, 0.50327, -0.40308, -0.3194, -0.69434,
 11:05:58.828,e3:ca:2d:fd:e0:8c, 2015-01-01 00:18:54.130, 1.014, -0.122, -0.042, -0.061, -0.244, 0, -110.319, -82.678, -99.267, -25.300, -4.780, -4.373, 23.53, -0.13528, -0.68655, 0.22516, -0.67789,
 11:05:58.828,e3:ca:2d:fd:e0:8c, 2015-01-01 00:18:54.130, 1.013, -0.122, -0.042, -0.122, -0.305, 0, -110.358, -82.672, -99.223, -25.300, -4.780, -4.373, 23.53, -0.13528, -0.68655, 0.22516, -0.67789,
 11:05:58.870,ed:35:33:d3:6c:f8, 2015-01-01 00:18:57.455, 0.829, -0.041, 0.55, 0, 0, 0.061, -4.279, -56.305, -162.746, -23.420, -7.893, -13.693, 30.42, -0.11469, 0.47101, 0.03824, 0.87375,
 11:05:58.870,ed:35:33:d3:6c:f8, 2015-01-01 00:18:57.455, 0.829, -0.041, 0.55, 0.061, 0, 0.061, -4.279, -56.305, -162.746, -23.420, -7.893, -13.693, 30.42, -0.11469, 0.47101, 0.03824, 0.87375,
 11:05:58.871,f6:90:cc:01:6d:25, 2015-01-01 00:18:56.925, 0.985, -0.05, 0.044, 0, 0.122, 0, -44.242, -86.001, -141.625, -28.940, -6.673, 2.780, 29.33, -0.01828, -0.68726, 0.05087, -0.72433,
 11:05:58.871,f6:90:cc:01:6d:25, 2015-01-01 00:18:56.925, 0.986, -0.05, 0.045, 0.061, 0.183, 0, -44.236, -86.001, -141.663, -28.940, -6.673, 2.780, 29.33, -0.01828, -0.68726, 0.05087, -0.72433,
 11:05:58.871,ed:40:fe:65:30:6c, 2015-01-01 00:18:54.110, 0.886, 0.039, 0.473, 0, -0.183, 0.122, 4.576, -61.82, -110.852, -26.867, -7.227, 4.707, 25.25, 0.50327, -0.40308, -0.3194, -0.69434,
 11:05:58.871,ed:40:fe:65:30:6c, 2015-01-01 00:18:54.110, 0.886, 0.039, 0.473, 0.061, -0.244, 0.122, 4.576, -61.826, -110.847, -26.867, -7.227, 4.707, 25.25, 0.50327, -0.40308, -0.3194, -0.69434,
 11:05:58.874,e3:ca:2d:fd:e0:8c, 2015-01-01 00:18:54.130, 1.013, -0.122, -0.043, -0.183, -0.305, 0, -110.396, -82.672, -99.179, -25.300, -4.780, -4.373, 23.53, -0.13528, -0.68655, 0.22516, -0.67789,
 11:05:58.875,e3:ca:2d:fd:e0:8c, 2015-01-01 00:18:54.130, 1.014, -0.123, -0.043, -0.244, -0.183, 0, -110.418, -82.672, -99.146, -25.300, -4.780, -4.373, 23.53, -0.13528, -0.68655, 0.22516, -0.67789,
 11:05:58.892,ed:35:33:d3:6c:f8, 2015-01-01 00:18:57.455, 0.828, -0.04, 0.549, 0.061, 0, 0.122, -4.279, -56.31, -162.74, -23.420, -7.893, -13.693, 30.42, -0.11469, 0.47101, 0.03824, 0.87375,
 11:05:58.892,ed:35:33:d3:6c:f8, 2015-01-01 00:18:57.455, 0.828, -0.04, 0.549, 0, 0.061, 0.183, -4.279, -56.305, -162.74, -23.420, -7.893, -13.693, 30.42, -0.11469, 0.47101, 0.03824, 0.87375,
 11:05:58.897,e3:ca:2d:fd:e0:8c, 2015-01-01 00:18:54.130, 1.015, -0.122, -0.043, -0.183, -0.183, 0, -110.44, -82.672, -99.124, -25.300, -4.780, -4.373, 23.58, -0.13528, -0.68655, 0.22516, -0.67789,
 11:05:58.897,e3:ca:2d:fd:e0:8c, 2015-01-01 00:18:54.130, 1.014, -0.122, -0.044, -0.183, -0.061, 0, -110.446, -82.672, -99.108, -25.300, -4.780, -4.373, 23.58, -0.13528, -0.68655, 0.22516, -0.67789,
 11:05:58.916,f6:90:cc:01:6d:25, 2015-01-01 00:18:56.925, 0.985, -0.049, 0.044, 0.061, 0.183, 0, -44.236, -85.995, -141.702, -28.940, -6.673, 2.780, 29.33, -0.01828, -0.68726, 0.05087, -0.72433,
 11:05:58.916,f6:90:cc:01:6d:25, 2015-01-01 00:18:56.925, 0.984, -0.049, 0.044, 0, 0.305, 0, -44.214, -85.995, -141.757, -28.940, -6.673, 2.780, 29.33, -0.01828, -0.68726, 0.05087, -0.72433,
 11:05:58.916,ed:40:fe:65:30:6c, 2015-01-01 00:18:54.110, 0.885, 0.039, 0.474, 0, -0.244, 0.122, 4.576, -61.831, -110.847, -26.867, -7.227, 4.707, 25.25, 0.50327, -0.40308, -0.3194, -0.69434,
 11:05:58.916,ed:40:fe:65:30:6c, 2015-01-01 00:18:54.110, 0.885, 0.04, 0.473, 0.061, -0.244, 0.183, 4.576, -61.837, -110.836, -26.867, -7.227, 4.707, 25.25, 0.50327, -0.40308, -0.3194, -0.69434,
 11:05:58.937,ed:35:33:d3:6c:f8, 2015-01-01 00:18:57.455, 0.828, -0.04, 0.548, 0.061, 0, 0.244, -4.285, -56.305, -162.729, -23.420, -7.893, -13.693, 30.42, -0.11469, 0.47101, 0.03824, 0.87375,
 11:05:58.937,ed:35:33:d3:6c:f8, 2015-01-01 00:18:57.455, 0.828, -0.04, 0.548, 0.061, 0.061, 0.244, -4.29, -56.305, -162.724, -23.420, -7.893, -13.693, 30.42, -0.11469, 0.47101, 0.03824, 0.87375,
 11:05:58.939,ed:40:fe:65:30:6c, 2015-01-01 00:18:54.110, 0.885, 0.04, 0.472, 0.061, -0.244, 0.244, 4.57, -61.837, -110.83, -26.867, -7.227, 4.707, 25.25, 0.50327, -0.40308, -0.3194, -0.69434,
 11:05:58.939,ed:40:fe:65:30:6c, 2015-01-01 00:18:54.110, 0.884, 0.04, 0.473, 0.061, -0.244, 0.183, 4.565, -61.842, -110.819, -26.867, -7.227, 4.707, 25.25, 0.50327, -0.40308, -0.3194, -0.69434,
 11:05:58.942,e3:ca:2d:fd:e0:8c, 2015-01-01 00:18:54.130, 1.013, -0.123, -0.045, -0.244, -0.061, 0, -110.451, -82.672, -99.097, -25.300, -4.780, -4.373, 23.58, -0.13528, -0.68655, 0.22516, -0.67789,
 11:05:58.942,e3:ca:2d:fd:e0:8c, 2015-01-01 00:18:54.130, 1.014, -0.122, -0.046, -0.183, 0, 0, -110.451, -82.672, -99.097, -25.300, -4.780, -4.373, 23.58, -0.13528, -0.68655, 0.22516, -0.67789,
 11:05:58.982,ed:35:33:d3:6c:f8, 2015-01-01 00:18:57.455, 0.83, -0.04, 0.548, 0, -0.122, 0.183, -4.296, -56.31, -162.713, -23.420, -7.893, -13.693, 30.42, -0.11469, 0.47101, 0.03824, 0.87375,
 11:05:58.982,ed:35:33:d3:6c:f8, 2015-01-01 00:18:57.455, 0.831, -0.037, 0.548, 0.061, 0.061, 0.061, -4.296, -56.31, -162.708, -23.420, -7.893, -13.693, 30.42, -0.11469, 0.47101, 0.03824, 0.87375,
 11:05:58.983,f6:90:cc:01:6d:25, 2015-01-01 00:18:56.925, 0.983, -0.048, 0.044, 0, 0.305, 0, -44.193, -85.99, -141.823, -28.940, -6.673, 2.780, 29.33, -0.01828, -0.68726, 0.05087, -0.72433,
 11:05:58.983,f6:90:cc:01:6d:25, 2015-01-01 00:18:56.925, 0.985, -0.047, 0.043, -0.061, 0.244, 0, -44.182, -85.99, -141.872, -28.940, -6.673, 2.780, 29.33, -0.01828, -0.68726, 0.05087, -0.72433,
 11:05:58.984,ed:40:fe:65:30:6c, 2015-01-01 00:18:54.110, 0.887, 0.04, 0.47, 0, -0.244, 0.183, 4.565, -61.848, -110.814, -26.867, -7.227, 4.707, 25.25, 0.50327, -0.40308, -0.3194, -0.69434,
 11:05:58.984,ed:40:fe:65:30:6c, 2015-01-01 00:18:54.110, 0.887, 0.043, 0.473, 0.122, -0.244, 0.122, 4.565, -61.853, -110.808, -26.867, -7.227, 4.707, 25.25, 0.50327, -0.40308, -0.3194, -0.69434,
 11:05:58.987,e3:ca:2d:fd:e0:8c, 2015-01-01 00:18:54.530, 1.015, -0.122, -0.044, -0.244, 0.061, 0, -110.44, -82.672, -99.102, -25.300, -4.780, -4.373, 23.58, -0.13528, -0.68655, 0.22516, -0.67789,
 11:05:58.987,e3:ca:2d:fd:e0:8c, 2015-01-01 00:18:54.530, 1.015, -0.121, -0.045, -0.183, 0.183, 0, -110.418, -82.672, -99.124, -25.300, -4.780, -4.373, 23.58, -0.13528, -0.68655, 0.22516, -0.67789,
 11:05:59.006,f6:90:cc:01:6d:25, 2015-01-01 00:18:56.925, 0.986, -0.046, 0.044, -0.122, 0.183, 0, -44.182, -85.99, -141.916, -28.580, -6.627, 3.453, 29.33, -0.01828, -0.68726, 0.05087, -0.72433,
 11:05:59.006,f6:90:cc:01:6d:25, 2015-01-01 00:18:56.925, 0.986, -0.045, 0.042, -0.244, 0.183, 0, -44.182, -85.99, -141.954, -28.580, -6.627, 3.453, 29.33, -0.01828, -0.68726, 0.05087, -0.72433,
 11:05:59.028,ed:35:33:d3:6c:f8, 2015-01-01 00:18:57.455, 0.827, -0.041, 0.546, 0, 0, 0.305, -4.301, -56.31, -162.702, -23.420, -7.893, -13.693, 30.42, -0.11469, 0.47101, 0.03824, 0.87375,
 11:05:59.028,ed:35:33:d3:6c:f8, 2015-01-01 00:18:57.455, 0.827, -0.041, 0.545, 0, 0.122, 0.244, -4.307, -56.31, -162.697, -23.420, -7.893, -13.693, 30.42, -0.11469, 0.47101, 0.03824, 0.87375,
 11:05:59.030,ed:40:fe:65:30:6c, 2015-01-01 00:18:54.110, 0.885, 0.039, 0.47, 0.061, -0.183, 0.183, 4.565, -61.859, -110.803, -26.867, -7.227, 4.707, 25.25, 0.50327, -0.40308, -0.3194, -0.69434,
 11:05:59.030,ed:40:fe:65:30:6c, 2015-01-01 00:18:54.110, 0.883, 0.04, 0.469, 0, -0.061, 0.305, 4.554, -61.859, -110.792, -26.867, -7.227, 4.707, 25.25, 0.50327, -0.40308, -0.3194, -0.69434,
 11:05:59.031,e3:ca:2d:fd:e0:8c, 2015-01-01 00:18:54.530, 1.013, -0.121, -0.042, -0.244, 0.549, 0, -110.352, -82.678, -99.19, -25.300, -4.780, -4.373, 23.58, -0.13528, -0.68655, 0.22516, -0.67789,
 11:05:59.031,e3:ca:2d:fd:e0:8c, 2015-01-01 00:18:54.530, 1.01, -0.122, -0.042, -0.122, 0.671, 0, -110.253, -82.683, -99.289, -25.300, -4.780, -4.373, 23.58, -0.13528, -0.68655, 0.22516, -0.67789,
 11:05:59.049,ed:35:33:d3:6c:f8, 2015-01-01 00:18:57.455, 0.833, -0.035, 0.55, 0.061, 0.427, -0.061, -4.307, -56.305, -162.691, -23.387, -7.567, -13.173, 30.42, -0.11469, 0.47101, 0.03824, 0.87375,
 11:05:59.049,ed:35:33:d3:6c:f8, 2015-01-01 00:18:57.455, 0.83, -0.03, 0.552, 0.305, 0.305, 0, -4.296, -56.299, -162.691, -23.387, -7.567, -13.173, 30.42, -0.11469, 0.47101, 0.03824, 0.87375,
 11:05:59.051,f6:90:cc:01:6d:25, 2015-01-01 00:18:56.925, 0.984, -0.048, 0.044, -0.244, 0.305, 0, -44.16, -85.99, -142.02, -28.580, -6.627, 3.453, 29.33, -0.01828, -0.68726, 0.05087, -0.72433,
 11:05:59.051,f6:90:cc:01:6d:25, 2015-01-01 00:18:56.925, 0.982, -0.048, 0.047, -0.122, 0.488, 0, -44.099, -85.984, -142.119, -28.580, -6.627, 3.453, 29.33, -0.01828, -0.68726, 0.05087, -0.72433,
 11:05:59.077,e3:ca:2d:fd:e0:8c, 2015-01-01 00:18:54.530, 1.014, -0.122, -0.042, -0.122, 0.549, 0, -110.171, -82.683, -99.366, -25.300, -4.780, -4.373, 23.58, -0.13528, -0.68655, 0.22516, -0.67789,
 11:05:59.078,e3:ca:2d:fd:e0:8c, 2015-01-01 00:18:54.530, 1.015, -0.121, -0.042, -0.488, 0.366, 0, -110.121, -82.689, -99.421, -25.300, -4.780, -4.373, 23.58, -0.13528, -0.68655, 0.22516, -0.67789,
 11:05:59.096,ed:35:33:d3:6c:f8, 2015-01-01 00:18:57.455, 0.828, -0.038, 0.554, -0.305, 0.671, 0.305, -4.296, -56.294, -162.691, -23.387, -7.567, -13.173, 30.42, -0.11469, 0.47101, 0.03824, 0.87375,
 11:05:59.096,ed:35:33:d3:6c:f8, 2015-01-01 00:18:57.455, 0.827, -0.043, 0.551, -0.244, 0.183, 0.183, -4.307, -56.283, -162.68, -23.387, -7.567, -13.173, 30.42, -0.11469, 0.47101, 0.03824, 0.87375,
 11:05:59.096,f6:90:cc:01:6d:25, 2015-01-01 00:18:56.925, 0.99, -0.046, 0.048, -0.488, 0.61, 0, -44.017, -85.979, -142.24, -28.580, -6.627, 3.453, 29.33, -0.02228, -0.68686, 0.05478, -0.72433,
 11:05:59.096,f6:90:cc:01:6d:25, 2015-01-01 00:18:56.925, 0.987, -0.045, 0.044, -0.732, 0.549, 0.427, -44.033, -85.963, -142.267, -28.580, -6.627, 3.453, 29.33, -0.02228, -0.68686, 0.05478, -0.72433,
 11:05:59.098,e3:ca:2d:fd:e0:8c, 2015-01-01 00:18:54.530, 1.014, -0.121, -0.044, -0.671, 0.427, 0, -110.067, -82.694, -99.487, -25.300, -4.780, -4.373, 23.58, -0.13528, -0.68655, 0.22516, -0.67789,
 11:05:59.098,e3:ca:2d:fd:e0:8c, 2015-01-01 00:18:54.530, 1.014, -0.121, -0.044, -0.427, 0.427, 0, -110.012, -82.694, -99.547, -25.300, -4.780, -4.373, 23.58, -0.13528, -0.68655, 0.22516, -0.67789,
 11:05:59.098,ed:40:fe:65:30:6c, 2015-01-01 00:18:54.110, 0.889, 0.044, 0.473, -0.061, 0.061, -0.061, 4.559, -61.859, -110.792, -26.447, -7.473, 4.533, 25.25, 0.50327, -0.40308, -0.3194, -0.69434,
 11:05:59.098,ed:40:fe:65:30:6c, 2015-01-01 00:18:54.110, 0.889, 0.048, 0.473, 0.061, 0, -0.061, 4.57, -61.859, -110.797, -26.447, -7.473, 4.533, 25.25, 0.50327, -0.40308, -0.3194, -0.69434,
 11:05:59.119,ed:40:fe:65:30:6c, 2015-01-01 00:18:54.110, 0.885, 0.042, 0.477, -0.122, 0.122, 0.427, 4.559, -61.853, -110.775, -26.447, -7.473, 4.533, 25.25, 0.50363, -0.40326, -0.31976, -0.69379,
 11:05:59.119,ed:40:fe:65:30:6c, 2015-01-01 00:18:54.110, 0.884, 0.038, 0.474, -0.549, 0.061, 0.488, 4.537, -61.853, -110.759, -26.447, -7.473, 4.533, 25.25, 0.50363, -0.40326, -0.31976, -0.69379,
 11:05:59.140,f6:90:cc:01:6d:25, 2015-01-01 00:18:56.925, 0.983, -0.049, 0.045, -0.793, 0.61, 0.488, -44.055, -85.952, -142.289, -28.580, -6.627, 3.453, 29.33, -0.02228, -0.68686, 0.05478, -0.72433,
 11:05:59.141,f6:90:cc:01:6d:25, 2015-01-01 00:18:56.925, 0.984, -0.047, 0.044, -0.427, 0.427, 0.366, -44.083, -85.946, -142.3, -28.580, -6.627, 3.453, 29.33, -0.02228, -0.68686, 0.05478, -0.72433,
 11:05:59.143,e3:ca:2d:fd:e0:8c, 2015-01-01 00:18:54.530, 1.012, -0.121, -0.042, -0.122, 0.61, 0, -109.918, -82.7, -99.641, -25.300, -4.780, -4.373, 23.58, -0.13528, -0.68655, 0.22516, -0.67789,
 11:05:59.143,e3:ca:2d:fd:e0:8c, 2015-01-01 00:18:54.530, 1.012, -0.122, -0.043, 0, 0.549, 0, -109.836, -82.705, -99.717, -25.300, -4.780, -4.373, 23.58, -0.13528, -0.68655, 0.22516, -0.67789,
 11:05:59.163,ed:35:33:d3:6c:f8, 2015-01-01 00:18:57.455, 0.825, -0.042, 0.548, -0.305, -0.183, 0.183, -4.312, -56.283, -162.675, -23.387, -7.567, -13.173, 30.42, -0.11508, 0.47095, 0.03818, 0.87372,
 11:05:59.163,ed:35:33:d3:6c:f8, 2015-01-01 00:18:57.455, 0.824, -0.042, 0.547, -0.427, 0, 0.427, -4.329, -56.288, -162.664, -23.387, -7.567, -13.173, 30.42, -0.11508, 0.47095, 0.03818, 0.87372,
 11:05:59.163,f6:90:cc:01:6d:25, 2015-01-01 00:18:57.260, 0.983, -0.048, 0.047, -0.183, 0.488, 0.183, -44.055, -85.935, -142.361, -28.580, -6.627, 3.453, 29.33, -0.02228, -0.68686, 0.05478, -0.72433,
 11:05:59.163,f6:90:cc:01:6d:25, 2015-01-01 00:18:57.260, 0.981, -0.048, 0.046, -0.305, 0.549, 0.183, -44.017, -85.93, -142.438, -28.580, -6.627, 3.453, 29.33, -0.02228, -0.68686, 0.05478, -0.72433,
 11:05:59.164,ed:40:fe:65:30:6c, 2015-01-01 00:18:54.110, 0.883, 0.038, 0.472, -0.488, -0.061, 0.366, 4.515, -61.853, -110.742, -26.447, -7.473, 4.533, 25.25, 0.50363, -0.40326, -0.31976, -0.69379,
 11:05:59.164,ed:40:fe:65:30:6c, 2015-01-01 00:18:54.110, 0.881, 0.037, 0.472, -0.549, 0, 0.427, 4.493, -61.853, -110.72, -26.447, -7.473, 4.533, 25.25, 0.50363, -0.40326, -0.31976, -0.69379,
 11:05:59.185,ed:35:33:d3:6c:f8, 2015-01-01 00:18:57.835, 0.825, -0.043, 0.548, 0, 0.122, 0.427, -4.34, -56.288, -162.647, -23.387, -7.567, -13.173, 30.42, -0.11508, 0.47095, 0.03818, 0.87372,
 11:05:59.185,ed:35:33:d3:6c:f8, 2015-01-01 00:18:57.835, 0.827, -0.042, 0.549, 0.366, 0.183, 0.366, -4.345, -56.283, -162.636, -23.387, -7.567, -13.173, 30.42, -0.11508, 0.47095, 0.03818, 0.87372,
 11:05:59.187,f6:90:cc:01:6d:25, 2015-01-01 00:18:57.260, 0.981, -0.05, 0.046, -0.427, 0.61, 0.183, -43.973, -85.919, -142.52, -28.580, -6.627, 3.453, 29.33, -0.02228, -0.68686, 0.05478, -0.72433,
 11:05:59.187,f6:90:cc:01:6d:25, 2015-01-01 00:18:57.260, 0.983, -0.049, 0.045, -0.244, 0.488, 0.122, -43.94, -85.913, -142.597, -28.580, -6.627, 3.453, 29.33, -0.02228, -0.68686, 0.05478, -0.72433,
 11:05:59.187,ed:40:fe:65:30:6c, 2015-01-01 00:18:54.470, 0.881, 0.037, 0.471, -0.122, -0.061, 0.366, 4.482, -61.853, -110.709, -26.447, -7.473, 4.533, 25.25, 0.50363, -0.40326, -0.31976, -0.69379,
 11:05:59.187,ed:40:fe:65:30:6c, 2015-01-01 00:18:54.470, 0.885, 0.038, 0.472, 0.183, -0.183, 0.244, 4.482, -61.859, -110.698, -26.447, -7.473, 4.533, 25.25, 0.50363, -0.40326, -0.31976, -0.69379,
 11:05:59.189,e3:ca:2d:fd:e0:8c, 2015-01-01 00:18:54.530, 1.011, -0.123, -0.042, -0.122, 0.427, 0, -109.775, -82.711, -99.783, -25.667, -4.727, -4.800, 23.58, -0.13528, -0.68655, 0.22516, -0.67789,
 11:05:59.189,e3:ca:2d:fd:e0:8c, 2015-01-01 00:18:54.530, 1.011, -0.122, -0.043, -0.122, 0.366, 0, -109.72, -82.711, -99.838, -25.667, -4.727, -4.800, 23.58, -0.13528, -0.68655, 0.22516, -0.67789,
 11:05:59.229,ed:35:33:d3:6c:f8, 2015-01-01 00:18:57.835, 0.829, -0.039, 0.552, 0.61, 0.122, 0.244, -4.345, -56.283, -162.625, -23.387, -7.567, -13.173, 30.42, -0.11508, 0.47095, 0.03818, 0.87372,
 11:05:59.229,ed:35:33:d3:6c:f8, 2015-01-01 00:18:57.835, 0.828, -0.04, 0.551, 0.671, 0, 0.488, -4.34, -56.277, -162.609, -23.387, -7.567, -13.173, 30.42, -0.11508, 0.47095, 0.03818, 0.87372,
 11:05:59.230,f6:90:cc:01:6d:25, 2015-01-01 00:18:57.260, 0.986, -0.049, 0.046, -0.366, 0.427, 0.183, -43.934, -85.908, -142.646, -28.580, -6.627, 3.453, 29.33, -0.02228, -0.68686, 0.05478, -0.72433,
 11:05:59.230,f6:90:cc:01:6d:25, 2015-01-01 00:18:57.260, 0.987, -0.048, 0.047, -0.366, 0.427, 0.122, -43.912, -85.902, -142.707, -28.580, -6.627, 3.453, 29.33, -0.02228, -0.68686, 0.05478, -0.72433,
 11:05:59.231,ed:40:fe:65:30:6c, 2015-01-01 00:18:54.470, 0.886, 0.04, 0.473, 0.427, -0.244, 0.244, 4.482, -61.864, -110.687, -26.447, -7.473, 4.533, 25.25, 0.50363, -0.40326, -0.31976, -0.69379,
 11:05:59.231,ed:40:fe:65:30:6c, 2015-01-01 00:18:54.470, 0.886, 0.04, 0.475, 0.427, -0.305, 0.427, 4.482, -61.87, -110.671, -26.447, -7.473, 4.533, 25.25, 0.50363, -0.40326, -0.31976, -0.69379,
 11:05:59.232,e3:ca:2d:fd:e0:8c, 2015-01-01 00:18:54.530, 1.015, -0.122, -0.042, 0, 0.366, 0, -109.666, -82.716, -99.893, -25.667, -4.727, -4.800, 23.58, -0.13525, -0.68613, 0.22476, -0.67847,
 11:05:59.232,e3:ca:2d:fd:e0:8c, 2015-01-01 00:18:54.530, 1.016, -0.121, -0.041, 0, 0.305, 0, -109.616, -82.716, -99.937, -25.667, -4.727, -4.800, 23.58, -0.13525, -0.68613, 0.22476, -0.67847,
 11:05:59.252,ed:35:33:d3:6c:f8, 2015-01-01 00:18:57.835, 0.829, -0.042, 0.549, 0.122, 0, 0.671, -4.351, -56.277, -162.592, -23.387, -7.567, -13.173, 30.42, -0.11508, 0.47095, 0.03818, 0.87372,
 11:05:59.252,ed:35:33:d3:6c:f8, 2015-01-01 00:18:57.835, 0.828, -0.042, 0.551, 0.183, 0.061, 0.488, -4.362, -56.277, -162.57, -23.387, -7.567, -13.173, 30.42, -0.11508, 0.47095, 0.03818, 0.87372,
 11:05:59.256,e3:ca:2d:fd:e0:8c, 2015-01-01 00:18:54.845, 1.014, -0.121, -0.039, 0, 0.305, 0, -109.567, -82.716, -99.981, -25.667, -4.727, -4.800, 23.58, -0.13525, -0.68613, 0.22476, -0.67847,
 11:05:59.256,e3:ca:2d:fd:e0:8c, 2015-01-01 00:18:54.845, 1.014, -0.122, -0.04, 0, 0.305, 0, -109.517, -82.722, -100.025, -25.667, -4.727, -4.800, 23.58, -0.13525, -0.68613, 0.22476, -0.67847,
